# delta from 1679747778 to 1679747839 at 1679747839
22        CFR: 0 1679747838 1766
3         PRD
60        Packing reports: delta,0.058865,0.089823,0.054625,1679747779
83        Sample(/proc/sys/kernel/random/entropy_avail),0.004995,0.002495,0.002668,1679747836
3         EXS
16        f,293,1679747597
3         MOM
15        M:entropy_avail
41        1591 3075.0000 2152.5000 2572.7296 0.0000
12        M:mem_cached
41        1591 1915.0039 1340.5027 1602.2072 0.0000
10        M:mem_free
39        1591 12550.3789 8785.2652 0.0000 0.0000
11        M:mem_total
40        1591 14875.9336 10413.1535 0.0000 0.0000
16        M:io_writtendata
32        1591 0.0322 0.0226 0.0270 0.0000
11        M:io_writes
32        1591 2.0000 1.4000 1.6733 0.0000
6         M:cpu3
32        1591 0.1398 0.0978 0.1169 0.0000
6         M:cpu2
32        1591 0.0399 0.0280 0.0334 0.0000
6         M:cpu1
32        1591 0.1398 0.0979 0.1170 0.0000
6         M:cpu0
32        1591 0.1198 0.0839 0.1003 0.0000
5         M:cpu
32        1591 0.1065 0.0746 0.0891 0.0000
10        M:messages
38        1591 228.0000 159.6000 190.7585 0.0000
8         M:ssh_in
32        1591 2.0000 1.4000 1.6733 0.0000
9         M:smtp_in
32        1591 2.0000 1.4000 1.6733 0.0000
13        M:cfengine_in
32        1591 1.0000 0.7000 0.8367 0.0000
10        M:diskfree
35        1591 85.0000 59.5000 71.1161 0.0000
12        M:otherprocs
32        1591 6.0000 4.2000 5.0200 0.0000
11        M:rootprocs
35        1591 97.0000 67.9000 81.1560 0.0000
7         M:users
32        1591 6.0000 4.2000 5.0200 0.0000
3         MOY
15        M:entropy_avail
40        155 3071.5000 2467.2550 4839.3563 0.0000
12        M:mem_cached
38        155 1098.6758 945.6121 469.4713 0.0000
16        M:io_writtendata
31        155 0.0303 0.0327 0.0303 0.0000
11        M:io_writes
31        155 1.0000 1.3300 1.5556 0.0000
6         M:cpu3
31        155 0.0965 0.2074 0.6379 0.0000
6         M:cpu2
31        155 0.0899 0.2572 0.9414 0.0000
6         M:cpu1
31        155 0.0999 0.2573 0.8754 0.0000
6         M:cpu0
31        155 0.1764 0.2613 0.5270 0.0000
5         M:cpu
31        155 0.1157 0.2456 0.7663 0.0000
10        M:messages
37        155 113.5000 275.9050 209.2837 0.0000
8         M:ssh_in
31        155 2.0000 1.6100 1.2570 0.0000
9         M:smtp_in
31        155 2.0000 1.6100 1.2570 0.0000
13        M:cfengine_in
31        155 1.0000 0.9100 0.6557 0.0000
9         M:loadavg
31        155 0.0100 0.0112 0.0241 0.0000
10        M:diskfree
34        155 88.0000 70.6300 56.2834 0.0000
12        M:otherprocs
31        155 6.0000 5.5650 4.1719 0.0000
11        M:rootprocs
34        155 96.5000 77.6300 60.8923 0.0000
7         M:users
31        155 6.0000 4.8300 3.7709 0.0000
# send QUERY complete successful
