# delta from 1679691858 to 1679691919 at 1679691919
22        CFR: 0 1679691918 1723
3         PRD
60        Packing reports: delta,0.025903,0.067095,0.070975,1679691859
3         EXS
16        f,293,1679691806
3         MOM
15        M:entropy_avail
41        1404 3122.0000 2819.1800 1009.4000 0.0000
12        M:mem_cached
40        1404 1729.3516 1573.7066 518.8164 0.0000
10        M:mem_free
38        1404 8923.9500 8923.9500 0.0000 0.0000
11        M:mem_total
40        1404 10413.1535 10413.1535 0.0000 0.0000
16        M:io_writtendata
32        1404 0.0332 0.0479 0.0488 0.0000
11        M:io_writes
32        1404 2.0000 2.6600 2.2000 0.0000
6         M:cpu3
32        1404 0.1464 0.5290 1.4158 0.0000
6         M:cpu2
32        1404 0.0266 0.4059 1.3540 0.0000
6         M:cpu1
32        1404 0.1265 0.3767 0.9393 0.0000
6         M:cpu0
32        1404 0.1198 0.3174 0.7507 0.0000
5         M:cpu
32        1404 0.1032 0.4061 1.1155 0.0000
10        M:messages
39        1404 228.0000 537.1800 1030.6000 0.0000
8         M:ssh_in
32        1404 2.0000 1.8200 0.6000 0.0000
9         M:smtp_in
32        1404 2.0000 1.8200 0.6000 0.0000
13        M:cfengine_in
32        1404 1.0000 0.9100 0.3000 0.0000
9         M:loadavg
32        1404 0.0000 0.0042 0.0149 0.0000
10        M:diskfree
35        1404 86.0000 78.2600 25.8000 0.0000
12        M:otherprocs
32        1404 6.0000 5.4600 1.8000 0.0000
11        M:rootprocs
35        1404 96.0000 87.5700 28.1000 0.0000
7         M:users
32        1404 6.0000 5.4600 1.8000 0.0000
3         MOY
15        M:entropy_avail
40        155 3071.5000 2467.2550 4839.3563 0.0000
12        M:mem_cached
38        155 1098.6758 945.6121 469.4713 0.0000
16        M:io_writtendata
31        155 0.0303 0.0327 0.0303 0.0000
11        M:io_writes
31        155 1.0000 1.3300 1.5556 0.0000
6         M:cpu3
31        155 0.0965 0.2074 0.6379 0.0000
6         M:cpu2
31        155 0.0899 0.2572 0.9414 0.0000
6         M:cpu1
31        155 0.0999 0.2573 0.8754 0.0000
6         M:cpu0
31        155 0.1764 0.2613 0.5270 0.0000
5         M:cpu
31        155 0.1157 0.2456 0.7663 0.0000
10        M:messages
37        155 113.5000 275.9050 209.2837 0.0000
8         M:ssh_in
31        155 2.0000 1.6100 1.2570 0.0000
9         M:smtp_in
31        155 2.0000 1.6100 1.2570 0.0000
13        M:cfengine_in
31        155 1.0000 0.9100 0.6557 0.0000
9         M:loadavg
31        155 0.0100 0.0112 0.0241 0.0000
10        M:diskfree
34        155 88.0000 70.6300 56.2834 0.0000
12        M:otherprocs
31        155 6.0000 5.5650 4.1719 0.0000
11        M:rootprocs
34        155 96.5000 77.6300 60.8923 0.0000
7         M:users
31        155 6.0000 4.8300 3.7709 0.0000
# send QUERY complete successful
