# delta from 1679666958 to 1679667019 at 1679667019
22        CFR: 0 1679667018 1770
3         PRD
60        Packing reports: delta,0.036319,0.131907,0.138035,1679666959
83        Sample(/proc/sys/kernel/random/entropy_avail),0.005021,0.002521,0.002498,1679666988
3         EXS
16        f,305,1679666933
3         MOM
15        M:entropy_avail
40        1321 3022.0000 2771.6500 834.5000 0.0000
12        M:mem_cached
40        1321 1646.7930 1498.3888 494.6805 0.0000
10        M:mem_free
40        1321 12828.2773 11675.6880 0.0000 0.0000
11        M:mem_total
40        1321 14875.9336 13537.0996 0.0000 0.0000
16        M:io_writtendata
32        1321 0.1113 0.0847 0.0757 0.0000
11        M:io_writes
32        1321 6.0000 4.6200 3.9563 0.0000
6         M:cpu3
32        1321 1.4116 1.0035 1.1387 0.0000
6         M:cpu2
32        1321 1.6573 1.2007 1.2767 0.0000
6         M:cpu1
32        1321 2.0582 1.4547 1.6833 0.0000
6         M:cpu0
32        1321 1.2921 0.9436 0.9757 0.0000
5         M:cpu
32        1321 1.6064 1.1511 1.2713 0.0000
10        M:messages
41        1321 1576.0000 1150.8700 1190.1856 0.0000
8         M:ssh_in
32        1321 2.0000 1.8200 0.6000 0.0000
9         M:smtp_in
32        1321 3.0000 2.5200 1.6223 0.0000
13        M:cfengine_in
32        1321 1.0000 1.1200 0.4000 0.0000
9         M:loadavg
32        1321 0.0600 0.0441 0.0446 0.0000
10        M:diskfree
35        1321 86.0000 78.2600 25.8000 0.0000
12        M:otherprocs
34        1321 13.0000 10.3600 7.8593 0.0000
11        M:rootprocs
35        1321 96.0000 87.3600 28.8000 0.0000
7         M:users
32        1321 6.0000 5.4600 1.8000 0.0000
3         MOY
15        M:entropy_avail
40        155 3084.0000 2158.8000 4855.2298 0.0000
12        M:mem_cached
39        155 1077.1406 753.9984 1553.6005 0.0000
16        M:io_writtendata
31        155 0.0312 0.0219 0.0272 0.0000
6         M:cpu3
31        155 0.0998 0.0699 0.0922 0.0000
6         M:cpu2
31        155 0.0998 0.0699 0.0837 0.0000
6         M:cpu1
31        155 0.1132 0.0792 0.1047 0.0000
6         M:cpu0
31        155 0.1831 0.1282 0.1538 0.0000
5         M:cpu
31        155 0.1240 0.0868 0.1060 0.0000
10        M:messages
37        155 227.0000 158.9000 189.9218 0.0000
8         M:ssh_in
31        155 2.0000 1.4000 1.6733 0.0000
9         M:smtp_in
31        155 2.0000 1.4000 1.6733 0.0000
13        M:cfengine_in
31        155 1.0000 0.7000 0.8367 0.0000
9         M:loadavg
31        155 0.0100 0.0070 0.0118 0.0000
10        M:diskfree
34        155 88.0000 61.6000 73.6451 0.0000
12        M:otherprocs
31        155 6.0000 4.2000 5.0200 0.0000
11        M:rootprocs
34        155 97.0000 67.9000 81.1560 0.0000
7         M:users
31        155 6.0000 4.2000 5.0200 0.0000
# send QUERY complete successful
