# delta from 1679718858 to 1679718919 at 1679718919
22        CFR: 0 1679718918 1771
3         PRD
60        Packing reports: delta,0.032301,0.104339,0.105070,1679718859
3         EXS
16        f,293,1679718793
3         MOM
15        M:entropy_avail
41        1494 3217.0000 2895.5500 1071.5000 0.0000
12        M:mem_cached
40        1494 1812.1133 1648.8270 544.2875 0.0000
10        M:mem_free
38        1494 8862.4539 8862.4539 0.0000 0.0000
11        M:mem_total
40        1494 10413.1535 10413.1535 0.0000 0.0000
16        M:io_writtendata
32        1494 0.1094 0.0856 0.0692 0.0000
11        M:io_writes
32        1494 6.0000 4.6200 3.9563 0.0000
6         M:cpu3
32        1494 2.2702 1.6143 1.8300 0.0000
6         M:cpu2
32        1494 1.4445 1.0335 1.1473 0.0000
6         M:cpu1
32        1494 1.3920 1.0024 1.0884 0.0000
6         M:cpu0
32        1494 1.1324 0.8458 0.8076 0.0000
5         M:cpu
32        1494 1.5582 1.1229 1.2160 0.0000
10        M:messages
39        1494 1338.0000 984.4800 991.4410 0.0000
8         M:ssh_in
32        1494 2.0000 2.2400 0.8000 0.0000
9         M:smtp_in
32        1494 3.0000 2.5200 1.6223 0.0000
14        M:cfengine_out
32        1494 1.0000 0.7000 0.8367 0.0000
13        M:cfengine_in
32        1494 1.0000 0.9100 0.3000 0.0000
9         M:loadavg
32        1494 0.0800 0.0560 0.0669 0.0000
10        M:diskfree
35        1494 85.0000 77.3500 25.5000 0.0000
12        M:otherprocs
34        1494 13.0000 10.3600 7.8593 0.0000
11        M:rootprocs
35        1494 97.0000 88.0600 29.8000 0.0000
7         M:users
32        1494 6.0000 5.4600 1.8000 0.0000
3         MOY
15        M:entropy_avail
40        155 3071.5000 2467.2550 4839.3563 0.0000
12        M:mem_cached
38        155 1098.6758 945.6121 469.4713 0.0000
16        M:io_writtendata
31        155 0.0303 0.0327 0.0303 0.0000
11        M:io_writes
31        155 1.0000 1.3300 1.5556 0.0000
6         M:cpu3
31        155 0.0965 0.2074 0.6379 0.0000
6         M:cpu2
31        155 0.0899 0.2572 0.9414 0.0000
6         M:cpu1
31        155 0.0999 0.2573 0.8754 0.0000
6         M:cpu0
31        155 0.1764 0.2613 0.5270 0.0000
5         M:cpu
31        155 0.1157 0.2456 0.7663 0.0000
10        M:messages
37        155 113.5000 275.9050 209.2837 0.0000
8         M:ssh_in
31        155 2.0000 1.6100 1.2570 0.0000
9         M:smtp_in
31        155 2.0000 1.6100 1.2570 0.0000
13        M:cfengine_in
31        155 1.0000 0.9100 0.6557 0.0000
9         M:loadavg
31        155 0.0100 0.0112 0.0241 0.0000
10        M:diskfree
34        155 88.0000 70.6300 56.2834 0.0000
12        M:otherprocs
31        155 6.0000 5.5650 4.1719 0.0000
11        M:rootprocs
34        155 96.5000 77.6300 60.8923 0.0000
7         M:users
31        155 6.0000 4.8300 3.7709 0.0000
# send QUERY complete successful
