# delta from 1679701758 to 1679701819 at 1679701820
22        CFR: 1 1679701819 1723
3         PRD
60        Packing reports: delta,0.034176,0.116798,0.122057,1679701759
3         EXS
16        f,297,1679701722
3         MOM
15        M:entropy_avail
41        1437 3128.0000 2823.3800 1015.4000 0.0000
12        M:mem_cached
40        1437 1759.1094 1600.7862 527.7438 0.0000
10        M:mem_free
40        1437 12716.6953 11572.0992 0.0000 0.0000
11        M:mem_total
40        1437 14875.9336 13537.0996 0.0000 0.0000
16        M:io_writtendata
32        1437 0.0430 0.0535 0.0350 0.0000
11        M:io_writes
32        1437 2.0000 2.6600 2.2000 0.0000
6         M:cpu3
32        1437 0.1398 0.3859 0.9307 0.0000
6         M:cpu2
32        1437 0.0466 0.2871 0.8708 0.0000
6         M:cpu1
32        1437 0.1598 0.6000 1.6255 0.0000
6         M:cpu0
32        1437 0.1997 0.4167 0.7232 0.0000
5         M:cpu
32        1437 0.1381 0.4239 1.0701 0.0000
10        M:messages
37        1437 0.0000 429.2400 1519.9995 0.0000
8         M:ssh_in
32        1437 2.0000 1.8200 0.6000 0.0000
9         M:smtp_in
32        1437 2.0000 1.8200 0.6000 0.0000
13        M:cfengine_in
32        1437 2.0000 1.6100 1.1803 0.0000
9         M:loadavg
32        1437 0.0000 0.0042 0.0149 0.0000
10        M:diskfree
35        1437 86.0000 78.2600 25.8000 0.0000
12        M:otherprocs
32        1437 6.0000 5.4600 1.8000 0.0000
11        M:rootprocs
35        1437 97.0000 88.2700 29.1000 0.0000
7         M:users
32        1437 6.0000 5.4600 1.8000 0.0000
3         MOY
15        M:entropy_avail
40        155 3071.5000 2467.2550 4839.3563 0.0000
12        M:mem_cached
38        155 1098.6758 945.6121 469.4713 0.0000
16        M:io_writtendata
31        155 0.0303 0.0327 0.0303 0.0000
11        M:io_writes
31        155 1.0000 1.3300 1.5556 0.0000
6         M:cpu3
31        155 0.0965 0.2074 0.6379 0.0000
6         M:cpu2
31        155 0.0899 0.2572 0.9414 0.0000
6         M:cpu1
31        155 0.0999 0.2573 0.8754 0.0000
6         M:cpu0
31        155 0.1764 0.2613 0.5270 0.0000
5         M:cpu
31        155 0.1157 0.2456 0.7663 0.0000
10        M:messages
37        155 113.5000 275.9050 209.2837 0.0000
8         M:ssh_in
31        155 2.0000 1.6100 1.2570 0.0000
9         M:smtp_in
31        155 2.0000 1.6100 1.2570 0.0000
13        M:cfengine_in
31        155 1.0000 0.9100 0.6557 0.0000
9         M:loadavg
31        155 0.0100 0.0112 0.0241 0.0000
10        M:diskfree
34        155 88.0000 70.6300 56.2834 0.0000
12        M:otherprocs
31        155 6.0000 5.5650 4.1719 0.0000
11        M:rootprocs
34        155 96.5000 77.6300 60.8923 0.0000
7         M:users
31        155 6.0000 4.8300 3.7709 0.0000
# send QUERY complete successful
