# delta from 1679700558 to 1679700619 at 1679700619
22        CFR: 0 1679700618 1772
3         PRD
60        Packing reports: delta,0.032844,0.107872,0.109067,1679700559
3         EXS
16        f,293,1679700489
3         MOM
15        M:entropy_avail
41        1433 3172.0000 2852.9200 1063.6000 0.0000
12        M:mem_cached
40        1433 1755.9648 1597.8082 527.1887 0.0000
10        M:mem_free
40        1433 12711.6289 11569.6191 0.0000 0.0000
11        M:mem_total
40        1433 14875.9336 13537.0996 0.0000 0.0000
16        M:io_writtendata
32        1433 0.0674 0.0644 0.0100 0.0000
11        M:io_writes
32        1433 4.0000 3.2200 2.3605 0.0000
6         M:cpu3
32        1433 2.1636 1.5355 1.7523 0.0000
6         M:cpu2
32        1433 1.8838 1.3466 1.4994 0.0000
6         M:cpu1
32        1433 0.8392 0.6307 0.5889 0.0000
6         M:cpu0
32        1433 1.3519 0.9855 1.0255 0.0000
5         M:cpu
32        1433 1.5598 1.1247 1.2155 0.0000
10        M:messages
38        1433 617.0000 479.7800 396.6951 0.0000
8         M:ssh_in
32        1433 2.0000 1.8200 0.6000 0.0000
9         M:smtp_in
32        1433 3.0000 2.5200 1.6223 0.0000
14        M:cfengine_out
32        1433 1.0000 0.7000 0.8367 0.0000
13        M:cfengine_in
32        1433 2.0000 1.6100 1.1803 0.0000
9         M:loadavg
32        1433 0.0700 0.0511 0.0529 0.0000
10        M:diskfree
35        1433 86.0000 78.2600 25.8000 0.0000
12        M:otherprocs
34        1433 13.0000 10.3600 7.8593 0.0000
11        M:rootprocs
35        1433 97.0000 88.2700 29.1000 0.0000
7         M:users
32        1433 6.0000 5.4600 1.8000 0.0000
3         MOY
15        M:entropy_avail
40        155 3071.5000 2467.2550 4839.3563 0.0000
12        M:mem_cached
38        155 1098.6758 945.6121 469.4713 0.0000
16        M:io_writtendata
31        155 0.0303 0.0327 0.0303 0.0000
11        M:io_writes
31        155 1.0000 1.3300 1.5556 0.0000
6         M:cpu3
31        155 0.0965 0.2074 0.6379 0.0000
6         M:cpu2
31        155 0.0899 0.2572 0.9414 0.0000
6         M:cpu1
31        155 0.0999 0.2573 0.8754 0.0000
6         M:cpu0
31        155 0.1764 0.2613 0.5270 0.0000
5         M:cpu
31        155 0.1157 0.2456 0.7663 0.0000
10        M:messages
37        155 113.5000 275.9050 209.2837 0.0000
8         M:ssh_in
31        155 2.0000 1.6100 1.2570 0.0000
9         M:smtp_in
31        155 2.0000 1.6100 1.2570 0.0000
13        M:cfengine_in
31        155 1.0000 0.9100 0.6557 0.0000
9         M:loadavg
31        155 0.0100 0.0112 0.0241 0.0000
10        M:diskfree
34        155 88.0000 70.6300 56.2834 0.0000
12        M:otherprocs
31        155 6.0000 5.5650 4.1719 0.0000
11        M:rootprocs
34        155 96.5000 77.6300 60.8923 0.0000
7         M:users
31        155 6.0000 4.8300 3.7709 0.0000
# send QUERY complete successful
