# delta from 1679660958 to 1679661019 at 1679661019
22        CFR: 0 1679661018 1854
3         PRD
60        Packing reports: delta,0.031362,0.177799,0.185291,1679660959
83        Sample(/proc/sys/kernel/random/entropy_avail),0.005289,0.002798,0.003327,1679660978
3         EXS
16        f,112,1679660879
3         MOM
15        M:entropy_avail
40        1301 3181.0000 2929.3600 701.7904 0.0000
12        M:mem_cached
40        1301 1630.4453 1483.4493 489.9867 0.0000
10        M:mem_free
40        1301 12847.3555 11693.1779 0.0000 0.0000
11        M:mem_total
40        1301 14875.9336 13537.0996 0.0000 0.0000
16        M:io_writtendata
32        1301 0.2090 0.1691 0.1219 0.0000
11        M:io_writes
32        1301 8.0000 7.2800 2.4000 0.0000
6         M:cpu3
32        1301 0.9254 1.1487 0.7444 0.0000
6         M:cpu2
32        1301 1.3447 1.3244 0.0676 0.0000
6         M:cpu1
32        1301 1.5051 1.2452 0.8368 0.0000
6         M:cpu0
32        1301 1.3186 1.2042 0.3814 0.0000
5         M:cpu
32        1301 1.2718 1.2301 0.1388 0.0000
10        M:messages
37        1301 966.0000 4748.9400 0.0000 0.0000
8         M:ssh_in
32        1301 2.0000 1.8200 0.6000 0.0000
9         M:smtp_in
32        1301 2.0000 1.8200 0.6000 0.0000
14        M:cfengine_out
32        1301 0.0000 0.2100 0.7436 0.0000
13        M:cfengine_in
32        1301 1.0000 1.1200 0.4000 0.0000
9         M:loadavg
32        1301 0.1100 0.0959 0.0470 0.0000
10        M:diskfree
35        1301 86.0000 78.2600 25.8000 0.0000
12        M:otherprocs
34        1301 13.0000 10.3600 7.8593 0.0000
11        M:rootprocs
35        1301 97.0000 88.2700 29.1000 0.0000
7         M:users
32        1301 6.0000 5.4600 1.8000 0.0000
3         MOY
15        M:entropy_avail
40        155 3143.0000 2200.1000 2133.3412 0.0000
12        M:mem_cached
39        155 1072.1270 750.4889 1546.6490 0.0000
16        M:io_writtendata
31        155 0.0361 0.0253 0.0323 0.0000
11        M:io_writes
31        155 1.0000 0.7000 1.1832 0.0000
6         M:cpu3
31        155 0.1065 0.0746 0.0996 0.0000
6         M:cpu2
31        155 0.0732 0.0513 0.0673 0.0000
6         M:cpu1
31        155 0.1165 0.0816 0.1084 0.0000
6         M:cpu0
31        155 0.2164 0.1515 0.1858 0.0000
5         M:cpu
31        155 0.1298 0.0909 0.1118 0.0000
10        M:messages
37        155 227.0000 158.9000 189.9218 0.0000
8         M:ssh_in
31        155 2.5000 1.7500 2.1331 0.0000
9         M:smtp_in
31        155 2.0000 1.4000 1.6733 0.0000
13        M:cfengine_in
31        155 1.0000 0.7000 0.8367 0.0000
9         M:loadavg
31        155 0.0150 0.0105 0.0132 0.0000
10        M:diskfree
34        155 88.0000 61.6000 73.6451 0.0000
12        M:otherprocs
31        155 7.0000 4.9000 5.9161 0.0000
11        M:rootprocs
34        155 97.0000 67.9000 81.1560 0.0000
7         M:users
31        155 6.5000 4.5500 5.4544 0.0000
# send QUERY complete successful
