# delta from 1679668038 to 1679668099 at 1679668099
22        CFR: 0 1679668098 1875
3         PRD
108       CFEngine Execution (policy filename: '/var/cfengine/inputs/update.cf'),0.036565,0.384201,0.379672,1679668097
60        Packing reports: delta,0.037449,0.140244,0.138795,1679668039
83        Sample(/proc/sys/kernel/random/entropy_avail),0.005007,0.002507,0.002655,1679668040
3         EXS
16        f,294,1679667813
3         MOM
15        M:entropy_avail
41        1325 3122.0000 2185.4000 2612.0526 0.0000
12        M:mem_cached
41        1325 1649.5898 1154.7129 1380.1459 0.0000
10        M:mem_free
39        1325 12834.1680 8983.9176 0.0000 0.0000
11        M:mem_total
40        1325 14875.9336 10413.1535 0.0000 0.0000
16        M:io_writtendata
32        1325 0.0391 0.0273 0.0327 0.0000
11        M:io_writes
32        1325 2.0000 1.4000 1.6733 0.0000
6         M:cpu3
32        1325 0.1864 0.1305 0.1560 0.0000
6         M:cpu2
32        1325 0.0333 0.0233 0.0278 0.0000
6         M:cpu1
32        1325 0.1997 0.1398 0.1671 0.0000
6         M:cpu0
32        1325 0.2397 0.1678 0.2006 0.0000
5         M:cpu
32        1325 0.1681 0.1177 0.1406 0.0000
10        M:messages
38        1325 227.0000 158.9000 189.9218 0.0000
8         M:ssh_in
32        1325 2.0000 1.4000 1.6733 0.0000
9         M:smtp_in
32        1325 2.0000 1.4000 1.6733 0.0000
13        M:cfengine_in
32        1325 1.0000 0.7000 0.8367 0.0000
10        M:diskfree
35        1325 86.0000 60.2000 71.9528 0.0000
12        M:otherprocs
32        1325 6.0000 4.2000 5.0200 0.0000
11        M:rootprocs
35        1325 97.0000 67.9000 81.1560 0.0000
7         M:users
32        1325 6.0000 4.2000 5.0200 0.0000
3         MOY
15        M:entropy_avail
40        155 3073.0000 2151.1000 4841.2604 0.0000
12        M:mem_cached
39        155 1082.2969 757.6078 1560.7510 0.0000
16        M:io_writtendata
31        155 0.0317 0.0222 0.0277 0.0000
11        M:io_writes
31        155 1.0000 0.7000 1.1832 0.0000
6         M:cpu3
31        155 0.0699 0.0489 0.0601 0.0000
6         M:cpu2
31        155 0.1597 0.1118 0.1409 0.0000
6         M:cpu1
31        155 0.1099 0.0769 0.1010 0.0000
6         M:cpu0
31        155 0.2164 0.1515 0.1858 0.0000
5         M:cpu
31        155 0.1390 0.0973 0.1212 0.0000
10        M:messages
37        155 377.0000 263.9000 339.4706 0.0000
8         M:ssh_in
31        155 2.0000 1.4000 1.6733 0.0000
9         M:smtp_in
31        155 2.0000 1.4000 1.6733 0.0000
13        M:cfengine_in
31        155 1.0000 0.7000 0.8367 0.0000
9         M:loadavg
31        155 0.0100 0.0070 0.0118 0.0000
10        M:diskfree
34        155 88.0000 61.6000 73.6451 0.0000
12        M:otherprocs
31        155 6.0000 4.2000 5.0200 0.0000
11        M:rootprocs
34        155 96.5000 67.5500 80.7388 0.0000
7         M:users
31        155 6.0000 4.2000 5.0200 0.0000
# send QUERY complete successful
