# delta from 1679670558 to 1679670619 at 1679670619
22        CFR: 0 1679670618 1810
3         PRD
60        Packing reports: delta,0.023958,0.057396,0.061883,1679670559
83        Sample(/proc/sys/kernel/random/entropy_avail),0.004827,0.002330,0.002250,1679670595
3         EXS
16        f,294,1679670512
3         MOM
15        M:entropy_avail
40        1333 3035.0000 2784.5300 834.9000 0.0000
12        M:mem_cached
40        1333 1657.8828 1508.4757 498.0238 0.0000
10        M:mem_free
40        1333 12815.7266 11664.3710 0.0000 0.0000
11        M:mem_total
40        1333 14875.9336 13537.0996 0.0000 0.0000
16        M:io_writtendata
32        1333 0.1064 0.0831 0.0677 0.0000
11        M:io_writes
32        1333 6.0000 4.6200 3.9563 0.0000
6         M:cpu3
32        1333 2.2376 1.5957 1.7914 0.0000
6         M:cpu2
32        1333 1.7972 1.2637 1.4881 0.0000
6         M:cpu1
32        1333 1.7584 1.2630 1.3832 0.0000
6         M:cpu0
32        1333 0.8126 0.6066 0.5804 0.0000
5         M:cpu
32        1333 1.6531 1.1837 1.3103 0.0000
10        M:messages
39        1333 1340.0000 985.6700 993.6393 0.0000
8         M:ssh_in
32        1333 2.0000 1.8200 0.6000 0.0000
9         M:smtp_in
32        1333 2.0000 1.8200 0.6000 0.0000
13        M:cfengine_in
32        1333 1.0000 0.9100 0.3000 0.0000
9         M:loadavg
32        1333 0.0200 0.0140 0.0167 0.0000
10        M:diskfree
35        1333 86.0000 78.2600 25.8000 0.0000
12        M:otherprocs
34        1333 13.0000 10.3600 7.8593 0.0000
11        M:rootprocs
35        1333 96.0000 87.3600 28.8000 0.0000
7         M:users
32        1333 6.0000 5.4600 1.8000 0.0000
3         MOY
15        M:entropy_avail
40        155 3073.0000 2151.1000 4841.2604 0.0000
12        M:mem_cached
39        155 1082.2969 757.6078 1560.7510 0.0000
16        M:io_writtendata
31        155 0.0317 0.0222 0.0277 0.0000
11        M:io_writes
31        155 1.0000 0.7000 1.1832 0.0000
6         M:cpu3
31        155 0.0699 0.0489 0.0601 0.0000
6         M:cpu2
31        155 0.1597 0.1118 0.1409 0.0000
6         M:cpu1
31        155 0.1099 0.0769 0.1010 0.0000
6         M:cpu0
31        155 0.2164 0.1515 0.1858 0.0000
5         M:cpu
31        155 0.1390 0.0973 0.1212 0.0000
10        M:messages
37        155 377.0000 263.9000 339.4706 0.0000
8         M:ssh_in
31        155 2.0000 1.4000 1.6733 0.0000
9         M:smtp_in
31        155 2.0000 1.4000 1.6733 0.0000
13        M:cfengine_in
31        155 1.0000 0.7000 0.8367 0.0000
9         M:loadavg
31        155 0.0100 0.0070 0.0118 0.0000
10        M:diskfree
34        155 88.0000 61.6000 73.6451 0.0000
12        M:otherprocs
31        155 6.0000 4.2000 5.0200 0.0000
11        M:rootprocs
34        155 96.5000 67.5500 80.7388 0.0000
7         M:users
31        155 6.0000 4.2000 5.0200 0.0000
# send QUERY complete successful
