# delta from 1679703618 to 1679703679 at 1679703679
22        CFR: 0 1679703678 1810
3         PRD
60        Packing reports: delta,0.035489,0.125945,0.127288,1679703619
83        Sample(/proc/sys/kernel/random/entropy_avail),0.004989,0.002489,0.002664,1679703655
3         EXS
16        f,335,1679703541
3         MOM
15        M:entropy_avail
41        1444 3046.0000 2132.2000 2548.4664 0.0000
12        M:mem_cached
41        1444 1765.4141 1235.7898 1477.0514 0.0000
10        M:mem_free
39        1444 12710.1484 8897.1039 0.0000 0.0000
11        M:mem_total
40        1444 14875.9336 10413.1535 0.0000 0.0000
16        M:io_writtendata
32        1444 0.1133 0.0793 0.0948 0.0000
11        M:io_writes
32        1444 6.0000 4.2000 5.0200 0.0000
6         M:cpu3
32        1444 2.3638 1.6547 1.9777 0.0000
6         M:cpu2
32        1444 1.2448 0.8714 1.0415 0.0000
6         M:cpu1
32        1444 1.3920 0.9744 1.1647 0.0000
6         M:cpu0
32        1444 1.3855 0.9698 1.1592 0.0000
5         M:cpu
32        1444 1.5949 1.1164 1.3344 0.0000
10        M:messages
41        1444 1623.0000 1136.1000 1357.8992 0.0000
8         M:ssh_in
32        1444 2.0000 1.4000 1.6733 0.0000
9         M:smtp_in
32        1444 2.0000 1.4000 1.6733 0.0000
13        M:cfengine_in
32        1444 1.0000 0.7000 0.8367 0.0000
9         M:loadavg
32        1444 0.0100 0.0070 0.0084 0.0000
10        M:diskfree
35        1444 86.0000 60.2000 71.9528 0.0000
12        M:otherprocs
32        1444 6.0000 4.2000 5.0200 0.0000
11        M:rootprocs
35        1444 96.0000 67.2000 80.3194 0.0000
7         M:users
32        1444 6.0000 4.2000 5.0200 0.0000
3         MOY
15        M:entropy_avail
40        155 3071.5000 2467.2550 4839.3563 0.0000
12        M:mem_cached
38        155 1098.6758 945.6121 469.4713 0.0000
16        M:io_writtendata
31        155 0.0303 0.0327 0.0303 0.0000
11        M:io_writes
31        155 1.0000 1.3300 1.5556 0.0000
6         M:cpu3
31        155 0.0965 0.2074 0.6379 0.0000
6         M:cpu2
31        155 0.0899 0.2572 0.9414 0.0000
6         M:cpu1
31        155 0.0999 0.2573 0.8754 0.0000
6         M:cpu0
31        155 0.1764 0.2613 0.5270 0.0000
5         M:cpu
31        155 0.1157 0.2456 0.7663 0.0000
10        M:messages
37        155 113.5000 275.9050 209.2837 0.0000
8         M:ssh_in
31        155 2.0000 1.6100 1.2570 0.0000
9         M:smtp_in
31        155 2.0000 1.6100 1.2570 0.0000
13        M:cfengine_in
31        155 1.0000 0.9100 0.6557 0.0000
9         M:loadavg
31        155 0.0100 0.0112 0.0241 0.0000
10        M:diskfree
34        155 88.0000 70.6300 56.2834 0.0000
12        M:otherprocs
31        155 6.0000 5.5650 4.1719 0.0000
11        M:rootprocs
34        155 96.5000 77.6300 60.8923 0.0000
7         M:users
31        155 6.0000 4.8300 3.7709 0.0000
# send QUERY complete successful
