# delta from 1679660828 to 1679660839 at 1679660839
22        CFR: 0 1679660838 1770
3         PRD
60        Packing reports: delta,0.034302,0.166098,0.173916,1679660829
3         EXS
16        f,250,1679660826
3         MOM
15        M:entropy_avail
38        1301 3346.0000 2342.2000 0.0000 0.0000
12        M:mem_cached
41        1301 1629.2266 1140.4586 1363.1087 0.0000
10        M:mem_free
39        1301 12857.2812 9000.0969 0.0000 0.0000
11        M:mem_total
40        1301 14875.9336 10413.1535 0.0000 0.0000
16        M:io_writtendata
32        1301 0.1084 0.0759 0.0907 0.0000
11        M:io_writes
32        1301 8.0000 5.6000 6.6933 0.0000
6         M:cpu3
32        1301 2.3854 1.6698 1.9958 0.0000
6         M:cpu2
32        1301 1.8244 1.2770 1.5264 0.0000
6         M:cpu1
32        1301 0.9125 0.6387 0.7634 0.0000
6         M:cpu0
32        1301 1.3388 0.9372 1.1202 0.0000
5         M:cpu
32        1301 1.6185 1.1329 1.3541 0.0000
10        M:messages
40        1301 19394.0000 13575.8000 0.0000 0.0000
8         M:ssh_in
32        1301 2.0000 1.4000 1.6733 0.0000
9         M:smtp_in
32        1301 2.0000 1.4000 1.6733 0.0000
14        M:cfengine_out
32        1301 1.0000 0.7000 0.8367 0.0000
13        M:cfengine_in
32        1301 2.0000 1.4000 1.6733 0.0000
9         M:loadavg
32        1301 0.0900 0.0630 0.0753 0.0000
10        M:diskfree
35        1301 86.0000 60.2000 71.9528 0.0000
12        M:otherprocs
32        1301 6.0000 4.2000 5.0200 0.0000
11        M:rootprocs
35        1301 97.0000 67.9000 81.1560 0.0000
7         M:users
32        1301 6.0000 4.2000 5.0200 0.0000
3         MOY
15        M:entropy_avail
40        155 3143.0000 2200.1000 2133.3412 0.0000
12        M:mem_cached
39        155 1072.1270 750.4889 1546.6490 0.0000
16        M:io_writtendata
31        155 0.0361 0.0253 0.0323 0.0000
11        M:io_writes
31        155 1.0000 0.7000 1.1832 0.0000
6         M:cpu3
31        155 0.1065 0.0746 0.0996 0.0000
6         M:cpu2
31        155 0.0732 0.0513 0.0673 0.0000
6         M:cpu1
31        155 0.1165 0.0816 0.1084 0.0000
6         M:cpu0
31        155 0.2164 0.1515 0.1858 0.0000
5         M:cpu
31        155 0.1298 0.0909 0.1118 0.0000
10        M:messages
37        155 227.0000 158.9000 189.9218 0.0000
8         M:ssh_in
31        155 2.5000 1.7500 2.1331 0.0000
9         M:smtp_in
31        155 2.0000 1.4000 1.6733 0.0000
13        M:cfengine_in
31        155 1.0000 0.7000 0.8367 0.0000
9         M:loadavg
31        155 0.0150 0.0105 0.0132 0.0000
10        M:diskfree
34        155 88.0000 61.6000 73.6451 0.0000
12        M:otherprocs
31        155 7.0000 4.9000 5.9161 0.0000
11        M:rootprocs
34        155 97.0000 67.9000 81.1560 0.0000
7         M:users
31        155 6.5000 4.5500 5.4544 0.0000
# send QUERY complete successful
