# delta from 1679759723 to 1679759784 at 1679759784
22        CFR: 0 1679759783 1729
3         PRD
60        Packing reports: delta,0.033788,0.114163,0.114194,1679759724
3         EXS
16        f,296,1679759624
3         MOM
15        M:entropy_avail
41        1631 3160.0000 2212.0000 2643.8457 0.0000
12        M:mem_cached
41        1631 1951.9727 1366.3809 1633.1375 0.0000
10        M:mem_free
39        1631 12498.8164 8749.1715 0.0000 0.0000
11        M:mem_total
40        1631 14875.9336 10413.1535 0.0000 0.0000
16        M:io_writtendata
32        1631 0.1104 0.0772 0.0923 0.0000
11        M:io_writes
32        1631 6.0000 4.2000 5.0200 0.0000
6         M:cpu3
32        1631 2.2238 1.5567 1.8606 0.0000
6         M:cpu2
32        1631 1.4177 0.9924 1.1862 0.0000
6         M:cpu1
32        1631 1.4516 1.0161 1.2145 0.0000
6         M:cpu0
32        1631 1.1990 0.8393 1.0032 0.0000
5         M:cpu
32        1631 1.5698 1.0989 1.3134 0.0000
10        M:messages
41        1631 2048.0000 1433.6000 1713.4797 0.0000
8         M:ssh_in
32        1631 2.0000 1.4000 1.6733 0.0000
9         M:smtp_in
32        1631 2.0000 1.4000 1.6733 0.0000
13        M:cfengine_in
32        1631 1.0000 0.7000 0.8367 0.0000
9         M:loadavg
32        1631 0.0400 0.0280 0.0335 0.0000
10        M:diskfree
35        1631 84.0000 58.8000 70.2794 0.0000
12        M:otherprocs
34        1631 13.0000 9.1000 10.8766 0.0000
11        M:rootprocs
35        1631 98.0000 68.6000 81.9927 0.0000
7         M:users
32        1631 6.0000 4.2000 5.0200 0.0000
3         MOY
15        M:entropy_avail
40        155 3071.5000 2467.2550 4839.3563 0.0000
12        M:mem_cached
38        155 1098.6758 945.6121 469.4713 0.0000
16        M:io_writtendata
31        155 0.0303 0.0327 0.0303 0.0000
11        M:io_writes
31        155 1.0000 1.3300 1.5556 0.0000
6         M:cpu3
31        155 0.0965 0.2074 0.6379 0.0000
6         M:cpu2
31        155 0.0899 0.2572 0.9414 0.0000
6         M:cpu1
31        155 0.0999 0.2573 0.8754 0.0000
6         M:cpu0
31        155 0.1764 0.2613 0.5270 0.0000
5         M:cpu
31        155 0.1157 0.2456 0.7663 0.0000
10        M:messages
37        155 113.5000 275.9050 209.2837 0.0000
8         M:ssh_in
31        155 2.0000 1.6100 1.2570 0.0000
9         M:smtp_in
31        155 2.0000 1.6100 1.2570 0.0000
13        M:cfengine_in
31        155 1.0000 0.9100 0.6557 0.0000
9         M:loadavg
31        155 0.0100 0.0112 0.0241 0.0000
10        M:diskfree
34        155 88.0000 70.6300 56.2834 0.0000
12        M:otherprocs
31        155 6.0000 5.5650 4.1719 0.0000
11        M:rootprocs
34        155 96.5000 77.6300 60.8923 0.0000
7         M:users
31        155 6.0000 4.8300 3.7709 0.0000
# send QUERY complete successful
