# delta from 1679696958 to 1679697019 at 1679697019
22        CFR: 0 1679697018 1684
3         PRD
60        Packing reports: delta,0.029938,0.089629,0.094110,1679696959
3         EXS
16        f,294,1679696912
3         MOM
15        M:entropy_avail
41        1421 3135.0000 2832.4800 1008.4000 0.0000
12        M:mem_cached
40        1421 1744.5898 1587.5743 523.3852 0.0000
10        M:mem_free
40        1421 12733.1484 11587.0240 0.0000 0.0000
11        M:mem_total
40        1421 14875.9336 13537.0996 0.0000 0.0000
16        M:io_writtendata
32        1421 0.0303 0.0460 0.0524 0.0000
11        M:io_writes
32        1421 0.0000 1.2600 4.4618 0.0000
6         M:cpu3
32        1421 0.0865 0.4129 1.1915 0.0000
6         M:cpu2
32        1421 0.0599 0.3998 1.2281 0.0000
6         M:cpu1
32        1421 0.1065 0.4578 1.2879 0.0000
6         M:cpu0
32        1421 0.1665 0.3613 0.6494 0.0000
5         M:cpu
32        1421 0.1082 0.4103 1.1148 0.0000
10        M:messages
39        1421 300.0000 640.0800 1133.6000 0.0000
8         M:ssh_in
32        1421 2.0000 1.8200 0.6000 0.0000
9         M:smtp_in
32        1421 2.0000 1.8200 0.6000 0.0000
13        M:cfengine_in
32        1421 1.0000 0.9100 0.3000 0.0000
10        M:diskfree
35        1421 86.0000 78.2600 25.8000 0.0000
12        M:otherprocs
32        1421 6.0000 5.4600 1.8000 0.0000
11        M:rootprocs
35        1421 97.0000 88.2700 29.1000 0.0000
7         M:users
32        1421 6.0000 5.4600 1.8000 0.0000
3         MOY
15        M:entropy_avail
40        155 3071.5000 2467.2550 4839.3563 0.0000
12        M:mem_cached
38        155 1098.6758 945.6121 469.4713 0.0000
16        M:io_writtendata
31        155 0.0303 0.0327 0.0303 0.0000
11        M:io_writes
31        155 1.0000 1.3300 1.5556 0.0000
6         M:cpu3
31        155 0.0965 0.2074 0.6379 0.0000
6         M:cpu2
31        155 0.0899 0.2572 0.9414 0.0000
6         M:cpu1
31        155 0.0999 0.2573 0.8754 0.0000
6         M:cpu0
31        155 0.1764 0.2613 0.5270 0.0000
5         M:cpu
31        155 0.1157 0.2456 0.7663 0.0000
10        M:messages
37        155 113.5000 275.9050 209.2837 0.0000
8         M:ssh_in
31        155 2.0000 1.6100 1.2570 0.0000
9         M:smtp_in
31        155 2.0000 1.6100 1.2570 0.0000
13        M:cfengine_in
31        155 1.0000 0.9100 0.6557 0.0000
9         M:loadavg
31        155 0.0100 0.0112 0.0241 0.0000
10        M:diskfree
34        155 88.0000 70.6300 56.2834 0.0000
12        M:otherprocs
31        155 6.0000 5.5650 4.1719 0.0000
11        M:rootprocs
34        155 96.5000 77.6300 60.8923 0.0000
7         M:users
31        155 6.0000 4.8300 3.7709 0.0000
# send QUERY complete successful
