# delta from 1679758463 to 1679758524 at 1679758524
22        CFR: 0 1679758523 2488
3         PRD
60        Packing reports: delta,0.033215,0.110323,0.111845,1679758464
83        Sample(/proc/sys/kernel/random/entropy_avail),0.005008,0.002508,0.002396,1679758505
3         EXS
16        f,293,1679758391
3         MOM
15        M:entropy_avail
40        1626 3002.0000 2766.8900 655.6905 0.0000
38        1627 3164.0000 2214.8000 0.0000 0.0000
12        M:mem_cached
40        1626 1947.5078 1772.2362 584.2387 0.0000
41        1627 1948.4453 1363.9117 1630.1863 0.0000
10        M:mem_free
38        1626 8759.2176 8759.2176 0.0000 0.0000
39        1627 12510.3438 8757.2406 0.0000 0.0000
11        M:mem_total
40        1626 10413.1535 10413.1535 0.0000 0.0000
40        1627 14875.9336 10413.1535 0.0000 0.0000
16        M:io_writtendata
32        1626 0.0381 0.0515 0.0446 0.0000
32        1627 0.1162 0.0813 0.0972 0.0000
11        M:io_writes
32        1626 2.0000 2.6600 2.2000 0.0000
32        1627 6.0000 4.2000 5.0200 0.0000
6         M:cpu3
32        1626 0.1065 0.5583 1.6438 0.0000
32        1627 2.6964 1.8875 2.2560 0.0000
6         M:cpu2
32        1626 0.1465 0.2829 0.4548 0.0000
32        1627 1.4113 0.9879 1.1807 0.0000
6         M:cpu1
32        1626 0.0732 0.4639 1.4135 0.0000
32        1627 1.2589 0.8812 1.0533 0.0000
6         M:cpu0
32        1626 0.2331 0.4191 0.6202 0.0000
32        1627 1.0126 0.7088 0.8472 0.0000
5         M:cpu
32        1626 0.1381 0.4295 1.0899 0.0000
32        1627 1.5982 1.1188 1.3372 0.0000
10        M:messages
37        1626 0.0000 379.6800 1344.5006 0.0000
41        1627 2352.0000 1646.4000 1967.8244 0.0000
8         M:ssh_in
32        1626 2.0000 1.8200 0.6000 0.0000
32        1627 2.0000 1.4000 1.6733 0.0000
9         M:smtp_in
32        1626 2.0000 1.8200 0.6000 0.0000
32        1627 2.0000 1.4000 1.6733 0.0000
13        M:cfengine_in
32        1626 1.0000 0.9100 0.3000 0.0000
32        1627 1.0000 0.7000 0.8367 0.0000
9         M:loadavg
32        1626 0.0000 0.0021 0.0074 0.0000
32        1627 0.0300 0.0210 0.0251 0.0000
10        M:diskfree
35        1626 84.0000 76.4400 25.2000 0.0000
35        1627 84.0000 58.8000 70.2794 0.0000
12        M:otherprocs
32        1626 6.0000 5.4600 1.8000 0.0000
32        1627 6.0000 4.2000 5.0200 0.0000
11        M:rootprocs
35        1626 97.0000 88.0600 29.8000 0.0000
35        1627 97.0000 67.9000 81.1560 0.0000
7         M:users
32        1626 6.0000 5.4600 1.8000 0.0000
32        1627 6.0000 4.2000 5.0200 0.0000
3         MOY
15        M:entropy_avail
40        155 3071.5000 2467.2550 4839.3563 0.0000
12        M:mem_cached
38        155 1098.6758 945.6121 469.4713 0.0000
16        M:io_writtendata
31        155 0.0303 0.0327 0.0303 0.0000
11        M:io_writes
31        155 1.0000 1.3300 1.5556 0.0000
6         M:cpu3
31        155 0.0965 0.2074 0.6379 0.0000
6         M:cpu2
31        155 0.0899 0.2572 0.9414 0.0000
6         M:cpu1
31        155 0.0999 0.2573 0.8754 0.0000
6         M:cpu0
31        155 0.1764 0.2613 0.5270 0.0000
5         M:cpu
31        155 0.1157 0.2456 0.7663 0.0000
10        M:messages
37        155 113.5000 275.9050 209.2837 0.0000
8         M:ssh_in
31        155 2.0000 1.6100 1.2570 0.0000
9         M:smtp_in
31        155 2.0000 1.6100 1.2570 0.0000
13        M:cfengine_in
31        155 1.0000 0.9100 0.6557 0.0000
9         M:loadavg
31        155 0.0100 0.0112 0.0241 0.0000
10        M:diskfree
34        155 88.0000 70.6300 56.2834 0.0000
12        M:otherprocs
31        155 6.0000 5.5650 4.1719 0.0000
11        M:rootprocs
34        155 96.5000 77.6300 60.8923 0.0000
7         M:users
31        155 6.0000 4.8300 3.7709 0.0000
# send QUERY complete successful
