# delta from 1679670858 to 1679670919 at 1679670919
22        CFR: 0 1679670918 1810
3         PRD
60        Packing reports: delta,0.024625,0.060637,0.062168,1679670859
83        Sample(/proc/sys/kernel/random/entropy_avail),0.004830,0.002333,0.002343,1679670895
3         EXS
16        f,292,1679670804
3         MOM
15        M:entropy_avail
40        1334 3035.0000 2784.7400 834.2000 0.0000
12        M:mem_cached
40        1334 1658.7734 1509.2870 498.2883 0.0000
10        M:mem_free
40        1334 12815.5352 11663.9630 0.0000 0.0000
11        M:mem_total
40        1334 14875.9336 13537.0996 0.0000 0.0000
16        M:io_writtendata
32        1334 0.1094 0.0848 0.0709 0.0000
11        M:io_writes
32        1334 6.0000 4.6200 3.9563 0.0000
6         M:cpu3
32        1334 1.9241 1.3706 1.5444 0.0000
6         M:cpu2
32        1334 2.1100 1.4854 1.7420 0.0000
6         M:cpu1
32        1334 0.7461 0.5572 0.5322 0.0000
6         M:cpu0
32        1334 1.3852 1.0200 1.0245 0.0000
5         M:cpu
32        1334 1.5415 1.1073 1.2123 0.0000
10        M:messages
40        1334 1321.0000 1035.3700 832.3876 0.0000
8         M:ssh_in
32        1334 2.0000 1.8200 0.6000 0.0000
9         M:smtp_in
32        1334 2.0000 1.8200 0.6000 0.0000
13        M:cfengine_in
32        1334 1.0000 0.9100 0.3000 0.0000
9         M:loadavg
32        1334 0.0200 0.0140 0.0167 0.0000
10        M:diskfree
35        1334 86.0000 78.2600 25.8000 0.0000
12        M:otherprocs
33        1334 12.0000 9.6600 7.0815 0.0000
11        M:rootprocs
35        1334 96.0000 87.3600 28.8000 0.0000
7         M:users
32        1334 6.0000 5.4600 1.8000 0.0000
3         MOY
15        M:entropy_avail
40        155 3073.0000 2151.1000 4841.2604 0.0000
12        M:mem_cached
39        155 1082.2969 757.6078 1560.7510 0.0000
16        M:io_writtendata
31        155 0.0317 0.0222 0.0277 0.0000
11        M:io_writes
31        155 1.0000 0.7000 1.1832 0.0000
6         M:cpu3
31        155 0.0699 0.0489 0.0601 0.0000
6         M:cpu2
31        155 0.1597 0.1118 0.1409 0.0000
6         M:cpu1
31        155 0.1099 0.0769 0.1010 0.0000
6         M:cpu0
31        155 0.2164 0.1515 0.1858 0.0000
5         M:cpu
31        155 0.1390 0.0973 0.1212 0.0000
10        M:messages
37        155 377.0000 263.9000 339.4706 0.0000
8         M:ssh_in
31        155 2.0000 1.4000 1.6733 0.0000
9         M:smtp_in
31        155 2.0000 1.4000 1.6733 0.0000
13        M:cfengine_in
31        155 1.0000 0.7000 0.8367 0.0000
9         M:loadavg
31        155 0.0100 0.0070 0.0118 0.0000
10        M:diskfree
34        155 88.0000 61.6000 73.6451 0.0000
12        M:otherprocs
31        155 6.0000 4.2000 5.0200 0.0000
11        M:rootprocs
34        155 96.5000 67.5500 80.7388 0.0000
7         M:users
31        155 6.0000 4.2000 5.0200 0.0000
# send QUERY complete successful
