# delta from 1679673138 to 1679673199 at 1679673199
22        CFR: 0 1679673198 1767
3         PRD
60        Packing reports: delta,0.026112,0.068184,0.066902,1679673139
83        Sample(/proc/sys/kernel/random/entropy_avail),0.005524,0.003051,0.002414,1679673149
3         EXS
16        f,294,1679672917
3         MOM
15        M:entropy_avail
41        1342 3141.0000 2198.7000 2627.9491 0.0000
12        M:mem_cached
41        1342 1665.0547 1165.5383 1393.0847 0.0000
10        M:mem_free
39        1342 12816.6992 8971.6895 0.0000 0.0000
11        M:mem_total
40        1342 14875.9336 10413.1535 0.0000 0.0000
16        M:io_writtendata
32        1342 0.0400 0.0280 0.0335 0.0000
11        M:io_writes
32        1342 2.0000 1.4000 1.6733 0.0000
6         M:cpu3
32        1342 0.0799 0.0559 0.0668 0.0000
6         M:cpu2
32        1342 0.0865 0.0606 0.0724 0.0000
6         M:cpu1
32        1342 0.1598 0.1119 0.1337 0.0000
6         M:cpu0
32        1342 0.2131 0.1491 0.1783 0.0000
5         M:cpu
32        1342 0.1331 0.0932 0.1114 0.0000
10        M:messages
38        1342 227.0000 158.9000 189.9218 0.0000
8         M:ssh_in
32        1342 2.0000 1.4000 1.6733 0.0000
9         M:smtp_in
32        1342 2.0000 1.4000 1.6733 0.0000
13        M:cfengine_in
32        1342 1.0000 0.7000 0.8367 0.0000
10        M:diskfree
35        1342 86.0000 60.2000 71.9528 0.0000
12        M:otherprocs
32        1342 6.0000 4.2000 5.0200 0.0000
11        M:rootprocs
35        1342 97.0000 67.9000 81.1560 0.0000
7         M:users
32        1342 6.0000 4.2000 5.0200 0.0000
3         MOY
15        M:entropy_avail
40        155 3080.5000 2156.3500 4850.7840 0.0000
12        M:mem_cached
39        155 1087.8438 761.4906 1568.4447 0.0000
16        M:io_writtendata
31        155 0.0293 0.0205 0.0252 0.0000
11        M:io_writes
31        155 1.0000 0.7000 1.1832 0.0000
6         M:cpu3
31        155 0.0766 0.0536 0.0669 0.0000
6         M:cpu2
31        155 0.0666 0.0466 0.0649 0.0000
6         M:cpu1
31        155 0.1332 0.0932 0.1272 0.0000
6         M:cpu0
31        155 0.1731 0.1212 0.1449 0.0000
5         M:cpu
31        155 0.1132 0.0792 0.0955 0.0000
10        M:messages
37        155 227.0000 158.9000 189.9218 0.0000
8         M:ssh_in
31        155 2.0000 1.4000 1.6733 0.0000
9         M:smtp_in
31        155 2.0000 1.4000 1.6733 0.0000
13        M:cfengine_in
31        155 1.0000 0.7000 0.8367 0.0000
9         M:loadavg
31        155 0.0100 0.0070 0.0118 0.0000
10        M:diskfree
34        155 88.0000 61.6000 73.6451 0.0000
12        M:otherprocs
31        155 6.0000 4.2000 5.0200 0.0000
11        M:rootprocs
34        155 97.0000 67.9000 81.1560 0.0000
7         M:users
31        155 6.0000 4.2000 5.0200 0.0000
# send QUERY complete successful
