# delta from 1679672958 to 1679673019 at 1679673019
22        CFR: 0 1679673018 1769
3         PRD
60        Packing reports: delta,0.026211,0.068702,0.073316,1679672959
83        Sample(/proc/sys/kernel/random/entropy_avail),0.005766,0.003324,0.002518,1679672999
3         EXS
16        f,294,1679672917
3         MOM
15        M:entropy_avail
40        1341 3043.0000 2792.2300 835.9000 0.0000
12        M:mem_cached
40        1341 1665.0859 1515.0330 500.1766 0.0000
10        M:mem_free
40        1341 12808.6719 11657.7182 0.0000 0.0000
11        M:mem_total
40        1341 14875.9336 13537.0996 0.0000 0.0000
16        M:io_writtendata
32        1341 0.1035 0.0807 0.0662 0.0000
11        M:io_writes
32        1341 4.0000 3.2200 2.3605 0.0000
6         M:cpu3
32        1341 1.8112 1.2888 1.4576 0.0000
6         M:cpu2
32        1341 1.6506 1.1666 1.3500 0.0000
6         M:cpu1
32        1341 1.5514 1.1251 1.1919 0.0000
6         M:cpu0
32        1341 1.1389 0.8364 0.8480 0.0000
5         M:cpu
32        1341 1.5380 1.1042 1.2113 0.0000
10        M:messages
39        1341 1339.0000 984.9700 992.8073 0.0000
8         M:ssh_in
32        1341 2.0000 2.0300 0.1000 0.0000
9         M:smtp_in
32        1341 2.0000 1.8200 0.6000 0.0000
13        M:cfengine_in
32        1341 1.0000 0.9100 0.3000 0.0000
10        M:diskfree
35        1341 86.0000 78.2600 25.8000 0.0000
12        M:otherprocs
34        1341 13.0000 10.3600 7.8593 0.0000
11        M:rootprocs
35        1341 96.0000 87.3600 28.8000 0.0000
7         M:users
32        1341 6.0000 5.4600 1.8000 0.0000
3         MOY
15        M:entropy_avail
40        155 3080.5000 2156.3500 4850.7840 0.0000
12        M:mem_cached
39        155 1087.8438 761.4906 1568.4447 0.0000
16        M:io_writtendata
31        155 0.0293 0.0205 0.0252 0.0000
11        M:io_writes
31        155 1.0000 0.7000 1.1832 0.0000
6         M:cpu3
31        155 0.0766 0.0536 0.0669 0.0000
6         M:cpu2
31        155 0.0666 0.0466 0.0649 0.0000
6         M:cpu1
31        155 0.1332 0.0932 0.1272 0.0000
6         M:cpu0
31        155 0.1731 0.1212 0.1449 0.0000
5         M:cpu
31        155 0.1132 0.0792 0.0955 0.0000
10        M:messages
37        155 227.0000 158.9000 189.9218 0.0000
8         M:ssh_in
31        155 2.0000 1.4000 1.6733 0.0000
9         M:smtp_in
31        155 2.0000 1.4000 1.6733 0.0000
13        M:cfengine_in
31        155 1.0000 0.7000 0.8367 0.0000
9         M:loadavg
31        155 0.0100 0.0070 0.0118 0.0000
10        M:diskfree
34        155 88.0000 61.6000 73.6451 0.0000
12        M:otherprocs
31        155 6.0000 4.2000 5.0200 0.0000
11        M:rootprocs
34        155 97.0000 67.9000 81.1560 0.0000
7         M:users
31        155 6.0000 4.2000 5.0200 0.0000
# send QUERY complete successful
