# delta from 1679757143 to 1679757204 at 1679757204
22        CFR: 0 1679757203 1806
3         PRD
60        Packing reports: delta,0.031988,0.102320,0.102251,1679757144
83        Sample(/proc/sys/kernel/random/entropy_avail),0.005148,0.002650,0.002382,1679757152
3         EXS
16        f,296,1679756925
3         MOM
15        M:entropy_avail
40        1622 3018.0000 2780.8200 661.4634 0.0000
12        M:mem_cached
40        1622 1943.9375 1768.9798 583.1922 0.0000
10        M:mem_free
40        1622 12516.4141 11388.0304 0.0000 0.0000
11        M:mem_total
40        1622 14875.9336 13537.0996 0.0000 0.0000
16        M:io_writtendata
32        1622 0.0430 0.0524 0.0315 0.0000
11        M:io_writes
32        1622 2.0000 2.6600 2.2000 0.0000
6         M:cpu3
32        1622 0.1531 0.3532 0.6670 0.0000
6         M:cpu2
32        1622 0.1065 0.5975 1.7823 0.0000
6         M:cpu1
32        1622 0.0666 0.3822 1.1451 0.0000
6         M:cpu0
32        1622 0.2597 0.3846 0.4163 0.0000
5         M:cpu
32        1622 0.1481 0.4298 1.0601 0.0000
10        M:messages
38        1622 300.0000 487.6200 625.4000 0.0000
8         M:ssh_in
32        1622 2.0000 1.8200 0.6000 0.0000
9         M:smtp_in
32        1622 2.0000 1.8200 0.6000 0.0000
13        M:cfengine_in
32        1622 1.0000 0.9100 0.3000 0.0000
9         M:loadavg
32        1622 0.0000 0.0063 0.0223 0.0000
10        M:diskfree
35        1622 85.0000 77.3500 25.5000 0.0000
12        M:otherprocs
32        1622 6.0000 6.9300 3.1000 0.0000
11        M:rootprocs
35        1622 96.0000 87.3600 28.8000 0.0000
7         M:users
32        1622 6.0000 5.4600 1.8000 0.0000
3         MOY
15        M:entropy_avail
40        155 3071.5000 2467.2550 4839.3563 0.0000
12        M:mem_cached
38        155 1098.6758 945.6121 469.4713 0.0000
16        M:io_writtendata
31        155 0.0303 0.0327 0.0303 0.0000
11        M:io_writes
31        155 1.0000 1.3300 1.5556 0.0000
6         M:cpu3
31        155 0.0965 0.2074 0.6379 0.0000
6         M:cpu2
31        155 0.0899 0.2572 0.9414 0.0000
6         M:cpu1
31        155 0.0999 0.2573 0.8754 0.0000
6         M:cpu0
31        155 0.1764 0.2613 0.5270 0.0000
5         M:cpu
31        155 0.1157 0.2456 0.7663 0.0000
10        M:messages
37        155 113.5000 275.9050 209.2837 0.0000
8         M:ssh_in
31        155 2.0000 1.6100 1.2570 0.0000
9         M:smtp_in
31        155 2.0000 1.6100 1.2570 0.0000
13        M:cfengine_in
31        155 1.0000 0.9100 0.6557 0.0000
9         M:loadavg
31        155 0.0100 0.0112 0.0241 0.0000
10        M:diskfree
34        155 88.0000 70.6300 56.2834 0.0000
12        M:otherprocs
31        155 6.0000 5.5650 4.1719 0.0000
11        M:rootprocs
34        155 96.5000 77.6300 60.8923 0.0000
7         M:users
31        155 6.0000 4.8300 3.7709 0.0000
# send QUERY complete successful
