# delta from 1679668998 to 1679669059 at 1679669059
22        CFR: 0 1679669058 1684
3         PRD
60        Packing reports: delta,0.032149,0.147365,0.152867,1679668999
3         EXS
16        f,293,1679668985
3         MOM
15        M:entropy_avail
41        1328 3111.0000 2177.7000 2602.8493 0.0000
12        M:mem_cached
41        1328 1652.2695 1156.5887 1382.3879 0.0000
10        M:mem_free
39        1328 12830.5195 8981.3637 0.0000 0.0000
11        M:mem_total
40        1328 14875.9336 10413.1535 0.0000 0.0000
16        M:io_writtendata
32        1328 0.0381 0.0267 0.0319 0.0000
11        M:io_writes
32        1328 2.0000 1.4000 1.6733 0.0000
6         M:cpu3
32        1328 0.0533 0.0373 0.0446 0.0000
6         M:cpu2
32        1328 0.2396 0.1677 0.2005 0.0000
6         M:cpu1
32        1328 0.1265 0.0886 0.1059 0.0000
6         M:cpu0
32        1328 0.2597 0.1818 0.2173 0.0000
5         M:cpu
32        1328 0.1714 0.1200 0.1434 0.0000
10        M:messages
38        1328 227.0000 158.9000 189.9218 0.0000
8         M:ssh_in
32        1328 2.0000 1.4000 1.6733 0.0000
9         M:smtp_in
32        1328 2.0000 1.4000 1.6733 0.0000
13        M:cfengine_in
32        1328 1.0000 0.7000 0.8367 0.0000
10        M:diskfree
35        1328 86.0000 60.2000 71.9528 0.0000
12        M:otherprocs
32        1328 6.0000 4.2000 5.0200 0.0000
11        M:rootprocs
35        1328 98.0000 68.6000 81.9927 0.0000
7         M:users
32        1328 6.0000 4.2000 5.0200 0.0000
3         MOY
15        M:entropy_avail
40        155 3073.0000 2151.1000 4841.2604 0.0000
12        M:mem_cached
39        155 1082.2969 757.6078 1560.7510 0.0000
16        M:io_writtendata
31        155 0.0317 0.0222 0.0277 0.0000
11        M:io_writes
31        155 1.0000 0.7000 1.1832 0.0000
6         M:cpu3
31        155 0.0699 0.0489 0.0601 0.0000
6         M:cpu2
31        155 0.1597 0.1118 0.1409 0.0000
6         M:cpu1
31        155 0.1099 0.0769 0.1010 0.0000
6         M:cpu0
31        155 0.2164 0.1515 0.1858 0.0000
5         M:cpu
31        155 0.1390 0.0973 0.1212 0.0000
10        M:messages
37        155 377.0000 263.9000 339.4706 0.0000
8         M:ssh_in
31        155 2.0000 1.4000 1.6733 0.0000
9         M:smtp_in
31        155 2.0000 1.4000 1.6733 0.0000
13        M:cfengine_in
31        155 1.0000 0.7000 0.8367 0.0000
9         M:loadavg
31        155 0.0100 0.0070 0.0118 0.0000
10        M:diskfree
34        155 88.0000 61.6000 73.6451 0.0000
12        M:otherprocs
31        155 6.0000 4.2000 5.0200 0.0000
11        M:rootprocs
34        155 96.5000 67.5500 80.7388 0.0000
7         M:users
31        155 6.0000 4.2000 5.0200 0.0000
# send QUERY complete successful
