# delta from 1679677938 to 1679677999 at 1679677999
22        CFR: 0 1679677998 1804
3         PRD
60        Packing reports: delta,0.030615,0.093729,0.093425,1679677939
83        Sample(/proc/sys/kernel/random/entropy_avail),0.005012,0.002512,0.002381,1679677958
3         EXS
16        f,296,1679677727
3         MOM
15        M:entropy_avail
41        1358 3133.0000 2829.4000 1012.0000 0.0000
12        M:mem_cached
40        1358 1679.4766 1528.3204 503.8539 0.0000
10        M:mem_free
38        1358 8955.1465 8955.1465 0.0000 0.0000
11        M:mem_total
40        1358 10413.1535 10413.1535 0.0000 0.0000
16        M:io_writtendata
32        1358 0.0381 0.0507 0.0419 0.0000
11        M:io_writes
32        1358 2.0000 2.6600 2.2000 0.0000
6         M:cpu3
32        1358 0.1065 0.4759 1.3521 0.0000
6         M:cpu2
32        1358 0.0200 0.3747 1.2642 0.0000
6         M:cpu1
32        1358 0.2064 0.3431 0.4557 0.0000
6         M:cpu0
32        1358 0.2064 0.5011 0.9824 0.0000
5         M:cpu
32        1358 0.1331 0.4225 1.0807 0.0000
10        M:messages
37        1358 0.0000 429.8700 1522.2305 0.0000
8         M:ssh_in
32        1358 2.0000 1.8200 0.6000 0.0000
9         M:smtp_in
32        1358 2.0000 1.8200 0.6000 0.0000
13        M:cfengine_in
32        1358 1.0000 0.9100 0.3000 0.0000
9         M:loadavg
32        1358 0.0000 0.0042 0.0149 0.0000
10        M:diskfree
35        1358 86.0000 78.2600 25.8000 0.0000
12        M:otherprocs
32        1358 6.0000 6.9300 3.1000 0.0000
11        M:rootprocs
35        1358 96.0000 87.3600 28.8000 0.0000
7         M:users
32        1358 6.0000 5.4600 1.8000 0.0000
3         MOY
15        M:entropy_avail
40        155 3074.5000 2470.9300 4843.1648 0.0000
12        M:mem_cached
38        155 1093.2188 940.6470 467.7120 0.0000
16        M:io_writtendata
31        155 0.0308 0.0331 0.0301 0.0000
11        M:io_writes
31        155 1.0000 1.3300 1.5556 0.0000
6         M:cpu3
31        155 0.0666 0.3919 1.6927 0.0000
6         M:cpu2
31        155 0.1032 0.1400 0.2569 0.0000
6         M:cpu1
31        155 0.0766 0.1739 0.5611 0.0000
6         M:cpu0
31        155 0.1898 0.2601 0.4601 0.0000
5         M:cpu
31        155 0.1090 0.2413 0.7739 0.0000
10        M:messages
37        155 113.5000 218.2600 708.0041 0.0000
8         M:ssh_in
31        155 2.0000 1.6100 1.2570 0.0000
9         M:smtp_in
31        155 2.0000 1.6100 1.2570 0.0000
13        M:cfengine_in
31        155 1.0000 0.8050 0.6285 0.0000
9         M:loadavg
31        155 0.0100 0.0123 0.0288 0.0000
10        M:diskfree
34        155 88.0000 70.6300 56.2834 0.0000
12        M:otherprocs
31        155 6.0000 5.5650 4.1719 0.0000
11        M:rootprocs
34        155 96.0000 77.2800 60.6595 0.0000
7         M:users
31        155 6.0000 4.8300 3.7709 0.0000
# send QUERY complete successful
