# delta from 1679675538 to 1679675599 at 1679675599
22        CFR: 0 1679675598 1806
3         PRD
60        Packing reports: delta,0.028044,0.078646,0.078305,1679675539
83        Sample(/proc/sys/kernel/random/entropy_avail),0.005571,0.003104,0.003056,1679675553
3         EXS
16        f,297,1679675322
3         MOM
15        M:entropy_avail
41        1350 3117.0000 2816.3100 1002.3000 0.0000
12        M:mem_cached
40        1350 1672.1992 1521.6980 501.6707 0.0000
10        M:mem_free
40        1350 12809.4531 11654.7936 0.0000 0.0000
11        M:mem_total
40        1350 14875.9336 13537.0996 0.0000 0.0000
16        M:io_writtendata
32        1350 0.0391 0.0517 0.0423 0.0000
11        M:io_writes
32        1350 2.0000 3.0800 3.6000 0.0000
6         M:cpu3
32        1350 0.0666 0.3528 1.0410 0.0000
6         M:cpu2
32        1350 0.0998 0.6542 2.0040 0.0000
6         M:cpu1
32        1350 0.0732 0.2093 0.5128 0.0000
6         M:cpu0
32        1350 0.2264 0.4397 0.7109 0.0000
5         M:cpu
32        1350 0.1231 0.4176 1.0944 0.0000
10        M:messages
37        1350 0.0000 492.6600 1744.5787 0.0000
8         M:ssh_in
32        1350 2.0000 1.8200 0.6000 0.0000
9         M:smtp_in
32        1350 2.0000 1.8200 0.6000 0.0000
13        M:cfengine_in
32        1350 2.0000 1.6100 1.1803 0.0000
9         M:loadavg
32        1350 0.0000 0.0042 0.0149 0.0000
10        M:diskfree
35        1350 86.0000 78.2600 25.8000 0.0000
12        M:otherprocs
32        1350 6.0000 6.9300 3.1000 0.0000
11        M:rootprocs
35        1350 97.0000 88.2700 29.1000 0.0000
7         M:users
32        1350 6.0000 5.4600 1.8000 0.0000
3         MOY
15        M:entropy_avail
40        155 3074.5000 2470.9300 4843.1648 0.0000
12        M:mem_cached
38        155 1093.2188 940.6470 467.7120 0.0000
16        M:io_writtendata
31        155 0.0308 0.0331 0.0301 0.0000
11        M:io_writes
31        155 1.0000 1.3300 1.5556 0.0000
6         M:cpu3
31        155 0.0666 0.3919 1.6927 0.0000
6         M:cpu2
31        155 0.1032 0.1400 0.2569 0.0000
6         M:cpu1
31        155 0.0766 0.1739 0.5611 0.0000
6         M:cpu0
31        155 0.1898 0.2601 0.4601 0.0000
5         M:cpu
31        155 0.1090 0.2413 0.7739 0.0000
10        M:messages
37        155 113.5000 218.2600 708.0041 0.0000
8         M:ssh_in
31        155 2.0000 1.6100 1.2570 0.0000
9         M:smtp_in
31        155 2.0000 1.6100 1.2570 0.0000
13        M:cfengine_in
31        155 1.0000 0.8050 0.6285 0.0000
9         M:loadavg
31        155 0.0100 0.0123 0.0288 0.0000
10        M:diskfree
34        155 88.0000 70.6300 56.2834 0.0000
12        M:otherprocs
31        155 6.0000 5.5650 4.1719 0.0000
11        M:rootprocs
34        155 96.0000 77.2800 60.6595 0.0000
7         M:users
31        155 6.0000 4.8300 3.7709 0.0000
# send QUERY complete successful
