# delta from 1679664558 to 1679664619 at 1679664619
22        CFR: 0 1679664618 1768
3         PRD
60        Packing reports: delta,0.038538,0.148520,0.147157,1679664559
83        Sample(/proc/sys/kernel/random/entropy_avail),0.004967,0.002467,0.002162,1679664584
3         EXS
16        f,325,1679664528
3         MOM
15        M:entropy_avail
40        1313 3049.0000 2794.9600 846.8000 0.0000
12        M:mem_cached
40        1313 1639.6758 1491.9712 492.3484 0.0000
10        M:mem_free
38        1313 8991.2102 8991.2102 0.0000 0.0000
11        M:mem_total
40        1313 10413.1535 10413.1535 0.0000 0.0000
16        M:io_writtendata
32        1313 0.1250 0.0965 0.0818 0.0000
11        M:io_writes
32        1313 6.0000 4.6200 3.9563 0.0000
6         M:cpu3
32        1313 1.9377 1.3969 1.5107 0.0000
6         M:cpu2
32        1313 1.8706 1.3234 1.5264 0.0000
6         M:cpu1
32        1313 1.8583 1.3260 1.4856 0.0000
6         M:cpu0
32        1313 0.8191 0.6195 0.5657 0.0000
5         M:cpu
32        1313 1.6181 1.1638 1.2689 0.0000
10        M:messages
41        1313 1638.0000 1194.2700 1241.8683 0.0000
8         M:ssh_in
32        1313 2.0000 1.8200 0.6000 0.0000
9         M:smtp_in
32        1313 3.0000 2.5200 1.6223 0.0000
13        M:cfengine_in
32        1313 2.0000 1.6100 1.1803 0.0000
9         M:loadavg
32        1313 0.0600 0.0420 0.0502 0.0000
10        M:diskfree
35        1313 86.0000 78.2600 25.8000 0.0000
12        M:otherprocs
34        1313 13.0000 10.3600 7.8593 0.0000
11        M:rootprocs
35        1313 97.0000 88.2700 29.1000 0.0000
7         M:users
32        1313 6.0000 5.4600 1.8000 0.0000
3         MOY
15        M:entropy_avail
40        155 3084.0000 2158.8000 4855.2298 0.0000
12        M:mem_cached
39        155 1077.1406 753.9984 1553.6005 0.0000
16        M:io_writtendata
31        155 0.0312 0.0219 0.0272 0.0000
6         M:cpu3
31        155 0.0998 0.0699 0.0922 0.0000
6         M:cpu2
31        155 0.0998 0.0699 0.0837 0.0000
6         M:cpu1
31        155 0.1132 0.0792 0.1047 0.0000
6         M:cpu0
31        155 0.1831 0.1282 0.1538 0.0000
5         M:cpu
31        155 0.1240 0.0868 0.1060 0.0000
10        M:messages
37        155 227.0000 158.9000 189.9218 0.0000
8         M:ssh_in
31        155 2.0000 1.4000 1.6733 0.0000
9         M:smtp_in
31        155 2.0000 1.4000 1.6733 0.0000
13        M:cfengine_in
31        155 1.0000 0.7000 0.8367 0.0000
9         M:loadavg
31        155 0.0100 0.0070 0.0118 0.0000
10        M:diskfree
34        155 88.0000 61.6000 73.6451 0.0000
12        M:otherprocs
31        155 6.0000 4.2000 5.0200 0.0000
11        M:rootprocs
34        155 97.0000 67.9000 81.1560 0.0000
7         M:users
31        155 6.0000 4.2000 5.0200 0.0000
# send QUERY complete successful
