# delta from 1679707158 to 1679707219 at 1679707219
22        CFR: 0 1679707218 1770
3         PRD
60        Packing reports: delta,0.037655,0.141791,0.146199,1679707159
3         EXS
16        f,294,1679707119
3         MOM
15        M:entropy_avail
41        1455 3139.0000 2834.4400 1015.2000 0.0000
12        M:mem_cached
40        1455 1775.4258 1615.6202 532.6852 0.0000
10        M:mem_free
40        1455 12694.9258 11553.1782 0.0000 0.0000
11        M:mem_total
40        1455 14875.9336 13537.0996 0.0000 0.0000
16        M:io_writtendata
32        1455 0.0439 0.0521 0.0271 0.0000
11        M:io_writes
32        1455 2.0000 2.2400 0.8000 0.0000
6         M:cpu3
32        1455 0.1398 0.6291 1.7907 0.0000
6         M:cpu2
32        1455 0.3993 0.4375 0.1272 0.0000
6         M:cpu1
32        1455 0.1931 0.4764 0.9445 0.0000
6         M:cpu0
32        1455 0.3262 0.5192 0.6433 0.0000
5         M:cpu
32        1455 0.2679 0.5179 0.8332 0.0000
10        M:messages
37        1455 0.0000 443.7300 1571.3107 0.0000
8         M:ssh_in
32        1455 2.0000 1.8200 0.6000 0.0000
9         M:smtp_in
32        1455 2.0000 1.8200 0.6000 0.0000
14        M:cfengine_out
32        1455 1.0000 0.7000 0.8367 0.0000
13        M:cfengine_in
32        1455 2.0000 1.6100 1.1803 0.0000
9         M:loadavg
32        1455 0.0100 0.0091 0.0030 0.0000
10        M:diskfree
35        1455 86.0000 78.2600 25.8000 0.0000
12        M:otherprocs
32        1455 6.0000 5.4600 1.8000 0.0000
11        M:rootprocs
36        1455 100.0000 90.3700 32.1000 0.0000
7         M:users
32        1455 6.0000 5.4600 1.8000 0.0000
3         MOY
15        M:entropy_avail
40        155 3071.5000 2467.2550 4839.3563 0.0000
12        M:mem_cached
38        155 1098.6758 945.6121 469.4713 0.0000
16        M:io_writtendata
31        155 0.0303 0.0327 0.0303 0.0000
11        M:io_writes
31        155 1.0000 1.3300 1.5556 0.0000
6         M:cpu3
31        155 0.0965 0.2074 0.6379 0.0000
6         M:cpu2
31        155 0.0899 0.2572 0.9414 0.0000
6         M:cpu1
31        155 0.0999 0.2573 0.8754 0.0000
6         M:cpu0
31        155 0.1764 0.2613 0.5270 0.0000
5         M:cpu
31        155 0.1157 0.2456 0.7663 0.0000
10        M:messages
37        155 113.5000 275.9050 209.2837 0.0000
8         M:ssh_in
31        155 2.0000 1.6100 1.2570 0.0000
9         M:smtp_in
31        155 2.0000 1.6100 1.2570 0.0000
13        M:cfengine_in
31        155 1.0000 0.9100 0.6557 0.0000
9         M:loadavg
31        155 0.0100 0.0112 0.0241 0.0000
10        M:diskfree
34        155 88.0000 70.6300 56.2834 0.0000
12        M:otherprocs
31        155 6.0000 5.5650 4.1719 0.0000
11        M:rootprocs
34        155 96.5000 77.6300 60.8923 0.0000
7         M:users
31        155 6.0000 4.8300 3.7709 0.0000
# send QUERY complete successful
