# delta from 1679739558 to 1679739620 at 1679739620
22        CFR: 0 1679739619 1812
3         PRD
60        Packing reports: delta,0.033682,0.113451,0.116782,1679739559
83        Sample(/proc/sys/kernel/random/entropy_avail),0.005442,0.002962,0.003484,1679739571
3         EXS
16        f,293,1679739501
3         MOM
15        M:entropy_avail
41        1563 3266.0000 2939.3000 1089.0000 0.0000
12        M:mem_cached
40        1563 1882.6641 1713.0250 565.4637 0.0000
10        M:mem_free
40        1563 12575.8594 11446.1747 0.0000 0.0000
11        M:mem_total
40        1563 14875.9336 13537.0996 0.0000 0.0000
16        M:io_writtendata
32        1563 0.1172 0.0894 0.0791 0.0000
11        M:io_writes
32        1563 6.0000 4.6200 3.9563 0.0000
6         M:cpu3
32        1563 1.7308 1.2325 1.3904 0.0000
6         M:cpu2
32        1563 2.0703 1.4688 1.6781 0.0000
6         M:cpu1
32        1563 1.4384 1.0194 1.1687 0.0000
6         M:cpu0
32        1563 1.1322 0.8429 0.8143 0.0000
5         M:cpu
32        1563 1.5930 1.1409 1.2619 0.0000
10        M:messages
41        1563 1584.0000 1156.6800 1196.3099 0.0000
8         M:ssh_in
32        1563 2.0000 1.8200 0.6000 0.0000
9         M:smtp_in
32        1563 2.0000 1.8200 0.6000 0.0000
13        M:cfengine_in
32        1563 1.0000 0.9100 0.3000 0.0000
9         M:loadavg
32        1563 0.0300 0.0420 0.0400 0.0000
10        M:diskfree
35        1563 85.0000 77.3500 25.5000 0.0000
12        M:otherprocs
34        1563 13.0000 10.3600 7.8593 0.0000
11        M:rootprocs
35        1563 97.0000 88.2700 29.1000 0.0000
7         M:users
32        1563 6.0000 5.4600 1.8000 0.0000
3         MOY
15        M:entropy_avail
40        155 3071.5000 2467.2550 4839.3563 0.0000
12        M:mem_cached
38        155 1098.6758 945.6121 469.4713 0.0000
16        M:io_writtendata
31        155 0.0303 0.0327 0.0303 0.0000
11        M:io_writes
31        155 1.0000 1.3300 1.5556 0.0000
6         M:cpu3
31        155 0.0965 0.2074 0.6379 0.0000
6         M:cpu2
31        155 0.0899 0.2572 0.9414 0.0000
6         M:cpu1
31        155 0.0999 0.2573 0.8754 0.0000
6         M:cpu0
31        155 0.1764 0.2613 0.5270 0.0000
5         M:cpu
31        155 0.1157 0.2456 0.7663 0.0000
10        M:messages
37        155 113.5000 275.9050 209.2837 0.0000
8         M:ssh_in
31        155 2.0000 1.6100 1.2570 0.0000
9         M:smtp_in
31        155 2.0000 1.6100 1.2570 0.0000
13        M:cfengine_in
31        155 1.0000 0.9100 0.6557 0.0000
9         M:loadavg
31        155 0.0100 0.0112 0.0241 0.0000
10        M:diskfree
34        155 88.0000 70.6300 56.2834 0.0000
12        M:otherprocs
31        155 6.0000 5.5650 4.1719 0.0000
11        M:rootprocs
34        155 96.5000 77.6300 60.8923 0.0000
7         M:users
31        155 6.0000 4.8300 3.7709 0.0000
# send QUERY complete successful
