# delta from 1679661858 to 1679661919 at 1679661919
22        CFR: 0 1679661918 1810
3         PRD
60        Packing reports: delta,0.045173,0.204056,0.208644,1679661859
83        Sample(/proc/sys/kernel/random/entropy_avail),0.005148,0.002651,0.002361,1679661879
3         EXS
16        f,292,1679661822
3         MOM
15        M:entropy_avail
40        1304 3141.0000 2881.6200 723.3763 0.0000
12        M:mem_cached
40        1304 1633.6641 1486.4423 490.7391 0.0000
10        M:mem_free
40        1304 12842.3750 11688.5202 0.0000 0.0000
11        M:mem_total
40        1304 14875.9336 13537.0996 0.0000 0.0000
16        M:io_writtendata
32        1304 0.1650 0.1299 0.1029 0.0000
11        M:io_writes
32        1304 6.0000 4.6200 3.9563 0.0000
6         M:cpu3
32        1304 1.7709 1.2773 1.3788 0.0000
6         M:cpu2
32        1304 1.1717 0.8398 0.9267 0.0000
6         M:cpu1
32        1304 1.9048 1.3795 1.4684 0.0000
6         M:cpu0
32        1304 1.9178 1.4054 1.4357 0.0000
5         M:cpu
32        1304 1.6896 1.2250 1.2990 0.0000
10        M:messages
39        1304 1096.0000 814.8700 790.9049 0.0000
8         M:ssh_in
32        1304 2.0000 1.8200 0.6000 0.0000
9         M:smtp_in
32        1304 3.0000 2.5200 1.6223 0.0000
13        M:cfengine_in
32        1304 1.0000 0.9100 0.3000 0.0000
9         M:loadavg
32        1304 0.0000 0.0042 0.0149 0.0000
10        M:diskfree
35        1304 86.0000 78.2600 25.8000 0.0000
12        M:otherprocs
34        1304 13.0000 10.3600 7.8593 0.0000
11        M:rootprocs
35        1304 97.0000 88.2700 29.1000 0.0000
7         M:users
32        1304 6.0000 5.4600 1.8000 0.0000
3         MOY
15        M:entropy_avail
40        155 3143.0000 2200.1000 2133.3412 0.0000
12        M:mem_cached
39        155 1072.1270 750.4889 1546.6490 0.0000
16        M:io_writtendata
31        155 0.0361 0.0253 0.0323 0.0000
11        M:io_writes
31        155 1.0000 0.7000 1.1832 0.0000
6         M:cpu3
31        155 0.1065 0.0746 0.0996 0.0000
6         M:cpu2
31        155 0.0732 0.0513 0.0673 0.0000
6         M:cpu1
31        155 0.1165 0.0816 0.1084 0.0000
6         M:cpu0
31        155 0.2164 0.1515 0.1858 0.0000
5         M:cpu
31        155 0.1298 0.0909 0.1118 0.0000
10        M:messages
37        155 227.0000 158.9000 189.9218 0.0000
8         M:ssh_in
31        155 2.5000 1.7500 2.1331 0.0000
9         M:smtp_in
31        155 2.0000 1.4000 1.6733 0.0000
13        M:cfengine_in
31        155 1.0000 0.7000 0.8367 0.0000
9         M:loadavg
31        155 0.0150 0.0105 0.0132 0.0000
10        M:diskfree
34        155 88.0000 61.6000 73.6451 0.0000
12        M:otherprocs
31        155 7.0000 4.9000 5.9161 0.0000
11        M:rootprocs
34        155 97.0000 67.9000 81.1560 0.0000
7         M:users
31        155 6.5000 4.5500 5.4544 0.0000
# send QUERY complete successful
