# delta from 1679669238 to 1679669299 at 1679669299
22        CFR: 0 1679669298 1767
3         PRD
60        Packing reports: delta,0.032164,0.146833,0.145168,1679669239
83        Sample(/proc/sys/kernel/random/entropy_avail),0.004901,0.002402,0.002288,1679669242
3         EXS
16        f,293,1679668985
3         MOM
15        M:entropy_avail
41        1329 3120.0000 2184.0000 2610.3793 0.0000
12        M:mem_cached
41        1329 1653.1719 1157.2203 1383.1428 0.0000
10        M:mem_free
39        1329 12830.0117 8981.0082 0.0000 0.0000
11        M:mem_total
40        1329 14875.9336 10413.1535 0.0000 0.0000
16        M:io_writtendata
32        1329 0.0400 0.0280 0.0335 0.0000
11        M:io_writes
32        1329 2.0000 1.4000 1.6733 0.0000
6         M:cpu3
32        1329 0.0732 0.0513 0.0613 0.0000
6         M:cpu2
32        1329 0.2063 0.1444 0.1726 0.0000
6         M:cpu1
32        1329 0.1465 0.1025 0.1225 0.0000
6         M:cpu0
32        1329 0.2663 0.1864 0.2228 0.0000
5         M:cpu
32        1329 0.1747 0.1223 0.1462 0.0000
10        M:messages
38        1329 227.0000 158.9000 189.9218 0.0000
8         M:ssh_in
32        1329 2.0000 1.4000 1.6733 0.0000
9         M:smtp_in
32        1329 2.0000 1.4000 1.6733 0.0000
13        M:cfengine_in
32        1329 2.0000 1.4000 1.6733 0.0000
10        M:diskfree
35        1329 86.0000 60.2000 71.9528 0.0000
12        M:otherprocs
32        1329 6.0000 4.2000 5.0200 0.0000
11        M:rootprocs
35        1329 96.0000 67.2000 80.3194 0.0000
7         M:users
32        1329 6.0000 4.2000 5.0200 0.0000
3         MOY
15        M:entropy_avail
40        155 3073.0000 2151.1000 4841.2604 0.0000
12        M:mem_cached
39        155 1082.2969 757.6078 1560.7510 0.0000
16        M:io_writtendata
31        155 0.0317 0.0222 0.0277 0.0000
11        M:io_writes
31        155 1.0000 0.7000 1.1832 0.0000
6         M:cpu3
31        155 0.0699 0.0489 0.0601 0.0000
6         M:cpu2
31        155 0.1597 0.1118 0.1409 0.0000
6         M:cpu1
31        155 0.1099 0.0769 0.1010 0.0000
6         M:cpu0
31        155 0.2164 0.1515 0.1858 0.0000
5         M:cpu
31        155 0.1390 0.0973 0.1212 0.0000
10        M:messages
37        155 377.0000 263.9000 339.4706 0.0000
8         M:ssh_in
31        155 2.0000 1.4000 1.6733 0.0000
9         M:smtp_in
31        155 2.0000 1.4000 1.6733 0.0000
13        M:cfengine_in
31        155 1.0000 0.7000 0.8367 0.0000
9         M:loadavg
31        155 0.0100 0.0070 0.0118 0.0000
10        M:diskfree
34        155 88.0000 61.6000 73.6451 0.0000
12        M:otherprocs
31        155 6.0000 4.2000 5.0200 0.0000
11        M:rootprocs
34        155 96.5000 67.5500 80.7388 0.0000
7         M:users
31        155 6.0000 4.2000 5.0200 0.0000
# send QUERY complete successful
