# delta from 1679758943 to 1679759005 at 1679759005
22        CFR: 0 1679759004 1805
3         PRD
60        Packing reports: delta,0.033430,0.111758,0.110234,1679758944
83        Sample(/proc/sys/kernel/random/entropy_avail),0.004962,0.002462,0.002325,1679758956
3         EXS
16        f,293,1679758684
3         MOM
15        M:entropy_avail
40        1628 3008.0000 2771.7200 658.9534 0.0000
12        M:mem_cached
40        1628 1949.3281 1773.8943 584.7793 0.0000
10        M:mem_free
40        1628 12511.0742 11384.8790 0.0000 0.0000
11        M:mem_total
40        1628 14875.9336 13537.0996 0.0000 0.0000
16        M:io_writtendata
32        1628 0.0391 0.0513 0.0409 0.0000
11        M:io_writes
32        1628 2.0000 2.6600 2.2000 0.0000
6         M:cpu3
32        1628 0.0999 0.3999 1.1038 0.0000
6         M:cpu2
32        1628 0.1198 0.6374 1.8821 0.0000
6         M:cpu1
32        1628 0.1265 0.2942 0.5590 0.0000
6         M:cpu0
32        1628 0.1998 0.3734 0.5788 0.0000
5         M:cpu
32        1628 0.1398 0.4282 1.0802 0.0000
10        M:messages
37        1628 0.0000 430.0800 1522.9741 0.0000
8         M:ssh_in
32        1628 2.0000 1.8200 0.6000 0.0000
9         M:smtp_in
32        1628 2.0000 1.8200 0.6000 0.0000
13        M:cfengine_in
32        1628 1.0000 0.9100 0.3000 0.0000
9         M:loadavg
32        1628 0.0700 0.0616 0.0280 0.0000
10        M:diskfree
35        1628 84.0000 76.4400 25.2000 0.0000
12        M:otherprocs
32        1628 6.0000 5.4600 1.8000 0.0000
11        M:rootprocs
35        1628 97.0000 88.2700 29.1000 0.0000
7         M:users
32        1628 6.0000 5.4600 1.8000 0.0000
3         MOY
15        M:entropy_avail
40        155 3071.5000 2467.2550 4839.3563 0.0000
12        M:mem_cached
38        155 1098.6758 945.6121 469.4713 0.0000
16        M:io_writtendata
31        155 0.0303 0.0327 0.0303 0.0000
11        M:io_writes
31        155 1.0000 1.3300 1.5556 0.0000
6         M:cpu3
31        155 0.0965 0.2074 0.6379 0.0000
6         M:cpu2
31        155 0.0899 0.2572 0.9414 0.0000
6         M:cpu1
31        155 0.0999 0.2573 0.8754 0.0000
6         M:cpu0
31        155 0.1764 0.2613 0.5270 0.0000
5         M:cpu
31        155 0.1157 0.2456 0.7663 0.0000
10        M:messages
37        155 113.5000 275.9050 209.2837 0.0000
8         M:ssh_in
31        155 2.0000 1.6100 1.2570 0.0000
9         M:smtp_in
31        155 2.0000 1.6100 1.2570 0.0000
13        M:cfengine_in
31        155 1.0000 0.9100 0.6557 0.0000
9         M:loadavg
31        155 0.0100 0.0112 0.0241 0.0000
10        M:diskfree
34        155 88.0000 70.6300 56.2834 0.0000
12        M:otherprocs
31        155 6.0000 5.5650 4.1719 0.0000
11        M:rootprocs
34        155 96.5000 77.6300 60.8923 0.0000
7         M:users
31        155 6.0000 4.8300 3.7709 0.0000
# send QUERY complete successful
