# delta from 1679661558 to 1679661619 at 1679661619
22        CFR: 0 1679661618 1855
3         PRD
60        Packing reports: delta,0.037450,0.199753,0.205795,1679661559
83        Sample(/proc/sys/kernel/random/entropy_avail),0.005088,0.002589,0.002492,1679661579
3         EXS
16        f,290,1679661529
3         MOM
15        M:entropy_avail
40        1303 3158.0000 2896.0400 730.5715 0.0000
12        M:mem_cached
40        1303 1632.7578 1485.5898 490.5602 0.0000
10        M:mem_free
38        1303 8996.9414 8996.9414 0.0000 0.0000
11        M:mem_total
40        1303 10413.1535 10413.1535 0.0000 0.0000
16        M:io_writtendata
32        1303 0.1660 0.1312 0.1025 0.0000
11        M:io_writes
32        1303 6.0000 4.6200 3.9563 0.0000
6         M:cpu3
32        1303 1.2650 0.9414 0.9106 0.0000
6         M:cpu2
32        1303 3.2153 2.2856 2.5938 0.0000
6         M:cpu1
32        1303 1.0123 0.7268 0.7973 0.0000
6         M:cpu0
32        1303 1.8115 1.3352 1.3365 0.0000
5         M:cpu
32        1303 1.8212 1.3193 1.4033 0.0000
10        M:messages
40        1303 1337.0000 1046.5700 845.2073 0.0000
8         M:ssh_in
32        1303 2.0000 1.8200 0.6000 0.0000
9         M:smtp_in
32        1303 3.0000 2.5200 1.6223 0.0000
14        M:cfengine_out
32        1303 1.0000 0.7000 0.8367 0.0000
13        M:cfengine_in
32        1303 1.0000 0.9100 0.3000 0.0000
9         M:loadavg
32        1303 0.0200 0.0182 0.0060 0.0000
10        M:diskfree
35        1303 86.0000 78.2600 25.8000 0.0000
12        M:otherprocs
34        1303 13.0000 10.3600 7.8593 0.0000
11        M:rootprocs
35        1303 97.0000 88.0600 29.8000 0.0000
7         M:users
32        1303 6.0000 5.4600 1.8000 0.0000
3         MOY
15        M:entropy_avail
40        155 3143.0000 2200.1000 2133.3412 0.0000
12        M:mem_cached
39        155 1072.1270 750.4889 1546.6490 0.0000
16        M:io_writtendata
31        155 0.0361 0.0253 0.0323 0.0000
11        M:io_writes
31        155 1.0000 0.7000 1.1832 0.0000
6         M:cpu3
31        155 0.1065 0.0746 0.0996 0.0000
6         M:cpu2
31        155 0.0732 0.0513 0.0673 0.0000
6         M:cpu1
31        155 0.1165 0.0816 0.1084 0.0000
6         M:cpu0
31        155 0.2164 0.1515 0.1858 0.0000
5         M:cpu
31        155 0.1298 0.0909 0.1118 0.0000
10        M:messages
37        155 227.0000 158.9000 189.9218 0.0000
8         M:ssh_in
31        155 2.5000 1.7500 2.1331 0.0000
9         M:smtp_in
31        155 2.0000 1.4000 1.6733 0.0000
13        M:cfengine_in
31        155 1.0000 0.7000 0.8367 0.0000
9         M:loadavg
31        155 0.0150 0.0105 0.0132 0.0000
10        M:diskfree
34        155 88.0000 61.6000 73.6451 0.0000
12        M:otherprocs
31        155 7.0000 4.9000 5.9161 0.0000
11        M:rootprocs
34        155 97.0000 67.9000 81.1560 0.0000
7         M:users
31        155 6.5000 4.5500 5.4544 0.0000
# send QUERY complete successful
