# delta from 1679680578 to 1679680639 at 1679680639
22        CFR: 0 1679680638 1729
3         PRD
60        Packing reports: delta,0.033180,0.110091,0.109603,1679680579
3         EXS
16        f,296,1679680426
3         MOM
15        M:entropy_avail
41        1367 3066.0000 2146.2000 2565.1996 0.0000
12        M:mem_cached
41        1367 1687.6641 1181.3648 1412.0011 0.0000
10        M:mem_free
39        1367 12784.3477 8949.0434 0.0000 0.0000
11        M:mem_total
40        1367 14875.9336 10413.1535 0.0000 0.0000
16        M:io_writtendata
32        1367 0.1104 0.0772 0.0923 0.0000
11        M:io_writes
32        1367 6.0000 4.2000 5.0200 0.0000
6         M:cpu3
32        1367 2.1105 1.4774 1.7658 0.0000
6         M:cpu2
32        1367 1.5312 1.0718 1.2811 0.0000
6         M:cpu1
32        1367 1.5050 1.0535 1.2591 0.0000
6         M:cpu0
32        1367 1.0790 0.7553 0.9028 0.0000
5         M:cpu
32        1367 1.5582 1.0907 1.3036 0.0000
10        M:messages
41        1367 1569.0000 1098.3000 1312.7196 0.0000
8         M:ssh_in
32        1367 2.0000 1.4000 1.6733 0.0000
9         M:smtp_in
32        1367 2.0000 1.4000 1.6733 0.0000
13        M:cfengine_in
32        1367 1.0000 0.7000 0.8367 0.0000
9         M:loadavg
32        1367 0.0400 0.0280 0.0335 0.0000
10        M:diskfree
35        1367 86.0000 60.2000 71.9528 0.0000
12        M:otherprocs
34        1367 13.0000 9.1000 10.8766 0.0000
11        M:rootprocs
35        1367 97.0000 67.9000 81.1560 0.0000
7         M:users
32        1367 6.0000 4.2000 5.0200 0.0000
3         MOY
15        M:entropy_avail
40        155 3071.5000 2467.2550 4839.3563 0.0000
12        M:mem_cached
38        155 1098.6758 945.6121 469.4713 0.0000
16        M:io_writtendata
31        155 0.0303 0.0327 0.0303 0.0000
11        M:io_writes
31        155 1.0000 1.3300 1.5556 0.0000
6         M:cpu3
31        155 0.0965 0.2074 0.6379 0.0000
6         M:cpu2
31        155 0.0899 0.2572 0.9414 0.0000
6         M:cpu1
31        155 0.0999 0.2573 0.8754 0.0000
6         M:cpu0
31        155 0.1764 0.2613 0.5270 0.0000
5         M:cpu
31        155 0.1157 0.2456 0.7663 0.0000
10        M:messages
37        155 113.5000 275.9050 209.2837 0.0000
8         M:ssh_in
31        155 2.0000 1.6100 1.2570 0.0000
9         M:smtp_in
31        155 2.0000 1.6100 1.2570 0.0000
13        M:cfengine_in
31        155 1.0000 0.9100 0.6557 0.0000
9         M:loadavg
31        155 0.0100 0.0112 0.0241 0.0000
10        M:diskfree
34        155 88.0000 70.6300 56.2834 0.0000
12        M:otherprocs
31        155 6.0000 5.5650 4.1719 0.0000
11        M:rootprocs
34        155 96.5000 77.6300 60.8923 0.0000
7         M:users
31        155 6.0000 4.8300 3.7709 0.0000
# send QUERY complete successful
