# delta from 1679708959 to 1679709019 at 1679709019
22        CFR: 0 1679709018 1722
3         PRD
60        Packing reports: delta,0.038566,0.148734,0.154362,1679708960
3         EXS
16        f,335,1679708938
3         MOM
15        M:entropy_avail
41        1461 3140.0000 2835.5600 1014.8000 0.0000
12        M:mem_cached
40        1461 1780.6719 1620.4081 534.2125 0.0000
10        M:mem_free
40        1461 12693.5234 11551.0046 0.0000 0.0000
11        M:mem_total
40        1461 14875.9336 13537.0996 0.0000 0.0000
16        M:io_writtendata
32        1461 0.0371 0.0358 0.0043 0.0000
11        M:io_writes
32        1461 2.0000 1.8200 0.6000 0.0000
6         M:cpu3
32        1461 0.0865 0.0857 0.0027 0.0000
6         M:cpu2
32        1461 0.1731 0.1631 0.0333 0.0000
6         M:cpu1
32        1461 0.0732 0.0722 0.0033 0.0000
6         M:cpu0
32        1461 0.2796 0.2321 0.1545 0.0000
5         M:cpu
32        1461 0.1515 0.1378 0.0454 0.0000
10        M:messages
36        1461 0.0000 110.8800 392.6418 0.0000
8         M:ssh_in
32        1461 2.0000 1.8200 0.6000 0.0000
9         M:smtp_in
32        1461 2.0000 1.8200 0.6000 0.0000
13        M:cfengine_in
32        1461 1.0000 0.9100 0.3000 0.0000
9         M:loadavg
32        1461 0.0000 0.0105 0.0372 0.0000
10        M:diskfree
35        1461 85.0000 77.3500 25.5000 0.0000
12        M:otherprocs
32        1461 6.0000 5.4600 1.8000 0.0000
11        M:rootprocs
35        1461 96.0000 87.3600 28.8000 0.0000
7         M:users
32        1461 6.0000 5.4600 1.8000 0.0000
3         MOY
15        M:entropy_avail
40        155 3071.5000 2467.2550 4839.3563 0.0000
12        M:mem_cached
38        155 1098.6758 945.6121 469.4713 0.0000
16        M:io_writtendata
31        155 0.0303 0.0327 0.0303 0.0000
11        M:io_writes
31        155 1.0000 1.3300 1.5556 0.0000
6         M:cpu3
31        155 0.0965 0.2074 0.6379 0.0000
6         M:cpu2
31        155 0.0899 0.2572 0.9414 0.0000
6         M:cpu1
31        155 0.0999 0.2573 0.8754 0.0000
6         M:cpu0
31        155 0.1764 0.2613 0.5270 0.0000
5         M:cpu
31        155 0.1157 0.2456 0.7663 0.0000
10        M:messages
37        155 113.5000 275.9050 209.2837 0.0000
8         M:ssh_in
31        155 2.0000 1.6100 1.2570 0.0000
9         M:smtp_in
31        155 2.0000 1.6100 1.2570 0.0000
13        M:cfengine_in
31        155 1.0000 0.9100 0.6557 0.0000
9         M:loadavg
31        155 0.0100 0.0112 0.0241 0.0000
10        M:diskfree
34        155 88.0000 70.6300 56.2834 0.0000
12        M:otherprocs
31        155 6.0000 5.5650 4.1719 0.0000
11        M:rootprocs
34        155 96.5000 77.6300 60.8923 0.0000
7         M:users
31        155 6.0000 4.8300 3.7709 0.0000
# send QUERY complete successful
