# delta from 1679680158 to 1679680219 at 1679680219
22        CFR: 0 1679680218 2495
3         PRD
60        Packing reports: delta,0.032931,0.108444,0.112891,1679680159
83        Sample(/proc/sys/kernel/random/entropy_avail),0.004910,0.002411,0.002299,1679680212
3         EXS
16        f,306,1679680133
3         MOM
15        M:entropy_avail
41        1365 3156.0000 2849.2800 1022.4000 0.0000
41        1366 3059.0000 2141.3000 2559.3430 0.0000
12        M:mem_cached
40        1365 1685.8672 1534.1457 505.7383 0.0000
41        1366 1686.7695 1180.7387 1411.2526 0.0000
10        M:mem_free
40        1365 12795.1406 11641.6683 0.0000 0.0000
39        1366 12784.6719 8949.2703 0.0000 0.0000
11        M:mem_total
40        1365 14875.9336 13537.0996 0.0000 0.0000
40        1366 14875.9336 10413.1535 0.0000 0.0000
16        M:io_writtendata
32        1365 0.0410 0.0525 0.0383 0.0000
32        1366 0.1172 0.0820 0.0980 0.0000
11        M:io_writes
32        1365 2.0000 2.6600 2.2000 0.0000
32        1366 6.0000 4.2000 5.0200 0.0000
6         M:cpu3
32        1365 0.0599 0.3258 0.9661 0.0000
32        1366 1.8776 1.3143 1.5709 0.0000
6         M:cpu2
32        1365 0.0932 0.5377 1.6125 0.0000
32        1366 1.1851 0.8296 0.9915 0.0000
6         M:cpu1
32        1365 0.1864 0.4354 0.8299 0.0000
32        1366 1.5187 1.0631 1.2706 0.0000
6         M:cpu0
32        1365 0.2131 0.4066 0.6450 0.0000
32        1366 1.7452 1.2216 1.4601 0.0000
5         M:cpu
32        1365 0.1398 0.4275 1.0777 0.0000
32        1366 1.5783 1.1048 1.3205 0.0000
10        M:messages
36        1365 0.0000 278.0400 984.5790 0.0000
41        1366 1809.0000 1266.3000 1513.5180 0.0000
8         M:ssh_in
32        1365 2.0000 1.8200 0.6000 0.0000
32        1366 2.0000 1.4000 1.6733 0.0000
9         M:smtp_in
32        1365 2.0000 1.8200 0.6000 0.0000
32        1366 2.0000 1.4000 1.6733 0.0000
13        M:cfengine_in
32        1365 2.0000 1.6100 1.1803 0.0000
32        1366 1.0000 0.7000 0.8367 0.0000
9         M:loadavg
32        1365 0.0000 0.0063 0.0223 0.0000
32        1366 0.0200 0.0140 0.0167 0.0000
10        M:diskfree
35        1365 86.0000 78.2600 25.8000 0.0000
35        1366 86.0000 60.2000 71.9528 0.0000
12        M:otherprocs
32        1365 6.0000 6.9300 3.1000 0.0000
34        1366 13.0000 9.1000 10.8766 0.0000
11        M:rootprocs
35        1365 97.0000 88.2700 29.1000 0.0000
35        1366 97.0000 67.9000 81.1560 0.0000
7         M:users
32        1365 6.0000 5.4600 1.8000 0.0000
32        1366 6.0000 4.2000 5.0200 0.0000
3         MOY
15        M:entropy_avail
40        155 3071.5000 2467.2550 4839.3563 0.0000
12        M:mem_cached
38        155 1098.6758 945.6121 469.4713 0.0000
16        M:io_writtendata
31        155 0.0303 0.0327 0.0303 0.0000
11        M:io_writes
31        155 1.0000 1.3300 1.5556 0.0000
6         M:cpu3
31        155 0.0965 0.2074 0.6379 0.0000
6         M:cpu2
31        155 0.0899 0.2572 0.9414 0.0000
6         M:cpu1
31        155 0.0999 0.2573 0.8754 0.0000
6         M:cpu0
31        155 0.1764 0.2613 0.5270 0.0000
5         M:cpu
31        155 0.1157 0.2456 0.7663 0.0000
10        M:messages
37        155 113.5000 275.9050 209.2837 0.0000
8         M:ssh_in
31        155 2.0000 1.6100 1.2570 0.0000
9         M:smtp_in
31        155 2.0000 1.6100 1.2570 0.0000
13        M:cfengine_in
31        155 1.0000 0.9100 0.6557 0.0000
9         M:loadavg
31        155 0.0100 0.0112 0.0241 0.0000
10        M:diskfree
34        155 88.0000 70.6300 56.2834 0.0000
12        M:otherprocs
31        155 6.0000 5.5650 4.1719 0.0000
11        M:rootprocs
34        155 96.5000 77.6300 60.8923 0.0000
7         M:users
31        155 6.0000 4.8300 3.7709 0.0000
# send QUERY complete successful
