# delta from 1679674098 to 1679674159 at 1679674159
22        CFR: 0 1679674158 1684
3         PRD
60        Packing reports: delta,0.027098,0.073428,0.076666,1679674099
3         EXS
16        f,293,1679674089
3         MOM
15        M:entropy_avail
41        1345 3116.0000 2814.3500 1005.5000 0.0000
12        M:mem_cached
40        1345 1667.6797 1517.5951 500.2820 0.0000
10        M:mem_free
40        1345 12814.7891 11660.8592 0.0000 0.0000
11        M:mem_total
40        1345 14875.9336 13537.0996 0.0000 0.0000
16        M:io_writtendata
32        1345 0.0352 0.0476 0.0414 0.0000
11        M:io_writes
32        1345 2.0000 2.6600 2.2000 0.0000
6         M:cpu3
32        1345 0.1132 0.4497 1.2387 0.0000
6         M:cpu2
32        1345 0.0732 0.3784 1.1108 0.0000
6         M:cpu1
32        1345 0.1731 0.4596 1.0881 0.0000
6         M:cpu0
32        1345 0.1665 0.3725 0.6868 0.0000
5         M:cpu
32        1345 0.1315 0.4150 1.0594 0.0000
10        M:messages
38        1345 227.0000 339.0800 373.6000 0.0000
8         M:ssh_in
32        1345 2.0000 1.8200 0.6000 0.0000
9         M:smtp_in
32        1345 2.0000 1.8200 0.6000 0.0000
13        M:cfengine_in
32        1345 1.0000 0.9100 0.3000 0.0000
10        M:diskfree
35        1345 86.0000 78.2600 25.8000 0.0000
12        M:otherprocs
32        1345 6.0000 5.8800 0.4000 0.0000
11        M:rootprocs
35        1345 96.0000 87.7800 27.4000 0.0000
7         M:users
32        1345 6.0000 5.4600 1.8000 0.0000
3         MOY
15        M:entropy_avail
40        155 3080.5000 2156.3500 4850.7840 0.0000
12        M:mem_cached
39        155 1087.8438 761.4906 1568.4447 0.0000
16        M:io_writtendata
31        155 0.0293 0.0205 0.0252 0.0000
11        M:io_writes
31        155 1.0000 0.7000 1.1832 0.0000
6         M:cpu3
31        155 0.0766 0.0536 0.0669 0.0000
6         M:cpu2
31        155 0.0666 0.0466 0.0649 0.0000
6         M:cpu1
31        155 0.1332 0.0932 0.1272 0.0000
6         M:cpu0
31        155 0.1731 0.1212 0.1449 0.0000
5         M:cpu
31        155 0.1132 0.0792 0.0955 0.0000
10        M:messages
37        155 227.0000 158.9000 189.9218 0.0000
8         M:ssh_in
31        155 2.0000 1.4000 1.6733 0.0000
9         M:smtp_in
31        155 2.0000 1.4000 1.6733 0.0000
13        M:cfengine_in
31        155 1.0000 0.7000 0.8367 0.0000
9         M:loadavg
31        155 0.0100 0.0070 0.0118 0.0000
10        M:diskfree
34        155 88.0000 61.6000 73.6451 0.0000
12        M:otherprocs
31        155 6.0000 4.2000 5.0200 0.0000
11        M:rootprocs
34        155 97.0000 67.9000 81.1560 0.0000
7         M:users
31        155 6.0000 4.2000 5.0200 0.0000
# send QUERY complete successful
