# delta from 1679672238 to 1679672299 at 1679672299
22        CFR: 0 1679672298 1767
3         PRD
60        Packing reports: delta,0.025124,0.063120,0.062195,1679672239
83        Sample(/proc/sys/kernel/random/entropy_avail),0.005065,0.002565,0.002394,1679672247
3         EXS
16        f,335,1679672037
3         MOM
15        M:entropy_avail
41        1339 3147.0000 2202.9000 2632.9691 0.0000
12        M:mem_cached
41        1339 1662.3359 1163.6352 1390.8100 0.0000
10        M:mem_free
39        1339 12819.7656 8973.8359 0.0000 0.0000
11        M:mem_total
40        1339 14875.9336 10413.1535 0.0000 0.0000
16        M:io_writtendata
32        1339 0.0410 0.0287 0.0343 0.0000
11        M:io_writes
32        1339 2.0000 1.4000 1.6733 0.0000
6         M:cpu3
32        1339 0.0999 0.0699 0.0835 0.0000
6         M:cpu2
32        1339 0.0466 0.0326 0.0390 0.0000
6         M:cpu1
32        1339 0.1731 0.1212 0.1448 0.0000
6         M:cpu0
32        1339 0.1931 0.1352 0.1615 0.0000
5         M:cpu
32        1339 0.1281 0.0897 0.1072 0.0000
10        M:messages
38        1339 227.0000 158.9000 189.9218 0.0000
8         M:ssh_in
32        1339 2.0000 1.4000 1.6733 0.0000
9         M:smtp_in
32        1339 2.0000 1.4000 1.6733 0.0000
13        M:cfengine_in
32        1339 1.0000 0.7000 0.8367 0.0000
10        M:diskfree
35        1339 86.0000 60.2000 71.9528 0.0000
12        M:otherprocs
32        1339 6.0000 4.2000 5.0200 0.0000
11        M:rootprocs
35        1339 97.0000 67.9000 81.1560 0.0000
7         M:users
32        1339 6.0000 4.2000 5.0200 0.0000
3         MOY
15        M:entropy_avail
40        155 3080.5000 2156.3500 4850.7840 0.0000
12        M:mem_cached
39        155 1087.8438 761.4906 1568.4447 0.0000
16        M:io_writtendata
31        155 0.0293 0.0205 0.0252 0.0000
11        M:io_writes
31        155 1.0000 0.7000 1.1832 0.0000
6         M:cpu3
31        155 0.0766 0.0536 0.0669 0.0000
6         M:cpu2
31        155 0.0666 0.0466 0.0649 0.0000
6         M:cpu1
31        155 0.1332 0.0932 0.1272 0.0000
6         M:cpu0
31        155 0.1731 0.1212 0.1449 0.0000
5         M:cpu
31        155 0.1132 0.0792 0.0955 0.0000
10        M:messages
37        155 227.0000 158.9000 189.9218 0.0000
8         M:ssh_in
31        155 2.0000 1.4000 1.6733 0.0000
9         M:smtp_in
31        155 2.0000 1.4000 1.6733 0.0000
13        M:cfengine_in
31        155 1.0000 0.7000 0.8367 0.0000
9         M:loadavg
31        155 0.0100 0.0070 0.0118 0.0000
10        M:diskfree
34        155 88.0000 61.6000 73.6451 0.0000
12        M:otherprocs
31        155 6.0000 4.2000 5.0200 0.0000
11        M:rootprocs
34        155 97.0000 67.9000 81.1560 0.0000
7         M:users
31        155 6.0000 4.2000 5.0200 0.0000
# send QUERY complete successful
