# delta from 1679662158 to 1679662219 at 1679662219
22        CFR: 0 1679662218 1812
3         PRD
60        Packing reports: delta,0.032002,0.207875,0.213292,1679662159
83        Sample(/proc/sys/kernel/random/entropy_avail),0.005053,0.002553,0.002345,1679662180
3         EXS
16        f,292,1679662115
3         MOM
15        M:entropy_avail
40        1305 3135.0000 2874.6900 725.9699 0.0000
12        M:mem_cached
40        1305 1634.5859 1487.2788 491.0238 0.0000
10        M:mem_free
40        1305 12841.5469 11687.8166 0.0000 0.0000
11        M:mem_total
40        1305 14875.9336 13537.0996 0.0000 0.0000
16        M:io_writtendata
32        1305 0.1680 0.1317 0.1057 0.0000
11        M:io_writes
32        1305 6.0000 4.6200 3.9563 0.0000
6         M:cpu3
32        1305 1.2252 0.9024 0.9056 0.0000
6         M:cpu2
32        1305 1.9571 1.3979 1.5607 0.0000
6         M:cpu1
32        1305 1.2123 0.9003 0.8773 0.0000
6         M:cpu0
32        1305 2.3773 1.7075 1.8705 0.0000
5         M:cpu
32        1305 1.6963 1.2293 1.3055 0.0000
10        M:messages
41        1305 1827.0000 1326.5700 1399.5040 0.0000
8         M:ssh_in
32        1305 2.0000 1.8200 0.6000 0.0000
9         M:smtp_in
32        1305 2.0000 1.8200 0.6000 0.0000
13        M:cfengine_in
32        1305 1.0000 0.9100 0.3000 0.0000
9         M:loadavg
32        1305 0.0300 0.0210 0.0251 0.0000
10        M:diskfree
35        1305 86.0000 78.2600 25.8000 0.0000
12        M:otherprocs
34        1305 13.0000 10.3600 7.8593 0.0000
11        M:rootprocs
35        1305 96.0000 87.3600 28.8000 0.0000
7         M:users
32        1305 6.0000 5.4600 1.8000 0.0000
3         MOY
15        M:entropy_avail
40        155 3143.0000 2200.1000 2133.3412 0.0000
12        M:mem_cached
39        155 1072.1270 750.4889 1546.6490 0.0000
16        M:io_writtendata
31        155 0.0361 0.0253 0.0323 0.0000
11        M:io_writes
31        155 1.0000 0.7000 1.1832 0.0000
6         M:cpu3
31        155 0.1065 0.0746 0.0996 0.0000
6         M:cpu2
31        155 0.0732 0.0513 0.0673 0.0000
6         M:cpu1
31        155 0.1165 0.0816 0.1084 0.0000
6         M:cpu0
31        155 0.2164 0.1515 0.1858 0.0000
5         M:cpu
31        155 0.1298 0.0909 0.1118 0.0000
10        M:messages
37        155 227.0000 158.9000 189.9218 0.0000
8         M:ssh_in
31        155 2.5000 1.7500 2.1331 0.0000
9         M:smtp_in
31        155 2.0000 1.4000 1.6733 0.0000
13        M:cfengine_in
31        155 1.0000 0.7000 0.8367 0.0000
9         M:loadavg
31        155 0.0150 0.0105 0.0132 0.0000
10        M:diskfree
34        155 88.0000 61.6000 73.6451 0.0000
12        M:otherprocs
31        155 7.0000 4.9000 5.9161 0.0000
11        M:rootprocs
34        155 97.0000 67.9000 81.1560 0.0000
7         M:users
31        155 6.5000 4.5500 5.4544 0.0000
# send QUERY complete successful
