# delta from 1679741479 to 1679741539 at 1679741539
22        CFR: 0 1679741538 1807
3         PRD
60        Packing reports: delta,0.034291,0.117590,0.116934,1679741480
83        Sample(/proc/sys/kernel/random/entropy_avail),0.005061,0.002561,0.002526,1679741524
3         EXS
16        f,294,1679741320
3         MOM
15        M:entropy_avail
41        1570 3085.0000 2159.5000 2581.0962 0.0000
12        M:mem_cached
41        1570 1887.9844 1321.5891 1579.6011 0.0000
10        M:mem_free
39        1570 12578.5742 8805.0020 0.0000 0.0000
11        M:mem_total
40        1570 14875.9336 10413.1535 0.0000 0.0000
16        M:io_writtendata
32        1570 0.0352 0.0246 0.0294 0.0000
11        M:io_writes
32        1570 2.0000 1.4000 1.6733 0.0000
6         M:cpu3
32        1570 0.1065 0.0746 0.0891 0.0000
6         M:cpu2
32        1570 0.1531 0.1072 0.1281 0.0000
6         M:cpu1
32        1570 0.0399 0.0280 0.0334 0.0000
6         M:cpu0
32        1570 0.1864 0.1305 0.1560 0.0000
5         M:cpu
32        1570 0.1232 0.0862 0.1030 0.0000
10        M:messages
38        1570 228.0000 159.6000 190.7585 0.0000
8         M:ssh_in
32        1570 2.0000 1.4000 1.6733 0.0000
9         M:smtp_in
32        1570 2.0000 1.4000 1.6733 0.0000
13        M:cfengine_in
32        1570 1.0000 0.7000 0.8367 0.0000
9         M:loadavg
32        1570 0.0100 0.0070 0.0084 0.0000
10        M:diskfree
35        1570 85.0000 59.5000 71.1161 0.0000
12        M:otherprocs
32        1570 6.0000 4.2000 5.0200 0.0000
11        M:rootprocs
35        1570 96.0000 67.2000 80.3194 0.0000
7         M:users
32        1570 6.0000 4.2000 5.0200 0.0000
3         MOY
15        M:entropy_avail
40        155 3071.5000 2467.2550 4839.3563 0.0000
12        M:mem_cached
38        155 1098.6758 945.6121 469.4713 0.0000
16        M:io_writtendata
31        155 0.0303 0.0327 0.0303 0.0000
11        M:io_writes
31        155 1.0000 1.3300 1.5556 0.0000
6         M:cpu3
31        155 0.0965 0.2074 0.6379 0.0000
6         M:cpu2
31        155 0.0899 0.2572 0.9414 0.0000
6         M:cpu1
31        155 0.0999 0.2573 0.8754 0.0000
6         M:cpu0
31        155 0.1764 0.2613 0.5270 0.0000
5         M:cpu
31        155 0.1157 0.2456 0.7663 0.0000
10        M:messages
37        155 113.5000 275.9050 209.2837 0.0000
8         M:ssh_in
31        155 2.0000 1.6100 1.2570 0.0000
9         M:smtp_in
31        155 2.0000 1.6100 1.2570 0.0000
13        M:cfengine_in
31        155 1.0000 0.9100 0.6557 0.0000
9         M:loadavg
31        155 0.0100 0.0112 0.0241 0.0000
10        M:diskfree
34        155 88.0000 70.6300 56.2834 0.0000
12        M:otherprocs
31        155 6.0000 5.5650 4.1719 0.0000
11        M:rootprocs
34        155 96.5000 77.6300 60.8923 0.0000
7         M:users
31        155 6.0000 4.8300 3.7709 0.0000
# send QUERY complete successful
