# delta from 1679686218 to 1679686280 at 1679686280
22        CFR: 0 1679686279 1810
3         PRD
60        Packing reports: delta,0.030240,0.131025,0.132209,1679686219
83        Sample(/proc/sys/kernel/random/entropy_avail),0.005033,0.002533,0.002713,1679686222
3         EXS
16        f,294,1679686116
3         MOM
15        M:entropy_avail
41        1386 3014.0000 2109.8000 2521.6933 0.0000
12        M:mem_cached
41        1386 1712.7500 1198.9250 1432.9895 0.0000
10        M:mem_free
39        1386 12766.6992 8936.6895 0.0000 0.0000
11        M:mem_total
40        1386 14875.9336 10413.1535 0.0000 0.0000
16        M:io_writtendata
32        1386 0.1094 0.0766 0.0915 0.0000
11        M:io_writes
32        1386 4.0000 2.8000 3.3466 0.0000
6         M:cpu3
32        1386 1.6913 1.1839 1.4150 0.0000
6         M:cpu2
32        1386 1.8638 1.3047 1.5594 0.0000
6         M:cpu1
32        1386 1.0790 0.7553 0.9028 0.0000
6         M:cpu0
32        1386 1.6648 1.1653 1.3929 0.0000
5         M:cpu
32        1386 1.5748 1.1023 1.3176 0.0000
10        M:messages
41        1386 1565.0000 1095.5000 1309.3729 0.0000
8         M:ssh_in
32        1386 2.0000 1.4000 1.6733 0.0000
9         M:smtp_in
32        1386 2.0000 1.4000 1.6733 0.0000
13        M:cfengine_in
32        1386 1.0000 0.7000 0.8367 0.0000
9         M:loadavg
32        1386 0.0300 0.0210 0.0251 0.0000
10        M:diskfree
35        1386 86.0000 60.2000 71.9528 0.0000
12        M:otherprocs
32        1386 6.0000 4.2000 5.0200 0.0000
11        M:rootprocs
35        1386 97.0000 67.9000 81.1560 0.0000
7         M:users
32        1386 6.0000 4.2000 5.0200 0.0000
3         MOY
15        M:entropy_avail
40        155 3071.5000 2467.2550 4839.3563 0.0000
12        M:mem_cached
38        155 1098.6758 945.6121 469.4713 0.0000
16        M:io_writtendata
31        155 0.0303 0.0327 0.0303 0.0000
11        M:io_writes
31        155 1.0000 1.3300 1.5556 0.0000
6         M:cpu3
31        155 0.0965 0.2074 0.6379 0.0000
6         M:cpu2
31        155 0.0899 0.2572 0.9414 0.0000
6         M:cpu1
31        155 0.0999 0.2573 0.8754 0.0000
6         M:cpu0
31        155 0.1764 0.2613 0.5270 0.0000
5         M:cpu
31        155 0.1157 0.2456 0.7663 0.0000
10        M:messages
37        155 113.5000 275.9050 209.2837 0.0000
8         M:ssh_in
31        155 2.0000 1.6100 1.2570 0.0000
9         M:smtp_in
31        155 2.0000 1.6100 1.2570 0.0000
13        M:cfengine_in
31        155 1.0000 0.9100 0.6557 0.0000
9         M:loadavg
31        155 0.0100 0.0112 0.0241 0.0000
10        M:diskfree
34        155 88.0000 70.6300 56.2834 0.0000
12        M:otherprocs
31        155 6.0000 5.5650 4.1719 0.0000
11        M:rootprocs
34        155 96.5000 77.6300 60.8923 0.0000
7         M:users
31        155 6.0000 4.8300 3.7709 0.0000
# send QUERY complete successful
