# delta from 1679743158 to 1679743219 at 1679743219
22        CFR: 0 1679743218 1858
3         PRD
60        Packing reports: delta,0.035270,0.124400,0.128387,1679743159
83        Sample(/proc/sys/kernel/random/entropy_avail),0.004889,0.002390,0.002254,1679743177
3         EXS
16        f,335,1679743140
3         MOM
15        M:entropy_avail
41        1575 3254.0000 2926.0700 1093.1000 0.0000
12        M:mem_cached
40        1575 1893.3320 1722.7394 568.6422 0.0000
10        M:mem_free
40        1575 12564.7383 11427.5380 0.0000 0.0000
11        M:mem_total
40        1575 14875.9336 13537.0996 0.0000 0.0000
16        M:io_writtendata
32        1575 0.1250 0.0945 0.0865 0.0000
11        M:io_writes
32        1575 8.0000 6.0200 5.5975 0.0000
6         M:cpu3
32        1575 1.5910 1.1389 1.2622 0.0000
6         M:cpu2
32        1575 1.2581 0.9156 0.9582 0.0000
6         M:cpu1
32        1575 2.2243 1.5892 1.7727 0.0000
6         M:cpu0
32        1575 1.3454 1.0173 0.9298 0.0000
5         M:cpu
32        1575 1.6063 1.1656 1.2322 0.0000
10        M:messages
39        1575 1338.0000 984.4800 991.4410 0.0000
8         M:ssh_in
34        1575 29.0000 26.6000 8.0000 0.0000
9         M:smtp_in
32        1575 3.0000 2.5200 1.6223 0.0000
14        M:cfengine_out
32        1575 1.0000 0.7000 0.8367 0.0000
13        M:cfengine_in
32        1575 2.0000 1.8200 0.6000 0.0000
9         M:loadavg
32        1575 0.0400 0.0280 0.0335 0.0000
10        M:diskfree
35        1575 85.0000 77.3500 25.5000 0.0000
12        M:otherprocs
34        1575 13.0000 10.9900 6.9594 0.0000
11        M:rootprocs
35        1575 98.0000 94.8500 10.5000 0.0000
7         M:users
32        1575 6.0000 5.6700 1.1000 0.0000
3         MOY
15        M:entropy_avail
40        155 3071.5000 2467.2550 4839.3563 0.0000
12        M:mem_cached
38        155 1098.6758 945.6121 469.4713 0.0000
16        M:io_writtendata
31        155 0.0303 0.0327 0.0303 0.0000
11        M:io_writes
31        155 1.0000 1.3300 1.5556 0.0000
6         M:cpu3
31        155 0.0965 0.2074 0.6379 0.0000
6         M:cpu2
31        155 0.0899 0.2572 0.9414 0.0000
6         M:cpu1
31        155 0.0999 0.2573 0.8754 0.0000
6         M:cpu0
31        155 0.1764 0.2613 0.5270 0.0000
5         M:cpu
31        155 0.1157 0.2456 0.7663 0.0000
10        M:messages
37        155 113.5000 275.9050 209.2837 0.0000
8         M:ssh_in
31        155 2.0000 1.6100 1.2570 0.0000
9         M:smtp_in
31        155 2.0000 1.6100 1.2570 0.0000
13        M:cfengine_in
31        155 1.0000 0.9100 0.6557 0.0000
9         M:loadavg
31        155 0.0100 0.0112 0.0241 0.0000
10        M:diskfree
34        155 88.0000 70.6300 56.2834 0.0000
12        M:otherprocs
31        155 6.0000 5.5650 4.1719 0.0000
11        M:rootprocs
34        155 96.5000 77.6300 60.8923 0.0000
7         M:users
31        155 6.0000 4.8300 3.7709 0.0000
# send QUERY complete successful
