# delta from 1679724259 to 1679724319 at 1679724319
22        CFR: 0 1679724318 1724
3         PRD
60        Packing reports: delta,0.036136,0.130584,0.132123,1679724260
3         EXS
16        f,293,1679724190
3         MOM
15        M:entropy_avail
41        1512 3195.0000 2874.6900 1067.7000 0.0000
12        M:mem_cached
40        1512 1836.3320 1670.8718 551.5340 0.0000
10        M:mem_free
38        1512 8844.9648 8844.9648 0.0000 0.0000
11        M:mem_total
40        1512 10413.1535 10413.1535 0.0000 0.0000
16        M:io_writtendata
32        1512 0.1035 0.0811 0.0653 0.0000
11        M:io_writes
32        1512 6.0000 4.6200 3.9563 0.0000
6         M:cpu3
32        1512 2.1972 1.5688 1.7538 0.0000
6         M:cpu2
32        1512 1.9438 1.3914 1.5420 0.0000
6         M:cpu1
32        1512 0.8594 0.6365 0.6262 0.0000
6         M:cpu0
32        1512 1.3119 0.9729 0.9530 0.0000
5         M:cpu
32        1512 1.5749 1.1409 1.2134 0.0000
10        M:messages
38        1512 860.0000 697.7600 498.3892 0.0000
8         M:ssh_in
32        1512 2.0000 2.0300 0.1000 0.0000
9         M:smtp_in
32        1512 3.0000 2.5200 1.6223 0.0000
13        M:cfengine_in
32        1512 1.0000 0.9100 0.3000 0.0000
9         M:loadavg
32        1512 0.0300 0.0210 0.0251 0.0000
10        M:diskfree
35        1512 85.0000 77.3500 25.5000 0.0000
12        M:otherprocs
34        1512 13.0000 10.3600 7.8593 0.0000
11        M:rootprocs
35        1512 96.0000 87.3600 28.8000 0.0000
7         M:users
32        1512 6.0000 5.4600 1.8000 0.0000
3         MOY
15        M:entropy_avail
40        155 3071.5000 2467.2550 4839.3563 0.0000
12        M:mem_cached
38        155 1098.6758 945.6121 469.4713 0.0000
16        M:io_writtendata
31        155 0.0303 0.0327 0.0303 0.0000
11        M:io_writes
31        155 1.0000 1.3300 1.5556 0.0000
6         M:cpu3
31        155 0.0965 0.2074 0.6379 0.0000
6         M:cpu2
31        155 0.0899 0.2572 0.9414 0.0000
6         M:cpu1
31        155 0.0999 0.2573 0.8754 0.0000
6         M:cpu0
31        155 0.1764 0.2613 0.5270 0.0000
5         M:cpu
31        155 0.1157 0.2456 0.7663 0.0000
10        M:messages
37        155 113.5000 275.9050 209.2837 0.0000
8         M:ssh_in
31        155 2.0000 1.6100 1.2570 0.0000
9         M:smtp_in
31        155 2.0000 1.6100 1.2570 0.0000
13        M:cfengine_in
31        155 1.0000 0.9100 0.6557 0.0000
9         M:loadavg
31        155 0.0100 0.0112 0.0241 0.0000
10        M:diskfree
34        155 88.0000 70.6300 56.2834 0.0000
12        M:otherprocs
31        155 6.0000 5.5650 4.1719 0.0000
11        M:rootprocs
34        155 96.5000 77.6300 60.8923 0.0000
7         M:users
31        155 6.0000 4.8300 3.7709 0.0000
# send QUERY complete successful
