# delta from 1679686518 to 1679686579 at 1679686579
22        CFR: 0 1679686578 1810
3         PRD
60        Packing reports: delta,0.036395,0.132459,0.133718,1679686519
83        Sample(/proc/sys/kernel/random/entropy_avail),0.005657,0.003200,0.002774,1679686523
3         EXS
16        f,294,1679686410
3         MOM
15        M:entropy_avail
41        1387 3021.0000 2114.7000 2527.5499 0.0000
12        M:mem_cached
41        1387 1713.6406 1199.5484 1433.7346 0.0000
10        M:mem_free
39        1387 12765.7188 8936.0031 0.0000 0.0000
11        M:mem_total
40        1387 14875.9336 10413.1535 0.0000 0.0000
16        M:io_writtendata
32        1387 0.1240 0.0868 0.1038 0.0000
11        M:io_writes
32        1387 8.0000 5.6000 6.6933 0.0000
6         M:cpu3
32        1387 1.5847 1.1093 1.3258 0.0000
6         M:cpu2
32        1387 1.9439 1.3608 1.6264 0.0000
6         M:cpu1
32        1387 0.9927 0.6949 0.8305 0.0000
6         M:cpu0
32        1387 1.9520 1.3664 1.6332 0.0000
5         M:cpu
32        1387 1.6217 1.1352 1.3568 0.0000
10        M:messages
41        1387 2295.0000 1606.5000 1920.1348 0.0000
8         M:ssh_in
32        1387 2.0000 1.4000 1.6733 0.0000
9         M:smtp_in
32        1387 2.0000 1.4000 1.6733 0.0000
13        M:cfengine_in
32        1387 1.0000 0.7000 0.8367 0.0000
9         M:loadavg
32        1387 0.0300 0.0210 0.0251 0.0000
10        M:diskfree
35        1387 86.0000 60.2000 71.9528 0.0000
12        M:otherprocs
32        1387 6.0000 4.2000 5.0200 0.0000
11        M:rootprocs
35        1387 96.0000 67.2000 80.3194 0.0000
7         M:users
32        1387 6.0000 4.2000 5.0200 0.0000
3         MOY
15        M:entropy_avail
40        155 3071.5000 2467.2550 4839.3563 0.0000
12        M:mem_cached
38        155 1098.6758 945.6121 469.4713 0.0000
16        M:io_writtendata
31        155 0.0303 0.0327 0.0303 0.0000
11        M:io_writes
31        155 1.0000 1.3300 1.5556 0.0000
6         M:cpu3
31        155 0.0965 0.2074 0.6379 0.0000
6         M:cpu2
31        155 0.0899 0.2572 0.9414 0.0000
6         M:cpu1
31        155 0.0999 0.2573 0.8754 0.0000
6         M:cpu0
31        155 0.1764 0.2613 0.5270 0.0000
5         M:cpu
31        155 0.1157 0.2456 0.7663 0.0000
10        M:messages
37        155 113.5000 275.9050 209.2837 0.0000
8         M:ssh_in
31        155 2.0000 1.6100 1.2570 0.0000
9         M:smtp_in
31        155 2.0000 1.6100 1.2570 0.0000
13        M:cfengine_in
31        155 1.0000 0.9100 0.6557 0.0000
9         M:loadavg
31        155 0.0100 0.0112 0.0241 0.0000
10        M:diskfree
34        155 88.0000 70.6300 56.2834 0.0000
12        M:otherprocs
31        155 6.0000 5.5650 4.1719 0.0000
11        M:rootprocs
34        155 96.5000 77.6300 60.8923 0.0000
7         M:users
31        155 6.0000 4.8300 3.7709 0.0000
# send QUERY complete successful
