# delta from 1679692278 to 1679692339 at 1679692339
22        CFR: 0 1679692338 1726
3         PRD
60        Packing reports: delta,0.026268,0.069000,0.065979,1679692279
3         EXS
16        f,293,1679692100
3         MOM
15        M:entropy_avail
41        1406 3018.0000 2112.6000 2525.0400 0.0000
12        M:mem_cached
41        1406 1731.0977 1211.7684 1448.3402 0.0000
10        M:mem_free
39        1406 12747.1016 8922.9711 0.0000 0.0000
11        M:mem_total
40        1406 14875.9336 10413.1535 0.0000 0.0000
16        M:io_writtendata
32        1406 0.1172 0.0820 0.0980 0.0000
11        M:io_writes
32        1406 6.0000 4.2000 5.0200 0.0000
6         M:cpu3
32        1406 1.9708 1.3796 1.6489 0.0000
6         M:cpu2
32        1406 0.9853 0.6897 0.8244 0.0000
6         M:cpu1
32        1406 2.0313 1.4219 1.6995 0.0000
6         M:cpu0
32        1406 1.3320 0.9324 1.1144 0.0000
5         M:cpu
32        1406 1.5799 1.1059 1.3218 0.0000
10        M:messages
40        1406 1386.0000 970.2000 1159.6108 0.0000
8         M:ssh_in
32        1406 2.0000 1.4000 1.6733 0.0000
9         M:smtp_in
32        1406 2.0000 1.4000 1.6733 0.0000
13        M:cfengine_in
32        1406 1.0000 0.7000 0.8367 0.0000
9         M:loadavg
32        1406 0.0100 0.0070 0.0084 0.0000
10        M:diskfree
35        1406 86.0000 60.2000 71.9528 0.0000
12        M:otherprocs
32        1406 6.0000 4.2000 5.0200 0.0000
11        M:rootprocs
35        1406 97.0000 67.9000 81.1560 0.0000
7         M:users
32        1406 6.0000 4.2000 5.0200 0.0000
3         MOY
15        M:entropy_avail
40        155 3071.5000 2467.2550 4839.3563 0.0000
12        M:mem_cached
38        155 1098.6758 945.6121 469.4713 0.0000
16        M:io_writtendata
31        155 0.0303 0.0327 0.0303 0.0000
11        M:io_writes
31        155 1.0000 1.3300 1.5556 0.0000
6         M:cpu3
31        155 0.0965 0.2074 0.6379 0.0000
6         M:cpu2
31        155 0.0899 0.2572 0.9414 0.0000
6         M:cpu1
31        155 0.0999 0.2573 0.8754 0.0000
6         M:cpu0
31        155 0.1764 0.2613 0.5270 0.0000
5         M:cpu
31        155 0.1157 0.2456 0.7663 0.0000
10        M:messages
37        155 113.5000 275.9050 209.2837 0.0000
8         M:ssh_in
31        155 2.0000 1.6100 1.2570 0.0000
9         M:smtp_in
31        155 2.0000 1.6100 1.2570 0.0000
13        M:cfengine_in
31        155 1.0000 0.9100 0.6557 0.0000
9         M:loadavg
31        155 0.0100 0.0112 0.0241 0.0000
10        M:diskfree
34        155 88.0000 70.6300 56.2834 0.0000
12        M:otherprocs
31        155 6.0000 5.5650 4.1719 0.0000
11        M:rootprocs
34        155 96.5000 77.6300 60.8923 0.0000
7         M:users
31        155 6.0000 4.8300 3.7709 0.0000
# send QUERY complete successful
