# delta from 1679686818 to 1679686879 at 1679686879
22        CFR: 0 1679686878 1810
3         PRD
60        Packing reports: delta,0.030888,0.136407,0.136673,1679686819
83        Sample(/proc/sys/kernel/random/entropy_avail),0.005265,0.002772,0.002478,1679686823
3         EXS
16        f,293,1679686703
3         MOM
15        M:entropy_avail
41        1388 3015.0000 2110.5000 2522.5300 0.0000
12        M:mem_cached
41        1388 1714.5781 1200.2047 1434.5190 0.0000
10        M:mem_free
39        1388 12764.7500 8935.3250 0.0000 0.0000
11        M:mem_total
40        1388 14875.9336 10413.1535 0.0000 0.0000
16        M:io_writtendata
32        1388 0.1270 0.0889 0.1062 0.0000
11        M:io_writes
32        1388 8.0000 5.6000 6.6933 0.0000
6         M:cpu3
32        1388 1.3382 0.9368 1.1196 0.0000
6         M:cpu2
32        1388 2.2574 1.5802 1.8887 0.0000
6         M:cpu1
32        1388 1.0658 0.7461 0.8917 0.0000
6         M:cpu0
32        1388 1.8451 1.2915 1.5437 0.0000
5         M:cpu
32        1388 1.6266 1.1386 1.3609 0.0000
10        M:messages
41        1388 2055.0000 1438.5000 1719.3364 0.0000
8         M:ssh_in
32        1388 2.0000 1.4000 1.6733 0.0000
9         M:smtp_in
32        1388 2.0000 1.4000 1.6733 0.0000
13        M:cfengine_in
32        1388 1.0000 0.7000 0.8367 0.0000
9         M:loadavg
32        1388 0.0200 0.0140 0.0167 0.0000
10        M:diskfree
35        1388 86.0000 60.2000 71.9528 0.0000
12        M:otherprocs
32        1388 6.0000 4.2000 5.0200 0.0000
11        M:rootprocs
35        1388 98.0000 68.6000 81.9927 0.0000
7         M:users
32        1388 6.0000 4.2000 5.0200 0.0000
3         MOY
15        M:entropy_avail
40        155 3071.5000 2467.2550 4839.3563 0.0000
12        M:mem_cached
38        155 1098.6758 945.6121 469.4713 0.0000
16        M:io_writtendata
31        155 0.0303 0.0327 0.0303 0.0000
11        M:io_writes
31        155 1.0000 1.3300 1.5556 0.0000
6         M:cpu3
31        155 0.0965 0.2074 0.6379 0.0000
6         M:cpu2
31        155 0.0899 0.2572 0.9414 0.0000
6         M:cpu1
31        155 0.0999 0.2573 0.8754 0.0000
6         M:cpu0
31        155 0.1764 0.2613 0.5270 0.0000
5         M:cpu
31        155 0.1157 0.2456 0.7663 0.0000
10        M:messages
37        155 113.5000 275.9050 209.2837 0.0000
8         M:ssh_in
31        155 2.0000 1.6100 1.2570 0.0000
9         M:smtp_in
31        155 2.0000 1.6100 1.2570 0.0000
13        M:cfengine_in
31        155 1.0000 0.9100 0.6557 0.0000
9         M:loadavg
31        155 0.0100 0.0112 0.0241 0.0000
10        M:diskfree
34        155 88.0000 70.6300 56.2834 0.0000
12        M:otherprocs
31        155 6.0000 5.5650 4.1719 0.0000
11        M:rootprocs
34        155 96.5000 77.6300 60.8923 0.0000
7         M:users
31        155 6.0000 4.8300 3.7709 0.0000
# send QUERY complete successful
