# delta from 1679689219 to 1679689279 at 1679689279
22        CFR: 0 1679689278 1810
3         PRD
60        Packing reports: delta,0.032197,0.148598,0.150540,1679689220
83        Sample(/proc/sys/kernel/random/entropy_avail),0.004986,0.002486,0.002477,1679689227
3         EXS
16        f,293,1679689108
3         MOM
15        M:entropy_avail
41        1396 3012.0000 2108.4000 2520.0200 0.0000
12        M:mem_cached
41        1396 1722.0234 1205.4164 1440.7482 0.0000
10        M:mem_free
39        1396 12757.2188 8930.0531 0.0000 0.0000
11        M:mem_total
40        1396 14875.9336 10413.1535 0.0000 0.0000
16        M:io_writtendata
32        1396 0.1221 0.0854 0.1021 0.0000
11        M:io_writes
32        1396 6.0000 4.2000 5.0200 0.0000
6         M:cpu3
32        1396 2.5971 1.8179 2.1729 0.0000
6         M:cpu2
32        1396 1.3513 0.9459 1.1305 0.0000
6         M:cpu1
32        1396 1.6385 1.1469 1.3708 0.0000
6         M:cpu0
32        1396 0.9126 0.6388 0.7635 0.0000
5         M:cpu
32        1396 1.6249 1.1374 1.3594 0.0000
10        M:messages
41        1396 1569.0000 1098.3000 1312.7196 0.0000
8         M:ssh_in
32        1396 2.0000 1.4000 1.6733 0.0000
9         M:smtp_in
32        1396 2.0000 1.4000 1.6733 0.0000
13        M:cfengine_in
32        1396 1.0000 0.7000 0.8367 0.0000
9         M:loadavg
32        1396 0.0100 0.0070 0.0084 0.0000
10        M:diskfree
35        1396 86.0000 60.2000 71.9528 0.0000
12        M:otherprocs
32        1396 6.0000 4.2000 5.0200 0.0000
11        M:rootprocs
35        1396 97.0000 67.9000 81.1560 0.0000
7         M:users
32        1396 6.0000 4.2000 5.0200 0.0000
3         MOY
15        M:entropy_avail
40        155 3071.5000 2467.2550 4839.3563 0.0000
12        M:mem_cached
38        155 1098.6758 945.6121 469.4713 0.0000
16        M:io_writtendata
31        155 0.0303 0.0327 0.0303 0.0000
11        M:io_writes
31        155 1.0000 1.3300 1.5556 0.0000
6         M:cpu3
31        155 0.0965 0.2074 0.6379 0.0000
6         M:cpu2
31        155 0.0899 0.2572 0.9414 0.0000
6         M:cpu1
31        155 0.0999 0.2573 0.8754 0.0000
6         M:cpu0
31        155 0.1764 0.2613 0.5270 0.0000
5         M:cpu
31        155 0.1157 0.2456 0.7663 0.0000
10        M:messages
37        155 113.5000 275.9050 209.2837 0.0000
8         M:ssh_in
31        155 2.0000 1.6100 1.2570 0.0000
9         M:smtp_in
31        155 2.0000 1.6100 1.2570 0.0000
13        M:cfengine_in
31        155 1.0000 0.9100 0.6557 0.0000
9         M:loadavg
31        155 0.0100 0.0112 0.0241 0.0000
10        M:diskfree
34        155 88.0000 70.6300 56.2834 0.0000
12        M:otherprocs
31        155 6.0000 5.5650 4.1719 0.0000
11        M:rootprocs
34        155 96.5000 77.6300 60.8923 0.0000
7         M:users
31        155 6.0000 4.8300 3.7709 0.0000
# send QUERY complete successful
