# delta from 1679757023 to 1679757084 at 1679757084
22        CFR: 0 1679757083 1725
3         PRD
60        Packing reports: delta,0.031978,0.102259,0.103057,1679757024
3         EXS
16        f,296,1679756925
3         MOM
15        M:entropy_avail
38        1622 3182.0000 2227.4000 0.0000 0.0000
12        M:mem_cached
41        1622 1943.9219 1360.7453 1626.4017 0.0000
10        M:mem_free
39        1622 12507.3359 8755.1352 0.0000 0.0000
11        M:mem_total
40        1622 14875.9336 10413.1535 0.0000 0.0000
16        M:io_writtendata
32        1622 0.1064 0.0745 0.0891 0.0000
11        M:io_writes
32        1622 6.0000 4.2000 5.0200 0.0000
6         M:cpu3
32        1622 1.1716 0.8201 0.9802 0.0000
6         M:cpu2
32        1622 2.4900 1.7430 2.0833 0.0000
6         M:cpu1
32        1622 1.5982 1.1187 1.3371 0.0000
6         M:cpu0
32        1622 0.9657 0.6760 0.8080 0.0000
5         M:cpu
32        1622 1.5531 1.0872 1.2994 0.0000
10        M:messages
40        1622 1322.0000 925.4000 1106.0646 0.0000
8         M:ssh_in
32        1622 2.0000 1.4000 1.6733 0.0000
9         M:smtp_in
32        1622 2.0000 1.4000 1.6733 0.0000
13        M:cfengine_in
32        1622 1.0000 0.7000 0.8367 0.0000
9         M:loadavg
32        1622 0.0300 0.0210 0.0251 0.0000
10        M:diskfree
35        1622 85.0000 59.5000 71.1161 0.0000
12        M:otherprocs
34        1622 13.0000 9.1000 10.8766 0.0000
11        M:rootprocs
35        1622 96.0000 67.2000 80.3194 0.0000
7         M:users
32        1622 6.0000 4.2000 5.0200 0.0000
3         MOY
15        M:entropy_avail
40        155 3071.5000 2467.2550 4839.3563 0.0000
12        M:mem_cached
38        155 1098.6758 945.6121 469.4713 0.0000
16        M:io_writtendata
31        155 0.0303 0.0327 0.0303 0.0000
11        M:io_writes
31        155 1.0000 1.3300 1.5556 0.0000
6         M:cpu3
31        155 0.0965 0.2074 0.6379 0.0000
6         M:cpu2
31        155 0.0899 0.2572 0.9414 0.0000
6         M:cpu1
31        155 0.0999 0.2573 0.8754 0.0000
6         M:cpu0
31        155 0.1764 0.2613 0.5270 0.0000
5         M:cpu
31        155 0.1157 0.2456 0.7663 0.0000
10        M:messages
37        155 113.5000 275.9050 209.2837 0.0000
8         M:ssh_in
31        155 2.0000 1.6100 1.2570 0.0000
9         M:smtp_in
31        155 2.0000 1.6100 1.2570 0.0000
13        M:cfengine_in
31        155 1.0000 0.9100 0.6557 0.0000
9         M:loadavg
31        155 0.0100 0.0112 0.0241 0.0000
10        M:diskfree
34        155 88.0000 70.6300 56.2834 0.0000
12        M:otherprocs
31        155 6.0000 5.5650 4.1719 0.0000
11        M:rootprocs
34        155 96.5000 77.6300 60.8923 0.0000
7         M:users
31        155 6.0000 4.8300 3.7709 0.0000
# send QUERY complete successful
