# delta from 1679729298 to 1679729359 at 1679729359
22        CFR: 0 1679729358 1810
3         PRD
60        Packing reports: delta,0.024912,0.062059,0.065890,1679729299
83        Sample(/proc/sys/kernel/random/entropy_avail),0.004909,0.002410,0.002382,1679729352
3         EXS
16        f,293,1679729294
3         MOM
15        M:entropy_avail
41        1529 3251.0000 2923.9700 1090.1000 0.0000
12        M:mem_cached
40        1529 1851.8398 1684.9733 556.2219 0.0000
10        M:mem_free
38        1529 8832.4305 8832.4305 0.0000 0.0000
11        M:mem_total
40        1529 10413.1535 10413.1535 0.0000 0.0000
16        M:io_writtendata
32        1529 0.1191 0.0928 0.0762 0.0000
11        M:io_writes
32        1529 8.0000 6.0200 5.5975 0.0000
6         M:cpu3
32        1529 2.2639 1.6197 1.7983 0.0000
6         M:cpu2
32        1529 0.9452 0.6714 0.7638 0.0000
6         M:cpu1
32        1529 1.8382 1.3119 1.4688 0.0000
6         M:cpu0
32        1529 1.1722 0.8653 0.8615 0.0000
5         M:cpu
32        1529 1.5532 1.1162 1.2202 0.0000
10        M:messages
41        1529 2115.0000 1528.3800 1639.3380 0.0000
8         M:ssh_in
32        1529 2.0000 1.8200 0.6000 0.0000
9         M:smtp_in
32        1529 3.0000 2.5200 1.6223 0.0000
13        M:cfengine_in
32        1529 1.0000 1.1200 0.4000 0.0000
9         M:loadavg
32        1529 0.0600 0.0420 0.0502 0.0000
10        M:diskfree
35        1529 85.0000 77.3500 25.5000 0.0000
12        M:otherprocs
34        1529 13.0000 10.3600 7.8593 0.0000
11        M:rootprocs
35        1529 97.0000 88.2700 29.1000 0.0000
7         M:users
32        1529 6.0000 5.4600 1.8000 0.0000
3         MOY
15        M:entropy_avail
40        155 3071.5000 2467.2550 4839.3563 0.0000
12        M:mem_cached
38        155 1098.6758 945.6121 469.4713 0.0000
16        M:io_writtendata
31        155 0.0303 0.0327 0.0303 0.0000
11        M:io_writes
31        155 1.0000 1.3300 1.5556 0.0000
6         M:cpu3
31        155 0.0965 0.2074 0.6379 0.0000
6         M:cpu2
31        155 0.0899 0.2572 0.9414 0.0000
6         M:cpu1
31        155 0.0999 0.2573 0.8754 0.0000
6         M:cpu0
31        155 0.1764 0.2613 0.5270 0.0000
5         M:cpu
31        155 0.1157 0.2456 0.7663 0.0000
10        M:messages
37        155 113.5000 275.9050 209.2837 0.0000
8         M:ssh_in
31        155 2.0000 1.6100 1.2570 0.0000
9         M:smtp_in
31        155 2.0000 1.6100 1.2570 0.0000
13        M:cfengine_in
31        155 1.0000 0.9100 0.6557 0.0000
9         M:loadavg
31        155 0.0100 0.0112 0.0241 0.0000
10        M:diskfree
34        155 88.0000 70.6300 56.2834 0.0000
12        M:otherprocs
31        155 6.0000 5.5650 4.1719 0.0000
11        M:rootprocs
34        155 96.5000 77.6300 60.8923 0.0000
7         M:users
31        155 6.0000 4.8300 3.7709 0.0000
# send QUERY complete successful
