# delta from 1679692578 to 1679692639 at 1679692639
22        CFR: 0 1679692638 1727
3         PRD
60        Packing reports: delta,0.026298,0.069157,0.067318,1679692579
3         EXS
16        f,293,1679692393
3         MOM
15        M:entropy_avail
41        1407 3021.0000 2114.7000 2527.5499 0.0000
12        M:mem_cached
41        1407 1732.0039 1212.4027 1449.0984 0.0000
10        M:mem_free
39        1407 12746.3984 8922.4789 0.0000 0.0000
11        M:mem_total
40        1407 14875.9336 10413.1535 0.0000 0.0000
16        M:io_writtendata
32        1407 0.1162 0.0813 0.0972 0.0000
11        M:io_writes
32        1407 6.0000 4.2000 5.0200 0.0000
6         M:cpu3
32        1407 1.9245 1.3471 1.6101 0.0000
6         M:cpu2
32        1407 1.3182 0.9228 1.1029 0.0000
6         M:cpu1
32        1407 1.5520 1.0864 1.2985 0.0000
6         M:cpu0
32        1407 1.5385 1.0769 1.2872 0.0000
5         M:cpu
32        1407 1.5849 1.1094 1.3260 0.0000
10        M:messages
41        1407 2279.0000 1595.3000 1906.7482 0.0000
8         M:ssh_in
32        1407 2.0000 1.4000 1.6733 0.0000
9         M:smtp_in
32        1407 2.0000 1.4000 1.6733 0.0000
13        M:cfengine_in
32        1407 1.0000 0.7000 0.8367 0.0000
9         M:loadavg
32        1407 0.0200 0.0140 0.0167 0.0000
10        M:diskfree
35        1407 86.0000 60.2000 71.9528 0.0000
12        M:otherprocs
32        1407 6.0000 4.2000 5.0200 0.0000
11        M:rootprocs
35        1407 96.0000 67.2000 80.3194 0.0000
7         M:users
32        1407 6.0000 4.2000 5.0200 0.0000
3         MOY
15        M:entropy_avail
40        155 3071.5000 2467.2550 4839.3563 0.0000
12        M:mem_cached
38        155 1098.6758 945.6121 469.4713 0.0000
16        M:io_writtendata
31        155 0.0303 0.0327 0.0303 0.0000
11        M:io_writes
31        155 1.0000 1.3300 1.5556 0.0000
6         M:cpu3
31        155 0.0965 0.2074 0.6379 0.0000
6         M:cpu2
31        155 0.0899 0.2572 0.9414 0.0000
6         M:cpu1
31        155 0.0999 0.2573 0.8754 0.0000
6         M:cpu0
31        155 0.1764 0.2613 0.5270 0.0000
5         M:cpu
31        155 0.1157 0.2456 0.7663 0.0000
10        M:messages
37        155 113.5000 275.9050 209.2837 0.0000
8         M:ssh_in
31        155 2.0000 1.6100 1.2570 0.0000
9         M:smtp_in
31        155 2.0000 1.6100 1.2570 0.0000
13        M:cfengine_in
31        155 1.0000 0.9100 0.6557 0.0000
9         M:loadavg
31        155 0.0100 0.0112 0.0241 0.0000
10        M:diskfree
34        155 88.0000 70.6300 56.2834 0.0000
12        M:otherprocs
31        155 6.0000 5.5650 4.1719 0.0000
11        M:rootprocs
34        155 96.5000 77.6300 60.8923 0.0000
7         M:users
31        155 6.0000 4.8300 3.7709 0.0000
# send QUERY complete successful
