# delta from 1679718378 to 1679718439 at 1679718439
22        CFR: 0 1679718438 1807
3         PRD
60        Packing reports: delta,0.031746,0.100782,0.097836,1679718379
83        Sample(/proc/sys/kernel/random/entropy_avail),0.004905,0.002406,0.002337,1679718382
3         EXS
16        f,293,1679718207
3         MOM
15        M:entropy_avail
41        1493 3082.0000 2157.4000 2578.5862 0.0000
12        M:mem_cached
41        1493 1810.2852 1267.1996 1514.5932 0.0000
10        M:mem_free
39        1493 12661.7891 8863.2523 0.0000 0.0000
11        M:mem_total
40        1493 14875.9336 10413.1535 0.0000 0.0000
16        M:io_writtendata
32        1493 0.0762 0.0533 0.0637 0.0000
11        M:io_writes
32        1493 2.0000 1.4000 1.6733 0.0000
6         M:cpu3
32        1493 0.1597 0.1118 0.1336 0.0000
6         M:cpu2
32        1493 0.1531 0.1072 0.1281 0.0000
6         M:cpu1
32        1493 0.0466 0.0326 0.0390 0.0000
6         M:cpu0
32        1493 0.2597 0.1818 0.2172 0.0000
5         M:cpu
32        1493 0.1531 0.1072 0.1281 0.0000
10        M:messages
38        1493 228.0000 159.6000 190.7585 0.0000
8         M:ssh_in
32        1493 2.0000 1.4000 1.6733 0.0000
9         M:smtp_in
32        1493 2.0000 1.4000 1.6733 0.0000
13        M:cfengine_in
32        1493 1.0000 0.7000 0.8367 0.0000
9         M:loadavg
32        1493 0.0100 0.0070 0.0084 0.0000
10        M:diskfree
35        1493 85.0000 59.5000 71.1161 0.0000
12        M:otherprocs
32        1493 6.0000 4.2000 5.0200 0.0000
11        M:rootprocs
35        1493 97.0000 67.9000 81.1560 0.0000
7         M:users
32        1493 6.0000 4.2000 5.0200 0.0000
3         MOY
15        M:entropy_avail
40        155 3071.5000 2467.2550 4839.3563 0.0000
12        M:mem_cached
38        155 1098.6758 945.6121 469.4713 0.0000
16        M:io_writtendata
31        155 0.0303 0.0327 0.0303 0.0000
11        M:io_writes
31        155 1.0000 1.3300 1.5556 0.0000
6         M:cpu3
31        155 0.0965 0.2074 0.6379 0.0000
6         M:cpu2
31        155 0.0899 0.2572 0.9414 0.0000
6         M:cpu1
31        155 0.0999 0.2573 0.8754 0.0000
6         M:cpu0
31        155 0.1764 0.2613 0.5270 0.0000
5         M:cpu
31        155 0.1157 0.2456 0.7663 0.0000
10        M:messages
37        155 113.5000 275.9050 209.2837 0.0000
8         M:ssh_in
31        155 2.0000 1.6100 1.2570 0.0000
9         M:smtp_in
31        155 2.0000 1.6100 1.2570 0.0000
13        M:cfengine_in
31        155 1.0000 0.9100 0.6557 0.0000
9         M:loadavg
31        155 0.0100 0.0112 0.0241 0.0000
10        M:diskfree
34        155 88.0000 70.6300 56.2834 0.0000
12        M:otherprocs
31        155 6.0000 5.5650 4.1719 0.0000
11        M:rootprocs
34        155 96.5000 77.6300 60.8923 0.0000
7         M:users
31        155 6.0000 4.8300 3.7709 0.0000
# send QUERY complete successful
