# delta from 1679698638 to 1679698699 at 1679698699
22        CFR: 0 1679698698 1765
3         PRD
60        Packing reports: delta,0.030995,0.096069,0.095317,1679698639
83        Sample(/proc/sys/kernel/random/entropy_avail),0.004958,0.002458,0.002392,1679698696
3         EXS
16        f,335,1679698437
3         MOM
15        M:entropy_avail
41        1427 3130.0000 2827.9300 1006.9000 0.0000
12        M:mem_cached
40        1427 1749.9805 1592.4798 525.0023 0.0000
10        M:mem_free
40        1427 12727.1055 11581.5142 0.0000 0.0000
11        M:mem_total
40        1427 14875.9336 13537.0996 0.0000 0.0000
16        M:io_writtendata
32        1427 0.0303 0.0479 0.0586 0.0000
11        M:io_writes
32        1427 0.0000 1.6800 5.9491 0.0000
6         M:cpu3
32        1427 0.1198 0.3566 0.8888 0.0000
6         M:cpu2
32        1427 0.0399 0.5410 1.7907 0.0000
6         M:cpu1
32        1427 0.1065 0.3963 1.0704 0.0000
6         M:cpu0
32        1427 0.1531 0.3674 0.7142 0.0000
5         M:cpu
32        1427 0.0999 0.4122 1.1474 0.0000
10        M:messages
37        1427 0.0000 341.8800 1210.6454 0.0000
8         M:ssh_in
32        1427 2.0000 1.8200 0.6000 0.0000
9         M:smtp_in
32        1427 2.0000 1.8200 0.6000 0.0000
13        M:cfengine_in
32        1427 1.0000 1.1200 0.4000 0.0000
10        M:diskfree
35        1427 86.0000 78.2600 25.8000 0.0000
12        M:otherprocs
32        1427 6.0000 5.4600 1.8000 0.0000
11        M:rootprocs
35        1427 97.0000 88.0600 29.8000 0.0000
7         M:users
32        1427 6.0000 5.4600 1.8000 0.0000
3         MOY
15        M:entropy_avail
40        155 3071.5000 2467.2550 4839.3563 0.0000
12        M:mem_cached
38        155 1098.6758 945.6121 469.4713 0.0000
16        M:io_writtendata
31        155 0.0303 0.0327 0.0303 0.0000
11        M:io_writes
31        155 1.0000 1.3300 1.5556 0.0000
6         M:cpu3
31        155 0.0965 0.2074 0.6379 0.0000
6         M:cpu2
31        155 0.0899 0.2572 0.9414 0.0000
6         M:cpu1
31        155 0.0999 0.2573 0.8754 0.0000
6         M:cpu0
31        155 0.1764 0.2613 0.5270 0.0000
5         M:cpu
31        155 0.1157 0.2456 0.7663 0.0000
10        M:messages
37        155 113.5000 275.9050 209.2837 0.0000
8         M:ssh_in
31        155 2.0000 1.6100 1.2570 0.0000
9         M:smtp_in
31        155 2.0000 1.6100 1.2570 0.0000
13        M:cfengine_in
31        155 1.0000 0.9100 0.6557 0.0000
9         M:loadavg
31        155 0.0100 0.0112 0.0241 0.0000
10        M:diskfree
34        155 88.0000 70.6300 56.2834 0.0000
12        M:otherprocs
31        155 6.0000 5.5650 4.1719 0.0000
11        M:rootprocs
34        155 96.5000 77.6300 60.8923 0.0000
7         M:users
31        155 6.0000 4.8300 3.7709 0.0000
# send QUERY complete successful
