# delta from 1679757623 to 1679757684 at 1679757684
22        CFR: 0 1679757683 1725
3         PRD
60        Packing reports: delta,0.032532,0.105835,0.107914,1679757624
3         EXS
16        f,294,1679757512
3         MOM
15        M:entropy_avail
38        1624 3171.0000 2219.7000 0.0000 0.0000
12        M:mem_cached
41        1624 1945.7070 1361.9949 1627.8953 0.0000
10        M:mem_free
39        1624 12505.5195 8753.8637 0.0000 0.0000
11        M:mem_total
40        1624 14875.9336 10413.1535 0.0000 0.0000
16        M:io_writtendata
32        1624 0.1240 0.0868 0.1038 0.0000
11        M:io_writes
32        1624 8.0000 5.6000 6.6933 0.0000
6         M:cpu3
32        1624 2.3973 1.6781 2.0057 0.0000
6         M:cpu2
32        1624 2.0706 1.4494 1.7324 0.0000
6         M:cpu1
32        1624 1.0592 0.7414 0.8862 0.0000
6         M:cpu0
32        1624 1.2523 0.8766 1.0478 0.0000
5         M:cpu
32        1624 1.6982 1.1888 1.4208 0.0000
10        M:messages
40        1624 1323.0000 926.1000 1106.9012 0.0000
8         M:ssh_in
32        1624 3.0000 2.1000 2.5100 0.0000
9         M:smtp_in
32        1624 2.0000 1.4000 1.6733 0.0000
13        M:cfengine_in
32        1624 1.0000 0.7000 0.8367 0.0000
9         M:loadavg
32        1624 0.0400 0.0280 0.0335 0.0000
10        M:diskfree
35        1624 84.0000 58.8000 70.2794 0.0000
12        M:otherprocs
34        1624 13.0000 9.1000 10.8766 0.0000
11        M:rootprocs
35        1624 97.0000 67.9000 81.1560 0.0000
7         M:users
32        1624 6.0000 4.2000 5.0200 0.0000
3         MOY
15        M:entropy_avail
40        155 3071.5000 2467.2550 4839.3563 0.0000
12        M:mem_cached
38        155 1098.6758 945.6121 469.4713 0.0000
16        M:io_writtendata
31        155 0.0303 0.0327 0.0303 0.0000
11        M:io_writes
31        155 1.0000 1.3300 1.5556 0.0000
6         M:cpu3
31        155 0.0965 0.2074 0.6379 0.0000
6         M:cpu2
31        155 0.0899 0.2572 0.9414 0.0000
6         M:cpu1
31        155 0.0999 0.2573 0.8754 0.0000
6         M:cpu0
31        155 0.1764 0.2613 0.5270 0.0000
5         M:cpu
31        155 0.1157 0.2456 0.7663 0.0000
10        M:messages
37        155 113.5000 275.9050 209.2837 0.0000
8         M:ssh_in
31        155 2.0000 1.6100 1.2570 0.0000
9         M:smtp_in
31        155 2.0000 1.6100 1.2570 0.0000
13        M:cfengine_in
31        155 1.0000 0.9100 0.6557 0.0000
9         M:loadavg
31        155 0.0100 0.0112 0.0241 0.0000
10        M:diskfree
34        155 88.0000 70.6300 56.2834 0.0000
12        M:otherprocs
31        155 6.0000 5.5650 4.1719 0.0000
11        M:rootprocs
34        155 96.5000 77.6300 60.8923 0.0000
7         M:users
31        155 6.0000 4.8300 3.7709 0.0000
# send QUERY complete successful
