# delta from 1679674818 to 1679674880 at 1679674880
22        CFR: 0 1679674879 1729
3         PRD
60        Packing reports: delta,0.027736,0.076931,0.078969,1679674819
3         EXS
16        f,335,1679674736
3         MOM
15        M:entropy_avail
41        1348 3036.0000 2125.2000 2540.0998 0.0000
12        M:mem_cached
41        1348 1670.4180 1169.2926 1397.5719 0.0000
10        M:mem_free
39        1348 12801.7227 8961.2059 0.0000 0.0000
11        M:mem_total
40        1348 14875.9336 10413.1535 0.0000 0.0000
16        M:io_writtendata
32        1348 0.1104 0.0772 0.0923 0.0000
11        M:io_writes
32        1348 6.0000 4.2000 5.0200 0.0000
6         M:cpu3
32        1348 3.2887 2.3021 2.7515 0.0000
6         M:cpu2
32        1348 0.6458 0.4520 0.5403 0.0000
6         M:cpu1
32        1348 1.1455 0.8019 0.9584 0.0000
6         M:cpu0
32        1348 1.2123 0.8486 1.0143 0.0000
5         M:cpu
32        1348 1.5715 1.1000 1.3148 0.0000
10        M:messages
40        1348 1322.0000 925.4000 1106.0646 0.0000
8         M:ssh_in
32        1348 2.0000 1.4000 1.6733 0.0000
9         M:smtp_in
32        1348 2.0000 1.4000 1.6733 0.0000
13        M:cfengine_in
32        1348 1.0000 0.7000 0.8367 0.0000
9         M:loadavg
32        1348 0.0500 0.0350 0.0418 0.0000
10        M:diskfree
35        1348 86.0000 60.2000 71.9528 0.0000
12        M:otherprocs
34        1348 13.0000 9.1000 10.8766 0.0000
11        M:rootprocs
35        1348 96.0000 67.2000 80.3194 0.0000
7         M:users
32        1348 6.0000 4.2000 5.0200 0.0000
3         MOY
15        M:entropy_avail
40        155 3080.5000 2156.3500 4850.7840 0.0000
12        M:mem_cached
39        155 1087.8438 761.4906 1568.4447 0.0000
16        M:io_writtendata
31        155 0.0293 0.0205 0.0252 0.0000
11        M:io_writes
31        155 1.0000 0.7000 1.1832 0.0000
6         M:cpu3
31        155 0.0766 0.0536 0.0669 0.0000
6         M:cpu2
31        155 0.0666 0.0466 0.0649 0.0000
6         M:cpu1
31        155 0.1332 0.0932 0.1272 0.0000
6         M:cpu0
31        155 0.1731 0.1212 0.1449 0.0000
5         M:cpu
31        155 0.1132 0.0792 0.0955 0.0000
10        M:messages
37        155 227.0000 158.9000 189.9218 0.0000
8         M:ssh_in
31        155 2.0000 1.4000 1.6733 0.0000
9         M:smtp_in
31        155 2.0000 1.4000 1.6733 0.0000
13        M:cfengine_in
31        155 1.0000 0.7000 0.8367 0.0000
9         M:loadavg
31        155 0.0100 0.0070 0.0118 0.0000
10        M:diskfree
34        155 88.0000 61.6000 73.6451 0.0000
12        M:otherprocs
31        155 6.0000 4.2000 5.0200 0.0000
11        M:rootprocs
34        155 97.0000 67.9000 81.1560 0.0000
7         M:users
31        155 6.0000 4.2000 5.0200 0.0000
# send QUERY complete successful
