# delta from 1679673558 to 1679673619 at 1679673619
22        CFR: 0 1679673618 2465
3         PRD
60        Packing reports: delta,0.027639,0.076393,0.073462,1679673559
83        Sample(/proc/sys/kernel/random/entropy_avail),0.005233,0.002738,0.002577,1679673600
3         EXS
16        f,293,1679673503
3         MOM
15        M:entropy_avail
41        1343 3124.0000 2186.8000 2613.7259 0.0000
41        1344 3015.0000 2110.5000 2522.5300 0.0000
12        M:mem_cached
41        1343 1665.9180 1166.1426 1393.8070 0.0000
41        1344 1666.8203 1166.7742 1394.5619 0.0000
10        M:mem_free
39        1343 12815.9492 8971.1645 0.0000 0.0000
39        1344 12807.1602 8965.0121 0.0000 0.0000
11        M:mem_total
40        1343 14875.9336 10413.1535 0.0000 0.0000
40        1344 14875.9336 10413.1535 0.0000 0.0000
16        M:io_writtendata
32        1343 0.0381 0.0267 0.0319 0.0000
32        1344 0.1084 0.0759 0.0907 0.0000
11        M:io_writes
32        1343 2.0000 1.4000 1.6733 0.0000
32        1344 6.0000 4.2000 5.0200 0.0000
6         M:cpu3
32        1343 0.0732 0.0513 0.0613 0.0000
32        1344 1.8909 1.3237 1.5821 0.0000
6         M:cpu2
32        1343 0.1065 0.0745 0.0891 0.0000
32        1344 1.8040 1.2628 1.5094 0.0000
6         M:cpu1
32        1343 0.1199 0.0839 0.1003 0.0000
32        1344 1.3052 0.9136 1.0920 0.0000
6         M:cpu0
32        1343 0.2264 0.1585 0.1894 0.0000
32        1344 1.1723 0.8206 0.9808 0.0000
5         M:cpu
32        1343 0.1348 0.0944 0.1128 0.0000
32        1344 1.5399 1.0779 1.2884 0.0000
10        M:messages
38        1343 227.0000 158.9000 189.9218 0.0000
40        1344 1331.0000 931.7000 1113.5945 0.0000
8         M:ssh_in
32        1343 2.0000 1.4000 1.6733 0.0000
32        1344 2.0000 1.4000 1.6733 0.0000
9         M:smtp_in
32        1343 2.0000 1.4000 1.6733 0.0000
32        1344 2.0000 1.4000 1.6733 0.0000
13        M:cfengine_in
32        1343 1.0000 0.7000 0.8367 0.0000
32        1344 1.0000 0.7000 0.8367 0.0000
9         M:loadavg
32        1344 0.0300 0.0210 0.0251 0.0000
10        M:diskfree
35        1343 86.0000 60.2000 71.9528 0.0000
35        1344 86.0000 60.2000 71.9528 0.0000
12        M:otherprocs
32        1343 6.0000 4.2000 5.0200 0.0000
34        1344 13.0000 9.1000 10.8766 0.0000
11        M:rootprocs
35        1343 96.0000 67.2000 80.3194 0.0000
35        1344 96.0000 67.2000 80.3194 0.0000
7         M:users
32        1343 6.0000 4.2000 5.0200 0.0000
32        1344 6.0000 4.2000 5.0200 0.0000
3         MOY
15        M:entropy_avail
40        155 3080.5000 2156.3500 4850.7840 0.0000
12        M:mem_cached
39        155 1087.8438 761.4906 1568.4447 0.0000
16        M:io_writtendata
31        155 0.0293 0.0205 0.0252 0.0000
11        M:io_writes
31        155 1.0000 0.7000 1.1832 0.0000
6         M:cpu3
31        155 0.0766 0.0536 0.0669 0.0000
6         M:cpu2
31        155 0.0666 0.0466 0.0649 0.0000
6         M:cpu1
31        155 0.1332 0.0932 0.1272 0.0000
6         M:cpu0
31        155 0.1731 0.1212 0.1449 0.0000
5         M:cpu
31        155 0.1132 0.0792 0.0955 0.0000
10        M:messages
37        155 227.0000 158.9000 189.9218 0.0000
8         M:ssh_in
31        155 2.0000 1.4000 1.6733 0.0000
9         M:smtp_in
31        155 2.0000 1.4000 1.6733 0.0000
13        M:cfengine_in
31        155 1.0000 0.7000 0.8367 0.0000
9         M:loadavg
31        155 0.0100 0.0070 0.0118 0.0000
10        M:diskfree
34        155 88.0000 61.6000 73.6451 0.0000
12        M:otherprocs
31        155 6.0000 4.2000 5.0200 0.0000
11        M:rootprocs
34        155 97.0000 67.9000 81.1560 0.0000
7         M:users
31        155 6.0000 4.2000 5.0200 0.0000
# send QUERY complete successful
