# delta from 1679671758 to 1679671819 at 1679671819
22        CFR: 0 1679671818 1808
3         PRD
60        Packing reports: delta,0.025107,0.063035,0.064812,1679671759
83        Sample(/proc/sys/kernel/random/entropy_avail),0.005136,0.002638,0.003005,1679671797
3         EXS
16        f,293,1679671684
3         MOM
15        M:entropy_avail
40        1337 3039.0000 2788.3800 835.4000 0.0000
12        M:mem_cached
40        1337 1661.4648 1511.7386 499.0875 0.0000
10        M:mem_free
38        1337 8975.4273 8975.4273 0.0000 0.0000
11        M:mem_total
40        1337 10413.1535 10413.1535 0.0000 0.0000
16        M:io_writtendata
32        1337 0.1064 0.0823 0.0694 0.0000
11        M:io_writes
32        1337 6.0000 4.6200 3.9563 0.0000
6         M:cpu3
32        1337 2.4171 1.7157 1.9567 0.0000
6         M:cpu2
32        1337 1.1451 0.8141 0.9234 0.0000
6         M:cpu1
32        1337 1.2323 0.8962 0.9403 0.0000
6         M:cpu0
32        1337 1.3586 0.9902 1.0311 0.0000
5         M:cpu
32        1337 1.5367 1.1022 1.2130 0.0000
10        M:messages
41        1337 1572.0000 1148.0700 1186.8518 0.0000
8         M:ssh_in
32        1337 2.0000 1.8200 0.6000 0.0000
9         M:smtp_in
32        1337 2.0000 1.8200 0.6000 0.0000
13        M:cfengine_in
32        1337 2.0000 1.6100 1.1803 0.0000
9         M:loadavg
32        1337 0.0100 0.0070 0.0084 0.0000
10        M:diskfree
35        1337 86.0000 78.2600 25.8000 0.0000
12        M:otherprocs
32        1337 6.0000 5.4600 1.8000 0.0000
11        M:rootprocs
35        1337 97.0000 88.2700 29.1000 0.0000
7         M:users
32        1337 6.0000 5.4600 1.8000 0.0000
3         MOY
15        M:entropy_avail
40        155 3080.5000 2156.3500 4850.7840 0.0000
12        M:mem_cached
39        155 1087.8438 761.4906 1568.4447 0.0000
16        M:io_writtendata
31        155 0.0293 0.0205 0.0252 0.0000
11        M:io_writes
31        155 1.0000 0.7000 1.1832 0.0000
6         M:cpu3
31        155 0.0766 0.0536 0.0669 0.0000
6         M:cpu2
31        155 0.0666 0.0466 0.0649 0.0000
6         M:cpu1
31        155 0.1332 0.0932 0.1272 0.0000
6         M:cpu0
31        155 0.1731 0.1212 0.1449 0.0000
5         M:cpu
31        155 0.1132 0.0792 0.0955 0.0000
10        M:messages
37        155 227.0000 158.9000 189.9218 0.0000
8         M:ssh_in
31        155 2.0000 1.4000 1.6733 0.0000
9         M:smtp_in
31        155 2.0000 1.4000 1.6733 0.0000
13        M:cfengine_in
31        155 1.0000 0.7000 0.8367 0.0000
9         M:loadavg
31        155 0.0100 0.0070 0.0118 0.0000
10        M:diskfree
34        155 88.0000 61.6000 73.6451 0.0000
12        M:otherprocs
31        155 6.0000 4.2000 5.0200 0.0000
11        M:rootprocs
34        155 97.0000 67.9000 81.1560 0.0000
7         M:users
31        155 6.0000 4.2000 5.0200 0.0000
# send QUERY complete successful
