# delta from 1679743758 to 1679743819 at 1679743819
22        CFR: 0 1679743818 1812
3         PRD
60        Packing reports: delta,0.035641,0.127026,0.131915,1679743759
83        Sample(/proc/sys/kernel/random/entropy_avail),0.004967,0.002467,0.002430,1679743778
3         EXS
16        f,296,1679743726
3         MOM
15        M:entropy_avail
41        1577 3239.0000 2913.4700 1085.1000 0.0000
12        M:mem_cached
40        1577 1895.1055 1724.3598 569.1523 0.0000
10        M:mem_free
40        1577 12562.4766 11433.9315 0.0000 0.0000
11        M:mem_total
40        1577 14875.9336 13537.0996 0.0000 0.0000
16        M:io_writtendata
32        1577 0.1211 0.0921 0.0823 0.0000
11        M:io_writes
32        1577 6.0000 4.6200 3.9563 0.0000
6         M:cpu3
32        1577 2.3570 1.6709 1.9141 0.0000
6         M:cpu2
32        1577 1.2780 0.9267 0.9821 0.0000
6         M:cpu1
32        1577 1.5452 1.0984 1.2466 0.0000
6         M:cpu0
32        1577 1.2189 0.8896 0.9218 0.0000
5         M:cpu
32        1577 1.5981 1.1456 1.2634 0.0000
10        M:messages
41        1577 1581.0000 1154.5800 1193.8095 0.0000
8         M:ssh_in
32        1577 2.0000 1.8200 0.6000 0.0000
9         M:smtp_in
32        1577 3.0000 2.5200 1.6223 0.0000
13        M:cfengine_in
32        1577 1.0000 0.9100 0.3000 0.0000
9         M:loadavg
32        1577 0.0300 0.0231 0.0198 0.0000
10        M:diskfree
35        1577 85.0000 77.3500 25.5000 0.0000
12        M:otherprocs
34        1577 13.0000 10.3600 7.8593 0.0000
11        M:rootprocs
35        1577 95.0000 86.6600 27.8000 0.0000
7         M:users
32        1577 6.0000 5.4600 1.8000 0.0000
3         MOY
15        M:entropy_avail
40        155 3071.5000 2467.2550 4839.3563 0.0000
12        M:mem_cached
38        155 1098.6758 945.6121 469.4713 0.0000
16        M:io_writtendata
31        155 0.0303 0.0327 0.0303 0.0000
11        M:io_writes
31        155 1.0000 1.3300 1.5556 0.0000
6         M:cpu3
31        155 0.0965 0.2074 0.6379 0.0000
6         M:cpu2
31        155 0.0899 0.2572 0.9414 0.0000
6         M:cpu1
31        155 0.0999 0.2573 0.8754 0.0000
6         M:cpu0
31        155 0.1764 0.2613 0.5270 0.0000
5         M:cpu
31        155 0.1157 0.2456 0.7663 0.0000
10        M:messages
37        155 113.5000 275.9050 209.2837 0.0000
8         M:ssh_in
31        155 2.0000 1.6100 1.2570 0.0000
9         M:smtp_in
31        155 2.0000 1.6100 1.2570 0.0000
13        M:cfengine_in
31        155 1.0000 0.9100 0.6557 0.0000
9         M:loadavg
31        155 0.0100 0.0112 0.0241 0.0000
10        M:diskfree
34        155 88.0000 70.6300 56.2834 0.0000
12        M:otherprocs
31        155 6.0000 5.5650 4.1719 0.0000
11        M:rootprocs
34        155 96.5000 77.6300 60.8923 0.0000
7         M:users
31        155 6.0000 4.8300 3.7709 0.0000
# send QUERY complete successful
