# delta from 1679663298 to 1679663359 at 1679663359
22        CFR: 0 1679663358 1638
3         PRD
60        Packing reports: delta,0.034679,0.172285,0.175425,1679663299
3         EXS
16        f,293,1679663288
3         MOM
15        M:entropy_avail
38        1309 3217.0000 2251.9000 0.0000 0.0000
12        M:mem_cached
41        1309 1636.6406 1145.6484 1369.3118 0.0000
10        M:mem_free
39        1309 12847.3633 8993.1543 0.0000 0.0000
11        M:mem_total
40        1309 14875.9336 10413.1535 0.0000 0.0000
16        M:io_writtendata
32        1309 0.0459 0.0321 0.0384 0.0000
6         M:cpu3
32        1309 0.0865 0.0606 0.0724 0.0000
6         M:cpu2
32        1309 0.0799 0.0559 0.0668 0.0000
6         M:cpu1
32        1309 0.2130 0.1491 0.1782 0.0000
6         M:cpu0
32        1309 0.2797 0.1958 0.2340 0.0000
5         M:cpu
32        1309 0.1648 0.1153 0.1378 0.0000
10        M:messages
38        1309 227.0000 158.9000 189.9218 0.0000
8         M:ssh_in
32        1309 2.0000 1.4000 1.6733 0.0000
9         M:smtp_in
32        1309 2.0000 1.4000 1.6733 0.0000
13        M:cfengine_in
32        1309 1.0000 0.7000 0.8367 0.0000
10        M:diskfree
35        1309 86.0000 60.2000 71.9528 0.0000
12        M:otherprocs
32        1309 6.0000 4.2000 5.0200 0.0000
11        M:rootprocs
35        1309 97.0000 67.9000 81.1560 0.0000
7         M:users
32        1309 6.0000 4.2000 5.0200 0.0000
3         MOY
15        M:entropy_avail
40        155 3143.0000 2200.1000 2133.3412 0.0000
12        M:mem_cached
39        155 1072.1270 750.4889 1546.6490 0.0000
16        M:io_writtendata
31        155 0.0361 0.0253 0.0323 0.0000
11        M:io_writes
31        155 1.0000 0.7000 1.1832 0.0000
6         M:cpu3
31        155 0.1065 0.0746 0.0996 0.0000
6         M:cpu2
31        155 0.0732 0.0513 0.0673 0.0000
6         M:cpu1
31        155 0.1165 0.0816 0.1084 0.0000
6         M:cpu0
31        155 0.2164 0.1515 0.1858 0.0000
5         M:cpu
31        155 0.1298 0.0909 0.1118 0.0000
10        M:messages
37        155 227.0000 158.9000 189.9218 0.0000
8         M:ssh_in
31        155 2.5000 1.7500 2.1331 0.0000
9         M:smtp_in
31        155 2.0000 1.4000 1.6733 0.0000
13        M:cfengine_in
31        155 1.0000 0.7000 0.8367 0.0000
9         M:loadavg
31        155 0.0150 0.0105 0.0132 0.0000
10        M:diskfree
34        155 88.0000 61.6000 73.6451 0.0000
12        M:otherprocs
31        155 7.0000 4.9000 5.9161 0.0000
11        M:rootprocs
34        155 97.0000 67.9000 81.1560 0.0000
7         M:users
31        155 6.5000 4.5500 5.4544 0.0000
# send QUERY complete successful
