# delta from 1679685918 to 1679685979 at 1679685979
22        CFR: 0 1679685978 1770
3         PRD
60        Packing reports: delta,0.036005,0.129634,0.128514,1679685919
83        Sample(/proc/sys/kernel/random/entropy_avail),0.005045,0.002545,0.002549,1679685922
3         EXS
16        f,296,1679685823
3         MOM
15        M:entropy_avail
41        1385 3022.0000 2115.4000 2528.3866 0.0000
12        M:mem_cached
41        1385 1711.8789 1198.3152 1432.2607 0.0000
10        M:mem_free
39        1385 12759.6016 8931.7211 0.0000 0.0000
11        M:mem_total
40        1385 14875.9336 10413.1535 0.0000 0.0000
16        M:io_writtendata
32        1385 0.1133 0.0793 0.0948 0.0000
11        M:io_writes
32        1385 6.0000 4.2000 5.0200 0.0000
6         M:cpu3
32        1385 2.3299 1.6309 1.9493 0.0000
6         M:cpu2
32        1385 1.4045 0.9832 1.1751 0.0000
6         M:cpu1
32        1385 1.3384 0.9369 1.1198 0.0000
6         M:cpu0
32        1385 1.2854 0.8998 1.0754 0.0000
5         M:cpu
32        1385 1.5847 1.1093 1.3258 0.0000
10        M:messages
40        1385 1326.0000 928.2000 1109.4112 0.0000
8         M:ssh_in
32        1385 2.0000 1.4000 1.6733 0.0000
9         M:smtp_in
32        1385 2.0000 1.4000 1.6733 0.0000
13        M:cfengine_in
32        1385 1.0000 0.7000 0.8367 0.0000
10        M:diskfree
35        1385 86.0000 60.2000 71.9528 0.0000
12        M:otherprocs
34        1385 13.0000 9.1000 10.8766 0.0000
11        M:rootprocs
35        1385 97.0000 67.9000 81.1560 0.0000
7         M:users
32        1385 6.0000 4.2000 5.0200 0.0000
3         MOY
15        M:entropy_avail
40        155 3071.5000 2467.2550 4839.3563 0.0000
12        M:mem_cached
38        155 1098.6758 945.6121 469.4713 0.0000
16        M:io_writtendata
31        155 0.0303 0.0327 0.0303 0.0000
11        M:io_writes
31        155 1.0000 1.3300 1.5556 0.0000
6         M:cpu3
31        155 0.0965 0.2074 0.6379 0.0000
6         M:cpu2
31        155 0.0899 0.2572 0.9414 0.0000
6         M:cpu1
31        155 0.0999 0.2573 0.8754 0.0000
6         M:cpu0
31        155 0.1764 0.2613 0.5270 0.0000
5         M:cpu
31        155 0.1157 0.2456 0.7663 0.0000
10        M:messages
37        155 113.5000 275.9050 209.2837 0.0000
8         M:ssh_in
31        155 2.0000 1.6100 1.2570 0.0000
9         M:smtp_in
31        155 2.0000 1.6100 1.2570 0.0000
13        M:cfengine_in
31        155 1.0000 0.9100 0.6557 0.0000
9         M:loadavg
31        155 0.0100 0.0112 0.0241 0.0000
10        M:diskfree
34        155 88.0000 70.6300 56.2834 0.0000
12        M:otherprocs
31        155 6.0000 5.5650 4.1719 0.0000
11        M:rootprocs
34        155 96.5000 77.6300 60.8923 0.0000
7         M:users
31        155 6.0000 4.8300 3.7709 0.0000
# send QUERY complete successful
