# delta from 1679690118 to 1679690179 at 1679690179
22        CFR: 0 1679690178 1810
3         PRD
60        Packing reports: delta,0.024548,0.060258,0.059278,1679690119
83        Sample(/proc/sys/kernel/random/entropy_avail),0.004882,0.002383,0.002170,1679690129
3         EXS
16        f,293,1679689988
3         MOM
15        M:entropy_avail
41        1399 2992.0000 2094.4000 2503.2868 0.0000
12        M:mem_cached
41        1399 1724.7891 1207.3523 1443.0621 0.0000
10        M:mem_free
39        1399 12754.1680 8927.9176 0.0000 0.0000
11        M:mem_total
40        1399 14875.9336 10413.1535 0.0000 0.0000
16        M:io_writtendata
32        1399 0.1143 0.0800 0.0956 0.0000
11        M:io_writes
32        1399 6.0000 4.2000 5.0200 0.0000
6         M:cpu3
32        1399 1.8708 1.3096 1.5653 0.0000
6         M:cpu2
32        1399 2.2768 1.5938 1.9049 0.0000
6         M:cpu1
32        1399 1.0990 0.7693 0.9195 0.0000
6         M:cpu0
32        1399 0.9991 0.6994 0.8359 0.0000
5         M:cpu
32        1399 1.5616 1.0931 1.3065 0.0000
10        M:messages
41        1399 1565.0000 1095.5000 1309.3729 0.0000
8         M:ssh_in
32        1399 2.0000 1.4000 1.6733 0.0000
9         M:smtp_in
32        1399 2.0000 1.4000 1.6733 0.0000
13        M:cfengine_in
32        1399 1.0000 0.7000 0.8367 0.0000
9         M:loadavg
32        1399 0.0100 0.0070 0.0084 0.0000
10        M:diskfree
35        1399 86.0000 60.2000 71.9528 0.0000
12        M:otherprocs
32        1399 6.0000 4.2000 5.0200 0.0000
11        M:rootprocs
35        1399 97.0000 67.9000 81.1560 0.0000
7         M:users
32        1399 6.0000 4.2000 5.0200 0.0000
3         MOY
15        M:entropy_avail
40        155 3071.5000 2467.2550 4839.3563 0.0000
12        M:mem_cached
38        155 1098.6758 945.6121 469.4713 0.0000
16        M:io_writtendata
31        155 0.0303 0.0327 0.0303 0.0000
11        M:io_writes
31        155 1.0000 1.3300 1.5556 0.0000
6         M:cpu3
31        155 0.0965 0.2074 0.6379 0.0000
6         M:cpu2
31        155 0.0899 0.2572 0.9414 0.0000
6         M:cpu1
31        155 0.0999 0.2573 0.8754 0.0000
6         M:cpu0
31        155 0.1764 0.2613 0.5270 0.0000
5         M:cpu
31        155 0.1157 0.2456 0.7663 0.0000
10        M:messages
37        155 113.5000 275.9050 209.2837 0.0000
8         M:ssh_in
31        155 2.0000 1.6100 1.2570 0.0000
9         M:smtp_in
31        155 2.0000 1.6100 1.2570 0.0000
13        M:cfengine_in
31        155 1.0000 0.9100 0.6557 0.0000
9         M:loadavg
31        155 0.0100 0.0112 0.0241 0.0000
10        M:diskfree
34        155 88.0000 70.6300 56.2834 0.0000
12        M:otherprocs
31        155 6.0000 5.5650 4.1719 0.0000
11        M:rootprocs
34        155 96.5000 77.6300 60.8923 0.0000
7         M:users
31        155 6.0000 4.8300 3.7709 0.0000
# send QUERY complete successful
