# delta from 1679753063 to 1679753124 at 1679753124
22        CFR: 0 1679753123 1810
3         PRD
60        Packing reports: delta,0.025393,0.064479,0.066958,1679753064
83        Sample(/proc/sys/kernel/random/entropy_avail),0.004917,0.002417,0.002374,1679753095
3         EXS
16        f,293,1679752994
3         MOM
15        M:entropy_avail
41        1608 3153.0000 2838.9900 1046.7000 0.0000
12        M:mem_cached
40        1608 1931.8984 1757.8315 580.2230 0.0000
10        M:mem_free
40        1608 12526.9766 11400.2755 0.0000 0.0000
11        M:mem_total
40        1608 14875.9336 13537.0996 0.0000 0.0000
16        M:io_writtendata
32        1608 0.1025 0.0783 0.0690 0.0000
11        M:io_writes
32        1608 6.0000 4.6200 3.9563 0.0000
6         M:cpu3
32        1608 2.0704 1.4870 1.6291 0.0000
6         M:cpu2
32        1608 1.0917 0.7725 0.8901 0.0000
6         M:cpu1
32        1608 1.3054 0.9417 1.0160 0.0000
6         M:cpu0
32        1608 1.6185 1.1679 1.2590 0.0000
5         M:cpu
32        1608 1.5215 1.0920 1.1994 0.0000
10        M:messages
41        1608 1576.0000 1198.9600 1072.0769 0.0000
8         M:ssh_in
32        1608 2.0000 1.8200 0.6000 0.0000
9         M:smtp_in
32        1608 2.0000 1.8200 0.6000 0.0000
13        M:cfengine_in
32        1608 1.0000 1.1200 0.4000 0.0000
9         M:loadavg
32        1608 0.0300 0.0210 0.0251 0.0000
10        M:diskfree
35        1608 85.0000 77.3500 25.5000 0.0000
12        M:otherprocs
32        1608 8.0000 6.8600 4.2033 0.0000
11        M:rootprocs
35        1608 96.0000 87.3600 28.8000 0.0000
7         M:users
32        1608 6.0000 5.4600 1.8000 0.0000
3         MOY
15        M:entropy_avail
40        155 3071.5000 2467.2550 4839.3563 0.0000
12        M:mem_cached
38        155 1098.6758 945.6121 469.4713 0.0000
16        M:io_writtendata
31        155 0.0303 0.0327 0.0303 0.0000
11        M:io_writes
31        155 1.0000 1.3300 1.5556 0.0000
6         M:cpu3
31        155 0.0965 0.2074 0.6379 0.0000
6         M:cpu2
31        155 0.0899 0.2572 0.9414 0.0000
6         M:cpu1
31        155 0.0999 0.2573 0.8754 0.0000
6         M:cpu0
31        155 0.1764 0.2613 0.5270 0.0000
5         M:cpu
31        155 0.1157 0.2456 0.7663 0.0000
10        M:messages
37        155 113.5000 275.9050 209.2837 0.0000
8         M:ssh_in
31        155 2.0000 1.6100 1.2570 0.0000
9         M:smtp_in
31        155 2.0000 1.6100 1.2570 0.0000
13        M:cfengine_in
31        155 1.0000 0.9100 0.6557 0.0000
9         M:loadavg
31        155 0.0100 0.0112 0.0241 0.0000
10        M:diskfree
34        155 88.0000 70.6300 56.2834 0.0000
12        M:otherprocs
31        155 6.0000 5.5650 4.1719 0.0000
11        M:rootprocs
34        155 96.5000 77.6300 60.8923 0.0000
7         M:users
31        155 6.0000 4.8300 3.7709 0.0000
# send QUERY complete successful
