# delta from 1679685258 to 1679685319 at 1679685319
22        CFR: 0 1679685318 1723
3         PRD
60        Packing reports: delta,0.035765,0.127912,0.131935,1679685259
3         EXS
16        f,335,1679685237
3         MOM
15        M:entropy_avail
41        1382 3136.0000 2833.1800 1009.4000 0.0000
12        M:mem_cached
40        1382 1709.2109 1555.3779 512.7770 0.0000
10        M:mem_free
40        1382 12770.8789 11621.3833 0.0000 0.0000
11        M:mem_total
40        1382 14875.9336 13537.0996 0.0000 0.0000
16        M:io_writtendata
32        1382 0.0303 0.0460 0.0524 0.0000
11        M:io_writes
32        1382 2.0000 2.6600 2.2000 0.0000
6         M:cpu3
32        1382 0.1198 0.5104 1.4326 0.0000
6         M:cpu2
32        1382 0.0999 0.4348 1.2276 0.0000
6         M:cpu1
32        1382 0.1065 0.3836 1.0258 0.0000
6         M:cpu0
32        1382 0.1398 0.3594 0.7321 0.0000
5         M:cpu
32        1382 0.1165 0.4224 1.1319 0.0000
10        M:messages
37        1382 0.0000 430.9200 1525.9487 0.0000
8         M:ssh_in
32        1382 3.0000 2.5200 1.6223 0.0000
9         M:smtp_in
32        1382 2.0000 1.8200 0.6000 0.0000
13        M:cfengine_in
32        1382 2.0000 1.6100 1.1803 0.0000
9         M:loadavg
32        1382 0.0000 0.0063 0.0223 0.0000
10        M:diskfree
35        1382 86.0000 78.2600 25.8000 0.0000
12        M:otherprocs
32        1382 6.0000 5.4600 1.8000 0.0000
11        M:rootprocs
35        1382 97.0000 88.2700 29.1000 0.0000
7         M:users
32        1382 6.0000 5.4600 1.8000 0.0000
3         MOY
15        M:entropy_avail
40        155 3071.5000 2467.2550 4839.3563 0.0000
12        M:mem_cached
38        155 1098.6758 945.6121 469.4713 0.0000
16        M:io_writtendata
31        155 0.0303 0.0327 0.0303 0.0000
11        M:io_writes
31        155 1.0000 1.3300 1.5556 0.0000
6         M:cpu3
31        155 0.0965 0.2074 0.6379 0.0000
6         M:cpu2
31        155 0.0899 0.2572 0.9414 0.0000
6         M:cpu1
31        155 0.0999 0.2573 0.8754 0.0000
6         M:cpu0
31        155 0.1764 0.2613 0.5270 0.0000
5         M:cpu
31        155 0.1157 0.2456 0.7663 0.0000
10        M:messages
37        155 113.5000 275.9050 209.2837 0.0000
8         M:ssh_in
31        155 2.0000 1.6100 1.2570 0.0000
9         M:smtp_in
31        155 2.0000 1.6100 1.2570 0.0000
13        M:cfengine_in
31        155 1.0000 0.9100 0.6557 0.0000
9         M:loadavg
31        155 0.0100 0.0112 0.0241 0.0000
10        M:diskfree
34        155 88.0000 70.6300 56.2834 0.0000
12        M:otherprocs
31        155 6.0000 5.5650 4.1719 0.0000
11        M:rootprocs
34        155 96.5000 77.6300 60.8923 0.0000
7         M:users
31        155 6.0000 4.8300 3.7709 0.0000
# send QUERY complete successful
