# delta from 1679757563 to 1679757624 at 1679757624
22        CFR: 0 1679757623 2458
3         PRD
60        Packing reports: delta,0.032395,0.104943,0.108950,1679757564
83        Sample(/proc/sys/kernel/random/entropy_avail),0.005323,0.002834,0.002969,1679757603
3         EXS
16        f,294,1679757512
3         MOM
15        M:entropy_avail
40        1623 3004.0000 2767.2400 660.2921 0.0000
38        1624 3171.0000 2219.7000 0.0000 0.0000
12        M:mem_cached
40        1623 1944.7852 1769.7619 583.4109 0.0000
41        1624 1945.7070 1361.9949 1627.8953 0.0000
10        M:mem_free
40        1623 12515.2617 11386.4231 0.0000 0.0000
39        1624 12505.5195 8753.8637 0.0000 0.0000
11        M:mem_total
40        1623 14875.9336 13537.0996 0.0000 0.0000
40        1624 14875.9336 10413.1535 0.0000 0.0000
16        M:io_writtendata
32        1623 0.0400 0.0500 0.0331 0.0000
32        1624 0.1240 0.0868 0.1038 0.0000
11        M:io_writes
32        1623 2.0000 2.2400 0.8000 0.0000
32        1624 8.0000 5.6000 6.6933 0.0000
6         M:cpu3
32        1623 0.0466 0.2828 0.8557 0.0000
32        1624 2.3973 1.6781 2.0057 0.0000
6         M:cpu2
32        1623 0.1265 0.5106 1.4130 0.0000
32        1624 2.0706 1.4494 1.7324 0.0000
6         M:cpu1
32        1623 0.1531 0.4666 1.1745 0.0000
32        1624 1.0592 0.7414 0.8862 0.0000
6         M:cpu0
32        1623 0.2330 0.4316 0.6621 0.0000
32        1624 1.2523 0.8766 1.0478 0.0000
5         M:cpu
32        1623 0.1365 0.4210 1.0648 0.0000
32        1624 1.6982 1.1888 1.4208 0.0000
10        M:messages
36        1623 0.0000 276.5700 979.3735 0.0000
40        1624 1323.0000 926.1000 1106.9012 0.0000
8         M:ssh_in
32        1623 2.0000 2.0300 0.1000 0.0000
32        1624 3.0000 2.1000 2.5100 0.0000
9         M:smtp_in
32        1623 2.0000 1.8200 0.6000 0.0000
32        1624 2.0000 1.4000 1.6733 0.0000
13        M:cfengine_in
32        1623 2.0000 1.6100 1.1803 0.0000
32        1624 1.0000 0.7000 0.8367 0.0000
9         M:loadavg
32        1624 0.0400 0.0280 0.0335 0.0000
10        M:diskfree
35        1623 84.0000 76.4400 25.2000 0.0000
35        1624 84.0000 58.8000 70.2794 0.0000
12        M:otherprocs
32        1623 6.0000 7.1400 3.8000 0.0000
34        1624 13.0000 9.1000 10.8766 0.0000
11        M:rootprocs
35        1623 98.0000 89.3900 28.7000 0.0000
35        1624 97.0000 67.9000 81.1560 0.0000
7         M:users
32        1623 6.0000 5.6700 1.1000 0.0000
32        1624 6.0000 4.2000 5.0200 0.0000
3         MOY
15        M:entropy_avail
40        155 3071.5000 2467.2550 4839.3563 0.0000
12        M:mem_cached
38        155 1098.6758 945.6121 469.4713 0.0000
16        M:io_writtendata
31        155 0.0303 0.0327 0.0303 0.0000
11        M:io_writes
31        155 1.0000 1.3300 1.5556 0.0000
6         M:cpu3
31        155 0.0965 0.2074 0.6379 0.0000
6         M:cpu2
31        155 0.0899 0.2572 0.9414 0.0000
6         M:cpu1
31        155 0.0999 0.2573 0.8754 0.0000
6         M:cpu0
31        155 0.1764 0.2613 0.5270 0.0000
5         M:cpu
31        155 0.1157 0.2456 0.7663 0.0000
10        M:messages
37        155 113.5000 275.9050 209.2837 0.0000
8         M:ssh_in
31        155 2.0000 1.6100 1.2570 0.0000
9         M:smtp_in
31        155 2.0000 1.6100 1.2570 0.0000
13        M:cfengine_in
31        155 1.0000 0.9100 0.6557 0.0000
9         M:loadavg
31        155 0.0100 0.0112 0.0241 0.0000
10        M:diskfree
34        155 88.0000 70.6300 56.2834 0.0000
12        M:otherprocs
31        155 6.0000 5.5650 4.1719 0.0000
11        M:rootprocs
34        155 96.5000 77.6300 60.8923 0.0000
7         M:users
31        155 6.0000 4.8300 3.7709 0.0000
# send QUERY complete successful
