# delta from 1679757324 to 1679757384 at 1679757384
22        CFR: 0 1679757383 1684
3         PRD
60        Packing reports: delta,0.032372,0.104797,0.106737,1679757325
3         EXS
16        f,294,1679757218
3         MOM
15        M:entropy_avail
38        1623 3164.0000 2214.8000 0.0000 0.0000
12        M:mem_cached
41        1623 1944.8203 1361.3742 1627.1534 0.0000
10        M:mem_free
39        1623 12503.5234 8752.4664 0.0000 0.0000
11        M:mem_total
40        1623 14875.9336 10413.1535 0.0000 0.0000
16        M:io_writtendata
32        1623 0.1045 0.0731 0.0874 0.0000
11        M:io_writes
32        1623 4.0000 2.8000 3.3466 0.0000
6         M:cpu3
32        1623 1.1916 0.8341 0.9970 0.0000
6         M:cpu2
32        1623 2.0101 1.4071 1.6818 0.0000
6         M:cpu1
32        1623 1.7115 1.1981 1.4320 0.0000
6         M:cpu0
32        1623 1.2787 0.8951 1.0699 0.0000
5         M:cpu
32        1623 1.5497 1.0848 1.2966 0.0000
10        M:messages
40        1623 1317.0000 921.9000 1101.8813 0.0000
8         M:ssh_in
32        1623 3.0000 2.1000 2.5100 0.0000
9         M:smtp_in
32        1623 2.0000 1.4000 1.6733 0.0000
13        M:cfengine_in
32        1623 1.0000 0.7000 0.8367 0.0000
10        M:diskfree
35        1623 84.0000 58.8000 70.2794 0.0000
12        M:otherprocs
34        1623 14.0000 9.8000 11.7132 0.0000
11        M:rootprocs
35        1623 99.0000 69.3000 82.8293 0.0000
7         M:users
32        1623 7.0000 4.9000 5.8566 0.0000
3         MOY
15        M:entropy_avail
40        155 3071.5000 2467.2550 4839.3563 0.0000
12        M:mem_cached
38        155 1098.6758 945.6121 469.4713 0.0000
16        M:io_writtendata
31        155 0.0303 0.0327 0.0303 0.0000
11        M:io_writes
31        155 1.0000 1.3300 1.5556 0.0000
6         M:cpu3
31        155 0.0965 0.2074 0.6379 0.0000
6         M:cpu2
31        155 0.0899 0.2572 0.9414 0.0000
6         M:cpu1
31        155 0.0999 0.2573 0.8754 0.0000
6         M:cpu0
31        155 0.1764 0.2613 0.5270 0.0000
5         M:cpu
31        155 0.1157 0.2456 0.7663 0.0000
10        M:messages
37        155 113.5000 275.9050 209.2837 0.0000
8         M:ssh_in
31        155 2.0000 1.6100 1.2570 0.0000
9         M:smtp_in
31        155 2.0000 1.6100 1.2570 0.0000
13        M:cfengine_in
31        155 1.0000 0.9100 0.6557 0.0000
9         M:loadavg
31        155 0.0100 0.0112 0.0241 0.0000
10        M:diskfree
34        155 88.0000 70.6300 56.2834 0.0000
12        M:otherprocs
31        155 6.0000 5.5650 4.1719 0.0000
11        M:rootprocs
34        155 96.5000 77.6300 60.8923 0.0000
7         M:users
31        155 6.0000 4.8300 3.7709 0.0000
# send QUERY complete successful
