# delta from 1679663958 to 1679664019 at 1679664019
22        CFR: 0 1679664018 1808
3         PRD
60        Packing reports: delta,0.039903,0.159227,0.158619,1679663959
83        Sample(/proc/sys/kernel/random/entropy_avail),0.004845,0.002347,0.002354,1679663983
3         EXS
16        f,503,1679663881
3         MOM
15        M:entropy_avail
40        1311 3055.0000 2802.3100 842.3000 0.0000
12        M:mem_cached
40        1311 1638.2109 1490.6005 492.0348 0.0000
10        M:mem_free
40        1311 12842.5508 11687.5062 0.0000 0.0000
11        M:mem_total
40        1311 14875.9336 13537.0996 0.0000 0.0000
16        M:io_writtendata
32        1311 0.1309 0.1002 0.0875 0.0000
11        M:io_writes
32        1311 6.0000 4.2000 5.0200 0.0000
6         M:cpu3
32        1311 1.9639 1.3915 1.5968 0.0000
6         M:cpu2
32        1311 1.6376 1.1701 1.3049 0.0000
6         M:cpu1
32        1311 0.9993 0.7345 0.7425 0.0000
6         M:cpu0
32        1311 2.0112 1.4554 1.5536 0.0000
5         M:cpu
32        1311 1.6531 1.1883 1.2981 0.0000
10        M:messages
39        1311 1341.0000 986.3700 994.4714 0.0000
8         M:ssh_in
32        1311 2.0000 1.8200 0.6000 0.0000
9         M:smtp_in
32        1311 2.0000 1.8200 0.6000 0.0000
13        M:cfengine_in
32        1311 1.0000 0.9100 0.3000 0.0000
9         M:loadavg
32        1311 0.0300 0.0210 0.0251 0.0000
10        M:diskfree
35        1311 86.0000 78.2600 25.8000 0.0000
12        M:otherprocs
32        1311 8.0000 6.8600 4.2033 0.0000
11        M:rootprocs
35        1311 96.0000 87.3600 28.8000 0.0000
7         M:users
32        1311 6.0000 5.4600 1.8000 0.0000
3         MOY
15        M:entropy_avail
40        155 3143.0000 2200.1000 2133.3412 0.0000
12        M:mem_cached
39        155 1072.1270 750.4889 1546.6490 0.0000
16        M:io_writtendata
31        155 0.0361 0.0253 0.0323 0.0000
11        M:io_writes
31        155 1.0000 0.7000 1.1832 0.0000
6         M:cpu3
31        155 0.1065 0.0746 0.0996 0.0000
6         M:cpu2
31        155 0.0732 0.0513 0.0673 0.0000
6         M:cpu1
31        155 0.1165 0.0816 0.1084 0.0000
6         M:cpu0
31        155 0.2164 0.1515 0.1858 0.0000
5         M:cpu
31        155 0.1298 0.0909 0.1118 0.0000
10        M:messages
37        155 227.0000 158.9000 189.9218 0.0000
8         M:ssh_in
31        155 2.5000 1.7500 2.1331 0.0000
9         M:smtp_in
31        155 2.0000 1.4000 1.6733 0.0000
13        M:cfengine_in
31        155 1.0000 0.7000 0.8367 0.0000
9         M:loadavg
31        155 0.0150 0.0105 0.0132 0.0000
10        M:diskfree
34        155 88.0000 61.6000 73.6451 0.0000
12        M:otherprocs
31        155 7.0000 4.9000 5.9161 0.0000
11        M:rootprocs
34        155 97.0000 67.9000 81.1560 0.0000
7         M:users
31        155 6.5000 4.5500 5.4544 0.0000
# send QUERY complete successful
