# delta from 1679709978 to 1679710040 at 1679710040
22        CFR: 0 1679710039 1724
3         PRD
60        Packing reports: delta,0.024103,0.058096,0.056414,1679709979
3         EXS
16        f,294,1679709817
3         MOM
15        M:entropy_avail
41        1465 3039.0000 2127.3000 2542.6098 0.0000
12        M:mem_cached
41        1465 1784.3125 1249.0187 1492.8629 0.0000
10        M:mem_free
39        1465 12689.9375 8882.9562 0.0000 0.0000
11        M:mem_total
40        1465 14875.9336 10413.1535 0.0000 0.0000
16        M:io_writtendata
32        1465 0.0889 0.0622 0.0744 0.0000
11        M:io_writes
32        1465 4.0000 2.8000 3.3466 0.0000
6         M:cpu3
32        1465 0.6611 0.4628 0.5531 0.0000
6         M:cpu2
32        1465 0.2049 0.1434 0.1714 0.0000
6         M:cpu1
32        1465 0.5819 0.4073 0.4868 0.0000
6         M:cpu0
32        1465 0.3306 0.2314 0.2766 0.0000
5         M:cpu
32        1465 0.4479 0.3135 0.3747 0.0000
10        M:messages
38        1465 677.0000 473.9000 566.4188 0.0000
8         M:ssh_in
32        1465 2.0000 1.4000 1.6733 0.0000
9         M:smtp_in
32        1465 2.0000 1.4000 1.6733 0.0000
13        M:cfengine_in
32        1465 1.0000 0.7000 0.8367 0.0000
9         M:loadavg
32        1465 0.0100 0.0070 0.0084 0.0000
10        M:diskfree
35        1465 85.0000 59.5000 71.1161 0.0000
12        M:otherprocs
32        1465 6.0000 4.2000 5.0200 0.0000
11        M:rootprocs
35        1465 97.0000 67.9000 81.1560 0.0000
7         M:users
32        1465 6.0000 4.2000 5.0200 0.0000
3         MOY
15        M:entropy_avail
40        155 3071.5000 2467.2550 4839.3563 0.0000
12        M:mem_cached
38        155 1098.6758 945.6121 469.4713 0.0000
16        M:io_writtendata
31        155 0.0303 0.0327 0.0303 0.0000
11        M:io_writes
31        155 1.0000 1.3300 1.5556 0.0000
6         M:cpu3
31        155 0.0965 0.2074 0.6379 0.0000
6         M:cpu2
31        155 0.0899 0.2572 0.9414 0.0000
6         M:cpu1
31        155 0.0999 0.2573 0.8754 0.0000
6         M:cpu0
31        155 0.1764 0.2613 0.5270 0.0000
5         M:cpu
31        155 0.1157 0.2456 0.7663 0.0000
10        M:messages
37        155 113.5000 275.9050 209.2837 0.0000
8         M:ssh_in
31        155 2.0000 1.6100 1.2570 0.0000
9         M:smtp_in
31        155 2.0000 1.6100 1.2570 0.0000
13        M:cfengine_in
31        155 1.0000 0.9100 0.6557 0.0000
9         M:loadavg
31        155 0.0100 0.0112 0.0241 0.0000
10        M:diskfree
34        155 88.0000 70.6300 56.2834 0.0000
12        M:otherprocs
31        155 6.0000 5.5650 4.1719 0.0000
11        M:rootprocs
34        155 96.5000 77.6300 60.8923 0.0000
7         M:users
31        155 6.0000 4.8300 3.7709 0.0000
# send QUERY complete successful
