# delta from 1679680638 to 1679680699 at 1679680699
22        CFR: 0 1679680698 1806
3         PRD
60        Packing reports: delta,0.033159,0.109951,0.109624,1679680639
83        Sample(/proc/sys/kernel/random/entropy_avail),0.004921,0.002421,0.002375,1679680662
3         EXS
16        f,296,1679680426
3         MOM
15        M:entropy_avail
41        1367 3167.0000 2860.7600 1020.8000 0.0000
12        M:mem_cached
40        1367 1687.6797 1535.7852 506.3148 0.0000
10        M:mem_free
40        1367 12792.8008 11639.6736 0.0000 0.0000
11        M:mem_total
40        1367 14875.9336 13537.0996 0.0000 0.0000
16        M:io_writtendata
32        1367 0.0391 0.0505 0.0382 0.0000
11        M:io_writes
32        1367 2.0000 2.6600 2.2000 0.0000
6         M:cpu3
32        1367 0.0466 0.4758 1.5389 0.0000
6         M:cpu2
32        1367 0.1265 0.4101 1.0573 0.0000
6         M:cpu1
32        1367 0.1265 0.4046 1.0378 0.0000
6         M:cpu0
32        1367 0.2597 0.4084 0.4956 0.0000
5         M:cpu
32        1367 0.1398 0.4251 1.0690 0.0000
10        M:messages
37        1367 0.0000 329.4900 1166.7707 0.0000
8         M:ssh_in
32        1367 2.0000 1.8200 0.6000 0.0000
9         M:smtp_in
32        1367 2.0000 1.8200 0.6000 0.0000
13        M:cfengine_in
32        1367 1.0000 0.9100 0.3000 0.0000
9         M:loadavg
32        1367 0.0000 0.0084 0.0297 0.0000
10        M:diskfree
35        1367 86.0000 78.2600 25.8000 0.0000
12        M:otherprocs
32        1367 6.0000 6.9300 3.1000 0.0000
11        M:rootprocs
35        1367 97.0000 88.2700 29.1000 0.0000
7         M:users
32        1367 6.0000 5.4600 1.8000 0.0000
3         MOY
15        M:entropy_avail
40        155 3071.5000 2467.2550 4839.3563 0.0000
12        M:mem_cached
38        155 1098.6758 945.6121 469.4713 0.0000
16        M:io_writtendata
31        155 0.0303 0.0327 0.0303 0.0000
11        M:io_writes
31        155 1.0000 1.3300 1.5556 0.0000
6         M:cpu3
31        155 0.0965 0.2074 0.6379 0.0000
6         M:cpu2
31        155 0.0899 0.2572 0.9414 0.0000
6         M:cpu1
31        155 0.0999 0.2573 0.8754 0.0000
6         M:cpu0
31        155 0.1764 0.2613 0.5270 0.0000
5         M:cpu
31        155 0.1157 0.2456 0.7663 0.0000
10        M:messages
37        155 113.5000 275.9050 209.2837 0.0000
8         M:ssh_in
31        155 2.0000 1.6100 1.2570 0.0000
9         M:smtp_in
31        155 2.0000 1.6100 1.2570 0.0000
13        M:cfengine_in
31        155 1.0000 0.9100 0.6557 0.0000
9         M:loadavg
31        155 0.0100 0.0112 0.0241 0.0000
10        M:diskfree
34        155 88.0000 70.6300 56.2834 0.0000
12        M:otherprocs
31        155 6.0000 5.5650 4.1719 0.0000
11        M:rootprocs
34        155 96.5000 77.6300 60.8923 0.0000
7         M:users
31        155 6.0000 4.8300 3.7709 0.0000
# send QUERY complete successful
