# delta from 1679757863 to 1679757924 at 1679757924
22        CFR: 0 1679757923 2494
3         PRD
60        Packing reports: delta,0.032589,0.106205,0.110320,1679757864
83        Sample(/proc/sys/kernel/random/entropy_avail),0.005157,0.002660,0.002587,1679757904
3         EXS
16        f,293,1679757805
3         MOM
15        M:entropy_avail
40        1624 3002.0000 2767.3100 654.5191 0.0000
41        1625 3159.0000 2211.3000 2643.0090 0.0000
12        M:mem_cached
40        1624 1945.6602 1770.5606 583.6652 0.0000
41        1625 1946.6133 1362.6293 1628.6535 0.0000
10        M:mem_free
40        1624 12515.1797 11386.7849 0.0000 0.0000
39        1625 12504.3477 8753.0434 0.0000 0.0000
11        M:mem_total
40        1624 14875.9336 13537.0996 0.0000 0.0000
40        1625 14875.9336 10413.1535 0.0000 0.0000
16        M:io_writtendata
32        1624 0.0371 0.0520 0.0497 0.0000
32        1625 0.1162 0.0813 0.0972 0.0000
11        M:io_writes
32        1624 2.0000 3.0800 3.6000 0.0000
32        1625 6.0000 4.2000 5.0200 0.0000
6         M:cpu3
32        1624 0.0998 0.5733 1.7177 0.0000
32        1625 1.4647 1.0253 1.2255 0.0000
6         M:cpu2
32        1624 0.0932 0.5000 1.4791 0.0000
32        1625 1.7574 1.2302 1.4704 0.0000
6         M:cpu1
32        1624 0.1930 0.3575 0.5484 0.0000
32        1625 1.9382 1.3567 1.6216 0.0000
6         M:cpu0
32        1624 0.1665 0.3795 0.7102 0.0000
32        1625 1.1855 0.8298 0.9918 0.0000
5         M:cpu
32        1624 0.1365 0.4522 1.1750 0.0000
32        1625 1.5848 1.1094 1.3259 0.0000
10        M:messages
36        1624 0.0000 277.8300 983.8353 0.0000
41        1625 1566.0000 1096.2000 1310.2096 0.0000
8         M:ssh_in
32        1624 2.0000 2.0300 0.1000 0.0000
32        1625 2.0000 1.4000 1.6733 0.0000
9         M:smtp_in
32        1624 2.0000 1.8200 0.6000 0.0000
32        1625 2.0000 1.4000 1.6733 0.0000
13        M:cfengine_in
32        1624 1.0000 0.9100 0.3000 0.0000
32        1625 1.0000 0.7000 0.8367 0.0000
9         M:loadavg
32        1624 0.0000 0.0084 0.0297 0.0000
32        1625 0.0500 0.0350 0.0418 0.0000
10        M:diskfree
35        1624 84.0000 76.4400 25.2000 0.0000
35        1625 84.0000 58.8000 70.2794 0.0000
12        M:otherprocs
32        1624 6.0000 6.9300 3.1000 0.0000
34        1625 13.0000 9.1000 10.8766 0.0000
11        M:rootprocs
35        1624 96.0000 87.5700 28.1000 0.0000
35        1625 96.0000 67.2000 80.3194 0.0000
7         M:users
32        1624 6.0000 5.4600 1.8000 0.0000
32        1625 6.0000 4.2000 5.0200 0.0000
3         MOY
15        M:entropy_avail
40        155 3071.5000 2467.2550 4839.3563 0.0000
12        M:mem_cached
38        155 1098.6758 945.6121 469.4713 0.0000
16        M:io_writtendata
31        155 0.0303 0.0327 0.0303 0.0000
11        M:io_writes
31        155 1.0000 1.3300 1.5556 0.0000
6         M:cpu3
31        155 0.0965 0.2074 0.6379 0.0000
6         M:cpu2
31        155 0.0899 0.2572 0.9414 0.0000
6         M:cpu1
31        155 0.0999 0.2573 0.8754 0.0000
6         M:cpu0
31        155 0.1764 0.2613 0.5270 0.0000
5         M:cpu
31        155 0.1157 0.2456 0.7663 0.0000
10        M:messages
37        155 113.5000 275.9050 209.2837 0.0000
8         M:ssh_in
31        155 2.0000 1.6100 1.2570 0.0000
9         M:smtp_in
31        155 2.0000 1.6100 1.2570 0.0000
13        M:cfengine_in
31        155 1.0000 0.9100 0.6557 0.0000
9         M:loadavg
31        155 0.0100 0.0112 0.0241 0.0000
10        M:diskfree
34        155 88.0000 70.6300 56.2834 0.0000
12        M:otherprocs
31        155 6.0000 5.5650 4.1719 0.0000
11        M:rootprocs
34        155 96.5000 77.6300 60.8923 0.0000
7         M:users
31        155 6.0000 4.8300 3.7709 0.0000
# send QUERY complete successful
