# delta from 1679759243 to 1679759304 at 1679759304
22        CFR: 0 1679759303 1805
3         PRD
60        Packing reports: delta,0.033460,0.111956,0.111319,1679759244
83        Sample(/proc/sys/kernel/random/entropy_avail),0.005040,0.002540,0.002726,1679759256
3         EXS
16        f,335,1679759038
3         MOM
15        M:entropy_avail
40        1629 3008.0000 2771.3000 660.1248 0.0000
12        M:mem_cached
40        1629 1950.2188 1774.6958 585.0766 0.0000
10        M:mem_free
40        1629 12510.1172 11382.1714 0.0000 0.0000
11        M:mem_total
40        1629 14875.9336 13537.0996 0.0000 0.0000
16        M:io_writtendata
32        1629 0.0410 0.0523 0.0376 0.0000
11        M:io_writes
32        1629 2.0000 2.6600 2.2000 0.0000
6         M:cpu3
32        1629 0.0998 0.2544 0.5153 0.0000
6         M:cpu2
32        1629 0.1797 0.5493 1.3845 0.0000
6         M:cpu1
32        1629 0.0399 0.3161 0.9942 0.0000
6         M:cpu0
32        1629 0.2330 0.5911 1.1936 0.0000
5         M:cpu
32        1629 0.1398 0.4286 1.0814 0.0000
10        M:messages
37        1629 0.0000 330.3300 1169.7452 0.0000
8         M:ssh_in
32        1629 2.0000 1.8200 0.6000 0.0000
9         M:smtp_in
32        1629 2.0000 1.8200 0.6000 0.0000
13        M:cfengine_in
32        1629 2.0000 1.6100 1.1803 0.0000
9         M:loadavg
32        1629 0.0700 0.0595 0.0372 0.0000
10        M:diskfree
35        1629 84.0000 76.4400 25.2000 0.0000
12        M:otherprocs
32        1629 6.0000 6.9300 3.1000 0.0000
11        M:rootprocs
35        1629 96.0000 87.3600 28.8000 0.0000
7         M:users
32        1629 6.0000 5.4600 1.8000 0.0000
3         MOY
15        M:entropy_avail
40        155 3071.5000 2467.2550 4839.3563 0.0000
12        M:mem_cached
38        155 1098.6758 945.6121 469.4713 0.0000
16        M:io_writtendata
31        155 0.0303 0.0327 0.0303 0.0000
11        M:io_writes
31        155 1.0000 1.3300 1.5556 0.0000
6         M:cpu3
31        155 0.0965 0.2074 0.6379 0.0000
6         M:cpu2
31        155 0.0899 0.2572 0.9414 0.0000
6         M:cpu1
31        155 0.0999 0.2573 0.8754 0.0000
6         M:cpu0
31        155 0.1764 0.2613 0.5270 0.0000
5         M:cpu
31        155 0.1157 0.2456 0.7663 0.0000
10        M:messages
37        155 113.5000 275.9050 209.2837 0.0000
8         M:ssh_in
31        155 2.0000 1.6100 1.2570 0.0000
9         M:smtp_in
31        155 2.0000 1.6100 1.2570 0.0000
13        M:cfengine_in
31        155 1.0000 0.9100 0.6557 0.0000
9         M:loadavg
31        155 0.0100 0.0112 0.0241 0.0000
10        M:diskfree
34        155 88.0000 70.6300 56.2834 0.0000
12        M:otherprocs
31        155 6.0000 5.5650 4.1719 0.0000
11        M:rootprocs
34        155 96.5000 77.6300 60.8923 0.0000
7         M:users
31        155 6.0000 4.8300 3.7709 0.0000
# send QUERY complete successful
