# delta from 1679707038 to 1679707099 at 1679707099
22        CFR: 0 1679707098 1727
3         PRD
60        Packing reports: delta,0.037408,0.139938,0.139856,1679707039
3         EXS
16        f,296,1679706825
3         MOM
15        M:entropy_avail
41        1455 3034.0000 2123.8000 2538.4265 0.0000
12        M:mem_cached
41        1455 1775.3438 1242.7406 1485.3591 0.0000
10        M:mem_free
39        1455 12698.7148 8889.1004 0.0000 0.0000
11        M:mem_total
40        1455 14875.9336 10413.1535 0.0000 0.0000
16        M:io_writtendata
32        1455 0.1016 0.0711 0.0850 0.0000
11        M:io_writes
32        1455 4.0000 2.8000 3.3466 0.0000
6         M:cpu3
32        1455 2.5300 1.7710 2.1167 0.0000
6         M:cpu2
32        1455 0.7522 0.5265 0.6293 0.0000
6         M:cpu1
32        1455 1.6251 1.1376 1.3597 0.0000
6         M:cpu0
32        1455 1.3851 0.9696 1.1589 0.0000
5         M:cpu
32        1455 1.5731 1.1011 1.3161 0.0000
10        M:messages
41        1455 2113.0000 1479.1000 1767.8626 0.0000
8         M:ssh_in
32        1455 2.0000 1.4000 1.6733 0.0000
9         M:smtp_in
32        1455 2.0000 1.4000 1.6733 0.0000
13        M:cfengine_in
32        1455 1.0000 0.7000 0.8367 0.0000
9         M:loadavg
32        1455 0.0100 0.0070 0.0084 0.0000
10        M:diskfree
35        1455 86.0000 60.2000 71.9528 0.0000
12        M:otherprocs
32        1455 6.0000 4.2000 5.0200 0.0000
11        M:rootprocs
35        1455 97.0000 67.9000 81.1560 0.0000
7         M:users
32        1455 6.0000 4.2000 5.0200 0.0000
3         MOY
15        M:entropy_avail
40        155 3071.5000 2467.2550 4839.3563 0.0000
12        M:mem_cached
38        155 1098.6758 945.6121 469.4713 0.0000
16        M:io_writtendata
31        155 0.0303 0.0327 0.0303 0.0000
11        M:io_writes
31        155 1.0000 1.3300 1.5556 0.0000
6         M:cpu3
31        155 0.0965 0.2074 0.6379 0.0000
6         M:cpu2
31        155 0.0899 0.2572 0.9414 0.0000
6         M:cpu1
31        155 0.0999 0.2573 0.8754 0.0000
6         M:cpu0
31        155 0.1764 0.2613 0.5270 0.0000
5         M:cpu
31        155 0.1157 0.2456 0.7663 0.0000
10        M:messages
37        155 113.5000 275.9050 209.2837 0.0000
8         M:ssh_in
31        155 2.0000 1.6100 1.2570 0.0000
9         M:smtp_in
31        155 2.0000 1.6100 1.2570 0.0000
13        M:cfengine_in
31        155 1.0000 0.9100 0.6557 0.0000
9         M:loadavg
31        155 0.0100 0.0112 0.0241 0.0000
10        M:diskfree
34        155 88.0000 70.6300 56.2834 0.0000
12        M:otherprocs
31        155 6.0000 5.5650 4.1719 0.0000
11        M:rootprocs
34        155 96.5000 77.6300 60.8923 0.0000
7         M:users
31        155 6.0000 4.8300 3.7709 0.0000
# send QUERY complete successful
