# delta from 1679742498 to 1679742559 at 1679742559
22        CFR: 0 1679742558 1724
3         PRD
60        Packing reports: delta,0.035144,0.123508,0.128086,1679742499
3         EXS
16        f,292,1679742493
3         MOM
15        M:entropy_avail
41        1573 3087.0000 2160.9000 2582.7695 0.0000
12        M:mem_cached
41        1573 1890.6445 1323.4512 1581.8267 0.0000
10        M:mem_free
39        1573 12576.0664 8803.2465 0.0000 0.0000
11        M:mem_total
40        1573 14875.9336 10413.1535 0.0000 0.0000
16        M:io_writtendata
32        1573 0.0322 0.0226 0.0270 0.0000
11        M:io_writes
32        1573 2.0000 1.4000 1.6733 0.0000
6         M:cpu3
32        1573 0.1464 0.1025 0.1225 0.0000
6         M:cpu2
32        1573 0.0399 0.0280 0.0334 0.0000
6         M:cpu1
32        1573 0.1331 0.0932 0.1114 0.0000
6         M:cpu0
32        1573 0.1931 0.1351 0.1615 0.0000
5         M:cpu
32        1573 0.1248 0.0874 0.1044 0.0000
10        M:messages
38        1573 228.0000 159.6000 190.7585 0.0000
8         M:ssh_in
32        1573 2.0000 1.4000 1.6733 0.0000
9         M:smtp_in
32        1573 2.0000 1.4000 1.6733 0.0000
13        M:cfengine_in
32        1573 1.0000 0.7000 0.8367 0.0000
9         M:loadavg
32        1573 0.0100 0.0070 0.0084 0.0000
10        M:diskfree
35        1573 85.0000 59.5000 71.1161 0.0000
12        M:otherprocs
32        1573 6.0000 4.2000 5.0200 0.0000
11        M:rootprocs
35        1573 97.0000 67.9000 81.1560 0.0000
7         M:users
32        1573 6.0000 4.2000 5.0200 0.0000
3         MOY
15        M:entropy_avail
40        155 3071.5000 2467.2550 4839.3563 0.0000
12        M:mem_cached
38        155 1098.6758 945.6121 469.4713 0.0000
16        M:io_writtendata
31        155 0.0303 0.0327 0.0303 0.0000
11        M:io_writes
31        155 1.0000 1.3300 1.5556 0.0000
6         M:cpu3
31        155 0.0965 0.2074 0.6379 0.0000
6         M:cpu2
31        155 0.0899 0.2572 0.9414 0.0000
6         M:cpu1
31        155 0.0999 0.2573 0.8754 0.0000
6         M:cpu0
31        155 0.1764 0.2613 0.5270 0.0000
5         M:cpu
31        155 0.1157 0.2456 0.7663 0.0000
10        M:messages
37        155 113.5000 275.9050 209.2837 0.0000
8         M:ssh_in
31        155 2.0000 1.6100 1.2570 0.0000
9         M:smtp_in
31        155 2.0000 1.6100 1.2570 0.0000
13        M:cfengine_in
31        155 1.0000 0.9100 0.6557 0.0000
9         M:loadavg
31        155 0.0100 0.0112 0.0241 0.0000
10        M:diskfree
34        155 88.0000 70.6300 56.2834 0.0000
12        M:otherprocs
31        155 6.0000 5.5650 4.1719 0.0000
11        M:rootprocs
34        155 96.5000 77.6300 60.8923 0.0000
7         M:users
31        155 6.0000 4.8300 3.7709 0.0000
# send QUERY complete successful
