# delta from 1679674518 to 1679674580 at 1679674580
22        CFR: 0 1679674579 1728
3         PRD
60        Packing reports: delta,0.027532,0.075799,0.077275,1679674519
3         EXS
16        f,293,1679674383
3         MOM
15        M:entropy_avail
41        1347 3023.0000 2116.1000 2529.2233 0.0000
12        M:mem_cached
41        1347 1669.5117 1168.6582 1396.8137 0.0000
10        M:mem_free
39        1347 12811.8203 8968.2742 0.0000 0.0000
11        M:mem_total
40        1347 14875.9336 10413.1535 0.0000 0.0000
16        M:io_writtendata
32        1347 0.1143 0.0800 0.0956 0.0000
11        M:io_writes
32        1347 6.0000 4.2000 5.0200 0.0000
6         M:cpu3
32        1347 1.7711 1.2398 1.4818 0.0000
6         M:cpu2
32        1347 2.3034 1.6124 1.9272 0.0000
6         M:cpu1
32        1347 0.9793 0.6855 0.8193 0.0000
6         M:cpu0
32        1347 1.7184 1.2029 1.4377 0.0000
5         M:cpu
32        1347 1.6932 1.1853 1.4167 0.0000
10        M:messages
41        1347 2041.0000 1428.7000 1707.6231 0.0000
8         M:ssh_in
32        1347 2.0000 1.4000 1.6733 0.0000
9         M:smtp_in
32        1347 2.0000 1.4000 1.6733 0.0000
13        M:cfengine_in
32        1347 1.0000 0.7000 0.8367 0.0000
9         M:loadavg
32        1347 0.0200 0.0140 0.0167 0.0000
10        M:diskfree
35        1347 86.0000 60.2000 71.9528 0.0000
12        M:otherprocs
32        1347 6.0000 4.2000 5.0200 0.0000
11        M:rootprocs
35        1347 97.0000 67.9000 81.1560 0.0000
7         M:users
32        1347 6.0000 4.2000 5.0200 0.0000
3         MOY
15        M:entropy_avail
40        155 3080.5000 2156.3500 4850.7840 0.0000
12        M:mem_cached
39        155 1087.8438 761.4906 1568.4447 0.0000
16        M:io_writtendata
31        155 0.0293 0.0205 0.0252 0.0000
11        M:io_writes
31        155 1.0000 0.7000 1.1832 0.0000
6         M:cpu3
31        155 0.0766 0.0536 0.0669 0.0000
6         M:cpu2
31        155 0.0666 0.0466 0.0649 0.0000
6         M:cpu1
31        155 0.1332 0.0932 0.1272 0.0000
6         M:cpu0
31        155 0.1731 0.1212 0.1449 0.0000
5         M:cpu
31        155 0.1132 0.0792 0.0955 0.0000
10        M:messages
37        155 227.0000 158.9000 189.9218 0.0000
8         M:ssh_in
31        155 2.0000 1.4000 1.6733 0.0000
9         M:smtp_in
31        155 2.0000 1.4000 1.6733 0.0000
13        M:cfengine_in
31        155 1.0000 0.7000 0.8367 0.0000
9         M:loadavg
31        155 0.0100 0.0070 0.0118 0.0000
10        M:diskfree
34        155 88.0000 61.6000 73.6451 0.0000
12        M:otherprocs
31        155 6.0000 4.2000 5.0200 0.0000
11        M:rootprocs
34        155 97.0000 67.9000 81.1560 0.0000
7         M:users
31        155 6.0000 4.2000 5.0200 0.0000
# send QUERY complete successful
