# delta from 1679677338 to 1679677399 at 1679677399
22        CFR: 0 1679677398 1807
3         PRD
60        Packing reports: delta,0.030003,0.090016,0.089521,1679677339
83        Sample(/proc/sys/kernel/random/entropy_avail),0.005246,0.002752,0.002366,1679677357
3         EXS
16        f,335,1679677141
3         MOM
15        M:entropy_avail
41        1356 3129.0000 2825.1300 1012.9000 0.0000
12        M:mem_cached
40        1356 1677.6562 1526.6705 503.2859 0.0000
10        M:mem_free
40        1356 12803.6094 11649.4626 0.0000 0.0000
11        M:mem_total
40        1356 14875.9336 13537.0996 0.0000 0.0000
16        M:io_writtendata
32        1356 0.0381 0.0500 0.0398 0.0000
11        M:io_writes
32        1356 2.0000 2.6600 2.2000 0.0000
6         M:cpu3
32        1356 0.1132 0.4736 1.3232 0.0000
6         M:cpu2
32        1356 0.0799 0.4459 1.3290 0.0000
6         M:cpu1
32        1356 0.1265 0.2969 0.5681 0.0000
6         M:cpu0
32        1356 0.2397 0.4937 0.8467 0.0000
5         M:cpu
32        1356 0.1415 0.4283 1.0754 0.0000
10        M:messages
38        1356 228.0000 337.0500 363.5000 0.0000
8         M:ssh_in
32        1356 2.0000 1.8200 0.6000 0.0000
9         M:smtp_in
32        1356 2.0000 1.8200 0.6000 0.0000
13        M:cfengine_in
32        1356 1.0000 0.9100 0.3000 0.0000
9         M:loadavg
32        1356 0.0000 0.0063 0.0223 0.0000
10        M:diskfree
35        1356 86.0000 78.2600 25.8000 0.0000
12        M:otherprocs
32        1356 6.0000 6.9300 3.1000 0.0000
11        M:rootprocs
35        1356 97.0000 87.8500 30.5000 0.0000
7         M:users
32        1356 6.0000 5.4600 1.8000 0.0000
3         MOY
15        M:entropy_avail
40        155 3074.5000 2470.9300 4843.1648 0.0000
12        M:mem_cached
38        155 1093.2188 940.6470 467.7120 0.0000
16        M:io_writtendata
31        155 0.0308 0.0331 0.0301 0.0000
11        M:io_writes
31        155 1.0000 1.3300 1.5556 0.0000
6         M:cpu3
31        155 0.0666 0.3919 1.6927 0.0000
6         M:cpu2
31        155 0.1032 0.1400 0.2569 0.0000
6         M:cpu1
31        155 0.0766 0.1739 0.5611 0.0000
6         M:cpu0
31        155 0.1898 0.2601 0.4601 0.0000
5         M:cpu
31        155 0.1090 0.2413 0.7739 0.0000
10        M:messages
37        155 113.5000 218.2600 708.0041 0.0000
8         M:ssh_in
31        155 2.0000 1.6100 1.2570 0.0000
9         M:smtp_in
31        155 2.0000 1.6100 1.2570 0.0000
13        M:cfengine_in
31        155 1.0000 0.8050 0.6285 0.0000
9         M:loadavg
31        155 0.0100 0.0123 0.0288 0.0000
10        M:diskfree
34        155 88.0000 70.6300 56.2834 0.0000
12        M:otherprocs
31        155 6.0000 5.5650 4.1719 0.0000
11        M:rootprocs
34        155 96.0000 77.2800 60.6595 0.0000
7         M:users
31        155 6.0000 4.8300 3.7709 0.0000
# send QUERY complete successful
