# delta from 1679745259 to 1679745319 at 1679745319
22        CFR: 0 1679745318 1808
3         PRD
60        Packing reports: delta,0.030903,0.136856,0.138232,1679745260
83        Sample(/proc/sys/kernel/random/entropy_avail),0.004812,0.002316,0.002290,1679745281
3         EXS
16        f,293,1679745192
3         MOM
15        M:entropy_avail
41        1582 3230.0000 2904.8600 1083.8000 0.0000
12        M:mem_cached
40        1582 1899.6992 1728.5229 570.5879 0.0000
10        M:mem_free
38        1582 8797.1680 8797.1680 0.0000 0.0000
11        M:mem_total
40        1582 10413.1535 10413.1535 0.0000 0.0000
16        M:io_writtendata
32        1582 0.1240 0.0936 0.0862 0.0000
11        M:io_writes
32        1582 6.0000 4.6200 3.9563 0.0000
6         M:cpu3
32        1582 1.5313 1.0929 1.2236 0.0000
6         M:cpu2
32        1582 1.9968 1.4257 1.5939 0.0000
6         M:cpu1
32        1582 1.7449 1.2564 1.3646 0.0000
6         M:cpu0
32        1582 1.2254 0.8830 0.9567 0.0000
5         M:cpu
32        1582 1.6247 1.1645 1.2846 0.0000
10        M:messages
39        1582 1338.0000 984.4800 991.4410 0.0000
8         M:ssh_in
32        1582 2.0000 1.8200 0.6000 0.0000
9         M:smtp_in
32        1582 2.0000 1.8200 0.6000 0.0000
13        M:cfengine_in
32        1582 1.0000 0.9100 0.3000 0.0000
9         M:loadavg
32        1582 0.0400 0.0280 0.0335 0.0000
10        M:diskfree
35        1582 85.0000 77.3500 25.5000 0.0000
12        M:otherprocs
34        1582 13.0000 10.3600 7.8593 0.0000
11        M:rootprocs
35        1582 96.0000 87.3600 28.8000 0.0000
7         M:users
32        1582 6.0000 5.4600 1.8000 0.0000
3         MOY
15        M:entropy_avail
40        155 3071.5000 2467.2550 4839.3563 0.0000
12        M:mem_cached
38        155 1098.6758 945.6121 469.4713 0.0000
16        M:io_writtendata
31        155 0.0303 0.0327 0.0303 0.0000
11        M:io_writes
31        155 1.0000 1.3300 1.5556 0.0000
6         M:cpu3
31        155 0.0965 0.2074 0.6379 0.0000
6         M:cpu2
31        155 0.0899 0.2572 0.9414 0.0000
6         M:cpu1
31        155 0.0999 0.2573 0.8754 0.0000
6         M:cpu0
31        155 0.1764 0.2613 0.5270 0.0000
5         M:cpu
31        155 0.1157 0.2456 0.7663 0.0000
10        M:messages
37        155 113.5000 275.9050 209.2837 0.0000
8         M:ssh_in
31        155 2.0000 1.6100 1.2570 0.0000
9         M:smtp_in
31        155 2.0000 1.6100 1.2570 0.0000
13        M:cfengine_in
31        155 1.0000 0.9100 0.6557 0.0000
9         M:loadavg
31        155 0.0100 0.0112 0.0241 0.0000
10        M:diskfree
34        155 88.0000 70.6300 56.2834 0.0000
12        M:otherprocs
31        155 6.0000 5.5650 4.1719 0.0000
11        M:rootprocs
34        155 96.5000 77.6300 60.8923 0.0000
7         M:users
31        155 6.0000 4.8300 3.7709 0.0000
# send QUERY complete successful
