# delta from 1679705658 to 1679705719 at 1679705719
22        CFR: 0 1679705718 1775
3         PRD
60        Packing reports: delta,0.030752,0.135511,0.136826,1679705659
3         EXS
16        f,292,1679705592
3         MOM
15        M:entropy_avail
41        1450 3211.0000 2889.2500 1072.5000 0.0000
12        M:mem_cached
40        1450 1771.7500 1612.1005 532.1648 0.0000
10        M:mem_free
40        1450 12695.0156 11554.4535 0.0000 0.0000
11        M:mem_total
40        1450 14875.9336 13537.0996 0.0000 0.0000
16        M:io_writtendata
32        1450 0.0713 0.0663 0.0166 0.0000
11        M:io_writes
32        1450 4.0000 3.2200 2.3605 0.0000
6         M:cpu3
32        1450 2.1971 1.5533 1.7956 0.0000
6         M:cpu2
32        1450 1.7309 1.2536 1.3344 0.0000
6         M:cpu1
32        1450 1.5118 1.0792 1.2073 0.0000
6         M:cpu0
32        1450 0.8590 0.6404 0.6155 0.0000
5         M:cpu
32        1450 1.5731 1.1295 1.2388 0.0000
10        M:messages
41        1450 1578.0000 1152.4800 1191.3092 0.0000
8         M:ssh_in
32        1450 2.0000 1.8200 0.6000 0.0000
9         M:smtp_in
32        1450 3.0000 2.5200 1.6223 0.0000
14        M:cfengine_out
32        1450 1.0000 0.7000 0.8367 0.0000
13        M:cfengine_in
32        1450 1.0000 0.9100 0.3000 0.0000
9         M:loadavg
32        1450 0.0600 0.0441 0.0446 0.0000
10        M:diskfree
35        1450 86.0000 78.2600 25.8000 0.0000
12        M:otherprocs
34        1450 13.0000 10.3600 7.8593 0.0000
11        M:rootprocs
35        1450 96.0000 87.3600 28.8000 0.0000
7         M:users
32        1450 6.0000 5.4600 1.8000 0.0000
3         MOY
15        M:entropy_avail
40        155 3071.5000 2467.2550 4839.3563 0.0000
12        M:mem_cached
38        155 1098.6758 945.6121 469.4713 0.0000
16        M:io_writtendata
31        155 0.0303 0.0327 0.0303 0.0000
11        M:io_writes
31        155 1.0000 1.3300 1.5556 0.0000
6         M:cpu3
31        155 0.0965 0.2074 0.6379 0.0000
6         M:cpu2
31        155 0.0899 0.2572 0.9414 0.0000
6         M:cpu1
31        155 0.0999 0.2573 0.8754 0.0000
6         M:cpu0
31        155 0.1764 0.2613 0.5270 0.0000
5         M:cpu
31        155 0.1157 0.2456 0.7663 0.0000
10        M:messages
37        155 113.5000 275.9050 209.2837 0.0000
8         M:ssh_in
31        155 2.0000 1.6100 1.2570 0.0000
9         M:smtp_in
31        155 2.0000 1.6100 1.2570 0.0000
13        M:cfengine_in
31        155 1.0000 0.9100 0.6557 0.0000
9         M:loadavg
31        155 0.0100 0.0112 0.0241 0.0000
10        M:diskfree
34        155 88.0000 70.6300 56.2834 0.0000
12        M:otherprocs
31        155 6.0000 5.5650 4.1719 0.0000
11        M:rootprocs
34        155 96.5000 77.6300 60.8923 0.0000
7         M:users
31        155 6.0000 4.8300 3.7709 0.0000
# send QUERY complete successful
