# delta from 1679758703 to 1679758764 at 1679758764
22        CFR: 0 1679758763 1720
3         PRD
60        Packing reports: delta,0.033481,0.112098,0.116449,1679758704
3         EXS
16        f,293,1679758684
3         MOM
15        M:entropy_avail
40        1627 3011.0000 2772.1400 666.1487 0.0000
12        M:mem_cached
40        1627 1948.4336 1773.0770 584.5219 0.0000
10        M:mem_free
38        1627 8757.2406 8757.2406 0.0000 0.0000
11        M:mem_total
40        1627 10413.1535 10413.1535 0.0000 0.0000
16        M:io_writtendata
32        1627 0.0400 0.0524 0.0413 0.0000
11        M:io_writes
32        1627 2.0000 2.6600 2.2000 0.0000
6         M:cpu3
32        1627 0.1132 0.6455 1.9315 0.0000
6         M:cpu2
32        1627 0.1265 0.3849 0.9683 0.0000
6         M:cpu1
32        1627 0.1731 0.3856 0.7081 0.0000
6         M:cpu0
32        1627 0.1931 0.3478 0.5157 0.0000
5         M:cpu
32        1627 0.1515 0.4416 1.0915 0.0000
10        M:messages
37        1627 0.0000 493.9200 1749.0406 0.0000
8         M:ssh_in
32        1627 2.0000 1.8200 0.6000 0.0000
9         M:smtp_in
32        1627 2.0000 1.8200 0.6000 0.0000
13        M:cfengine_in
32        1627 1.0000 0.9100 0.3000 0.0000
9         M:loadavg
32        1627 0.0300 0.0273 0.0090 0.0000
10        M:diskfree
35        1627 84.0000 76.4400 25.2000 0.0000
12        M:otherprocs
32        1627 6.0000 5.4600 1.8000 0.0000
11        M:rootprocs
35        1627 97.0000 88.2700 29.1000 0.0000
7         M:users
32        1627 6.0000 5.4600 1.8000 0.0000
3         MOY
15        M:entropy_avail
40        155 3071.5000 2467.2550 4839.3563 0.0000
12        M:mem_cached
38        155 1098.6758 945.6121 469.4713 0.0000
16        M:io_writtendata
31        155 0.0303 0.0327 0.0303 0.0000
11        M:io_writes
31        155 1.0000 1.3300 1.5556 0.0000
6         M:cpu3
31        155 0.0965 0.2074 0.6379 0.0000
6         M:cpu2
31        155 0.0899 0.2572 0.9414 0.0000
6         M:cpu1
31        155 0.0999 0.2573 0.8754 0.0000
6         M:cpu0
31        155 0.1764 0.2613 0.5270 0.0000
5         M:cpu
31        155 0.1157 0.2456 0.7663 0.0000
10        M:messages
37        155 113.5000 275.9050 209.2837 0.0000
8         M:ssh_in
31        155 2.0000 1.6100 1.2570 0.0000
9         M:smtp_in
31        155 2.0000 1.6100 1.2570 0.0000
13        M:cfengine_in
31        155 1.0000 0.9100 0.6557 0.0000
9         M:loadavg
31        155 0.0100 0.0112 0.0241 0.0000
10        M:diskfree
34        155 88.0000 70.6300 56.2834 0.0000
12        M:otherprocs
31        155 6.0000 5.5650 4.1719 0.0000
11        M:rootprocs
34        155 96.5000 77.6300 60.8923 0.0000
7         M:users
31        155 6.0000 4.8300 3.7709 0.0000
# send QUERY complete successful
