# delta from 1679667558 to 1679667619 at 1679667619
22        CFR: 0 1679667618 1770
3         PRD
60        Packing reports: delta,0.037295,0.139090,0.143901,1679667559
83        Sample(/proc/sys/kernel/random/entropy_avail),0.005078,0.002578,0.002636,1679667589
3         EXS
16        f,294,1679667519
3         MOM
15        M:entropy_avail
40        1323 3020.0000 2770.0400 833.2000 0.0000
12        M:mem_cached
40        1323 1648.6680 1500.0975 495.2348 0.0000
10        M:mem_free
40        1323 12826.5039 11674.0463 0.0000 0.0000
11        M:mem_total
40        1323 14875.9336 13537.0996 0.0000 0.0000
16        M:io_writtendata
32        1323 0.1123 0.0852 0.0770 0.0000
11        M:io_writes
32        1323 6.0000 4.6200 3.9563 0.0000
6         M:cpu3
32        1323 1.7577 1.2583 1.3939 0.0000
6         M:cpu2
32        1323 1.7638 1.2612 1.4029 0.0000
6         M:cpu1
32        1323 1.4718 1.0372 1.2120 0.0000
6         M:cpu0
32        1323 1.3919 1.0205 1.0408 0.0000
5         M:cpu
32        1323 1.5947 1.1439 1.2587 0.0000
10        M:messages
41        1323 1825.0000 1325.1700 1397.8353 0.0000
8         M:ssh_in
32        1323 2.0000 1.8200 0.6000 0.0000
9         M:smtp_in
32        1323 2.0000 1.8200 0.6000 0.0000
13        M:cfengine_in
32        1323 1.0000 1.1200 0.4000 0.0000
9         M:loadavg
32        1323 0.0500 0.0350 0.0418 0.0000
10        M:diskfree
35        1323 86.0000 78.2600 25.8000 0.0000
12        M:otherprocs
34        1323 13.0000 10.3600 7.8593 0.0000
11        M:rootprocs
35        1323 95.0000 86.6600 27.8000 0.0000
7         M:users
32        1323 6.0000 5.4600 1.8000 0.0000
3         MOY
15        M:entropy_avail
40        155 3084.0000 2158.8000 4855.2298 0.0000
12        M:mem_cached
39        155 1077.1406 753.9984 1553.6005 0.0000
16        M:io_writtendata
31        155 0.0312 0.0219 0.0272 0.0000
6         M:cpu3
31        155 0.0998 0.0699 0.0922 0.0000
6         M:cpu2
31        155 0.0998 0.0699 0.0837 0.0000
6         M:cpu1
31        155 0.1132 0.0792 0.1047 0.0000
6         M:cpu0
31        155 0.1831 0.1282 0.1538 0.0000
5         M:cpu
31        155 0.1240 0.0868 0.1060 0.0000
10        M:messages
37        155 227.0000 158.9000 189.9218 0.0000
8         M:ssh_in
31        155 2.0000 1.4000 1.6733 0.0000
9         M:smtp_in
31        155 2.0000 1.4000 1.6733 0.0000
13        M:cfengine_in
31        155 1.0000 0.7000 0.8367 0.0000
9         M:loadavg
31        155 0.0100 0.0070 0.0118 0.0000
10        M:diskfree
34        155 88.0000 61.6000 73.6451 0.0000
12        M:otherprocs
31        155 6.0000 4.2000 5.0200 0.0000
11        M:rootprocs
34        155 97.0000 67.9000 81.1560 0.0000
7         M:users
31        155 6.0000 4.2000 5.0200 0.0000
# send QUERY complete successful
