# delta from 1679731759 to 1679731819 at 1679731819
22        CFR: 0 1679731818 1727
3         PRD
60        Packing reports: delta,0.026929,0.072519,0.075330,1679731760
3         EXS
16        f,293,1679731699
3         MOM
15        M:entropy_avail
41        1537 3203.0000 2882.6000 1068.0000 0.0000
12        M:mem_cached
40        1537 1859.0039 1691.5057 558.3273 0.0000
10        M:mem_free
40        1537 12601.3359 11469.3526 0.0000 0.0000
11        M:mem_total
40        1537 14875.9336 13537.0996 0.0000 0.0000
16        M:io_writtendata
32        1537 0.1182 0.0915 0.0767 0.0000
11        M:io_writes
32        1537 8.0000 6.0200 5.5975 0.0000
6         M:cpu3
32        1537 1.5310 1.1052 1.1896 0.0000
6         M:cpu2
32        1537 0.7922 0.5587 0.6511 0.0000
6         M:cpu1
32        1537 2.5373 1.8110 2.0268 0.0000
6         M:cpu0
32        1537 1.3456 0.9881 1.0022 0.0000
5         M:cpu
32        1537 1.5514 1.1150 1.2188 0.0000
10        M:messages
39        1537 1330.0000 978.8800 984.7852 0.0000
8         M:ssh_in
32        1537 2.0000 1.8200 0.6000 0.0000
9         M:smtp_in
32        1537 3.0000 2.5200 1.6223 0.0000
13        M:cfengine_in
32        1537 1.0000 0.9100 0.3000 0.0000
9         M:loadavg
32        1537 0.0300 0.0210 0.0251 0.0000
10        M:diskfree
35        1537 85.0000 77.3500 25.5000 0.0000
12        M:otherprocs
34        1537 13.0000 10.3600 7.8593 0.0000
11        M:rootprocs
35        1537 96.0000 87.3600 28.8000 0.0000
7         M:users
32        1537 6.0000 5.4600 1.8000 0.0000
3         MOY
15        M:entropy_avail
40        155 3071.5000 2467.2550 4839.3563 0.0000
12        M:mem_cached
38        155 1098.6758 945.6121 469.4713 0.0000
16        M:io_writtendata
31        155 0.0303 0.0327 0.0303 0.0000
11        M:io_writes
31        155 1.0000 1.3300 1.5556 0.0000
6         M:cpu3
31        155 0.0965 0.2074 0.6379 0.0000
6         M:cpu2
31        155 0.0899 0.2572 0.9414 0.0000
6         M:cpu1
31        155 0.0999 0.2573 0.8754 0.0000
6         M:cpu0
31        155 0.1764 0.2613 0.5270 0.0000
5         M:cpu
31        155 0.1157 0.2456 0.7663 0.0000
10        M:messages
37        155 113.5000 275.9050 209.2837 0.0000
8         M:ssh_in
31        155 2.0000 1.6100 1.2570 0.0000
9         M:smtp_in
31        155 2.0000 1.6100 1.2570 0.0000
13        M:cfengine_in
31        155 1.0000 0.9100 0.6557 0.0000
9         M:loadavg
31        155 0.0100 0.0112 0.0241 0.0000
10        M:diskfree
34        155 88.0000 70.6300 56.2834 0.0000
12        M:otherprocs
31        155 6.0000 5.5650 4.1719 0.0000
11        M:rootprocs
34        155 96.5000 77.6300 60.8923 0.0000
7         M:users
31        155 6.0000 4.8300 3.7709 0.0000
# send QUERY complete successful
