# delta from 1679675419 to 1679675479 at 1679675479
22        CFR: 0 1679675478 1729
3         PRD
60        Packing reports: delta,0.028108,0.079006,0.079073,1679675420
3         EXS
16        f,297,1679675322
3         MOM
15        M:entropy_avail
41        1350 3021.0000 2114.7000 2527.5499 0.0000
12        M:mem_cached
41        1350 1672.1836 1170.5285 1399.0492 0.0000
10        M:mem_free
39        1350 12800.8398 8960.5879 0.0000 0.0000
11        M:mem_total
40        1350 14875.9336 10413.1535 0.0000 0.0000
16        M:io_writtendata
32        1350 0.1162 0.0813 0.0972 0.0000
11        M:io_writes
32        1350 8.0000 5.6000 6.6933 0.0000
6         M:cpu3
32        1350 1.4582 1.0207 1.2200 0.0000
6         M:cpu2
32        1350 2.7824 1.9477 2.3279 0.0000
6         M:cpu1
32        1350 0.7526 0.5268 0.6297 0.0000
6         M:cpu0
32        1350 1.3390 0.9373 1.1203 0.0000
5         M:cpu
32        1350 1.5783 1.1048 1.3205 0.0000
10        M:messages
41        1350 2346.0000 1642.2000 1962.8044 0.0000
8         M:ssh_in
32        1350 2.0000 1.4000 1.6733 0.0000
9         M:smtp_in
32        1350 2.0000 1.4000 1.6733 0.0000
13        M:cfengine_in
32        1350 1.0000 0.7000 0.8367 0.0000
9         M:loadavg
32        1350 0.0200 0.0140 0.0167 0.0000
10        M:diskfree
35        1350 86.0000 60.2000 71.9528 0.0000
12        M:otherprocs
34        1350 13.0000 9.1000 10.8766 0.0000
11        M:rootprocs
35        1350 97.0000 67.9000 81.1560 0.0000
7         M:users
32        1350 6.0000 4.2000 5.0200 0.0000
3         MOY
15        M:entropy_avail
40        155 3074.5000 2470.9300 4843.1648 0.0000
12        M:mem_cached
38        155 1093.2188 940.6470 467.7120 0.0000
16        M:io_writtendata
31        155 0.0308 0.0331 0.0301 0.0000
11        M:io_writes
31        155 1.0000 1.3300 1.5556 0.0000
6         M:cpu3
31        155 0.0666 0.3919 1.6927 0.0000
6         M:cpu2
31        155 0.1032 0.1400 0.2569 0.0000
6         M:cpu1
31        155 0.0766 0.1739 0.5611 0.0000
6         M:cpu0
31        155 0.1898 0.2601 0.4601 0.0000
5         M:cpu
31        155 0.1090 0.2413 0.7739 0.0000
10        M:messages
37        155 113.5000 218.2600 708.0041 0.0000
8         M:ssh_in
31        155 2.0000 1.6100 1.2570 0.0000
9         M:smtp_in
31        155 2.0000 1.6100 1.2570 0.0000
13        M:cfengine_in
31        155 1.0000 0.8050 0.6285 0.0000
9         M:loadavg
31        155 0.0100 0.0123 0.0288 0.0000
10        M:diskfree
34        155 88.0000 70.6300 56.2834 0.0000
12        M:otherprocs
31        155 6.0000 5.5650 4.1719 0.0000
11        M:rootprocs
34        155 96.0000 77.2800 60.6595 0.0000
7         M:users
31        155 6.0000 4.8300 3.7709 0.0000
# send QUERY complete successful
