# delta from 1679676618 to 1679676679 at 1679676679
22        CFR: 0 1679676678 1727
3         PRD
60        Packing reports: delta,0.029506,0.087063,0.088311,1679676619
3         EXS
16        f,293,1679676494
3         MOM
15        M:entropy_avail
41        1354 3016.0000 2111.2000 2523.3666 0.0000
12        M:mem_cached
41        1354 1675.8281 1173.0797 1402.0984 0.0000
10        M:mem_free
39        1354 12805.2773 8963.6941 0.0000 0.0000
11        M:mem_total
40        1354 14875.9336 10413.1535 0.0000 0.0000
16        M:io_writtendata
32        1354 0.1094 0.0766 0.0915 0.0000
11        M:io_writes
32        1354 6.0000 4.2000 5.0200 0.0000
6         M:cpu3
32        1354 2.0376 1.4263 1.7047 0.0000
6         M:cpu2
32        1354 1.4511 1.0158 1.2141 0.0000
6         M:cpu1
32        1354 1.5985 1.1190 1.3374 0.0000
6         M:cpu0
32        1354 1.0726 0.7508 0.8974 0.0000
5         M:cpu
32        1354 1.5433 1.0803 1.2912 0.0000
10        M:messages
41        1354 1560.0000 1092.0000 1305.1896 0.0000
8         M:ssh_in
32        1354 2.0000 1.4000 1.6733 0.0000
9         M:smtp_in
32        1354 2.0000 1.4000 1.6733 0.0000
13        M:cfengine_in
32        1354 2.0000 1.4000 1.6733 0.0000
9         M:loadavg
32        1354 0.0300 0.0210 0.0251 0.0000
10        M:diskfree
35        1354 86.0000 60.2000 71.9528 0.0000
12        M:otherprocs
32        1354 6.0000 4.2000 5.0200 0.0000
11        M:rootprocs
35        1354 97.0000 67.9000 81.1560 0.0000
7         M:users
32        1354 6.0000 4.2000 5.0200 0.0000
3         MOY
15        M:entropy_avail
40        155 3074.5000 2470.9300 4843.1648 0.0000
12        M:mem_cached
38        155 1093.2188 940.6470 467.7120 0.0000
16        M:io_writtendata
31        155 0.0308 0.0331 0.0301 0.0000
11        M:io_writes
31        155 1.0000 1.3300 1.5556 0.0000
6         M:cpu3
31        155 0.0666 0.3919 1.6927 0.0000
6         M:cpu2
31        155 0.1032 0.1400 0.2569 0.0000
6         M:cpu1
31        155 0.0766 0.1739 0.5611 0.0000
6         M:cpu0
31        155 0.1898 0.2601 0.4601 0.0000
5         M:cpu
31        155 0.1090 0.2413 0.7739 0.0000
10        M:messages
37        155 113.5000 218.2600 708.0041 0.0000
8         M:ssh_in
31        155 2.0000 1.6100 1.2570 0.0000
9         M:smtp_in
31        155 2.0000 1.6100 1.2570 0.0000
13        M:cfengine_in
31        155 1.0000 0.8050 0.6285 0.0000
9         M:loadavg
31        155 0.0100 0.0123 0.0288 0.0000
10        M:diskfree
34        155 88.0000 70.6300 56.2834 0.0000
12        M:otherprocs
31        155 6.0000 5.5650 4.1719 0.0000
11        M:rootprocs
34        155 96.0000 77.2800 60.6595 0.0000
7         M:users
31        155 6.0000 4.8300 3.7709 0.0000
# send QUERY complete successful
