# delta from 1679698338 to 1679698399 at 1679698399
22        CFR: 0 1679698398 1804
3         PRD
60        Packing reports: delta,0.030732,0.094448,0.093571,1679698339
83        Sample(/proc/sys/kernel/random/entropy_avail),0.004985,0.002485,0.002331,1679698396
3         EXS
16        f,292,1679698083
3         MOM
15        M:entropy_avail
41        1426 3127.0000 2824.7800 1007.4000 0.0000
12        M:mem_cached
40        1426 1749.0625 1591.6444 524.7270 0.0000
10        M:mem_free
40        1426 12727.6797 11582.1393 0.0000 0.0000
11        M:mem_total
40        1426 14875.9336 13537.0996 0.0000 0.0000
16        M:io_writtendata
32        1426 0.0303 0.0388 0.0285 0.0000
11        M:io_writes
32        1426 2.0000 1.8200 0.6000 0.0000
6         M:cpu3
32        1426 0.0532 0.0471 0.0206 0.0000
6         M:cpu2
32        1426 0.1198 0.1188 0.0033 0.0000
6         M:cpu1
32        1426 0.0732 0.0820 0.0293 0.0000
6         M:cpu0
32        1426 0.1398 0.1454 0.0186 0.0000
5         M:cpu
32        1426 0.0982 0.0998 0.0055 0.0000
10        M:messages
35        1426 0.0000 47.8800 169.5499 0.0000
8         M:ssh_in
32        1426 2.0000 1.8200 0.6000 0.0000
9         M:smtp_in
32        1426 2.0000 1.8200 0.6000 0.0000
13        M:cfengine_in
32        1426 1.0000 0.9100 0.3000 0.0000
9         M:loadavg
32        1426 0.0000 0.0021 0.0074 0.0000
10        M:diskfree
35        1426 86.0000 78.2600 25.8000 0.0000
12        M:otherprocs
32        1426 6.0000 5.4600 1.8000 0.0000
11        M:rootprocs
35        1426 96.0000 87.3600 28.8000 0.0000
7         M:users
32        1426 6.0000 5.4600 1.8000 0.0000
3         MOY
15        M:entropy_avail
40        155 3071.5000 2467.2550 4839.3563 0.0000
12        M:mem_cached
38        155 1098.6758 945.6121 469.4713 0.0000
16        M:io_writtendata
31        155 0.0303 0.0327 0.0303 0.0000
11        M:io_writes
31        155 1.0000 1.3300 1.5556 0.0000
6         M:cpu3
31        155 0.0965 0.2074 0.6379 0.0000
6         M:cpu2
31        155 0.0899 0.2572 0.9414 0.0000
6         M:cpu1
31        155 0.0999 0.2573 0.8754 0.0000
6         M:cpu0
31        155 0.1764 0.2613 0.5270 0.0000
5         M:cpu
31        155 0.1157 0.2456 0.7663 0.0000
10        M:messages
37        155 113.5000 275.9050 209.2837 0.0000
8         M:ssh_in
31        155 2.0000 1.6100 1.2570 0.0000
9         M:smtp_in
31        155 2.0000 1.6100 1.2570 0.0000
13        M:cfengine_in
31        155 1.0000 0.9100 0.6557 0.0000
9         M:loadavg
31        155 0.0100 0.0112 0.0241 0.0000
10        M:diskfree
34        155 88.0000 70.6300 56.2834 0.0000
12        M:otherprocs
31        155 6.0000 5.5650 4.1719 0.0000
11        M:rootprocs
34        155 96.5000 77.6300 60.8923 0.0000
7         M:users
31        155 6.0000 4.8300 3.7709 0.0000
# send QUERY complete successful
