# delta from 1679670138 to 1679670199 at 1679670199
22        CFR: 0 1679670198 1767
3         PRD
60        Packing reports: delta,0.024170,0.058418,0.052014,1679670139
83        Sample(/proc/sys/kernel/random/entropy_avail),0.004856,0.002359,0.002223,1679670144
3         EXS
16        f,297,1679669925
3         MOM
15        M:entropy_avail
41        1332 3144.0000 2200.8000 2630.4591 0.0000
12        M:mem_cached
41        1332 1656.0312 1159.2219 1385.5351 0.0000
10        M:mem_free
39        1332 12825.8594 8978.1016 0.0000 0.0000
11        M:mem_total
40        1332 14875.9336 10413.1535 0.0000 0.0000
16        M:io_writtendata
32        1332 0.0420 0.0294 0.0351 0.0000
11        M:io_writes
32        1332 2.0000 1.4000 1.6733 0.0000
6         M:cpu3
32        1332 0.0799 0.0559 0.0668 0.0000
6         M:cpu2
32        1332 0.0865 0.0606 0.0724 0.0000
6         M:cpu1
32        1332 0.1531 0.1072 0.1281 0.0000
6         M:cpu0
32        1332 0.2131 0.1492 0.1783 0.0000
5         M:cpu
32        1332 0.1348 0.0944 0.1128 0.0000
10        M:messages
38        1332 454.0000 317.8000 379.8437 0.0000
8         M:ssh_in
32        1332 2.0000 1.4000 1.6733 0.0000
9         M:smtp_in
32        1332 2.0000 1.4000 1.6733 0.0000
13        M:cfengine_in
32        1332 2.0000 1.4000 1.6733 0.0000
10        M:diskfree
35        1332 86.0000 60.2000 71.9528 0.0000
12        M:otherprocs
32        1332 6.0000 4.2000 5.0200 0.0000
11        M:rootprocs
35        1332 96.0000 67.2000 80.3194 0.0000
7         M:users
32        1332 6.0000 4.2000 5.0200 0.0000
3         MOY
15        M:entropy_avail
40        155 3073.0000 2151.1000 4841.2604 0.0000
12        M:mem_cached
39        155 1082.2969 757.6078 1560.7510 0.0000
16        M:io_writtendata
31        155 0.0317 0.0222 0.0277 0.0000
11        M:io_writes
31        155 1.0000 0.7000 1.1832 0.0000
6         M:cpu3
31        155 0.0699 0.0489 0.0601 0.0000
6         M:cpu2
31        155 0.1597 0.1118 0.1409 0.0000
6         M:cpu1
31        155 0.1099 0.0769 0.1010 0.0000
6         M:cpu0
31        155 0.2164 0.1515 0.1858 0.0000
5         M:cpu
31        155 0.1390 0.0973 0.1212 0.0000
10        M:messages
37        155 377.0000 263.9000 339.4706 0.0000
8         M:ssh_in
31        155 2.0000 1.4000 1.6733 0.0000
9         M:smtp_in
31        155 2.0000 1.4000 1.6733 0.0000
13        M:cfengine_in
31        155 1.0000 0.7000 0.8367 0.0000
9         M:loadavg
31        155 0.0100 0.0070 0.0118 0.0000
10        M:diskfree
34        155 88.0000 61.6000 73.6451 0.0000
12        M:otherprocs
31        155 6.0000 4.2000 5.0200 0.0000
11        M:rootprocs
34        155 96.5000 67.5500 80.7388 0.0000
7         M:users
31        155 6.0000 4.2000 5.0200 0.0000
# send QUERY complete successful
