# delta from 1679709018 to 1679709079 at 1679709079
22        CFR: 0 1679709078 1809
3         PRD
60        Packing reports: delta,0.060800,0.120508,0.054649,1679709019
83        Sample(/proc/sys/kernel/random/entropy_avail),0.005311,0.002821,0.002778,1679709065
3         EXS
16        f,335,1679708938
3         MOM
15        M:entropy_avail
41        1462 3040.0000 2128.0000 2543.4465 0.0000
12        M:mem_cached
41        1462 1781.5938 1247.1156 1490.5883 0.0000
10        M:mem_free
39        1462 12691.6484 8884.1539 0.0000 0.0000
11        M:mem_total
40        1462 14875.9336 10413.1535 0.0000 0.0000
16        M:io_writtendata
32        1462 0.1289 0.0902 0.1079 0.0000
11        M:io_writes
32        1462 8.0000 5.6000 6.6933 0.0000
6         M:cpu3
32        1462 1.6115 1.1281 1.3483 0.0000
6         M:cpu2
32        1462 2.4699 1.7289 2.0664 0.0000
6         M:cpu1
32        1462 1.2124 0.8487 1.0144 0.0000
6         M:cpu0
32        1462 1.0391 0.7274 0.8694 0.0000
5         M:cpu
32        1462 1.5850 1.1095 1.3261 0.0000
10        M:messages
40        1462 1333.0000 933.1000 1115.2678 0.0000
8         M:ssh_in
32        1462 2.0000 1.4000 1.6733 0.0000
9         M:smtp_in
32        1462 2.0000 1.4000 1.6733 0.0000
13        M:cfengine_in
32        1462 2.0000 1.4000 1.6733 0.0000
9         M:loadavg
32        1462 0.0400 0.0280 0.0335 0.0000
10        M:diskfree
35        1462 85.0000 59.5000 71.1161 0.0000
12        M:otherprocs
32        1462 6.0000 4.2000 5.0200 0.0000
11        M:rootprocs
35        1462 97.0000 67.9000 81.1560 0.0000
7         M:users
32        1462 6.0000 4.2000 5.0200 0.0000
3         MOY
15        M:entropy_avail
40        155 3071.5000 2467.2550 4839.3563 0.0000
12        M:mem_cached
38        155 1098.6758 945.6121 469.4713 0.0000
16        M:io_writtendata
31        155 0.0303 0.0327 0.0303 0.0000
11        M:io_writes
31        155 1.0000 1.3300 1.5556 0.0000
6         M:cpu3
31        155 0.0965 0.2074 0.6379 0.0000
6         M:cpu2
31        155 0.0899 0.2572 0.9414 0.0000
6         M:cpu1
31        155 0.0999 0.2573 0.8754 0.0000
6         M:cpu0
31        155 0.1764 0.2613 0.5270 0.0000
5         M:cpu
31        155 0.1157 0.2456 0.7663 0.0000
10        M:messages
37        155 113.5000 275.9050 209.2837 0.0000
8         M:ssh_in
31        155 2.0000 1.6100 1.2570 0.0000
9         M:smtp_in
31        155 2.0000 1.6100 1.2570 0.0000
13        M:cfengine_in
31        155 1.0000 0.9100 0.6557 0.0000
9         M:loadavg
31        155 0.0100 0.0112 0.0241 0.0000
10        M:diskfree
34        155 88.0000 70.6300 56.2834 0.0000
12        M:otherprocs
31        155 6.0000 5.5650 4.1719 0.0000
11        M:rootprocs
34        155 96.5000 77.6300 60.8923 0.0000
7         M:users
31        155 6.0000 4.8300 3.7709 0.0000
# send QUERY complete successful
