# delta from 1679693479 to 1679693539 at 1679693539
22        CFR: 0 1679693538 1727
3         PRD
60        Packing reports: delta,0.027058,0.073211,0.072720,1679693480
3         EXS
16        f,305,1679693333
3         MOM
15        M:entropy_avail
41        1410 3032.0000 2122.4000 2536.7532 0.0000
12        M:mem_cached
41        1410 1734.7617 1214.3332 1451.4058 0.0000
10        M:mem_free
39        1410 12741.9336 8919.3535 0.0000 0.0000
11        M:mem_total
40        1410 14875.9336 10413.1535 0.0000 0.0000
16        M:io_writtendata
32        1410 0.1162 0.0813 0.0972 0.0000
11        M:io_writes
32        1410 6.0000 4.2000 5.0200 0.0000
6         M:cpu3
32        1410 1.9044 1.3331 1.5933 0.0000
6         M:cpu2
32        1410 0.9653 0.6757 0.8076 0.0000
6         M:cpu1
32        1410 1.8781 1.3147 1.5713 0.0000
6         M:cpu0
32        1410 1.5450 1.0815 1.2927 0.0000
5         M:cpu
32        1410 1.5715 1.1001 1.3148 0.0000
10        M:messages
41        1410 1803.0000 1262.1000 1508.4980 0.0000
8         M:ssh_in
32        1410 2.0000 1.4000 1.6733 0.0000
9         M:smtp_in
32        1410 2.0000 1.4000 1.6733 0.0000
13        M:cfengine_in
32        1410 2.0000 1.4000 1.6733 0.0000
9         M:loadavg
32        1410 0.0200 0.0140 0.0167 0.0000
10        M:diskfree
35        1410 86.0000 60.2000 71.9528 0.0000
12        M:otherprocs
32        1410 8.0000 5.6000 6.6933 0.0000
11        M:rootprocs
35        1410 96.0000 67.2000 80.3194 0.0000
7         M:users
32        1410 6.0000 4.2000 5.0200 0.0000
3         MOY
15        M:entropy_avail
40        155 3071.5000 2467.2550 4839.3563 0.0000
12        M:mem_cached
38        155 1098.6758 945.6121 469.4713 0.0000
16        M:io_writtendata
31        155 0.0303 0.0327 0.0303 0.0000
11        M:io_writes
31        155 1.0000 1.3300 1.5556 0.0000
6         M:cpu3
31        155 0.0965 0.2074 0.6379 0.0000
6         M:cpu2
31        155 0.0899 0.2572 0.9414 0.0000
6         M:cpu1
31        155 0.0999 0.2573 0.8754 0.0000
6         M:cpu0
31        155 0.1764 0.2613 0.5270 0.0000
5         M:cpu
31        155 0.1157 0.2456 0.7663 0.0000
10        M:messages
37        155 113.5000 275.9050 209.2837 0.0000
8         M:ssh_in
31        155 2.0000 1.6100 1.2570 0.0000
9         M:smtp_in
31        155 2.0000 1.6100 1.2570 0.0000
13        M:cfengine_in
31        155 1.0000 0.9100 0.6557 0.0000
9         M:loadavg
31        155 0.0100 0.0112 0.0241 0.0000
10        M:diskfree
34        155 88.0000 70.6300 56.2834 0.0000
12        M:otherprocs
31        155 6.0000 5.5650 4.1719 0.0000
11        M:rootprocs
34        155 96.5000 77.6300 60.8923 0.0000
7         M:users
31        155 6.0000 4.8300 3.7709 0.0000
# send QUERY complete successful
