# delta from 1679749758 to 1679749819 at 1679749819
22        CFR: 0 1679749818 1812
3         PRD
60        Packing reports: delta,0.025777,0.066447,0.071131,1679749759
83        Sample(/proc/sys/kernel/random/entropy_avail),0.005056,0.002557,0.002564,1679749789
3         EXS
16        f,294,1679749710
3         MOM
15        M:entropy_avail
41        1597 3203.0000 2881.1300 1072.9000 0.0000
12        M:mem_cached
40        1597 1921.3516 1748.2322 577.0645 0.0000
10        M:mem_free
40        1597 12535.0117 11408.9516 0.0000 0.0000
11        M:mem_total
40        1597 14875.9336 13537.0996 0.0000 0.0000
16        M:io_writtendata
32        1597 0.1211 0.0926 0.0814 0.0000
11        M:io_writes
32        1597 6.0000 4.6200 3.9563 0.0000
6         M:cpu3
32        1597 1.5113 1.0873 1.1843 0.0000
6         M:cpu2
32        1597 2.3103 1.6270 1.9057 0.0000
6         M:cpu1
32        1597 1.7918 1.2752 1.4413 0.0000
6         M:cpu0
32        1597 1.0857 0.7935 0.8180 0.0000
5         M:cpu
32        1597 1.6764 1.1966 1.3392 0.0000
10        M:messages
41        1597 1820.0000 1321.8800 1393.1139 0.0000
8         M:ssh_in
32        1597 2.0000 1.8200 0.6000 0.0000
9         M:smtp_in
32        1597 2.0000 1.8200 0.6000 0.0000
13        M:cfengine_in
32        1597 1.0000 0.9100 0.3000 0.0000
9         M:loadavg
32        1597 0.0200 0.0140 0.0167 0.0000
10        M:diskfree
35        1597 85.0000 77.3500 25.5000 0.0000
12        M:otherprocs
34        1597 13.0000 10.3600 7.8593 0.0000
11        M:rootprocs
35        1597 97.0000 88.2700 29.1000 0.0000
7         M:users
32        1597 6.0000 5.4600 1.8000 0.0000
3         MOY
15        M:entropy_avail
40        155 3071.5000 2467.2550 4839.3563 0.0000
12        M:mem_cached
38        155 1098.6758 945.6121 469.4713 0.0000
16        M:io_writtendata
31        155 0.0303 0.0327 0.0303 0.0000
11        M:io_writes
31        155 1.0000 1.3300 1.5556 0.0000
6         M:cpu3
31        155 0.0965 0.2074 0.6379 0.0000
6         M:cpu2
31        155 0.0899 0.2572 0.9414 0.0000
6         M:cpu1
31        155 0.0999 0.2573 0.8754 0.0000
6         M:cpu0
31        155 0.1764 0.2613 0.5270 0.0000
5         M:cpu
31        155 0.1157 0.2456 0.7663 0.0000
10        M:messages
37        155 113.5000 275.9050 209.2837 0.0000
8         M:ssh_in
31        155 2.0000 1.6100 1.2570 0.0000
9         M:smtp_in
31        155 2.0000 1.6100 1.2570 0.0000
13        M:cfengine_in
31        155 1.0000 0.9100 0.6557 0.0000
9         M:loadavg
31        155 0.0100 0.0112 0.0241 0.0000
10        M:diskfree
34        155 88.0000 70.6300 56.2834 0.0000
12        M:otherprocs
31        155 6.0000 5.5650 4.1719 0.0000
11        M:rootprocs
34        155 96.5000 77.6300 60.8923 0.0000
7         M:users
31        155 6.0000 4.8300 3.7709 0.0000
# send QUERY complete successful
