# delta from 1679691138 to 1679691199 at 1679691199
22        CFR: 0 1679691198 1806
3         PRD
60        Packing reports: delta,0.024476,0.059906,0.059916,1679691139
83        Sample(/proc/sys/kernel/random/entropy_avail),0.004943,0.002444,0.002417,1679691181
3         EXS
16        f,296,1679690927
3         MOM
15        M:entropy_avail
41        1402 3118.0000 2816.8000 1004.0000 0.0000
12        M:mem_cached
40        1402 1727.4766 1572.0012 518.2512 0.0000
10        M:mem_free
40        1402 12751.8008 11603.4751 0.0000 0.0000
11        M:mem_total
40        1402 14875.9336 13537.0996 0.0000 0.0000
16        M:io_writtendata
32        1402 0.0322 0.0484 0.0539 0.0000
11        M:io_writes
32        1402 2.0000 3.0800 3.6000 0.0000
6         M:cpu3
32        1402 0.0865 0.4828 1.4389 0.0000
6         M:cpu2
32        1402 0.0466 0.3234 0.9994 0.0000
6         M:cpu1
32        1402 0.0932 0.4485 1.2967 0.0000
6         M:cpu0
32        1402 0.1198 0.3189 0.7558 0.0000
5         M:cpu
32        1402 0.0915 0.3962 1.1169 0.0000
10        M:messages
37        1402 0.0000 426.9300 1511.8195 0.0000
8         M:ssh_in
32        1402 2.0000 1.8200 0.6000 0.0000
9         M:smtp_in
32        1402 2.0000 1.8200 0.6000 0.0000
13        M:cfengine_in
32        1402 2.0000 1.6100 1.1803 0.0000
9         M:loadavg
32        1402 0.0100 0.0112 0.0040 0.0000
10        M:diskfree
35        1402 86.0000 78.2600 25.8000 0.0000
12        M:otherprocs
32        1402 6.0000 5.8800 0.4000 0.0000
11        M:rootprocs
35        1402 97.0000 88.2700 29.1000 0.0000
7         M:users
32        1402 6.0000 5.4600 1.8000 0.0000
3         MOY
15        M:entropy_avail
40        155 3071.5000 2467.2550 4839.3563 0.0000
12        M:mem_cached
38        155 1098.6758 945.6121 469.4713 0.0000
16        M:io_writtendata
31        155 0.0303 0.0327 0.0303 0.0000
11        M:io_writes
31        155 1.0000 1.3300 1.5556 0.0000
6         M:cpu3
31        155 0.0965 0.2074 0.6379 0.0000
6         M:cpu2
31        155 0.0899 0.2572 0.9414 0.0000
6         M:cpu1
31        155 0.0999 0.2573 0.8754 0.0000
6         M:cpu0
31        155 0.1764 0.2613 0.5270 0.0000
5         M:cpu
31        155 0.1157 0.2456 0.7663 0.0000
10        M:messages
37        155 113.5000 275.9050 209.2837 0.0000
8         M:ssh_in
31        155 2.0000 1.6100 1.2570 0.0000
9         M:smtp_in
31        155 2.0000 1.6100 1.2570 0.0000
13        M:cfengine_in
31        155 1.0000 0.9100 0.6557 0.0000
9         M:loadavg
31        155 0.0100 0.0112 0.0241 0.0000
10        M:diskfree
34        155 88.0000 70.6300 56.2834 0.0000
12        M:otherprocs
31        155 6.0000 5.5650 4.1719 0.0000
11        M:rootprocs
34        155 96.5000 77.6300 60.8923 0.0000
7         M:users
31        155 6.0000 4.8300 3.7709 0.0000
# send QUERY complete successful
