# delta from 1679695939 to 1679695999 at 1679695999
22        CFR: 0 1679695998 1804
3         PRD
60        Packing reports: delta,0.029153,0.084987,0.084570,1679695940
83        Sample(/proc/sys/kernel/random/entropy_avail),0.004955,0.002455,0.002653,1679695991
3         EXS
16        f,335,1679695738
3         MOM
15        M:entropy_avail
41        1418 3152.0000 2846.9000 1017.0000 0.0000
12        M:mem_cached
40        1418 1741.9688 1585.1891 522.5988 0.0000
10        M:mem_free
38        1418 8912.9879 8912.9879 0.0000 0.0000
11        M:mem_total
40        1418 10413.1535 10413.1535 0.0000 0.0000
16        M:io_writtendata
32        1418 0.0322 0.0484 0.0539 0.0000
11        M:io_writes
32        1418 2.0000 2.6600 2.2000 0.0000
6         M:cpu3
32        1418 0.0932 0.2792 0.6979 0.0000
6         M:cpu2
32        1418 0.0532 0.3644 1.1237 0.0000
6         M:cpu1
32        1418 0.1265 0.4858 1.3251 0.0000
6         M:cpu0
32        1418 0.1265 0.5040 1.3893 0.0000
5         M:cpu
32        1418 0.0999 0.4087 1.1351 0.0000
10        M:messages
37        1418 0.0000 378.2100 1339.2951 0.0000
8         M:ssh_in
32        1418 2.0000 1.8200 0.6000 0.0000
9         M:smtp_in
32        1418 2.0000 1.8200 0.6000 0.0000
13        M:cfengine_in
32        1418 1.0000 0.9100 0.3000 0.0000
9         M:loadavg
32        1418 0.0000 0.0063 0.0223 0.0000
10        M:diskfree
35        1418 86.0000 78.2600 25.8000 0.0000
12        M:otherprocs
32        1418 6.0000 5.8800 0.4000 0.0000
11        M:rootprocs
35        1418 97.0000 88.2700 29.1000 0.0000
7         M:users
32        1418 6.0000 5.4600 1.8000 0.0000
3         MOY
15        M:entropy_avail
40        155 3071.5000 2467.2550 4839.3563 0.0000
12        M:mem_cached
38        155 1098.6758 945.6121 469.4713 0.0000
16        M:io_writtendata
31        155 0.0303 0.0327 0.0303 0.0000
11        M:io_writes
31        155 1.0000 1.3300 1.5556 0.0000
6         M:cpu3
31        155 0.0965 0.2074 0.6379 0.0000
6         M:cpu2
31        155 0.0899 0.2572 0.9414 0.0000
6         M:cpu1
31        155 0.0999 0.2573 0.8754 0.0000
6         M:cpu0
31        155 0.1764 0.2613 0.5270 0.0000
5         M:cpu
31        155 0.1157 0.2456 0.7663 0.0000
10        M:messages
37        155 113.5000 275.9050 209.2837 0.0000
8         M:ssh_in
31        155 2.0000 1.6100 1.2570 0.0000
9         M:smtp_in
31        155 2.0000 1.6100 1.2570 0.0000
13        M:cfengine_in
31        155 1.0000 0.9100 0.6557 0.0000
9         M:loadavg
31        155 0.0100 0.0112 0.0241 0.0000
10        M:diskfree
34        155 88.0000 70.6300 56.2834 0.0000
12        M:otherprocs
31        155 6.0000 5.5650 4.1719 0.0000
11        M:rootprocs
34        155 96.5000 77.6300 60.8923 0.0000
7         M:users
31        155 6.0000 4.8300 3.7709 0.0000
# send QUERY complete successful
