# delta from 1679668758 to 1679668819 at 1679668819
22        CFR: 0 1679668818 1812
3         PRD
60        Packing reports: delta,0.031978,0.146496,0.147791,1679668759
83        Sample(/proc/sys/kernel/random/entropy_avail),0.005016,0.002517,0.002397,1679668791
3         EXS
16        f,293,1679668692
3         MOM
15        M:entropy_avail
40        1327 3009.0000 2759.8200 830.6000 0.0000
12        M:mem_cached
40        1327 1652.2969 1503.3908 496.3535 0.0000
10        M:mem_free
40        1327 12822.4414 11670.3519 0.0000 0.0000
11        M:mem_total
40        1327 14875.9336 13537.0996 0.0000 0.0000
16        M:io_writtendata
32        1327 0.1133 0.0873 0.0745 0.0000
11        M:io_writes
32        1327 6.0000 4.6200 3.9563 0.0000
6         M:cpu3
32        1327 2.1639 1.5357 1.7526 0.0000
6         M:cpu2
32        1327 1.5911 1.1543 1.2214 0.0000
6         M:cpu1
32        1327 1.5920 1.1521 1.2294 0.0000
6         M:cpu0
32        1327 0.9592 0.7190 0.6779 0.0000
5         M:cpu
32        1327 1.5766 1.1396 1.2212 0.0000
10        M:messages
41        1327 2064.0000 1492.4700 1597.3119 0.0000
8         M:ssh_in
32        1327 2.0000 1.8200 0.6000 0.0000
9         M:smtp_in
32        1327 2.0000 1.8200 0.6000 0.0000
13        M:cfengine_in
32        1327 1.0000 0.9100 0.3000 0.0000
9         M:loadavg
32        1327 0.0400 0.0280 0.0335 0.0000
10        M:diskfree
35        1327 86.0000 78.2600 25.8000 0.0000
12        M:otherprocs
34        1327 13.0000 10.3600 7.8593 0.0000
11        M:rootprocs
35        1327 97.0000 88.2700 29.1000 0.0000
7         M:users
32        1327 6.0000 5.4600 1.8000 0.0000
3         MOY
15        M:entropy_avail
40        155 3073.0000 2151.1000 4841.2604 0.0000
12        M:mem_cached
39        155 1082.2969 757.6078 1560.7510 0.0000
16        M:io_writtendata
31        155 0.0317 0.0222 0.0277 0.0000
11        M:io_writes
31        155 1.0000 0.7000 1.1832 0.0000
6         M:cpu3
31        155 0.0699 0.0489 0.0601 0.0000
6         M:cpu2
31        155 0.1597 0.1118 0.1409 0.0000
6         M:cpu1
31        155 0.1099 0.0769 0.1010 0.0000
6         M:cpu0
31        155 0.2164 0.1515 0.1858 0.0000
5         M:cpu
31        155 0.1390 0.0973 0.1212 0.0000
10        M:messages
37        155 377.0000 263.9000 339.4706 0.0000
8         M:ssh_in
31        155 2.0000 1.4000 1.6733 0.0000
9         M:smtp_in
31        155 2.0000 1.4000 1.6733 0.0000
13        M:cfengine_in
31        155 1.0000 0.7000 0.8367 0.0000
9         M:loadavg
31        155 0.0100 0.0070 0.0118 0.0000
10        M:diskfree
34        155 88.0000 61.6000 73.6451 0.0000
12        M:otherprocs
31        155 6.0000 4.2000 5.0200 0.0000
11        M:rootprocs
34        155 96.5000 67.5500 80.7388 0.0000
7         M:users
31        155 6.0000 4.2000 5.0200 0.0000
# send QUERY complete successful
