# delta from 1679707338 to 1679707399 at 1679707399
22        CFR: 0 1679707398 1727
3         PRD
60        Packing reports: delta,0.031539,0.141696,0.140880,1679707339
3         EXS
16        f,294,1679707119
3         MOM
15        M:entropy_avail
41        1456 3034.0000 2123.8000 2538.4265 0.0000
12        M:mem_cached
41        1456 1776.2227 1243.3559 1486.0945 0.0000
10        M:mem_free
39        1456 12698.5117 8888.9582 0.0000 0.0000
11        M:mem_total
40        1456 14875.9336 10413.1535 0.0000 0.0000
16        M:io_writtendata
32        1456 0.1113 0.0779 0.0931 0.0000
11        M:io_writes
32        1456 6.0000 4.2000 5.0200 0.0000
6         M:cpu3
32        1456 1.5045 1.0531 1.2587 0.0000
6         M:cpu2
32        1456 2.3966 1.6777 2.0052 0.0000
6         M:cpu1
32        1456 0.9723 0.6806 0.8135 0.0000
6         M:cpu0
32        1456 1.0056 0.7039 0.8413 0.0000
5         M:cpu
32        1456 1.4665 1.0266 1.2270 0.0000
10        M:messages
41        1456 1813.0000 1269.1000 1516.8646 0.0000
8         M:ssh_in
32        1456 2.0000 1.4000 1.6733 0.0000
9         M:smtp_in
32        1456 2.0000 1.4000 1.6733 0.0000
13        M:cfengine_in
32        1456 2.0000 1.4000 1.6733 0.0000
9         M:loadavg
32        1456 0.0300 0.0210 0.0251 0.0000
10        M:diskfree
35        1456 86.0000 60.2000 71.9528 0.0000
12        M:otherprocs
32        1456 6.0000 4.2000 5.0200 0.0000
11        M:rootprocs
35        1456 97.0000 67.9000 81.1560 0.0000
7         M:users
32        1456 6.0000 4.2000 5.0200 0.0000
3         MOY
15        M:entropy_avail
40        155 3071.5000 2467.2550 4839.3563 0.0000
12        M:mem_cached
38        155 1098.6758 945.6121 469.4713 0.0000
16        M:io_writtendata
31        155 0.0303 0.0327 0.0303 0.0000
11        M:io_writes
31        155 1.0000 1.3300 1.5556 0.0000
6         M:cpu3
31        155 0.0965 0.2074 0.6379 0.0000
6         M:cpu2
31        155 0.0899 0.2572 0.9414 0.0000
6         M:cpu1
31        155 0.0999 0.2573 0.8754 0.0000
6         M:cpu0
31        155 0.1764 0.2613 0.5270 0.0000
5         M:cpu
31        155 0.1157 0.2456 0.7663 0.0000
10        M:messages
37        155 113.5000 275.9050 209.2837 0.0000
8         M:ssh_in
31        155 2.0000 1.6100 1.2570 0.0000
9         M:smtp_in
31        155 2.0000 1.6100 1.2570 0.0000
13        M:cfengine_in
31        155 1.0000 0.9100 0.6557 0.0000
9         M:loadavg
31        155 0.0100 0.0112 0.0241 0.0000
10        M:diskfree
34        155 88.0000 70.6300 56.2834 0.0000
12        M:otherprocs
31        155 6.0000 5.5650 4.1719 0.0000
11        M:rootprocs
34        155 96.5000 77.6300 60.8923 0.0000
7         M:users
31        155 6.0000 4.8300 3.7709 0.0000
# send QUERY complete successful
