# delta from 1679687478 to 1679687539 at 1679687539
22        CFR: 0 1679687538 1686
3         PRD
60        Packing reports: delta,0.037100,0.137642,0.136058,1679687479
3         EXS
16        f,293,1679687289
3         MOM
15        M:entropy_avail
41        1390 3025.0000 2117.5000 2530.8966 0.0000
12        M:mem_cached
41        1390 1716.5586 1201.5910 1436.1760 0.0000
10        M:mem_free
39        1390 12762.5977 8933.8184 0.0000 0.0000
11        M:mem_total
40        1390 14875.9336 10413.1535 0.0000 0.0000
16        M:io_writtendata
32        1390 0.1133 0.0793 0.0948 0.0000
11        M:io_writes
32        1390 6.0000 4.2000 5.0200 0.0000
6         M:cpu3
32        1390 1.3849 0.9694 1.1587 0.0000
6         M:cpu2
32        1390 2.7090 1.8963 2.2665 0.0000
6         M:cpu1
32        1390 0.9324 0.6527 0.7801 0.0000
6         M:cpu0
32        1390 1.4453 1.0117 1.2092 0.0000
5         M:cpu
32        1390 1.6181 1.1326 1.3538 0.0000
10        M:messages
41        1390 2296.0000 1607.2000 1920.9714 0.0000
8         M:ssh_in
32        1390 2.0000 1.4000 1.6733 0.0000
9         M:smtp_in
32        1390 2.0000 1.4000 1.6733 0.0000
13        M:cfengine_in
32        1390 1.0000 0.7000 0.8367 0.0000
10        M:diskfree
35        1390 86.0000 60.2000 71.9528 0.0000
12        M:otherprocs
32        1390 6.0000 4.2000 5.0200 0.0000
11        M:rootprocs
35        1390 97.0000 67.9000 81.1560 0.0000
7         M:users
32        1390 6.0000 4.2000 5.0200 0.0000
3         MOY
15        M:entropy_avail
40        155 3071.5000 2467.2550 4839.3563 0.0000
12        M:mem_cached
38        155 1098.6758 945.6121 469.4713 0.0000
16        M:io_writtendata
31        155 0.0303 0.0327 0.0303 0.0000
11        M:io_writes
31        155 1.0000 1.3300 1.5556 0.0000
6         M:cpu3
31        155 0.0965 0.2074 0.6379 0.0000
6         M:cpu2
31        155 0.0899 0.2572 0.9414 0.0000
6         M:cpu1
31        155 0.0999 0.2573 0.8754 0.0000
6         M:cpu0
31        155 0.1764 0.2613 0.5270 0.0000
5         M:cpu
31        155 0.1157 0.2456 0.7663 0.0000
10        M:messages
37        155 113.5000 275.9050 209.2837 0.0000
8         M:ssh_in
31        155 2.0000 1.6100 1.2570 0.0000
9         M:smtp_in
31        155 2.0000 1.6100 1.2570 0.0000
13        M:cfengine_in
31        155 1.0000 0.9100 0.6557 0.0000
9         M:loadavg
31        155 0.0100 0.0112 0.0241 0.0000
10        M:diskfree
34        155 88.0000 70.6300 56.2834 0.0000
12        M:otherprocs
31        155 6.0000 5.5650 4.1719 0.0000
11        M:rootprocs
34        155 96.5000 77.6300 60.8923 0.0000
7         M:users
31        155 6.0000 4.8300 3.7709 0.0000
# send QUERY complete successful
