# delta from 1679704458 to 1679704519 at 1679704519
22        CFR: 0 1679704518 1721
3         PRD
60        Packing reports: delta,0.030130,0.129800,0.134423,1679704459
3         EXS
16        f,294,1679704421
3         MOM
15        M:entropy_avail
41        1446 3160.0000 2853.3400 1022.2000 0.0000
12        M:mem_cached
40        1446 1767.2344 1608.1800 530.1813 0.0000
10        M:mem_free
38        1446 8895.3977 8895.3977 0.0000 0.0000
11        M:mem_total
40        1446 10413.1535 10413.1535 0.0000 0.0000
16        M:io_writtendata
32        1446 0.0400 0.0514 0.0379 0.0000
11        M:io_writes
32        1446 2.0000 2.6600 2.2000 0.0000
6         M:cpu3
32        1446 0.0865 0.3654 1.0233 0.0000
6         M:cpu2
32        1446 0.0732 0.4050 1.2049 0.0000
6         M:cpu1
32        1446 0.1864 0.4187 0.7741 0.0000
6         M:cpu0
32        1446 0.2330 0.5393 1.0211 0.0000
5         M:cpu
32        1446 0.1448 0.4321 1.0783 0.0000
10        M:messages
37        1446 0.0000 330.1200 1169.0016 0.0000
8         M:ssh_in
32        1446 2.0000 1.8200 0.6000 0.0000
9         M:smtp_in
32        1446 2.0000 1.8200 0.6000 0.0000
13        M:cfengine_in
32        1446 1.0000 1.1200 0.4000 0.0000
9         M:loadavg
32        1446 0.0000 0.0021 0.0074 0.0000
10        M:diskfree
35        1446 86.0000 78.2600 25.8000 0.0000
12        M:otherprocs
32        1446 6.0000 5.4600 1.8000 0.0000
11        M:rootprocs
35        1446 96.0000 87.3600 28.8000 0.0000
7         M:users
32        1446 6.0000 5.4600 1.8000 0.0000
3         MOY
15        M:entropy_avail
40        155 3071.5000 2467.2550 4839.3563 0.0000
12        M:mem_cached
38        155 1098.6758 945.6121 469.4713 0.0000
16        M:io_writtendata
31        155 0.0303 0.0327 0.0303 0.0000
11        M:io_writes
31        155 1.0000 1.3300 1.5556 0.0000
6         M:cpu3
31        155 0.0965 0.2074 0.6379 0.0000
6         M:cpu2
31        155 0.0899 0.2572 0.9414 0.0000
6         M:cpu1
31        155 0.0999 0.2573 0.8754 0.0000
6         M:cpu0
31        155 0.1764 0.2613 0.5270 0.0000
5         M:cpu
31        155 0.1157 0.2456 0.7663 0.0000
10        M:messages
37        155 113.5000 275.9050 209.2837 0.0000
8         M:ssh_in
31        155 2.0000 1.6100 1.2570 0.0000
9         M:smtp_in
31        155 2.0000 1.6100 1.2570 0.0000
13        M:cfengine_in
31        155 1.0000 0.9100 0.6557 0.0000
9         M:loadavg
31        155 0.0100 0.0112 0.0241 0.0000
10        M:diskfree
34        155 88.0000 70.6300 56.2834 0.0000
12        M:otherprocs
31        155 6.0000 5.5650 4.1719 0.0000
11        M:rootprocs
34        155 96.5000 77.6300 60.8923 0.0000
7         M:users
31        155 6.0000 4.8300 3.7709 0.0000
# send QUERY complete successful
