# delta from 1679691558 to 1679691619 at 1679691619
22        CFR: 0 1679691618 1722
3         PRD
60        Packing reports: delta,0.025515,0.065103,0.070855,1679691559
3         EXS
16        f,293,1679691513
3         MOM
15        M:entropy_avail
40        1403 3114.0000 2814.8400 997.2000 0.0000
12        M:mem_cached
40        1403 1728.4258 1572.8650 518.5359 0.0000
10        M:mem_free
40        1403 12751.1797 11603.3381 0.0000 0.0000
11        M:mem_total
40        1403 14875.9336 13537.0996 0.0000 0.0000
16        M:io_writtendata
32        1403 0.0332 0.0505 0.0577 0.0000
11        M:io_writes
32        1403 2.0000 3.0800 3.6000 0.0000
6         M:cpu3
32        1403 0.0932 0.3715 1.0242 0.0000
6         M:cpu2
32        1403 0.0200 0.2964 0.9869 0.0000
6         M:cpu1
32        1403 0.1398 0.5343 1.4552 0.0000
6         M:cpu0
32        1403 0.1198 0.4028 1.0522 0.0000
5         M:cpu
32        1403 0.0915 0.4001 1.1305 0.0000
10        M:messages
37        1403 0.0000 377.1600 1335.5769 0.0000
8         M:ssh_in
32        1403 2.0000 1.8200 0.6000 0.0000
9         M:smtp_in
32        1403 2.0000 1.8200 0.6000 0.0000
13        M:cfengine_in
32        1403 1.0000 0.9100 0.3000 0.0000
9         M:loadavg
32        1403 0.0000 0.0021 0.0074 0.0000
10        M:diskfree
35        1403 86.0000 78.2600 25.8000 0.0000
12        M:otherprocs
32        1403 6.0000 5.4600 1.8000 0.0000
11        M:rootprocs
35        1403 96.0000 87.3600 28.8000 0.0000
7         M:users
32        1403 6.0000 5.4600 1.8000 0.0000
3         MOY
15        M:entropy_avail
40        155 3071.5000 2467.2550 4839.3563 0.0000
12        M:mem_cached
38        155 1098.6758 945.6121 469.4713 0.0000
16        M:io_writtendata
31        155 0.0303 0.0327 0.0303 0.0000
11        M:io_writes
31        155 1.0000 1.3300 1.5556 0.0000
6         M:cpu3
31        155 0.0965 0.2074 0.6379 0.0000
6         M:cpu2
31        155 0.0899 0.2572 0.9414 0.0000
6         M:cpu1
31        155 0.0999 0.2573 0.8754 0.0000
6         M:cpu0
31        155 0.1764 0.2613 0.5270 0.0000
5         M:cpu
31        155 0.1157 0.2456 0.7663 0.0000
10        M:messages
37        155 113.5000 275.9050 209.2837 0.0000
8         M:ssh_in
31        155 2.0000 1.6100 1.2570 0.0000
9         M:smtp_in
31        155 2.0000 1.6100 1.2570 0.0000
13        M:cfengine_in
31        155 1.0000 0.9100 0.6557 0.0000
9         M:loadavg
31        155 0.0100 0.0112 0.0241 0.0000
10        M:diskfree
34        155 88.0000 70.6300 56.2834 0.0000
12        M:otherprocs
31        155 6.0000 5.5650 4.1719 0.0000
11        M:rootprocs
34        155 96.5000 77.6300 60.8923 0.0000
7         M:users
31        155 6.0000 4.8300 3.7709 0.0000
# send QUERY complete successful
