# delta from 1679693959 to 1679694019 at 1679694019
22        CFR: 0 1679694018 1721
3         PRD
60        Packing reports: delta,0.027618,0.076278,0.080654,1679693960
3         EXS
16        f,294,1679693919
3         MOM
15        M:entropy_avail
41        1411 3134.0000 2831.3600 1008.8000 0.0000
12        M:mem_cached
40        1411 1735.6680 1579.4554 520.7086 0.0000
10        M:mem_free
38        1411 8919.8320 8919.8320 0.0000 0.0000
11        M:mem_total
40        1411 10413.1535 10413.1535 0.0000 0.0000
16        M:io_writtendata
32        1411 0.0332 0.0485 0.0509 0.0000
11        M:io_writes
32        1411 2.0000 2.6600 2.2000 0.0000
6         M:cpu3
32        1411 0.1265 0.6158 1.7849 0.0000
6         M:cpu2
32        1411 0.0200 0.2419 0.7939 0.0000
6         M:cpu1
32        1411 0.1265 0.4242 1.1073 0.0000
6         M:cpu0
32        1411 0.1198 0.3105 0.6356 0.0000
5         M:cpu
32        1411 0.0965 0.3976 1.1063 0.0000
10        M:messages
37        1411 0.0000 391.0200 1384.6571 0.0000
8         M:ssh_in
32        1411 2.0000 1.8200 0.6000 0.0000
9         M:smtp_in
32        1411 2.0000 1.8200 0.6000 0.0000
13        M:cfengine_in
32        1411 1.0000 0.9100 0.3000 0.0000
9         M:loadavg
32        1411 0.0000 0.0042 0.0149 0.0000
10        M:diskfree
35        1411 86.0000 78.2600 25.8000 0.0000
12        M:otherprocs
32        1411 6.0000 5.4600 1.8000 0.0000
11        M:rootprocs
35        1411 96.0000 87.3600 28.8000 0.0000
7         M:users
32        1411 6.0000 5.4600 1.8000 0.0000
3         MOY
15        M:entropy_avail
40        155 3071.5000 2467.2550 4839.3563 0.0000
12        M:mem_cached
38        155 1098.6758 945.6121 469.4713 0.0000
16        M:io_writtendata
31        155 0.0303 0.0327 0.0303 0.0000
11        M:io_writes
31        155 1.0000 1.3300 1.5556 0.0000
6         M:cpu3
31        155 0.0965 0.2074 0.6379 0.0000
6         M:cpu2
31        155 0.0899 0.2572 0.9414 0.0000
6         M:cpu1
31        155 0.0999 0.2573 0.8754 0.0000
6         M:cpu0
31        155 0.1764 0.2613 0.5270 0.0000
5         M:cpu
31        155 0.1157 0.2456 0.7663 0.0000
10        M:messages
37        155 113.5000 275.9050 209.2837 0.0000
8         M:ssh_in
31        155 2.0000 1.6100 1.2570 0.0000
9         M:smtp_in
31        155 2.0000 1.6100 1.2570 0.0000
13        M:cfengine_in
31        155 1.0000 0.9100 0.6557 0.0000
9         M:loadavg
31        155 0.0100 0.0112 0.0241 0.0000
10        M:diskfree
34        155 88.0000 70.6300 56.2834 0.0000
12        M:otherprocs
31        155 6.0000 5.5650 4.1719 0.0000
11        M:rootprocs
34        155 96.5000 77.6300 60.8923 0.0000
7         M:users
31        155 6.0000 4.8300 3.7709 0.0000
# send QUERY complete successful
