# delta from 1679720958 to 1679721020 at 1679721020
22        CFR: 0 1679721019 1772
3         PRD
60        Packing reports: delta,0.033716,0.113680,0.116133,1679720959
3         EXS
16        f,293,1679720905
3         MOM
15        M:entropy_avail
41        1501 3195.0000 2876.5800 1061.4000 0.0000
12        M:mem_cached
40        1501 1818.3398 1654.5080 546.1063 0.0000
10        M:mem_free
40        1501 12644.5391 11508.5485 0.0000 0.0000
11        M:mem_total
40        1501 14875.9336 13537.0996 0.0000 0.0000
16        M:io_writtendata
32        1501 0.1074 0.0836 0.0689 0.0000
11        M:io_writes
32        1501 6.0000 4.6200 3.9563 0.0000
6         M:cpu3
32        1501 1.9109 1.3656 1.5220 0.0000
6         M:cpu2
32        1501 1.4580 1.0401 1.1660 0.0000
6         M:cpu1
32        1501 1.8182 1.3133 1.4109 0.0000
6         M:cpu0
32        1501 1.0256 0.7627 0.7398 0.0000
5         M:cpu
32        1501 1.5565 1.1224 1.2127 0.0000
10        M:messages
38        1501 863.0000 651.9800 597.7096 0.0000
8         M:ssh_in
32        1501 2.0000 1.8200 0.6000 0.0000
9         M:smtp_in
32        1501 3.0000 2.5200 1.6223 0.0000
14        M:cfengine_out
32        1501 1.0000 0.7000 0.8367 0.0000
13        M:cfengine_in
32        1501 1.0000 1.1200 0.4000 0.0000
9         M:loadavg
32        1501 0.0500 0.0392 0.0315 0.0000
10        M:diskfree
35        1501 85.0000 77.3500 25.5000 0.0000
12        M:otherprocs
34        1501 13.0000 10.3600 7.8593 0.0000
11        M:rootprocs
35        1501 97.0000 88.0600 29.8000 0.0000
7         M:users
32        1501 6.0000 5.4600 1.8000 0.0000
3         MOY
15        M:entropy_avail
40        155 3071.5000 2467.2550 4839.3563 0.0000
12        M:mem_cached
38        155 1098.6758 945.6121 469.4713 0.0000
16        M:io_writtendata
31        155 0.0303 0.0327 0.0303 0.0000
11        M:io_writes
31        155 1.0000 1.3300 1.5556 0.0000
6         M:cpu3
31        155 0.0965 0.2074 0.6379 0.0000
6         M:cpu2
31        155 0.0899 0.2572 0.9414 0.0000
6         M:cpu1
31        155 0.0999 0.2573 0.8754 0.0000
6         M:cpu0
31        155 0.1764 0.2613 0.5270 0.0000
5         M:cpu
31        155 0.1157 0.2456 0.7663 0.0000
10        M:messages
37        155 113.5000 275.9050 209.2837 0.0000
8         M:ssh_in
31        155 2.0000 1.6100 1.2570 0.0000
9         M:smtp_in
31        155 2.0000 1.6100 1.2570 0.0000
13        M:cfengine_in
31        155 1.0000 0.9100 0.6557 0.0000
9         M:loadavg
31        155 0.0100 0.0112 0.0241 0.0000
10        M:diskfree
34        155 88.0000 70.6300 56.2834 0.0000
12        M:otherprocs
31        155 6.0000 5.5650 4.1719 0.0000
11        M:rootprocs
34        155 96.5000 77.6300 60.8923 0.0000
7         M:users
31        155 6.0000 4.8300 3.7709 0.0000
# send QUERY complete successful
