# delta from 1679665998 to 1679666059 at 1679666059
22        CFR: 0 1679666058 1642
3         PRD
60        Packing reports: delta,0.030064,0.129616,0.132653,1679665999
3         EXS
16        f,292,1679665993
3         MOM
15        M:entropy_avail
41        1318 3134.0000 2193.8000 2622.0925 0.0000
12        M:mem_cached
41        1318 1643.1680 1150.2176 1374.7730 0.0000
10        M:mem_free
39        1318 12840.1797 8988.1258 0.0000 0.0000
11        M:mem_total
40        1318 14875.9336 10413.1535 0.0000 0.0000
16        M:io_writtendata
32        1318 0.0303 0.0212 0.0253 0.0000
11        M:io_writes
32        1318 2.0000 1.4000 1.6733 0.0000
6         M:cpu3
32        1318 0.0732 0.0513 0.0613 0.0000
6         M:cpu2
32        1318 0.1863 0.1304 0.1559 0.0000
6         M:cpu1
32        1318 0.1132 0.0792 0.0947 0.0000
6         M:cpu0
32        1318 0.1332 0.0932 0.1114 0.0000
5         M:cpu
32        1318 0.1265 0.0885 0.1058 0.0000
10        M:messages
38        1318 227.0000 158.9000 189.9218 0.0000
8         M:ssh_in
32        1318 2.0000 1.4000 1.6733 0.0000
9         M:smtp_in
32        1318 2.0000 1.4000 1.6733 0.0000
13        M:cfengine_in
32        1318 1.0000 0.7000 0.8367 0.0000
10        M:diskfree
35        1318 86.0000 60.2000 71.9528 0.0000
12        M:otherprocs
32        1318 6.0000 4.2000 5.0200 0.0000
11        M:rootprocs
35        1318 97.0000 67.9000 81.1560 0.0000
7         M:users
32        1318 6.0000 4.2000 5.0200 0.0000
3         MOY
15        M:entropy_avail
40        155 3084.0000 2158.8000 4855.2298 0.0000
12        M:mem_cached
39        155 1077.1406 753.9984 1553.6005 0.0000
16        M:io_writtendata
31        155 0.0312 0.0219 0.0272 0.0000
6         M:cpu3
31        155 0.0998 0.0699 0.0922 0.0000
6         M:cpu2
31        155 0.0998 0.0699 0.0837 0.0000
6         M:cpu1
31        155 0.1132 0.0792 0.1047 0.0000
6         M:cpu0
31        155 0.1831 0.1282 0.1538 0.0000
5         M:cpu
31        155 0.1240 0.0868 0.1060 0.0000
10        M:messages
37        155 227.0000 158.9000 189.9218 0.0000
8         M:ssh_in
31        155 2.0000 1.4000 1.6733 0.0000
9         M:smtp_in
31        155 2.0000 1.4000 1.6733 0.0000
13        M:cfengine_in
31        155 1.0000 0.7000 0.8367 0.0000
9         M:loadavg
31        155 0.0100 0.0070 0.0118 0.0000
10        M:diskfree
34        155 88.0000 61.6000 73.6451 0.0000
12        M:otherprocs
31        155 6.0000 4.2000 5.0200 0.0000
11        M:rootprocs
34        155 97.0000 67.9000 81.1560 0.0000
7         M:users
31        155 6.0000 4.2000 5.0200 0.0000
# send QUERY complete successful
