# delta from 1679722158 to 1679722219 at 1679722219
22        CFR: 0 1679722218 1771
3         PRD
60        Packing reports: delta,0.034459,0.118741,0.123229,1679722159
3         EXS
16        f,335,1679722137
3         MOM
15        M:entropy_avail
41        1505 3172.0000 2856.4900 1051.7000 0.0000
12        M:mem_cached
40        1505 1821.9531 1657.7969 547.1875 0.0000
10        M:mem_free
38        1505 8855.1668 8855.1668 0.0000 0.0000
11        M:mem_total
40        1505 10413.1535 10413.1535 0.0000 0.0000
16        M:io_writtendata
32        1505 0.0625 0.0524 0.0339 0.0000
11        M:io_writes
32        1505 4.0000 3.2200 2.3605 0.0000
6         M:cpu3
32        1505 1.6843 1.1916 1.3744 0.0000
6         M:cpu2
32        1505 2.1570 1.5462 1.7051 0.0000
6         M:cpu1
32        1505 1.2055 0.8746 0.9253 0.0000
6         M:cpu0
32        1505 1.0655 0.8003 0.7489 0.0000
5         M:cpu
32        1505 1.5298 1.1047 1.1877 0.0000
10        M:messages
39        1505 1098.0000 816.4800 792.0435 0.0000
8         M:ssh_in
32        1505 3.0000 2.5200 1.6223 0.0000
9         M:smtp_in
32        1505 3.0000 2.5200 1.6223 0.0000
14        M:cfengine_out
32        1505 1.0000 0.7000 0.8367 0.0000
13        M:cfengine_in
32        1505 1.0000 1.1200 0.4000 0.0000
9         M:loadavg
32        1505 0.0800 0.0560 0.0669 0.0000
10        M:diskfree
35        1505 85.0000 77.3500 25.5000 0.0000
12        M:otherprocs
34        1505 13.0000 10.3600 7.8593 0.0000
11        M:rootprocs
35        1505 99.0000 89.6700 31.1000 0.0000
7         M:users
32        1505 6.0000 5.4600 1.8000 0.0000
3         MOY
15        M:entropy_avail
40        155 3071.5000 2467.2550 4839.3563 0.0000
12        M:mem_cached
38        155 1098.6758 945.6121 469.4713 0.0000
16        M:io_writtendata
31        155 0.0303 0.0327 0.0303 0.0000
11        M:io_writes
31        155 1.0000 1.3300 1.5556 0.0000
6         M:cpu3
31        155 0.0965 0.2074 0.6379 0.0000
6         M:cpu2
31        155 0.0899 0.2572 0.9414 0.0000
6         M:cpu1
31        155 0.0999 0.2573 0.8754 0.0000
6         M:cpu0
31        155 0.1764 0.2613 0.5270 0.0000
5         M:cpu
31        155 0.1157 0.2456 0.7663 0.0000
10        M:messages
37        155 113.5000 275.9050 209.2837 0.0000
8         M:ssh_in
31        155 2.0000 1.6100 1.2570 0.0000
9         M:smtp_in
31        155 2.0000 1.6100 1.2570 0.0000
13        M:cfengine_in
31        155 1.0000 0.9100 0.6557 0.0000
9         M:loadavg
31        155 0.0100 0.0112 0.0241 0.0000
10        M:diskfree
34        155 88.0000 70.6300 56.2834 0.0000
12        M:otherprocs
31        155 6.0000 5.5650 4.1719 0.0000
11        M:rootprocs
34        155 96.5000 77.6300 60.8923 0.0000
7         M:users
31        155 6.0000 4.8300 3.7709 0.0000
# send QUERY complete successful
