# delta from 1679738358 to 1679738419 at 1679738419
22        CFR: 0 1679738418 1854
3         PRD
60        Packing reports: delta,0.032509,0.105683,0.110737,1679738359
83        Sample(/proc/sys/kernel/random/entropy_avail),0.004935,0.002436,0.002800,1679738369
3         EXS
16        f,306,1679738329
3         MOM
15        M:entropy_avail
41        1559 3286.0000 2956.8700 1097.1000 0.0000
12        M:mem_cached
40        1559 1878.9258 1709.6280 564.3258 0.0000
10        M:mem_free
38        1559 8812.8277 8812.8277 0.0000 0.0000
11        M:mem_total
40        1559 10413.1535 10413.1535 0.0000 0.0000
16        M:io_writtendata
32        1559 0.1182 0.0930 0.0737 0.0000
11        M:io_writes
32        1559 6.0000 4.6200 3.9563 0.0000
6         M:cpu3
32        1559 1.3050 0.9373 1.0269 0.0000
6         M:cpu2
32        1559 1.4977 1.0652 1.2068 0.0000
6         M:cpu1
32        1559 2.5639 1.8227 2.0681 0.0000
6         M:cpu0
32        1559 1.4985 1.0811 1.1662 0.0000
5         M:cpu
32        1559 1.7146 1.2261 1.3636 0.0000
10        M:messages
39        1559 1341.0000 986.5800 993.9370 0.0000
8         M:ssh_in
32        1559 2.0000 1.8200 0.6000 0.0000
9         M:smtp_in
32        1559 3.0000 2.5200 1.6223 0.0000
14        M:cfengine_out
32        1559 1.0000 0.7000 0.8367 0.0000
13        M:cfengine_in
32        1559 1.0000 0.9100 0.3000 0.0000
9         M:loadavg
32        1559 0.0800 0.0581 0.0612 0.0000
10        M:diskfree
35        1559 85.0000 77.3500 25.5000 0.0000
12        M:otherprocs
34        1559 13.0000 10.3600 7.8593 0.0000
11        M:rootprocs
35        1559 98.0000 88.9700 30.1000 0.0000
7         M:users
32        1559 6.0000 5.4600 1.8000 0.0000
3         MOY
15        M:entropy_avail
40        155 3071.5000 2467.2550 4839.3563 0.0000
12        M:mem_cached
38        155 1098.6758 945.6121 469.4713 0.0000
16        M:io_writtendata
31        155 0.0303 0.0327 0.0303 0.0000
11        M:io_writes
31        155 1.0000 1.3300 1.5556 0.0000
6         M:cpu3
31        155 0.0965 0.2074 0.6379 0.0000
6         M:cpu2
31        155 0.0899 0.2572 0.9414 0.0000
6         M:cpu1
31        155 0.0999 0.2573 0.8754 0.0000
6         M:cpu0
31        155 0.1764 0.2613 0.5270 0.0000
5         M:cpu
31        155 0.1157 0.2456 0.7663 0.0000
10        M:messages
37        155 113.5000 275.9050 209.2837 0.0000
8         M:ssh_in
31        155 2.0000 1.6100 1.2570 0.0000
9         M:smtp_in
31        155 2.0000 1.6100 1.2570 0.0000
13        M:cfengine_in
31        155 1.0000 0.9100 0.6557 0.0000
9         M:loadavg
31        155 0.0100 0.0112 0.0241 0.0000
10        M:diskfree
34        155 88.0000 70.6300 56.2834 0.0000
12        M:otherprocs
31        155 6.0000 5.5650 4.1719 0.0000
11        M:rootprocs
34        155 96.5000 77.6300 60.8923 0.0000
7         M:users
31        155 6.0000 4.8300 3.7709 0.0000
# send QUERY complete successful
