# delta from 1679702358 to 1679702419 at 1679702419
22        CFR: 0 1679702418 1770
3         PRD
60        Packing reports: delta,0.034703,0.120427,0.125060,1679702359
3         EXS
16        f,293,1679702308
3         MOM
15        M:entropy_avail
41        1439 3151.0000 2842.6300 1027.9000 0.0000
12        M:mem_cached
40        1439 1760.9766 1602.4714 528.3504 0.0000
10        M:mem_free
40        1439 12699.9922 11560.0231 0.0000 0.0000
11        M:mem_total
40        1439 14875.9336 13537.0996 0.0000 0.0000
16        M:io_writtendata
32        1439 0.0449 0.0546 0.0323 0.0000
11        M:io_writes
32        1439 2.0000 2.6600 2.2000 0.0000
6         M:cpu3
32        1439 0.7789 0.9884 0.6984 0.0000
6         M:cpu2
32        1439 0.4859 0.6184 0.4415 0.0000
6         M:cpu1
32        1439 0.5194 0.6195 0.3338 0.0000
6         M:cpu0
32        1439 0.7257 0.8492 0.4117 0.0000
5         M:cpu
32        1439 0.6275 0.7689 0.4714 0.0000
10        M:messages
37        1439 0.0000 329.7000 1167.5143 0.0000
8         M:ssh_in
32        1439 2.0000 1.8200 0.6000 0.0000
9         M:smtp_in
32        1439 2.0000 1.8200 0.6000 0.0000
14        M:cfengine_out
32        1439 1.0000 0.7000 0.8367 0.0000
13        M:cfengine_in
32        1439 2.0000 1.6100 1.1803 0.0000
9         M:loadavg
32        1439 0.0000 0.0042 0.0149 0.0000
10        M:diskfree
35        1439 86.0000 78.2600 25.8000 0.0000
12        M:otherprocs
32        1439 6.0000 5.4600 1.8000 0.0000
11        M:rootprocs
36        1439 100.0000 90.3700 32.1000 0.0000
7         M:users
32        1439 6.0000 5.4600 1.8000 0.0000
3         MOY
15        M:entropy_avail
40        155 3071.5000 2467.2550 4839.3563 0.0000
12        M:mem_cached
38        155 1098.6758 945.6121 469.4713 0.0000
16        M:io_writtendata
31        155 0.0303 0.0327 0.0303 0.0000
11        M:io_writes
31        155 1.0000 1.3300 1.5556 0.0000
6         M:cpu3
31        155 0.0965 0.2074 0.6379 0.0000
6         M:cpu2
31        155 0.0899 0.2572 0.9414 0.0000
6         M:cpu1
31        155 0.0999 0.2573 0.8754 0.0000
6         M:cpu0
31        155 0.1764 0.2613 0.5270 0.0000
5         M:cpu
31        155 0.1157 0.2456 0.7663 0.0000
10        M:messages
37        155 113.5000 275.9050 209.2837 0.0000
8         M:ssh_in
31        155 2.0000 1.6100 1.2570 0.0000
9         M:smtp_in
31        155 2.0000 1.6100 1.2570 0.0000
13        M:cfengine_in
31        155 1.0000 0.9100 0.6557 0.0000
9         M:loadavg
31        155 0.0100 0.0112 0.0241 0.0000
10        M:diskfree
34        155 88.0000 70.6300 56.2834 0.0000
12        M:otherprocs
31        155 6.0000 5.5650 4.1719 0.0000
11        M:rootprocs
34        155 96.5000 77.6300 60.8923 0.0000
7         M:users
31        155 6.0000 4.8300 3.7709 0.0000
# send QUERY complete successful
