# delta from 1679682558 to 1679682620 at 1679682620
22        CFR: 0 1679682619 2495
3         PRD
60        Packing reports: delta,0.034480,0.118888,0.122423,1679682559
83        Sample(/proc/sys/kernel/random/entropy_avail),0.005054,0.002554,0.002573,1679682616
3         EXS
16        f,335,1679682538
3         MOM
15        M:entropy_avail
41        1373 3151.0000 2846.6200 1014.6000 0.0000
41        1374 3045.0000 2131.5000 2547.6298 0.0000
12        M:mem_cached
40        1373 1693.0742 1540.7049 507.8977 0.0000
41        1374 1701.9883 1191.3918 1423.9856 0.0000
10        M:mem_free
40        1373 12787.8008 11636.7724 0.0000 0.0000
39        1374 12768.8945 8938.2262 0.0000 0.0000
11        M:mem_total
40        1373 14875.9336 13537.0996 0.0000 0.0000
40        1374 14875.9336 10413.1535 0.0000 0.0000
16        M:io_writtendata
32        1373 0.0381 0.0502 0.0405 0.0000
32        1374 0.1074 0.0752 0.0899 0.0000
11        M:io_writes
32        1373 2.0000 2.6600 2.2000 0.0000
32        1374 6.0000 4.2000 5.0200 0.0000
6         M:cpu3
32        1373 0.1131 0.4469 1.2288 0.0000
32        1374 1.1650 0.8155 0.9747 0.0000
6         M:cpu2
32        1373 0.1198 0.5423 1.5458 0.0000
32        1374 2.2703 1.5892 1.8995 0.0000
6         M:cpu1
32        1373 0.1598 0.3455 0.6189 0.0000
32        1374 1.6652 1.1657 1.3932 0.0000
6         M:cpu0
32        1373 0.1798 0.3930 0.7107 0.0000
32        1374 1.0857 0.7600 0.9083 0.0000
5         M:cpu
32        1373 0.1431 0.4309 1.0793 0.0000
32        1374 1.5482 1.0837 1.2953 0.0000
10        M:messages
37        1373 0.0000 379.8900 1345.2442 0.0000
40        1374 1323.0000 926.1000 1106.9012 0.0000
8         M:ssh_in
32        1373 2.0000 1.8200 0.6000 0.0000
32        1374 2.0000 1.4000 1.6733 0.0000
9         M:smtp_in
32        1373 2.0000 1.8200 0.6000 0.0000
32        1374 2.0000 1.4000 1.6733 0.0000
13        M:cfengine_in
32        1373 2.0000 1.8200 0.6000 0.0000
32        1374 1.0000 0.7000 0.8367 0.0000
9         M:loadavg
32        1373 0.0000 0.0042 0.0149 0.0000
32        1374 0.0100 0.0070 0.0084 0.0000
10        M:diskfree
35        1373 86.0000 78.2600 25.8000 0.0000
35        1374 86.0000 60.2000 71.9528 0.0000
12        M:otherprocs
32        1373 6.0000 5.4600 1.8000 0.0000
34        1374 13.0000 9.1000 10.8766 0.0000
11        M:rootprocs
35        1373 96.0000 87.3600 28.8000 0.0000
35        1374 97.0000 67.9000 81.1560 0.0000
7         M:users
32        1373 6.0000 5.4600 1.8000 0.0000
32        1374 6.0000 4.2000 5.0200 0.0000
3         MOY
15        M:entropy_avail
40        155 3071.5000 2467.2550 4839.3563 0.0000
12        M:mem_cached
38        155 1098.6758 945.6121 469.4713 0.0000
16        M:io_writtendata
31        155 0.0303 0.0327 0.0303 0.0000
11        M:io_writes
31        155 1.0000 1.3300 1.5556 0.0000
6         M:cpu3
31        155 0.0965 0.2074 0.6379 0.0000
6         M:cpu2
31        155 0.0899 0.2572 0.9414 0.0000
6         M:cpu1
31        155 0.0999 0.2573 0.8754 0.0000
6         M:cpu0
31        155 0.1764 0.2613 0.5270 0.0000
5         M:cpu
31        155 0.1157 0.2456 0.7663 0.0000
10        M:messages
37        155 113.5000 275.9050 209.2837 0.0000
8         M:ssh_in
31        155 2.0000 1.6100 1.2570 0.0000
9         M:smtp_in
31        155 2.0000 1.6100 1.2570 0.0000
13        M:cfengine_in
31        155 1.0000 0.9100 0.6557 0.0000
9         M:loadavg
31        155 0.0100 0.0112 0.0241 0.0000
10        M:diskfree
34        155 88.0000 70.6300 56.2834 0.0000
12        M:otherprocs
31        155 6.0000 5.5650 4.1719 0.0000
11        M:rootprocs
34        155 96.5000 77.6300 60.8923 0.0000
7         M:users
31        155 6.0000 4.8300 3.7709 0.0000
# send QUERY complete successful
