# delta from 1679753963 to 1679754024 at 1679754024
22        CFR: 0 1679754023 1810
3         PRD
60        Packing reports: delta,0.027972,0.078245,0.085178,1679753964
83        Sample(/proc/sys/kernel/random/entropy_avail),0.004977,0.002477,0.002658,1679753997
3         EXS
16        f,305,1679753934
3         MOM
15        M:entropy_avail
41        1611 3160.0000 2843.2600 1055.8000 0.0000
12        M:mem_cached
40        1611 1934.7812 1760.4450 581.1207 0.0000
10        M:mem_free
38        1611 8769.0449 8769.0449 0.0000 0.0000
11        M:mem_total
40        1611 10413.1535 10413.1535 0.0000 0.0000
16        M:io_writtendata
32        1611 0.1143 0.0884 0.0744 0.0000
11        M:io_writes
32        1611 6.0000 4.6200 3.9563 0.0000
6         M:cpu3
32        1611 2.2497 1.6000 1.8129 0.0000
6         M:cpu2
32        1611 1.3581 0.9646 1.0977 0.0000
6         M:cpu1
32        1611 1.1590 0.8407 0.8901 0.0000
6         M:cpu0
32        1611 1.5386 1.1189 1.1738 0.0000
5         M:cpu
32        1611 1.5748 1.1300 1.2421 0.0000
10        M:messages
41        1611 2056.0000 1487.0800 1590.0785 0.0000
8         M:ssh_in
32        1611 2.0000 1.8200 0.6000 0.0000
9         M:smtp_in
32        1611 2.0000 1.8200 0.6000 0.0000
13        M:cfengine_in
32        1611 2.0000 1.8200 0.6000 0.0000
9         M:loadavg
32        1611 0.0600 0.0441 0.0446 0.0000
10        M:diskfree
35        1611 85.0000 77.3500 25.5000 0.0000
12        M:otherprocs
34        1611 13.0000 10.3600 7.8593 0.0000
11        M:rootprocs
35        1611 97.0000 88.2700 29.1000 0.0000
7         M:users
32        1611 6.0000 5.4600 1.8000 0.0000
3         MOY
15        M:entropy_avail
40        155 3071.5000 2467.2550 4839.3563 0.0000
12        M:mem_cached
38        155 1098.6758 945.6121 469.4713 0.0000
16        M:io_writtendata
31        155 0.0303 0.0327 0.0303 0.0000
11        M:io_writes
31        155 1.0000 1.3300 1.5556 0.0000
6         M:cpu3
31        155 0.0965 0.2074 0.6379 0.0000
6         M:cpu2
31        155 0.0899 0.2572 0.9414 0.0000
6         M:cpu1
31        155 0.0999 0.2573 0.8754 0.0000
6         M:cpu0
31        155 0.1764 0.2613 0.5270 0.0000
5         M:cpu
31        155 0.1157 0.2456 0.7663 0.0000
10        M:messages
37        155 113.5000 275.9050 209.2837 0.0000
8         M:ssh_in
31        155 2.0000 1.6100 1.2570 0.0000
9         M:smtp_in
31        155 2.0000 1.6100 1.2570 0.0000
13        M:cfengine_in
31        155 1.0000 0.9100 0.6557 0.0000
9         M:loadavg
31        155 0.0100 0.0112 0.0241 0.0000
10        M:diskfree
34        155 88.0000 70.6300 56.2834 0.0000
12        M:otherprocs
31        155 6.0000 5.5650 4.1719 0.0000
11        M:rootprocs
34        155 96.5000 77.6300 60.8923 0.0000
7         M:users
31        155 6.0000 4.8300 3.7709 0.0000
# send QUERY complete successful
