# delta from 1679680459 to 1679680519 at 1679680519
22        CFR: 0 1679680518 2496
3         PRD
60        Packing reports: delta,0.033202,0.110235,0.115296,1679680460
83        Sample(/proc/sys/kernel/random/entropy_avail),0.004941,0.002441,0.002392,1679680512
3         EXS
16        f,296,1679680426
3         MOM
15        M:entropy_avail
41        1366 3168.0000 2859.9900 1026.7000 0.0000
41        1367 3066.0000 2146.2000 2565.1996 0.0000
12        M:mem_cached
40        1366 1686.7852 1534.9712 506.0465 0.0000
41        1367 1687.6641 1181.3648 1412.0011 0.0000
10        M:mem_free
40        1366 12793.8477 11640.4745 0.0000 0.0000
39        1367 12784.3477 8949.0434 0.0000 0.0000
11        M:mem_total
40        1366 14875.9336 13537.0996 0.0000 0.0000
40        1367 14875.9336 10413.1535 0.0000 0.0000
16        M:io_writtendata
32        1366 0.0391 0.0520 0.0430 0.0000
32        1367 0.1104 0.0772 0.0923 0.0000
11        M:io_writes
32        1366 2.0000 2.6600 2.2000 0.0000
32        1367 6.0000 4.2000 5.0200 0.0000
6         M:cpu3
32        1366 0.1864 0.5248 1.2771 0.0000
32        1367 2.1105 1.4774 1.7658 0.0000
6         M:cpu2
32        1366 0.0799 0.3048 0.8297 0.0000
32        1367 1.5312 1.0718 1.2811 0.0000
6         M:cpu1
32        1366 0.0999 0.3888 1.0648 0.0000
32        1367 1.5050 1.0535 1.2591 0.0000
6         M:cpu0
32        1366 0.1997 0.5063 1.0219 0.0000
32        1367 1.0790 0.7553 0.9028 0.0000
5         M:cpu
32        1366 0.1398 0.4293 1.0840 0.0000
32        1367 1.5582 1.0907 1.3036 0.0000
10        M:messages
37        1366 0.0000 379.8900 1345.2442 0.0000
41        1367 1569.0000 1098.3000 1312.7196 0.0000
8         M:ssh_in
32        1366 2.0000 1.8200 0.6000 0.0000
32        1367 2.0000 1.4000 1.6733 0.0000
9         M:smtp_in
32        1366 2.0000 1.8200 0.6000 0.0000
32        1367 2.0000 1.4000 1.6733 0.0000
13        M:cfengine_in
32        1366 1.0000 0.9100 0.3000 0.0000
32        1367 1.0000 0.7000 0.8367 0.0000
9         M:loadavg
32        1366 0.0000 0.0042 0.0149 0.0000
32        1367 0.0400 0.0280 0.0335 0.0000
10        M:diskfree
35        1366 86.0000 78.2600 25.8000 0.0000
35        1367 86.0000 60.2000 71.9528 0.0000
12        M:otherprocs
32        1366 6.0000 6.9300 3.1000 0.0000
34        1367 13.0000 9.1000 10.8766 0.0000
11        M:rootprocs
35        1366 97.0000 88.2700 29.1000 0.0000
35        1367 97.0000 67.9000 81.1560 0.0000
7         M:users
32        1366 6.0000 5.4600 1.8000 0.0000
32        1367 6.0000 4.2000 5.0200 0.0000
3         MOY
15        M:entropy_avail
40        155 3071.5000 2467.2550 4839.3563 0.0000
12        M:mem_cached
38        155 1098.6758 945.6121 469.4713 0.0000
16        M:io_writtendata
31        155 0.0303 0.0327 0.0303 0.0000
11        M:io_writes
31        155 1.0000 1.3300 1.5556 0.0000
6         M:cpu3
31        155 0.0965 0.2074 0.6379 0.0000
6         M:cpu2
31        155 0.0899 0.2572 0.9414 0.0000
6         M:cpu1
31        155 0.0999 0.2573 0.8754 0.0000
6         M:cpu0
31        155 0.1764 0.2613 0.5270 0.0000
5         M:cpu
31        155 0.1157 0.2456 0.7663 0.0000
10        M:messages
37        155 113.5000 275.9050 209.2837 0.0000
8         M:ssh_in
31        155 2.0000 1.6100 1.2570 0.0000
9         M:smtp_in
31        155 2.0000 1.6100 1.2570 0.0000
13        M:cfengine_in
31        155 1.0000 0.9100 0.6557 0.0000
9         M:loadavg
31        155 0.0100 0.0112 0.0241 0.0000
10        M:diskfree
34        155 88.0000 70.6300 56.2834 0.0000
12        M:otherprocs
31        155 6.0000 5.5650 4.1719 0.0000
11        M:rootprocs
34        155 96.5000 77.6300 60.8923 0.0000
7         M:users
31        155 6.0000 4.8300 3.7709 0.0000
# send QUERY complete successful
