# delta from 1679676498 to 1679676559 at 1679676559
22        CFR: 0 1679676558 1721
3         PRD
60        Packing reports: delta,0.029338,0.086072,0.090019,1679676499
3         EXS
16        f,293,1679676494
3         MOM
15        M:entropy_avail
41        1353 3126.0000 2823.6600 1007.8000 0.0000
12        M:mem_cached
40        1353 1674.9141 1524.1784 502.4523 0.0000
10        M:mem_free
38        1353 8962.4254 8962.4254 0.0000 0.0000
11        M:mem_total
40        1353 10413.1535 10413.1535 0.0000 0.0000
16        M:io_writtendata
32        1353 0.0391 0.0501 0.0368 0.0000
11        M:io_writes
32        1353 2.0000 2.6600 2.2000 0.0000
6         M:cpu3
32        1353 0.0466 0.3682 1.1580 0.0000
6         M:cpu2
32        1353 0.0799 0.2377 0.5924 0.0000
6         M:cpu1
32        1353 0.1465 0.6466 1.8319 0.0000
6         M:cpu0
32        1353 0.2397 0.4028 0.5437 0.0000
5         M:cpu
32        1353 0.1232 0.4114 1.0721 0.0000
10        M:messages
37        1353 0.0000 328.0200 1161.5652 0.0000
8         M:ssh_in
32        1353 2.0000 1.8200 0.6000 0.0000
9         M:smtp_in
32        1353 2.0000 1.8200 0.6000 0.0000
13        M:cfengine_in
32        1353 1.0000 0.9100 0.3000 0.0000
9         M:loadavg
32        1353 0.0000 0.0021 0.0074 0.0000
10        M:diskfree
35        1353 86.0000 78.2600 25.8000 0.0000
12        M:otherprocs
32        1353 6.0000 5.8800 0.4000 0.0000
11        M:rootprocs
35        1353 97.0000 88.2700 29.1000 0.0000
7         M:users
32        1353 6.0000 5.4600 1.8000 0.0000
3         MOY
15        M:entropy_avail
40        155 3074.5000 2470.9300 4843.1648 0.0000
12        M:mem_cached
38        155 1093.2188 940.6470 467.7120 0.0000
16        M:io_writtendata
31        155 0.0308 0.0331 0.0301 0.0000
11        M:io_writes
31        155 1.0000 1.3300 1.5556 0.0000
6         M:cpu3
31        155 0.0666 0.3919 1.6927 0.0000
6         M:cpu2
31        155 0.1032 0.1400 0.2569 0.0000
6         M:cpu1
31        155 0.0766 0.1739 0.5611 0.0000
6         M:cpu0
31        155 0.1898 0.2601 0.4601 0.0000
5         M:cpu
31        155 0.1090 0.2413 0.7739 0.0000
10        M:messages
37        155 113.5000 218.2600 708.0041 0.0000
8         M:ssh_in
31        155 2.0000 1.6100 1.2570 0.0000
9         M:smtp_in
31        155 2.0000 1.6100 1.2570 0.0000
13        M:cfengine_in
31        155 1.0000 0.8050 0.6285 0.0000
9         M:loadavg
31        155 0.0100 0.0123 0.0288 0.0000
10        M:diskfree
34        155 88.0000 70.6300 56.2834 0.0000
12        M:otherprocs
31        155 6.0000 5.5650 4.1719 0.0000
11        M:rootprocs
34        155 96.0000 77.2800 60.6595 0.0000
7         M:users
31        155 6.0000 4.8300 3.7709 0.0000
# send QUERY complete successful
