# delta from 1679696118 to 1679696179 at 1679696179
22        CFR: 0 1679696178 1769
3         PRD
60        Packing reports: delta,0.029476,0.086883,0.086585,1679696119
83        Sample(/proc/sys/kernel/random/entropy_avail),0.004984,0.002484,0.002552,1679696142
3         EXS
16        f,305,1679696031
3         MOM
15        M:entropy_avail
41        1419 3044.0000 2130.8000 2546.7931 0.0000
12        M:mem_cached
41        1419 1742.8477 1219.9934 1458.1710 0.0000
10        M:mem_free
39        1419 12734.1484 8913.9039 0.0000 0.0000
11        M:mem_total
40        1419 14875.9336 10413.1535 0.0000 0.0000
16        M:io_writtendata
32        1419 0.1094 0.0766 0.0915 0.0000
11        M:io_writes
32        1419 4.0000 2.8000 3.3466 0.0000
6         M:cpu3
32        1419 1.3917 0.9742 1.1643 0.0000
6         M:cpu2
32        1419 2.0170 1.4119 1.6876 0.0000
6         M:cpu1
32        1419 1.8781 1.3147 1.5713 0.0000
6         M:cpu0
32        1419 0.9523 0.6666 0.7968 0.0000
5         M:cpu
32        1419 1.5582 1.0908 1.3037 0.0000
10        M:messages
41        1419 1804.0000 1262.8000 1509.3347 0.0000
8         M:ssh_in
32        1419 2.0000 1.4000 1.6733 0.0000
9         M:smtp_in
32        1419 2.0000 1.4000 1.6733 0.0000
13        M:cfengine_in
32        1419 1.0000 0.7000 0.8367 0.0000
10        M:diskfree
35        1419 86.0000 60.2000 71.9528 0.0000
12        M:otherprocs
32        1419 6.0000 4.2000 5.0200 0.0000
11        M:rootprocs
35        1419 97.0000 67.9000 81.1560 0.0000
7         M:users
32        1419 6.0000 4.2000 5.0200 0.0000
3         MOY
15        M:entropy_avail
40        155 3071.5000 2467.2550 4839.3563 0.0000
12        M:mem_cached
38        155 1098.6758 945.6121 469.4713 0.0000
16        M:io_writtendata
31        155 0.0303 0.0327 0.0303 0.0000
11        M:io_writes
31        155 1.0000 1.3300 1.5556 0.0000
6         M:cpu3
31        155 0.0965 0.2074 0.6379 0.0000
6         M:cpu2
31        155 0.0899 0.2572 0.9414 0.0000
6         M:cpu1
31        155 0.0999 0.2573 0.8754 0.0000
6         M:cpu0
31        155 0.1764 0.2613 0.5270 0.0000
5         M:cpu
31        155 0.1157 0.2456 0.7663 0.0000
10        M:messages
37        155 113.5000 275.9050 209.2837 0.0000
8         M:ssh_in
31        155 2.0000 1.6100 1.2570 0.0000
9         M:smtp_in
31        155 2.0000 1.6100 1.2570 0.0000
13        M:cfengine_in
31        155 1.0000 0.9100 0.6557 0.0000
9         M:loadavg
31        155 0.0100 0.0112 0.0241 0.0000
10        M:diskfree
34        155 88.0000 70.6300 56.2834 0.0000
12        M:otherprocs
31        155 6.0000 5.5650 4.1719 0.0000
11        M:rootprocs
34        155 96.5000 77.6300 60.8923 0.0000
7         M:users
31        155 6.0000 4.8300 3.7709 0.0000
# send QUERY complete successful
