# delta from 1679704638 to 1679704699 at 1679704699
22        CFR: 0 1679704698 1727
3         PRD
60        Packing reports: delta,0.036000,0.129601,0.129445,1679704639
3         EXS
16        f,294,1679704421
3         MOM
15        M:entropy_avail
41        1447 3068.0000 2147.6000 2566.8730 0.0000
12        M:mem_cached
41        1447 1768.1445 1237.7012 1479.3359 0.0000
10        M:mem_free
39        1447 12706.4375 8894.5062 0.0000 0.0000
11        M:mem_total
40        1447 14875.9336 10413.1535 0.0000 0.0000
16        M:io_writtendata
32        1447 0.1240 0.0868 0.1038 0.0000
11        M:io_writes
32        1447 8.0000 5.6000 6.6933 0.0000
6         M:cpu3
32        1447 1.3386 0.9370 1.1199 0.0000
6         M:cpu2
32        1447 2.2767 1.5937 1.9048 0.0000
6         M:cpu1
32        1447 2.2712 1.5898 1.9002 0.0000
6         M:cpu0
32        1447 0.9860 0.6902 0.8250 0.0000
5         M:cpu
32        1447 1.7182 1.2027 1.4375 0.0000
10        M:messages
41        1447 1566.0000 1096.2000 1310.2096 0.0000
8         M:ssh_in
32        1447 2.0000 1.4000 1.6733 0.0000
9         M:smtp_in
32        1447 2.0000 1.4000 1.6733 0.0000
13        M:cfengine_in
32        1447 2.0000 1.4000 1.6733 0.0000
9         M:loadavg
32        1447 0.0200 0.0140 0.0167 0.0000
10        M:diskfree
35        1447 86.0000 60.2000 71.9528 0.0000
12        M:otherprocs
32        1447 6.0000 4.2000 5.0200 0.0000
11        M:rootprocs
35        1447 97.0000 67.9000 81.1560 0.0000
7         M:users
32        1447 6.0000 4.2000 5.0200 0.0000
3         MOY
15        M:entropy_avail
40        155 3071.5000 2467.2550 4839.3563 0.0000
12        M:mem_cached
38        155 1098.6758 945.6121 469.4713 0.0000
16        M:io_writtendata
31        155 0.0303 0.0327 0.0303 0.0000
11        M:io_writes
31        155 1.0000 1.3300 1.5556 0.0000
6         M:cpu3
31        155 0.0965 0.2074 0.6379 0.0000
6         M:cpu2
31        155 0.0899 0.2572 0.9414 0.0000
6         M:cpu1
31        155 0.0999 0.2573 0.8754 0.0000
6         M:cpu0
31        155 0.1764 0.2613 0.5270 0.0000
5         M:cpu
31        155 0.1157 0.2456 0.7663 0.0000
10        M:messages
37        155 113.5000 275.9050 209.2837 0.0000
8         M:ssh_in
31        155 2.0000 1.6100 1.2570 0.0000
9         M:smtp_in
31        155 2.0000 1.6100 1.2570 0.0000
13        M:cfengine_in
31        155 1.0000 0.9100 0.6557 0.0000
9         M:loadavg
31        155 0.0100 0.0112 0.0241 0.0000
10        M:diskfree
34        155 88.0000 70.6300 56.2834 0.0000
12        M:otherprocs
31        155 6.0000 5.5650 4.1719 0.0000
11        M:rootprocs
34        155 96.5000 77.6300 60.8923 0.0000
7         M:users
31        155 6.0000 4.8300 3.7709 0.0000
# send QUERY complete successful
