# delta from 1679667738 to 1679667799 at 1679667799
22        CFR: 0 1679667798 1767
3         PRD
60        Packing reports: delta,0.031141,0.138304,0.137815,1679667739
83        Sample(/proc/sys/kernel/random/entropy_avail),0.005017,0.002517,0.002374,1679667739
3         EXS
16        f,294,1679667519
3         MOM
15        M:entropy_avail
41        1324 3129.0000 2190.3000 2617.9092 0.0000
12        M:mem_cached
41        1324 1648.5352 1153.9746 1379.2635 0.0000
10        M:mem_free
39        1324 12834.4219 8984.0953 0.0000 0.0000
11        M:mem_total
40        1324 14875.9336 10413.1535 0.0000 0.0000
16        M:io_writtendata
32        1324 0.0410 0.0287 0.0343 0.0000
11        M:io_writes
32        1324 2.0000 1.4000 1.6733 0.0000
6         M:cpu3
32        1324 0.0865 0.0606 0.0724 0.0000
6         M:cpu2
32        1324 0.2130 0.1491 0.1782 0.0000
6         M:cpu1
32        1324 0.1598 0.1119 0.1337 0.0000
6         M:cpu0
32        1324 0.2663 0.1864 0.2228 0.0000
5         M:cpu
32        1324 0.1797 0.1258 0.1504 0.0000
10        M:messages
38        1324 527.0000 368.9000 440.9198 0.0000
8         M:ssh_in
32        1324 2.0000 1.4000 1.6733 0.0000
9         M:smtp_in
32        1324 2.0000 1.4000 1.6733 0.0000
13        M:cfengine_in
32        1324 1.0000 0.7000 0.8367 0.0000
10        M:diskfree
35        1324 86.0000 60.2000 71.9528 0.0000
12        M:otherprocs
32        1324 6.0000 4.2000 5.0200 0.0000
11        M:rootprocs
35        1324 96.0000 67.2000 80.3194 0.0000
7         M:users
32        1324 6.0000 4.2000 5.0200 0.0000
3         MOY
15        M:entropy_avail
40        155 3073.0000 2151.1000 4841.2604 0.0000
12        M:mem_cached
39        155 1082.2969 757.6078 1560.7510 0.0000
16        M:io_writtendata
31        155 0.0317 0.0222 0.0277 0.0000
11        M:io_writes
31        155 1.0000 0.7000 1.1832 0.0000
6         M:cpu3
31        155 0.0699 0.0489 0.0601 0.0000
6         M:cpu2
31        155 0.1597 0.1118 0.1409 0.0000
6         M:cpu1
31        155 0.1099 0.0769 0.1010 0.0000
6         M:cpu0
31        155 0.2164 0.1515 0.1858 0.0000
5         M:cpu
31        155 0.1390 0.0973 0.1212 0.0000
10        M:messages
37        155 377.0000 263.9000 339.4706 0.0000
8         M:ssh_in
31        155 2.0000 1.4000 1.6733 0.0000
9         M:smtp_in
31        155 2.0000 1.4000 1.6733 0.0000
13        M:cfengine_in
31        155 1.0000 0.7000 0.8367 0.0000
9         M:loadavg
31        155 0.0100 0.0070 0.0118 0.0000
10        M:diskfree
34        155 88.0000 61.6000 73.6451 0.0000
12        M:otherprocs
31        155 6.0000 4.2000 5.0200 0.0000
11        M:rootprocs
34        155 96.5000 67.5500 80.7388 0.0000
7         M:users
31        155 6.0000 4.2000 5.0200 0.0000
# send QUERY complete successful
