# delta from 1679758823 to 1679758884 at 1679758884
22        CFR: 0 1679758883 1724
3         PRD
60        Packing reports: delta,0.033644,0.113190,0.114689,1679758824
3         EXS
16        f,293,1679758684
3         MOM
15        M:entropy_avail
38        1628 3172.0000 2220.4000 0.0000 0.0000
12        M:mem_cached
41        1628 1949.3555 1364.5488 1630.9478 0.0000
10        M:mem_free
39        1628 12510.1289 8757.0902 0.0000 0.0000
11        M:mem_total
40        1628 14875.9336 10413.1535 0.0000 0.0000
16        M:io_writtendata
32        1628 0.1143 0.0800 0.0956 0.0000
11        M:io_writes
32        1628 6.0000 4.2000 5.0200 0.0000
6         M:cpu3
32        1628 1.5712 1.0999 1.3146 0.0000
6         M:cpu2
32        1628 2.6358 1.8450 2.2053 0.0000
6         M:cpu1
32        1628 0.9792 0.6855 0.8193 0.0000
6         M:cpu0
32        1628 1.1123 0.7786 0.9306 0.0000
5         M:cpu
32        1628 1.5732 1.1012 1.3162 0.0000
10        M:messages
41        1628 2048.0000 1433.6000 1713.4797 0.0000
8         M:ssh_in
32        1628 2.0000 1.4000 1.6733 0.0000
9         M:smtp_in
32        1628 2.0000 1.4000 1.6733 0.0000
13        M:cfengine_in
32        1628 1.0000 0.7000 0.8367 0.0000
9         M:loadavg
32        1628 0.0600 0.0420 0.0502 0.0000
10        M:diskfree
35        1628 84.0000 58.8000 70.2794 0.0000
12        M:otherprocs
32        1628 6.0000 4.2000 5.0200 0.0000
11        M:rootprocs
35        1628 97.0000 67.9000 81.1560 0.0000
7         M:users
32        1628 6.0000 4.2000 5.0200 0.0000
3         MOY
15        M:entropy_avail
40        155 3071.5000 2467.2550 4839.3563 0.0000
12        M:mem_cached
38        155 1098.6758 945.6121 469.4713 0.0000
16        M:io_writtendata
31        155 0.0303 0.0327 0.0303 0.0000
11        M:io_writes
31        155 1.0000 1.3300 1.5556 0.0000
6         M:cpu3
31        155 0.0965 0.2074 0.6379 0.0000
6         M:cpu2
31        155 0.0899 0.2572 0.9414 0.0000
6         M:cpu1
31        155 0.0999 0.2573 0.8754 0.0000
6         M:cpu0
31        155 0.1764 0.2613 0.5270 0.0000
5         M:cpu
31        155 0.1157 0.2456 0.7663 0.0000
10        M:messages
37        155 113.5000 275.9050 209.2837 0.0000
8         M:ssh_in
31        155 2.0000 1.6100 1.2570 0.0000
9         M:smtp_in
31        155 2.0000 1.6100 1.2570 0.0000
13        M:cfengine_in
31        155 1.0000 0.9100 0.6557 0.0000
9         M:loadavg
31        155 0.0100 0.0112 0.0241 0.0000
10        M:diskfree
34        155 88.0000 70.6300 56.2834 0.0000
12        M:otherprocs
31        155 6.0000 5.5650 4.1719 0.0000
11        M:rootprocs
34        155 96.5000 77.6300 60.8923 0.0000
7         M:users
31        155 6.0000 4.8300 3.7709 0.0000
# send QUERY complete successful
