# delta from 1679694438 to 1679694499 at 1679694499
22        CFR: 0 1679694498 1914
3         PRD
108       CFEngine Execution (policy filename: '/var/cfengine/inputs/update.cf'),0.051747,0.382844,0.383701,1679694497
60        Packing reports: delta,0.027956,0.078153,0.077489,1679694439
83        Sample(/proc/sys/kernel/random/entropy_avail),0.004904,0.002405,0.002393,1679694488
3         EXS
16        f,293,1679694212
3         MOM
15        M:entropy_avail
41        1413 3129.0000 2825.7600 1010.8000 0.0000
12        M:mem_cached
40        1413 1737.4609 1581.0870 521.2465 0.0000
10        M:mem_free
40        1413 12740.8711 11594.1714 0.0000 0.0000
11        M:mem_total
40        1413 14875.9336 13537.0996 0.0000 0.0000
16        M:io_writtendata
32        1413 0.0312 0.0459 0.0487 0.0000
11        M:io_writes
32        1413 2.0000 2.6600 2.2000 0.0000
6         M:cpu3
32        1413 0.0533 0.4232 1.3319 0.0000
6         M:cpu2
32        1413 0.0666 0.3681 1.0952 0.0000
6         M:cpu1
32        1413 0.0999 0.3524 0.9360 0.0000
6         M:cpu0
32        1413 0.1598 0.4447 1.0766 0.0000
5         M:cpu
32        1413 0.0965 0.3976 1.1061 0.0000
10        M:messages
37        1413 0.0000 378.8400 1341.5260 0.0000
8         M:ssh_in
32        1413 2.0000 1.8200 0.6000 0.0000
9         M:smtp_in
32        1413 2.0000 1.8200 0.6000 0.0000
13        M:cfengine_in
32        1413 1.0000 0.9100 0.3000 0.0000
9         M:loadavg
32        1413 0.0000 0.0021 0.0074 0.0000
10        M:diskfree
35        1413 86.0000 78.2600 25.8000 0.0000
12        M:otherprocs
32        1413 6.0000 5.4600 1.8000 0.0000
11        M:rootprocs
35        1413 96.0000 87.3600 28.8000 0.0000
7         M:users
32        1413 6.0000 5.4600 1.8000 0.0000
3         MOY
15        M:entropy_avail
40        155 3071.5000 2467.2550 4839.3563 0.0000
12        M:mem_cached
38        155 1098.6758 945.6121 469.4713 0.0000
16        M:io_writtendata
31        155 0.0303 0.0327 0.0303 0.0000
11        M:io_writes
31        155 1.0000 1.3300 1.5556 0.0000
6         M:cpu3
31        155 0.0965 0.2074 0.6379 0.0000
6         M:cpu2
31        155 0.0899 0.2572 0.9414 0.0000
6         M:cpu1
31        155 0.0999 0.2573 0.8754 0.0000
6         M:cpu0
31        155 0.1764 0.2613 0.5270 0.0000
5         M:cpu
31        155 0.1157 0.2456 0.7663 0.0000
10        M:messages
37        155 113.5000 275.9050 209.2837 0.0000
8         M:ssh_in
31        155 2.0000 1.6100 1.2570 0.0000
9         M:smtp_in
31        155 2.0000 1.6100 1.2570 0.0000
13        M:cfengine_in
31        155 1.0000 0.9100 0.6557 0.0000
9         M:loadavg
31        155 0.0100 0.0112 0.0241 0.0000
10        M:diskfree
34        155 88.0000 70.6300 56.2834 0.0000
12        M:otherprocs
31        155 6.0000 5.5650 4.1719 0.0000
11        M:rootprocs
34        155 96.5000 77.6300 60.8923 0.0000
7         M:users
31        155 6.0000 4.8300 3.7709 0.0000
# send QUERY complete successful
