# delta from 1679677818 to 1679677879 at 1679677879
22        CFR: 0 1679677878 1729
3         PRD
60        Packing reports: delta,0.030651,0.093947,0.094343,1679677819
3         EXS
16        f,296,1679677727
3         MOM
15        M:entropy_avail
41        1358 3030.0000 2121.0000 2535.0799 0.0000
12        M:mem_cached
41        1358 1679.4609 1175.6227 1405.1378 0.0000
10        M:mem_free
39        1358 12793.0664 8955.1465 0.0000 0.0000
11        M:mem_total
40        1358 14875.9336 10413.1535 0.0000 0.0000
16        M:io_writtendata
32        1358 0.1143 0.0800 0.0956 0.0000
11        M:io_writes
32        1358 6.0000 4.2000 5.0200 0.0000
6         M:cpu3
32        1358 1.9110 1.3377 1.5989 0.0000
6         M:cpu2
32        1358 1.7176 1.2023 1.4370 0.0000
6         M:cpu1
32        1358 0.9458 0.6621 0.7914 0.0000
6         M:cpu0
32        1358 1.6983 1.1888 1.4209 0.0000
5         M:cpu
32        1358 1.5682 1.0978 1.3121 0.0000
10        M:messages
41        1358 2047.0000 1432.9000 1712.6431 0.0000
8         M:ssh_in
32        1358 2.0000 1.4000 1.6733 0.0000
9         M:smtp_in
32        1358 2.0000 1.4000 1.6733 0.0000
13        M:cfengine_in
32        1358 1.0000 0.7000 0.8367 0.0000
9         M:loadavg
32        1358 0.0200 0.0140 0.0167 0.0000
10        M:diskfree
35        1358 86.0000 60.2000 71.9528 0.0000
12        M:otherprocs
34        1358 13.0000 9.1000 10.8766 0.0000
11        M:rootprocs
35        1358 96.0000 67.2000 80.3194 0.0000
7         M:users
32        1358 6.0000 4.2000 5.0200 0.0000
3         MOY
15        M:entropy_avail
40        155 3074.5000 2470.9300 4843.1648 0.0000
12        M:mem_cached
38        155 1093.2188 940.6470 467.7120 0.0000
16        M:io_writtendata
31        155 0.0308 0.0331 0.0301 0.0000
11        M:io_writes
31        155 1.0000 1.3300 1.5556 0.0000
6         M:cpu3
31        155 0.0666 0.3919 1.6927 0.0000
6         M:cpu2
31        155 0.1032 0.1400 0.2569 0.0000
6         M:cpu1
31        155 0.0766 0.1739 0.5611 0.0000
6         M:cpu0
31        155 0.1898 0.2601 0.4601 0.0000
5         M:cpu
31        155 0.1090 0.2413 0.7739 0.0000
10        M:messages
37        155 113.5000 218.2600 708.0041 0.0000
8         M:ssh_in
31        155 2.0000 1.6100 1.2570 0.0000
9         M:smtp_in
31        155 2.0000 1.6100 1.2570 0.0000
13        M:cfengine_in
31        155 1.0000 0.8050 0.6285 0.0000
9         M:loadavg
31        155 0.0100 0.0123 0.0288 0.0000
10        M:diskfree
34        155 88.0000 70.6300 56.2834 0.0000
12        M:otherprocs
31        155 6.0000 5.5650 4.1719 0.0000
11        M:rootprocs
34        155 96.0000 77.2800 60.6595 0.0000
7         M:users
31        155 6.0000 4.8300 3.7709 0.0000
# send QUERY complete successful
