# delta from 1679708358 to 1679708419 at 1679708419
22        CFR: 0 1679708418 1775
3         PRD
60        Packing reports: delta,0.038334,0.146947,0.148211,1679708359
3         EXS
16        f,293,1679708292
3         MOM
15        M:entropy_avail
41        1459 3182.0000 2861.3900 1068.7000 0.0000
12        M:mem_cached
40        1459 1779.7930 1619.4114 534.6051 0.0000
10        M:mem_free
40        1459 12686.1484 11546.3343 0.0000 0.0000
11        M:mem_total
40        1459 14875.9336 13537.0996 0.0000 0.0000
16        M:io_writtendata
32        1459 0.0850 0.0751 0.0330 0.0000
11        M:io_writes
32        1459 6.0000 4.6200 3.9563 0.0000
6         M:cpu3
32        1459 1.6377 1.1771 1.2862 0.0000
6         M:cpu2
32        1459 2.3434 1.6599 1.9065 0.0000
6         M:cpu1
32        1459 1.1389 0.8238 0.8807 0.0000
6         M:cpu0
32        1459 1.7848 1.2885 1.3867 0.0000
5         M:cpu
32        1459 1.7246 1.2369 1.3616 0.0000
10        M:messages
41        1459 2064.0000 1492.6800 1596.7574 0.0000
8         M:ssh_in
32        1459 2.0000 1.8200 0.6000 0.0000
9         M:smtp_in
32        1459 3.0000 2.5200 1.6223 0.0000
14        M:cfengine_out
32        1459 1.0000 0.7000 0.8367 0.0000
13        M:cfengine_in
32        1459 1.0000 1.1200 0.4000 0.0000
9         M:loadavg
32        1459 0.1400 0.1001 0.1114 0.0000
10        M:diskfree
35        1459 85.0000 77.3500 25.5000 0.0000
12        M:otherprocs
34        1459 13.0000 10.3600 7.8593 0.0000
11        M:rootprocs
35        1459 98.0000 88.7600 30.8000 0.0000
7         M:users
32        1459 6.0000 5.4600 1.8000 0.0000
3         MOY
15        M:entropy_avail
40        155 3071.5000 2467.2550 4839.3563 0.0000
12        M:mem_cached
38        155 1098.6758 945.6121 469.4713 0.0000
16        M:io_writtendata
31        155 0.0303 0.0327 0.0303 0.0000
11        M:io_writes
31        155 1.0000 1.3300 1.5556 0.0000
6         M:cpu3
31        155 0.0965 0.2074 0.6379 0.0000
6         M:cpu2
31        155 0.0899 0.2572 0.9414 0.0000
6         M:cpu1
31        155 0.0999 0.2573 0.8754 0.0000
6         M:cpu0
31        155 0.1764 0.2613 0.5270 0.0000
5         M:cpu
31        155 0.1157 0.2456 0.7663 0.0000
10        M:messages
37        155 113.5000 275.9050 209.2837 0.0000
8         M:ssh_in
31        155 2.0000 1.6100 1.2570 0.0000
9         M:smtp_in
31        155 2.0000 1.6100 1.2570 0.0000
13        M:cfengine_in
31        155 1.0000 0.9100 0.6557 0.0000
9         M:loadavg
31        155 0.0100 0.0112 0.0241 0.0000
10        M:diskfree
34        155 88.0000 70.6300 56.2834 0.0000
12        M:otherprocs
31        155 6.0000 5.5650 4.1719 0.0000
11        M:rootprocs
34        155 96.5000 77.6300 60.8923 0.0000
7         M:users
31        155 6.0000 4.8300 3.7709 0.0000
# send QUERY complete successful
