# delta from 1679677038 to 1679677099 at 1679677100
22        CFR: 1 1679677099 1806
3         PRD
60        Packing reports: delta,0.029604,0.087637,0.086617,1679677039
83        Sample(/proc/sys/kernel/random/entropy_avail),0.005397,0.002913,0.003170,1679677056
3         EXS
16        f,293,1679676788
3         MOM
15        M:entropy_avail
41        1355 3124.0000 2820.1600 1012.8000 0.0000
12        M:mem_cached
40        1355 1676.7188 1525.8190 502.9992 0.0000
10        M:mem_free
40        1355 12805.1602 11652.8196 0.0000 0.0000
11        M:mem_total
40        1355 14875.9336 13537.0996 0.0000 0.0000
16        M:io_writtendata
32        1355 0.0371 0.0504 0.0442 0.0000
11        M:io_writes
32        1355 2.0000 3.0800 3.6000 0.0000
6         M:cpu3
32        1355 0.1797 0.4712 0.9716 0.0000
6         M:cpu2
32        1355 0.0399 0.4320 1.4048 0.0000
6         M:cpu1
32        1355 0.1331 0.3408 0.6922 0.0000
6         M:cpu0
32        1355 0.1598 0.4434 1.0721 0.0000
5         M:cpu
32        1355 0.1281 0.4219 1.0938 0.0000
10        M:messages
37        1355 0.0000 341.0400 1207.6709 0.0000
8         M:ssh_in
32        1355 2.0000 1.8200 0.6000 0.0000
9         M:smtp_in
32        1355 2.0000 1.8200 0.6000 0.0000
13        M:cfengine_in
32        1355 1.0000 0.9100 0.3000 0.0000
9         M:loadavg
32        1355 0.0000 0.0021 0.0074 0.0000
10        M:diskfree
35        1355 86.0000 78.2600 25.8000 0.0000
12        M:otherprocs
32        1355 6.0000 5.2500 2.5000 0.0000
11        M:rootprocs
35        1355 97.0000 88.2700 29.1000 0.0000
7         M:users
32        1355 6.0000 5.4600 1.8000 0.0000
3         MOY
15        M:entropy_avail
40        155 3074.5000 2470.9300 4843.1648 0.0000
12        M:mem_cached
38        155 1093.2188 940.6470 467.7120 0.0000
16        M:io_writtendata
31        155 0.0308 0.0331 0.0301 0.0000
11        M:io_writes
31        155 1.0000 1.3300 1.5556 0.0000
6         M:cpu3
31        155 0.0666 0.3919 1.6927 0.0000
6         M:cpu2
31        155 0.1032 0.1400 0.2569 0.0000
6         M:cpu1
31        155 0.0766 0.1739 0.5611 0.0000
6         M:cpu0
31        155 0.1898 0.2601 0.4601 0.0000
5         M:cpu
31        155 0.1090 0.2413 0.7739 0.0000
10        M:messages
37        155 113.5000 218.2600 708.0041 0.0000
8         M:ssh_in
31        155 2.0000 1.6100 1.2570 0.0000
9         M:smtp_in
31        155 2.0000 1.6100 1.2570 0.0000
13        M:cfengine_in
31        155 1.0000 0.8050 0.6285 0.0000
9         M:loadavg
31        155 0.0100 0.0123 0.0288 0.0000
10        M:diskfree
34        155 88.0000 70.6300 56.2834 0.0000
12        M:otherprocs
31        155 6.0000 5.5650 4.1719 0.0000
11        M:rootprocs
34        155 96.0000 77.2800 60.6595 0.0000
7         M:users
31        155 6.0000 4.8300 3.7709 0.0000
# send QUERY complete successful
