# delta from 1679667139 to 1679667199 at 1679667199
22        CFR: 0 1679667198 1683
3         PRD
60        Packing reports: delta,0.030306,0.131201,0.131176,1679667140
3         EXS
16        f,305,1679666933
3         MOM
15        M:entropy_avail
41        1322 3123.0000 2186.1000 2612.8893 0.0000
12        M:mem_cached
41        1322 1646.8008 1152.7605 1377.8124 0.0000
10        M:mem_free
39        1322 12835.9492 8985.1645 0.0000 0.0000
11        M:mem_total
40        1322 14875.9336 10413.1535 0.0000 0.0000
16        M:io_writtendata
32        1322 0.0322 0.0226 0.0270 0.0000
11        M:io_writes
32        1322 2.0000 1.4000 1.6733 0.0000
6         M:cpu3
32        1322 0.0799 0.0559 0.0668 0.0000
6         M:cpu2
32        1322 0.1198 0.0839 0.1002 0.0000
6         M:cpu1
32        1322 0.0732 0.0513 0.0613 0.0000
6         M:cpu0
32        1322 0.2264 0.1585 0.1894 0.0000
5         M:cpu
32        1322 0.1282 0.0897 0.1072 0.0000
10        M:messages
38        1322 227.0000 158.9000 189.9218 0.0000
8         M:ssh_in
32        1322 2.0000 1.4000 1.6733 0.0000
9         M:smtp_in
32        1322 2.0000 1.4000 1.6733 0.0000
13        M:cfengine_in
32        1322 1.0000 0.7000 0.8367 0.0000
9         M:loadavg
32        1322 0.0100 0.0070 0.0084 0.0000
10        M:diskfree
35        1322 86.0000 60.2000 71.9528 0.0000
12        M:otherprocs
32        1322 6.0000 4.2000 5.0200 0.0000
11        M:rootprocs
35        1322 96.0000 67.2000 80.3194 0.0000
7         M:users
32        1322 6.0000 4.2000 5.0200 0.0000
3         MOY
15        M:entropy_avail
40        155 3084.0000 2158.8000 4855.2298 0.0000
12        M:mem_cached
39        155 1077.1406 753.9984 1553.6005 0.0000
16        M:io_writtendata
31        155 0.0312 0.0219 0.0272 0.0000
6         M:cpu3
31        155 0.0998 0.0699 0.0922 0.0000
6         M:cpu2
31        155 0.0998 0.0699 0.0837 0.0000
6         M:cpu1
31        155 0.1132 0.0792 0.1047 0.0000
6         M:cpu0
31        155 0.1831 0.1282 0.1538 0.0000
5         M:cpu
31        155 0.1240 0.0868 0.1060 0.0000
10        M:messages
37        155 227.0000 158.9000 189.9218 0.0000
8         M:ssh_in
31        155 2.0000 1.4000 1.6733 0.0000
9         M:smtp_in
31        155 2.0000 1.4000 1.6733 0.0000
13        M:cfengine_in
31        155 1.0000 0.7000 0.8367 0.0000
9         M:loadavg
31        155 0.0100 0.0070 0.0118 0.0000
10        M:diskfree
34        155 88.0000 61.6000 73.6451 0.0000
12        M:otherprocs
31        155 6.0000 4.2000 5.0200 0.0000
11        M:rootprocs
34        155 97.0000 67.9000 81.1560 0.0000
7         M:users
31        155 6.0000 4.2000 5.0200 0.0000
# send QUERY complete successful
