# delta from 1679742258 to 1679742319 at 1679742319
22        CFR: 0 1679742318 1811
3         PRD
60        Packing reports: delta,0.034980,0.122357,0.125921,1679742259
83        Sample(/proc/sys/kernel/random/entropy_avail),0.005030,0.002530,0.002589,1679742276
3         EXS
16        f,293,1679742201
3         MOM
15        M:entropy_avail
41        1572 3246.0000 2921.3100 1082.3000 0.0000
12        M:mem_cached
40        1572 1890.6914 1720.3315 567.8664 0.0000
10        M:mem_free
40        1572 12567.6211 11438.4990 0.0000 0.0000
11        M:mem_total
40        1572 14875.9336 13537.0996 0.0000 0.0000
16        M:io_writtendata
32        1572 0.1240 0.0942 0.0847 0.0000
11        M:io_writes
32        1572 6.0000 4.6200 3.9563 0.0000
6         M:cpu3
32        1572 1.8909 1.3684 1.4606 0.0000
6         M:cpu2
32        1572 2.9089 2.0572 2.3757 0.0000
6         M:cpu1
32        1572 1.0520 0.7602 0.8155 0.0000
6         M:cpu0
32        1572 1.1121 0.8037 0.8621 0.0000
5         M:cpu
32        1572 1.7411 1.2474 1.3782 0.0000
10        M:messages
40        1572 1340.0000 1033.7600 879.2550 0.0000
8         M:ssh_in
32        1572 2.0000 1.8200 0.6000 0.0000
9         M:smtp_in
32        1572 2.0000 1.8200 0.6000 0.0000
13        M:cfengine_in
32        1572 1.0000 1.1200 0.4000 0.0000
9         M:loadavg
32        1572 0.0700 0.0490 0.0586 0.0000
10        M:diskfree
35        1572 85.0000 77.3500 25.5000 0.0000
12        M:otherprocs
34        1572 13.0000 10.3600 7.8593 0.0000
11        M:rootprocs
35        1572 96.0000 87.3600 28.8000 0.0000
7         M:users
32        1572 6.0000 5.4600 1.8000 0.0000
3         MOY
15        M:entropy_avail
40        155 3071.5000 2467.2550 4839.3563 0.0000
12        M:mem_cached
38        155 1098.6758 945.6121 469.4713 0.0000
16        M:io_writtendata
31        155 0.0303 0.0327 0.0303 0.0000
11        M:io_writes
31        155 1.0000 1.3300 1.5556 0.0000
6         M:cpu3
31        155 0.0965 0.2074 0.6379 0.0000
6         M:cpu2
31        155 0.0899 0.2572 0.9414 0.0000
6         M:cpu1
31        155 0.0999 0.2573 0.8754 0.0000
6         M:cpu0
31        155 0.1764 0.2613 0.5270 0.0000
5         M:cpu
31        155 0.1157 0.2456 0.7663 0.0000
10        M:messages
37        155 113.5000 275.9050 209.2837 0.0000
8         M:ssh_in
31        155 2.0000 1.6100 1.2570 0.0000
9         M:smtp_in
31        155 2.0000 1.6100 1.2570 0.0000
13        M:cfengine_in
31        155 1.0000 0.9100 0.6557 0.0000
9         M:loadavg
31        155 0.0100 0.0112 0.0241 0.0000
10        M:diskfree
34        155 88.0000 70.6300 56.2834 0.0000
12        M:otherprocs
31        155 6.0000 5.5650 4.1719 0.0000
11        M:rootprocs
34        155 96.5000 77.6300 60.8923 0.0000
7         M:users
31        155 6.0000 4.8300 3.7709 0.0000
# send QUERY complete successful
