# delta from 1679668158 to 1679668219 at 1679668219
22        CFR: 0 1679668218 1767
3         PRD
60        Packing reports: delta,0.033009,0.151676,0.148021,1679668159
83        Sample(/proc/sys/kernel/random/entropy_avail),0.005006,0.002506,0.002504,1679668190
3         EXS
16        f,293,1679668106
3         MOM
15        M:entropy_avail
40        1325 3008.0000 2761.2200 822.6000 0.0000
12        M:mem_cached
40        1325 1650.5156 1501.7748 495.8027 0.0000
10        M:mem_free
38        1325 8983.9176 8983.9176 0.0000 0.0000
11        M:mem_total
40        1325 10413.1535 10413.1535 0.0000 0.0000
16        M:io_writtendata
32        1325 0.0996 0.0779 0.0631 0.0000
11        M:io_writes
32        1325 4.0000 3.2200 2.3605 0.0000
6         M:cpu3
32        1325 0.9321 0.6916 0.6761 0.0000
6         M:cpu2
32        1325 2.1965 1.5445 1.8183 0.0000
6         M:cpu1
32        1325 1.5317 1.1141 1.1681 0.0000
6         M:cpu0
32        1325 1.5985 1.1693 1.2020 0.0000
5         M:cpu
32        1325 1.5647 1.1306 1.2131 0.0000
10        M:messages
39        1325 1346.0000 989.8700 998.6319 0.0000
8         M:ssh_in
32        1325 2.0000 1.8200 0.6000 0.0000
9         M:smtp_in
32        1325 2.0000 1.8200 0.6000 0.0000
13        M:cfengine_in
32        1325 1.0000 0.9100 0.3000 0.0000
10        M:diskfree
35        1325 86.0000 78.2600 25.8000 0.0000
12        M:otherprocs
34        1325 13.0000 10.3600 7.8593 0.0000
11        M:rootprocs
35        1325 97.0000 88.2700 29.1000 0.0000
7         M:users
32        1325 6.0000 5.4600 1.8000 0.0000
3         MOY
15        M:entropy_avail
40        155 3073.0000 2151.1000 4841.2604 0.0000
12        M:mem_cached
39        155 1082.2969 757.6078 1560.7510 0.0000
16        M:io_writtendata
31        155 0.0317 0.0222 0.0277 0.0000
11        M:io_writes
31        155 1.0000 0.7000 1.1832 0.0000
6         M:cpu3
31        155 0.0699 0.0489 0.0601 0.0000
6         M:cpu2
31        155 0.1597 0.1118 0.1409 0.0000
6         M:cpu1
31        155 0.1099 0.0769 0.1010 0.0000
6         M:cpu0
31        155 0.2164 0.1515 0.1858 0.0000
5         M:cpu
31        155 0.1390 0.0973 0.1212 0.0000
10        M:messages
37        155 377.0000 263.9000 339.4706 0.0000
8         M:ssh_in
31        155 2.0000 1.4000 1.6733 0.0000
9         M:smtp_in
31        155 2.0000 1.4000 1.6733 0.0000
13        M:cfengine_in
31        155 1.0000 0.7000 0.8367 0.0000
9         M:loadavg
31        155 0.0100 0.0070 0.0118 0.0000
10        M:diskfree
34        155 88.0000 61.6000 73.6451 0.0000
12        M:otherprocs
31        155 6.0000 4.2000 5.0200 0.0000
11        M:rootprocs
34        155 96.5000 67.5500 80.7388 0.0000
7         M:users
31        155 6.0000 4.2000 5.0200 0.0000
# send QUERY complete successful
