# delta from 1679741658 to 1679741719 at 1679741719
22        CFR: 0 1679741718 1810
3         PRD
60        Packing reports: delta,0.034592,0.119658,0.124302,1679741659
83        Sample(/proc/sys/kernel/random/entropy_avail),0.005088,0.002589,0.002654,1679741675
3         EXS
16        f,293,1679741613
3         MOM
15        M:entropy_avail
41        1570 3240.0000 2915.8500 1080.5000 0.0000
12        M:mem_cached
40        1570 1888.8984 1718.7056 567.3094 0.0000
10        M:mem_free
38        1570 8805.0020 8805.0020 0.0000 0.0000
11        M:mem_total
40        1570 10413.1535 10413.1535 0.0000 0.0000
16        M:io_writtendata
32        1570 0.1123 0.0860 0.0751 0.0000
11        M:io_writes
32        1570 6.0000 4.6200 3.9563 0.0000
6         M:cpu3
32        1570 2.0109 1.4300 1.6208 0.0000
6         M:cpu2
32        1570 2.0431 1.4623 1.6213 0.0000
6         M:cpu1
32        1570 1.3987 0.9875 1.1470 0.0000
6         M:cpu0
32        1570 0.8591 0.6405 0.6155 0.0000
5         M:cpu
32        1570 1.5797 1.1316 1.2508 0.0000
10        M:messages
41        1570 1581.0000 1154.5800 1193.8095 0.0000
8         M:ssh_in
32        1570 2.0000 1.8200 0.6000 0.0000
9         M:smtp_in
32        1570 2.0000 1.8200 0.6000 0.0000
13        M:cfengine_in
32        1570 1.0000 0.9100 0.3000 0.0000
9         M:loadavg
32        1570 0.0300 0.0231 0.0198 0.0000
10        M:diskfree
35        1570 85.0000 77.3500 25.5000 0.0000
12        M:otherprocs
34        1570 13.0000 10.3600 7.8593 0.0000
11        M:rootprocs
35        1570 96.0000 87.3600 28.8000 0.0000
7         M:users
32        1570 6.0000 5.4600 1.8000 0.0000
3         MOY
15        M:entropy_avail
40        155 3071.5000 2467.2550 4839.3563 0.0000
12        M:mem_cached
38        155 1098.6758 945.6121 469.4713 0.0000
16        M:io_writtendata
31        155 0.0303 0.0327 0.0303 0.0000
11        M:io_writes
31        155 1.0000 1.3300 1.5556 0.0000
6         M:cpu3
31        155 0.0965 0.2074 0.6379 0.0000
6         M:cpu2
31        155 0.0899 0.2572 0.9414 0.0000
6         M:cpu1
31        155 0.0999 0.2573 0.8754 0.0000
6         M:cpu0
31        155 0.1764 0.2613 0.5270 0.0000
5         M:cpu
31        155 0.1157 0.2456 0.7663 0.0000
10        M:messages
37        155 113.5000 275.9050 209.2837 0.0000
8         M:ssh_in
31        155 2.0000 1.6100 1.2570 0.0000
9         M:smtp_in
31        155 2.0000 1.6100 1.2570 0.0000
13        M:cfengine_in
31        155 1.0000 0.9100 0.6557 0.0000
9         M:loadavg
31        155 0.0100 0.0112 0.0241 0.0000
10        M:diskfree
34        155 88.0000 70.6300 56.2834 0.0000
12        M:otherprocs
31        155 6.0000 5.5650 4.1719 0.0000
11        M:rootprocs
34        155 96.5000 77.6300 60.8923 0.0000
7         M:users
31        155 6.0000 4.8300 3.7709 0.0000
# send QUERY complete successful
