# delta from 1679753363 to 1679753425 at 1679753425
22        CFR: 0 1679753424 1769
3         PRD
60        Packing reports: delta,0.026190,0.068589,0.070745,1679753364
83        Sample(/proc/sys/kernel/random/entropy_avail),0.004837,0.002339,0.002110,1679753396
3         EXS
16        f,293,1679753287
3         MOM
15        M:entropy_avail
41        1609 3148.0000 2831.7100 1054.3000 0.0000
12        M:mem_cached
40        1609 1932.8086 1758.6671 580.4715 0.0000
10        M:mem_free
40        1609 12527.8633 11400.6009 0.0000 0.0000
11        M:mem_total
40        1609 14875.9336 13537.0996 0.0000 0.0000
16        M:io_writtendata
32        1609 0.1055 0.0808 0.0705 0.0000
11        M:io_writes
32        1609 6.0000 4.6200 3.9563 0.0000
6         M:cpu3
32        1609 1.4711 1.0535 1.1657 0.0000
6         M:cpu2
32        1609 2.6960 1.9082 2.1977 0.0000
6         M:cpu1
32        1609 0.8326 0.5996 0.6508 0.0000
6         M:cpu0
32        1609 1.1257 0.8285 0.8334 0.0000
5         M:cpu
32        1609 1.5299 1.0964 1.2101 0.0000
10        M:messages
41        1609 1579.0000 1153.1800 1192.1426 0.0000
8         M:ssh_in
32        1609 2.0000 1.8200 0.6000 0.0000
9         M:smtp_in
32        1609 2.0000 1.8200 0.6000 0.0000
13        M:cfengine_in
32        1609 2.0000 1.8200 0.6000 0.0000
10        M:diskfree
35        1609 85.0000 77.3500 25.5000 0.0000
12        M:otherprocs
32        1609 6.0000 5.4600 1.8000 0.0000
11        M:rootprocs
35        1609 96.0000 87.5700 28.1000 0.0000
7         M:users
32        1609 6.0000 5.4600 1.8000 0.0000
3         MOY
15        M:entropy_avail
40        155 3071.5000 2467.2550 4839.3563 0.0000
12        M:mem_cached
38        155 1098.6758 945.6121 469.4713 0.0000
16        M:io_writtendata
31        155 0.0303 0.0327 0.0303 0.0000
11        M:io_writes
31        155 1.0000 1.3300 1.5556 0.0000
6         M:cpu3
31        155 0.0965 0.2074 0.6379 0.0000
6         M:cpu2
31        155 0.0899 0.2572 0.9414 0.0000
6         M:cpu1
31        155 0.0999 0.2573 0.8754 0.0000
6         M:cpu0
31        155 0.1764 0.2613 0.5270 0.0000
5         M:cpu
31        155 0.1157 0.2456 0.7663 0.0000
10        M:messages
37        155 113.5000 275.9050 209.2837 0.0000
8         M:ssh_in
31        155 2.0000 1.6100 1.2570 0.0000
9         M:smtp_in
31        155 2.0000 1.6100 1.2570 0.0000
13        M:cfengine_in
31        155 1.0000 0.9100 0.6557 0.0000
9         M:loadavg
31        155 0.0100 0.0112 0.0241 0.0000
10        M:diskfree
34        155 88.0000 70.6300 56.2834 0.0000
12        M:otherprocs
31        155 6.0000 5.5650 4.1719 0.0000
11        M:rootprocs
34        155 96.5000 77.6300 60.8923 0.0000
7         M:users
31        155 6.0000 4.8300 3.7709 0.0000
# send QUERY complete successful
