# delta from 1679674278 to 1679674339 at 1679674339
22        CFR: 0 1679674338 1728
3         PRD
60        Packing reports: delta,0.027097,0.073424,0.071295,1679674279
3         EXS
16        f,293,1679674089
3         MOM
15        M:entropy_avail
41        1346 3015.0000 2110.5000 2522.5300 0.0000
12        M:mem_cached
41        1346 1668.5977 1168.0184 1396.0490 0.0000
10        M:mem_free
39        1346 12812.4453 8968.7117 0.0000 0.0000
11        M:mem_total
40        1346 14875.9336 10413.1535 0.0000 0.0000
16        M:io_writtendata
32        1346 0.1084 0.0759 0.0907 0.0000
11        M:io_writes
32        1346 6.0000 4.2000 5.0200 0.0000
6         M:cpu3
32        1346 1.8107 1.2675 1.5149 0.0000
6         M:cpu2
32        1346 1.3449 0.9414 1.1252 0.0000
6         M:cpu1
32        1346 2.0048 1.4034 1.6773 0.0000
6         M:cpu0
32        1346 0.9524 0.6667 0.7969 0.0000
5         M:cpu
32        1346 1.5282 1.0697 1.2786 0.0000
10        M:messages
41        1346 1578.0000 1104.6000 1320.2495 0.0000
8         M:ssh_in
32        1346 2.0000 1.4000 1.6733 0.0000
9         M:smtp_in
32        1346 2.0000 1.4000 1.6733 0.0000
13        M:cfengine_in
32        1346 1.0000 0.7000 0.8367 0.0000
9         M:loadavg
32        1346 0.0300 0.0210 0.0251 0.0000
10        M:diskfree
35        1346 86.0000 60.2000 71.9528 0.0000
12        M:otherprocs
32        1346 6.0000 4.2000 5.0200 0.0000
11        M:rootprocs
35        1346 96.0000 67.2000 80.3194 0.0000
7         M:users
32        1346 6.0000 4.2000 5.0200 0.0000
3         MOY
15        M:entropy_avail
40        155 3080.5000 2156.3500 4850.7840 0.0000
12        M:mem_cached
39        155 1087.8438 761.4906 1568.4447 0.0000
16        M:io_writtendata
31        155 0.0293 0.0205 0.0252 0.0000
11        M:io_writes
31        155 1.0000 0.7000 1.1832 0.0000
6         M:cpu3
31        155 0.0766 0.0536 0.0669 0.0000
6         M:cpu2
31        155 0.0666 0.0466 0.0649 0.0000
6         M:cpu1
31        155 0.1332 0.0932 0.1272 0.0000
6         M:cpu0
31        155 0.1731 0.1212 0.1449 0.0000
5         M:cpu
31        155 0.1132 0.0792 0.0955 0.0000
10        M:messages
37        155 227.0000 158.9000 189.9218 0.0000
8         M:ssh_in
31        155 2.0000 1.4000 1.6733 0.0000
9         M:smtp_in
31        155 2.0000 1.4000 1.6733 0.0000
13        M:cfengine_in
31        155 1.0000 0.7000 0.8367 0.0000
9         M:loadavg
31        155 0.0100 0.0070 0.0118 0.0000
10        M:diskfree
34        155 88.0000 61.6000 73.6451 0.0000
12        M:otherprocs
31        155 6.0000 4.2000 5.0200 0.0000
11        M:rootprocs
34        155 97.0000 67.9000 81.1560 0.0000
7         M:users
31        155 6.0000 4.2000 5.0200 0.0000
# send QUERY complete successful
