# delta from 1679756363 to 1679756424 at 1679756424
22        CFR: 0 1679756423 2493
3         PRD
60        Packing reports: delta,0.031040,0.096351,0.100843,1679756364
83        Sample(/proc/sys/kernel/random/entropy_avail),0.005926,0.003511,0.002858,1679756401
3         EXS
16        f,335,1679756339
3         MOM
15        M:entropy_avail
40        1619 3022.0000 2782.1500 668.9097 0.0000
38        1620 3188.0000 2231.6000 0.0000 0.0000
12        M:mem_cached
40        1619 1941.1055 1766.4117 582.3125 0.0000
41        1620 1942.0234 1359.4164 1624.8134 0.0000
10        M:mem_free
40        1619 12519.5508 11392.7830 0.0000 0.0000
39        1620 12509.6797 8756.7758 0.0000 0.0000
11        M:mem_total
40        1619 14875.9336 13537.0996 0.0000 0.0000
40        1620 14875.9336 10413.1535 0.0000 0.0000
16        M:io_writtendata
32        1619 0.0381 0.0507 0.0419 0.0000
32        1620 0.1279 0.0896 0.1070 0.0000
11        M:io_writes
32        1619 2.0000 2.6600 2.2000 0.0000
32        1620 8.0000 5.6000 6.6933 0.0000
6         M:cpu3
32        1619 0.0865 0.4856 1.4488 0.0000
32        1620 2.1638 1.5146 1.8103 0.0000
6         M:cpu2
32        1619 0.1331 0.4399 1.1421 0.0000
32        1620 1.9972 1.3980 1.6710 0.0000
6         M:cpu1
32        1619 0.1065 0.3921 1.0556 0.0000
32        1620 0.8460 0.5922 0.7079 0.0000
6         M:cpu0
32        1619 0.2530 0.3953 0.4742 0.0000
32        1620 1.4255 0.9979 1.1927 0.0000
5         M:cpu
32        1619 0.1465 0.4294 1.0637 0.0000
32        1620 1.6083 1.1258 1.3456 0.0000
10        M:messages
38        1619 228.0000 388.7100 535.7000 0.0000
41        1620 1798.0000 1258.6000 1504.3147 0.0000
8         M:ssh_in
32        1619 2.0000 1.8200 0.6000 0.0000
32        1620 2.0000 1.4000 1.6733 0.0000
9         M:smtp_in
32        1619 2.0000 1.8200 0.6000 0.0000
32        1620 2.0000 1.4000 1.6733 0.0000
13        M:cfengine_in
32        1619 1.0000 0.9100 0.3000 0.0000
32        1620 1.0000 0.7000 0.8367 0.0000
9         M:loadavg
32        1619 0.0000 0.0042 0.0149 0.0000
32        1620 0.0600 0.0420 0.0502 0.0000
10        M:diskfree
35        1619 85.0000 77.3500 25.5000 0.0000
35        1620 85.0000 59.5000 71.1161 0.0000
12        M:otherprocs
32        1619 6.0000 5.4600 1.8000 0.0000
34        1620 13.0000 9.1000 10.8766 0.0000
11        M:rootprocs
35        1619 97.0000 88.0600 29.8000 0.0000
35        1620 98.0000 68.6000 81.9927 0.0000
7         M:users
32        1619 6.0000 5.4600 1.8000 0.0000
32        1620 6.0000 4.2000 5.0200 0.0000
3         MOY
15        M:entropy_avail
40        155 3071.5000 2467.2550 4839.3563 0.0000
12        M:mem_cached
38        155 1098.6758 945.6121 469.4713 0.0000
16        M:io_writtendata
31        155 0.0303 0.0327 0.0303 0.0000
11        M:io_writes
31        155 1.0000 1.3300 1.5556 0.0000
6         M:cpu3
31        155 0.0965 0.2074 0.6379 0.0000
6         M:cpu2
31        155 0.0899 0.2572 0.9414 0.0000
6         M:cpu1
31        155 0.0999 0.2573 0.8754 0.0000
6         M:cpu0
31        155 0.1764 0.2613 0.5270 0.0000
5         M:cpu
31        155 0.1157 0.2456 0.7663 0.0000
10        M:messages
37        155 113.5000 275.9050 209.2837 0.0000
8         M:ssh_in
31        155 2.0000 1.6100 1.2570 0.0000
9         M:smtp_in
31        155 2.0000 1.6100 1.2570 0.0000
13        M:cfengine_in
31        155 1.0000 0.9100 0.6557 0.0000
9         M:loadavg
31        155 0.0100 0.0112 0.0241 0.0000
10        M:diskfree
34        155 88.0000 70.6300 56.2834 0.0000
12        M:otherprocs
31        155 6.0000 5.5650 4.1719 0.0000
11        M:rootprocs
34        155 96.5000 77.6300 60.8923 0.0000
7         M:users
31        155 6.0000 4.8300 3.7709 0.0000
# send QUERY complete successful
