# delta from 1679672839 to 1679672899 at 1679672899
22        CFR: 0 1679672898 1767
3         PRD
60        Packing reports: delta,0.025810,0.066616,0.066068,1679672840
83        Sample(/proc/sys/kernel/random/entropy_avail),0.006058,0.003670,0.006696,1679672849
3         EXS
16        f,296,1679672623
3         MOM
15        M:entropy_avail
41        1341 3153.0000 2207.1000 2637.9891 0.0000
12        M:mem_cached
41        1341 1664.1562 1164.9094 1392.3330 0.0000
10        M:mem_free
39        1341 12817.3711 8972.1598 0.0000 0.0000
11        M:mem_total
40        1341 14875.9336 10413.1535 0.0000 0.0000
16        M:io_writtendata
32        1341 0.0391 0.0273 0.0327 0.0000
11        M:io_writes
32        1341 2.0000 1.4000 1.6733 0.0000
6         M:cpu3
32        1341 0.0998 0.0699 0.0835 0.0000
6         M:cpu2
32        1341 0.0533 0.0373 0.0446 0.0000
6         M:cpu1
32        1341 0.1864 0.1305 0.1560 0.0000
6         M:cpu0
32        1341 0.1864 0.1305 0.1560 0.0000
5         M:cpu
32        1341 0.1315 0.0920 0.1100 0.0000
10        M:messages
38        1341 227.0000 158.9000 189.9218 0.0000
8         M:ssh_in
32        1341 3.0000 2.1000 2.5100 0.0000
9         M:smtp_in
32        1341 2.0000 1.4000 1.6733 0.0000
13        M:cfengine_in
32        1341 1.0000 0.7000 0.8367 0.0000
10        M:diskfree
35        1341 86.0000 60.2000 71.9528 0.0000
12        M:otherprocs
32        1341 6.0000 4.2000 5.0200 0.0000
11        M:rootprocs
35        1341 96.0000 67.2000 80.3194 0.0000
7         M:users
32        1341 6.0000 4.2000 5.0200 0.0000
3         MOY
15        M:entropy_avail
40        155 3080.5000 2156.3500 4850.7840 0.0000
12        M:mem_cached
39        155 1087.8438 761.4906 1568.4447 0.0000
16        M:io_writtendata
31        155 0.0293 0.0205 0.0252 0.0000
11        M:io_writes
31        155 1.0000 0.7000 1.1832 0.0000
6         M:cpu3
31        155 0.0766 0.0536 0.0669 0.0000
6         M:cpu2
31        155 0.0666 0.0466 0.0649 0.0000
6         M:cpu1
31        155 0.1332 0.0932 0.1272 0.0000
6         M:cpu0
31        155 0.1731 0.1212 0.1449 0.0000
5         M:cpu
31        155 0.1132 0.0792 0.0955 0.0000
10        M:messages
37        155 227.0000 158.9000 189.9218 0.0000
8         M:ssh_in
31        155 2.0000 1.4000 1.6733 0.0000
9         M:smtp_in
31        155 2.0000 1.4000 1.6733 0.0000
13        M:cfengine_in
31        155 1.0000 0.7000 0.8367 0.0000
9         M:loadavg
31        155 0.0100 0.0070 0.0118 0.0000
10        M:diskfree
34        155 88.0000 61.6000 73.6451 0.0000
12        M:otherprocs
31        155 6.0000 4.2000 5.0200 0.0000
11        M:rootprocs
34        155 97.0000 67.9000 81.1560 0.0000
7         M:users
31        155 6.0000 4.2000 5.0200 0.0000
# send QUERY complete successful
