# delta from 1679676978 to 1679677039 at 1679677039
22        CFR: 0 1679677038 1727
3         PRD
60        Packing reports: delta,0.029677,0.088074,0.086773,1679676979
3         EXS
16        f,293,1679676788
3         MOM
15        M:entropy_avail
41        1355 3016.0000 2111.2000 2523.3666 0.0000
12        M:mem_cached
41        1355 1676.7422 1173.7195 1402.8632 0.0000
10        M:mem_free
39        1355 12805.7500 8964.0250 0.0000 0.0000
11        M:mem_total
40        1355 14875.9336 10413.1535 0.0000 0.0000
16        M:io_writtendata
32        1355 0.1162 0.0813 0.0972 0.0000
11        M:io_writes
32        1355 8.0000 5.6000 6.6933 0.0000
6         M:cpu3
32        1355 1.6448 1.1514 1.3761 0.0000
6         M:cpu2
32        1355 1.9242 1.3470 1.6099 0.0000
6         M:cpu1
32        1355 1.1791 0.8254 0.9865 0.0000
6         M:cpu0
32        1355 1.5789 1.1053 1.3210 0.0000
5         M:cpu
32        1355 1.5818 1.1072 1.3234 0.0000
10        M:messages
41        1355 1624.0000 1136.8000 1358.7359 0.0000
8         M:ssh_in
32        1355 2.0000 1.4000 1.6733 0.0000
9         M:smtp_in
32        1355 2.0000 1.4000 1.6733 0.0000
13        M:cfengine_in
32        1355 1.0000 0.7000 0.8367 0.0000
9         M:loadavg
32        1355 0.0100 0.0070 0.0084 0.0000
10        M:diskfree
35        1355 86.0000 60.2000 71.9528 0.0000
12        M:otherprocs
32        1355 5.0000 3.5000 4.1833 0.0000
11        M:rootprocs
35        1355 97.0000 67.9000 81.1560 0.0000
7         M:users
32        1355 6.0000 4.2000 5.0200 0.0000
3         MOY
15        M:entropy_avail
40        155 3074.5000 2470.9300 4843.1648 0.0000
12        M:mem_cached
38        155 1093.2188 940.6470 467.7120 0.0000
16        M:io_writtendata
31        155 0.0308 0.0331 0.0301 0.0000
11        M:io_writes
31        155 1.0000 1.3300 1.5556 0.0000
6         M:cpu3
31        155 0.0666 0.3919 1.6927 0.0000
6         M:cpu2
31        155 0.1032 0.1400 0.2569 0.0000
6         M:cpu1
31        155 0.0766 0.1739 0.5611 0.0000
6         M:cpu0
31        155 0.1898 0.2601 0.4601 0.0000
5         M:cpu
31        155 0.1090 0.2413 0.7739 0.0000
10        M:messages
37        155 113.5000 218.2600 708.0041 0.0000
8         M:ssh_in
31        155 2.0000 1.6100 1.2570 0.0000
9         M:smtp_in
31        155 2.0000 1.6100 1.2570 0.0000
13        M:cfengine_in
31        155 1.0000 0.8050 0.6285 0.0000
9         M:loadavg
31        155 0.0100 0.0123 0.0288 0.0000
10        M:diskfree
34        155 88.0000 70.6300 56.2834 0.0000
12        M:otherprocs
31        155 6.0000 5.5650 4.1719 0.0000
11        M:rootprocs
34        155 96.0000 77.2800 60.6595 0.0000
7         M:users
31        155 6.0000 4.8300 3.7709 0.0000
# send QUERY complete successful
