# delta from 1679666658 to 1679666719 at 1679666719
22        CFR: 0 1679666718 1812
3         PRD
60        Packing reports: delta,0.030162,0.130288,0.134268,1679666659
83        Sample(/proc/sys/kernel/random/entropy_avail),0.004948,0.002449,0.002503,1679666688
3         EXS
16        f,335,1679666641
3         MOM
15        M:entropy_avail
40        1320 3026.0000 2773.1900 842.7000 0.0000
12        M:mem_cached
40        1320 1645.8672 1497.5505 494.3891 0.0000
10        M:mem_free
38        1320 8986.6219 8986.6219 0.0000 0.0000
11        M:mem_total
40        1320 10413.1535 10413.1535 0.0000 0.0000
16        M:io_writtendata
32        1320 0.1201 0.0898 0.0854 0.0000
11        M:io_writes
32        1320 8.0000 5.6000 6.6933 0.0000
6         M:cpu3
32        1320 1.4913 1.0565 1.2130 0.0000
6         M:cpu2
32        1320 1.6777 1.2079 1.3121 0.0000
6         M:cpu1
32        1320 1.8651 1.3321 1.4875 0.0000
6         M:cpu0
32        1320 1.8649 1.3530 1.4315 0.0000
5         M:cpu
32        1320 1.7263 1.2382 1.3631 0.0000
10        M:messages
39        1320 1097.0000 863.2400 684.3181 0.0000
8         M:ssh_in
32        1320 2.0000 1.8200 0.6000 0.0000
9         M:smtp_in
32        1320 3.0000 2.5200 1.6223 0.0000
14        M:cfengine_out
32        1320 1.0000 0.7000 0.8367 0.0000
13        M:cfengine_in
32        1320 1.0000 0.9100 0.3000 0.0000
9         M:loadavg
32        1320 0.0700 0.0490 0.0586 0.0000
10        M:diskfree
35        1320 86.0000 78.2600 25.8000 0.0000
12        M:otherprocs
34        1320 13.0000 10.3600 7.8593 0.0000
11        M:rootprocs
35        1320 98.0000 88.9700 30.1000 0.0000
7         M:users
32        1320 6.0000 5.4600 1.8000 0.0000
3         MOY
15        M:entropy_avail
40        155 3084.0000 2158.8000 4855.2298 0.0000
12        M:mem_cached
39        155 1077.1406 753.9984 1553.6005 0.0000
16        M:io_writtendata
31        155 0.0312 0.0219 0.0272 0.0000
6         M:cpu3
31        155 0.0998 0.0699 0.0922 0.0000
6         M:cpu2
31        155 0.0998 0.0699 0.0837 0.0000
6         M:cpu1
31        155 0.1132 0.0792 0.1047 0.0000
6         M:cpu0
31        155 0.1831 0.1282 0.1538 0.0000
5         M:cpu
31        155 0.1240 0.0868 0.1060 0.0000
10        M:messages
37        155 227.0000 158.9000 189.9218 0.0000
8         M:ssh_in
31        155 2.0000 1.4000 1.6733 0.0000
9         M:smtp_in
31        155 2.0000 1.4000 1.6733 0.0000
13        M:cfengine_in
31        155 1.0000 0.7000 0.8367 0.0000
9         M:loadavg
31        155 0.0100 0.0070 0.0118 0.0000
10        M:diskfree
34        155 88.0000 61.6000 73.6451 0.0000
12        M:otherprocs
31        155 6.0000 4.2000 5.0200 0.0000
11        M:rootprocs
34        155 97.0000 67.9000 81.1560 0.0000
7         M:users
31        155 6.0000 4.2000 5.0200 0.0000
# send QUERY complete successful
