# delta from 1679757443 to 1679757504 at 1679757504
22        CFR: 0 1679757503 1871
3         PRD
108       CFEngine Execution (policy filename: '/var/cfengine/inputs/update.cf'),0.052558,0.388251,0.399580,1679757503
60        Packing reports: delta,0.032174,0.103520,0.102230,1679757444
83        Sample(/proc/sys/kernel/random/entropy_avail),0.005269,0.002776,0.002449,1679757453
3         EXS
16        f,294,1679757218
3         MOM
15        M:entropy_avail
40        1623 3004.0000 2767.2400 660.2921 0.0000
12        M:mem_cached
40        1623 1944.7852 1769.7619 583.4109 0.0000
10        M:mem_free
40        1623 12515.2617 11386.4231 0.0000 0.0000
11        M:mem_total
40        1623 14875.9336 13537.0996 0.0000 0.0000
16        M:io_writtendata
32        1623 0.0400 0.0500 0.0331 0.0000
11        M:io_writes
32        1623 2.0000 2.2400 0.8000 0.0000
6         M:cpu3
32        1623 0.0466 0.2828 0.8557 0.0000
6         M:cpu2
32        1623 0.1265 0.5106 1.4130 0.0000
6         M:cpu1
32        1623 0.1531 0.4666 1.1745 0.0000
6         M:cpu0
32        1623 0.2330 0.4316 0.6621 0.0000
5         M:cpu
32        1623 0.1365 0.4210 1.0648 0.0000
10        M:messages
36        1623 0.0000 276.5700 979.3735 0.0000
8         M:ssh_in
32        1623 2.0000 2.0300 0.1000 0.0000
9         M:smtp_in
32        1623 2.0000 1.8200 0.6000 0.0000
13        M:cfengine_in
32        1623 2.0000 1.6100 1.1803 0.0000
10        M:diskfree
35        1623 84.0000 76.4400 25.2000 0.0000
12        M:otherprocs
32        1623 6.0000 7.1400 3.8000 0.0000
11        M:rootprocs
35        1623 98.0000 89.3900 28.7000 0.0000
7         M:users
32        1623 6.0000 5.6700 1.1000 0.0000
3         MOY
15        M:entropy_avail
40        155 3071.5000 2467.2550 4839.3563 0.0000
12        M:mem_cached
38        155 1098.6758 945.6121 469.4713 0.0000
16        M:io_writtendata
31        155 0.0303 0.0327 0.0303 0.0000
11        M:io_writes
31        155 1.0000 1.3300 1.5556 0.0000
6         M:cpu3
31        155 0.0965 0.2074 0.6379 0.0000
6         M:cpu2
31        155 0.0899 0.2572 0.9414 0.0000
6         M:cpu1
31        155 0.0999 0.2573 0.8754 0.0000
6         M:cpu0
31        155 0.1764 0.2613 0.5270 0.0000
5         M:cpu
31        155 0.1157 0.2456 0.7663 0.0000
10        M:messages
37        155 113.5000 275.9050 209.2837 0.0000
8         M:ssh_in
31        155 2.0000 1.6100 1.2570 0.0000
9         M:smtp_in
31        155 2.0000 1.6100 1.2570 0.0000
13        M:cfengine_in
31        155 1.0000 0.9100 0.6557 0.0000
9         M:loadavg
31        155 0.0100 0.0112 0.0241 0.0000
10        M:diskfree
34        155 88.0000 70.6300 56.2834 0.0000
12        M:otherprocs
31        155 6.0000 5.5650 4.1719 0.0000
11        M:rootprocs
34        155 96.5000 77.6300 60.8923 0.0000
7         M:users
31        155 6.0000 4.8300 3.7709 0.0000
# send QUERY complete successful
