# delta from 1679714658 to 1679714719 at 1679714719
22        CFR: 0 1679714718 1770
3         PRD
60        Packing reports: delta,0.030132,0.090796,0.096589,1679714659
3         EXS
16        f,305,1679714628
3         MOM
15        M:entropy_avail
41        1480 3253.0000 2934.4000 1062.0000 0.0000
12        M:mem_cached
40        1480 1798.6445 1636.7427 539.6727 0.0000
10        M:mem_free
40        1480 12657.1797 11521.5116 0.0000 0.0000
11        M:mem_total
40        1480 14875.9336 13537.0996 0.0000 0.0000
16        M:io_writtendata
32        1480 0.0488 0.0606 0.0394 0.0000
11        M:io_writes
32        1480 2.0000 3.0800 3.6000 0.0000
6         M:cpu3
32        1480 0.8188 1.0150 0.6539 0.0000
6         M:cpu2
32        1480 1.3712 1.3318 0.1316 0.0000
6         M:cpu1
32        1480 0.8722 0.7882 0.2801 0.0000
6         M:cpu0
32        1480 1.0853 1.1094 0.0804 0.0000
5         M:cpu
32        1480 1.0369 1.0608 0.0796 0.0000
10        M:messages
37        1480 0.0000 329.2800 1166.0270 0.0000
8         M:ssh_in
32        1480 2.0000 1.8200 0.6000 0.0000
9         M:smtp_in
32        1480 2.0000 1.8200 0.6000 0.0000
14        M:cfengine_out
32        1480 1.0000 0.7000 0.8367 0.0000
13        M:cfengine_in
32        1480 2.0000 1.6100 1.1803 0.0000
9         M:loadavg
32        1480 0.1600 0.1162 0.1225 0.0000
10        M:diskfree
35        1480 85.0000 77.3500 25.5000 0.0000
12        M:otherprocs
32        1480 6.0000 5.4600 1.8000 0.0000
11        M:rootprocs
36        1480 101.0000 90.8600 33.8000 0.0000
7         M:users
32        1480 6.0000 5.4600 1.8000 0.0000
3         MOY
15        M:entropy_avail
40        155 3071.5000 2467.2550 4839.3563 0.0000
12        M:mem_cached
38        155 1098.6758 945.6121 469.4713 0.0000
16        M:io_writtendata
31        155 0.0303 0.0327 0.0303 0.0000
11        M:io_writes
31        155 1.0000 1.3300 1.5556 0.0000
6         M:cpu3
31        155 0.0965 0.2074 0.6379 0.0000
6         M:cpu2
31        155 0.0899 0.2572 0.9414 0.0000
6         M:cpu1
31        155 0.0999 0.2573 0.8754 0.0000
6         M:cpu0
31        155 0.1764 0.2613 0.5270 0.0000
5         M:cpu
31        155 0.1157 0.2456 0.7663 0.0000
10        M:messages
37        155 113.5000 275.9050 209.2837 0.0000
8         M:ssh_in
31        155 2.0000 1.6100 1.2570 0.0000
9         M:smtp_in
31        155 2.0000 1.6100 1.2570 0.0000
13        M:cfengine_in
31        155 1.0000 0.9100 0.6557 0.0000
9         M:loadavg
31        155 0.0100 0.0112 0.0241 0.0000
10        M:diskfree
34        155 88.0000 70.6300 56.2834 0.0000
12        M:otherprocs
31        155 6.0000 5.5650 4.1719 0.0000
11        M:rootprocs
34        155 96.5000 77.6300 60.8923 0.0000
7         M:users
31        155 6.0000 4.8300 3.7709 0.0000
# send QUERY complete successful
