# delta from 1679707518 to 1679707579 at 1679707579
22        CFR: 0 1679707578 1807
3         PRD
60        Packing reports: delta,0.037952,0.144034,0.145470,1679707519
83        Sample(/proc/sys/kernel/random/entropy_avail),0.005277,0.002784,0.002643,1679707562
3         EXS
16        f,293,1679707412
3         MOM
15        M:entropy_avail
41        1457 3029.0000 2120.3000 2534.2432 0.0000
12        M:mem_cached
41        1457 1777.1094 1243.9766 1486.8364 0.0000
10        M:mem_free
39        1457 12697.0898 8887.9629 0.0000 0.0000
11        M:mem_total
40        1457 14875.9336 10413.1535 0.0000 0.0000
16        M:io_writtendata
32        1457 0.0898 0.0629 0.0752 0.0000
11        M:io_writes
32        1457 4.0000 2.8000 3.3466 0.0000
6         M:cpu3
32        1457 0.2728 0.1910 0.2283 0.0000
6         M:cpu2
32        1457 0.1664 0.1164 0.1392 0.0000
6         M:cpu1
32        1457 0.2463 0.1724 0.2060 0.0000
6         M:cpu0
32        1457 0.3993 0.2795 0.3341 0.0000
5         M:cpu
32        1457 0.2679 0.1875 0.2241 0.0000
10        M:messages
38        1457 228.0000 159.6000 190.7585 0.0000
8         M:ssh_in
32        1457 2.0000 1.4000 1.6733 0.0000
9         M:smtp_in
32        1457 2.0000 1.4000 1.6733 0.0000
13        M:cfengine_in
32        1457 2.0000 1.4000 1.6733 0.0000
9         M:loadavg
32        1457 0.0200 0.0140 0.0167 0.0000
10        M:diskfree
35        1457 85.0000 59.5000 71.1161 0.0000
12        M:otherprocs
32        1457 6.0000 4.2000 5.0200 0.0000
11        M:rootprocs
35        1457 97.0000 67.9000 81.1560 0.0000
7         M:users
32        1457 6.0000 4.2000 5.0200 0.0000
3         MOY
15        M:entropy_avail
40        155 3071.5000 2467.2550 4839.3563 0.0000
12        M:mem_cached
38        155 1098.6758 945.6121 469.4713 0.0000
16        M:io_writtendata
31        155 0.0303 0.0327 0.0303 0.0000
11        M:io_writes
31        155 1.0000 1.3300 1.5556 0.0000
6         M:cpu3
31        155 0.0965 0.2074 0.6379 0.0000
6         M:cpu2
31        155 0.0899 0.2572 0.9414 0.0000
6         M:cpu1
31        155 0.0999 0.2573 0.8754 0.0000
6         M:cpu0
31        155 0.1764 0.2613 0.5270 0.0000
5         M:cpu
31        155 0.1157 0.2456 0.7663 0.0000
10        M:messages
37        155 113.5000 275.9050 209.2837 0.0000
8         M:ssh_in
31        155 2.0000 1.6100 1.2570 0.0000
9         M:smtp_in
31        155 2.0000 1.6100 1.2570 0.0000
13        M:cfengine_in
31        155 1.0000 0.9100 0.6557 0.0000
9         M:loadavg
31        155 0.0100 0.0112 0.0241 0.0000
10        M:diskfree
34        155 88.0000 70.6300 56.2834 0.0000
12        M:otherprocs
31        155 6.0000 5.5650 4.1719 0.0000
11        M:rootprocs
34        155 96.5000 77.6300 60.8923 0.0000
7         M:users
31        155 6.0000 4.8300 3.7709 0.0000
# send QUERY complete successful
