# delta from 1679677278 to 1679677339 at 1679677339
22        CFR: 0 1679677338 1726
3         PRD
60        Packing reports: delta,0.030038,0.090228,0.089657,1679677279
3         EXS
16        f,335,1679677141
3         MOM
15        M:entropy_avail
41        1356 3023.0000 2116.1000 2529.2233 0.0000
12        M:mem_cached
41        1356 1677.6719 1174.3703 1403.6410 0.0000
10        M:mem_free
39        1356 12794.9336 8956.4535 0.0000 0.0000
11        M:mem_total
40        1356 14875.9336 10413.1535 0.0000 0.0000
16        M:io_writtendata
32        1356 0.1113 0.0779 0.0931 0.0000
11        M:io_writes
32        1356 6.0000 4.2000 5.0200 0.0000
6         M:cpu3
32        1356 1.8779 1.3145 1.5711 0.0000
6         M:cpu2
32        1356 1.8570 1.2999 1.5537 0.0000
6         M:cpu1
32        1356 0.9923 0.6946 0.8302 0.0000
6         M:cpu0
32        1356 1.5520 1.0864 1.2985 0.0000
5         M:cpu
32        1356 1.5682 1.0977 1.3120 0.0000
10        M:messages
38        1356 845.0000 591.5000 706.9777 0.0000
8         M:ssh_in
32        1356 2.0000 1.4000 1.6733 0.0000
9         M:smtp_in
32        1356 2.0000 1.4000 1.6733 0.0000
13        M:cfengine_in
32        1356 1.0000 0.7000 0.8367 0.0000
9         M:loadavg
32        1356 0.0300 0.0210 0.0251 0.0000
10        M:diskfree
35        1356 86.0000 60.2000 71.9528 0.0000
12        M:otherprocs
34        1356 13.0000 9.1000 10.8766 0.0000
11        M:rootprocs
35        1356 95.0000 66.5000 79.4827 0.0000
7         M:users
32        1356 6.0000 4.2000 5.0200 0.0000
3         MOY
15        M:entropy_avail
40        155 3074.5000 2470.9300 4843.1648 0.0000
12        M:mem_cached
38        155 1093.2188 940.6470 467.7120 0.0000
16        M:io_writtendata
31        155 0.0308 0.0331 0.0301 0.0000
11        M:io_writes
31        155 1.0000 1.3300 1.5556 0.0000
6         M:cpu3
31        155 0.0666 0.3919 1.6927 0.0000
6         M:cpu2
31        155 0.1032 0.1400 0.2569 0.0000
6         M:cpu1
31        155 0.0766 0.1739 0.5611 0.0000
6         M:cpu0
31        155 0.1898 0.2601 0.4601 0.0000
5         M:cpu
31        155 0.1090 0.2413 0.7739 0.0000
10        M:messages
37        155 113.5000 218.2600 708.0041 0.0000
8         M:ssh_in
31        155 2.0000 1.6100 1.2570 0.0000
9         M:smtp_in
31        155 2.0000 1.6100 1.2570 0.0000
13        M:cfengine_in
31        155 1.0000 0.8050 0.6285 0.0000
9         M:loadavg
31        155 0.0100 0.0123 0.0288 0.0000
10        M:diskfree
34        155 88.0000 70.6300 56.2834 0.0000
12        M:otherprocs
31        155 6.0000 5.5650 4.1719 0.0000
11        M:rootprocs
34        155 96.0000 77.2800 60.6595 0.0000
7         M:users
31        155 6.0000 4.8300 3.7709 0.0000
# send QUERY complete successful
