# delta from 1679711658 to 1679711719 at 1679711719
22        CFR: 0 1679711718 1719
3         PRD
60        Packing reports: delta,0.026337,0.069362,0.074164,1679711659
3         EXS
16        f,335,1679711637
3         MOM
15        M:entropy_avail
41        1470 3141.0000 2836.6800 1014.4000 0.0000
12        M:mem_cached
40        1470 1788.9219 1627.9156 536.6875 0.0000
10        M:mem_free
38        1470 8879.0898 8879.0898 0.0000 0.0000
11        M:mem_total
40        1470 10413.1535 10413.1535 0.0000 0.0000
16        M:io_writtendata
32        1470 0.0361 0.0329 0.0108 0.0000
11        M:io_writes
32        1470 0.0000 0.4200 1.4873 0.0000
6         M:cpu3
32        1470 0.0998 0.0937 0.0206 0.0000
6         M:cpu2
32        1470 0.0133 0.0247 0.0379 0.0000
6         M:cpu1
32        1470 0.1864 0.1557 0.1018 0.0000
6         M:cpu0
32        1470 0.1465 0.1389 0.0253 0.0000
5         M:cpu
32        1470 0.1132 0.1037 0.0316 0.0000
10        M:messages
35        1470 0.0000 47.8800 169.5499 0.0000
8         M:ssh_in
32        1470 2.0000 1.8200 0.6000 0.0000
9         M:smtp_in
32        1470 2.0000 1.8200 0.6000 0.0000
13        M:cfengine_in
32        1470 1.0000 0.9100 0.3000 0.0000
9         M:loadavg
32        1470 0.0000 0.0021 0.0074 0.0000
10        M:diskfree
35        1470 85.0000 77.3500 25.5000 0.0000
12        M:otherprocs
32        1470 6.0000 5.4600 1.8000 0.0000
11        M:rootprocs
35        1470 96.0000 87.3600 28.8000 0.0000
7         M:users
32        1470 6.0000 5.4600 1.8000 0.0000
3         MOY
15        M:entropy_avail
40        155 3071.5000 2467.2550 4839.3563 0.0000
12        M:mem_cached
38        155 1098.6758 945.6121 469.4713 0.0000
16        M:io_writtendata
31        155 0.0303 0.0327 0.0303 0.0000
11        M:io_writes
31        155 1.0000 1.3300 1.5556 0.0000
6         M:cpu3
31        155 0.0965 0.2074 0.6379 0.0000
6         M:cpu2
31        155 0.0899 0.2572 0.9414 0.0000
6         M:cpu1
31        155 0.0999 0.2573 0.8754 0.0000
6         M:cpu0
31        155 0.1764 0.2613 0.5270 0.0000
5         M:cpu
31        155 0.1157 0.2456 0.7663 0.0000
10        M:messages
37        155 113.5000 275.9050 209.2837 0.0000
8         M:ssh_in
31        155 2.0000 1.6100 1.2570 0.0000
9         M:smtp_in
31        155 2.0000 1.6100 1.2570 0.0000
13        M:cfengine_in
31        155 1.0000 0.9100 0.6557 0.0000
9         M:loadavg
31        155 0.0100 0.0112 0.0241 0.0000
10        M:diskfree
34        155 88.0000 70.6300 56.2834 0.0000
12        M:otherprocs
31        155 6.0000 5.5650 4.1719 0.0000
11        M:rootprocs
34        155 96.5000 77.6300 60.8923 0.0000
7         M:users
31        155 6.0000 4.8300 3.7709 0.0000
# send QUERY complete successful
