# delta from 1679739858 to 1679739919 at 1679739919
22        CFR: 0 1679739918 1810
3         PRD
60        Packing reports: delta,0.033878,0.114769,0.116232,1679739859
83        Sample(/proc/sys/kernel/random/entropy_avail),0.005292,0.002800,0.002646,1679739871
3         EXS
16        f,293,1679739794
3         MOM
15        M:entropy_avail
41        1564 3255.0000 2929.9200 1083.6000 0.0000
12        M:mem_cached
40        1564 1883.5508 1713.8384 565.7078 0.0000
10        M:mem_free
38        1564 8809.3660 8809.3660 0.0000 0.0000
11        M:mem_total
40        1564 10413.1535 10413.1535 0.0000 0.0000
16        M:io_writtendata
32        1564 0.1182 0.0905 0.0790 0.0000
11        M:io_writes
32        1564 6.0000 4.6200 3.9563 0.0000
6         M:cpu3
32        1564 2.0433 1.4638 1.6176 0.0000
6         M:cpu2
32        1564 1.7707 1.2577 1.4314 0.0000
6         M:cpu1
32        1564 1.1388 0.8195 0.8917 0.0000
6         M:cpu0
32        1564 1.3919 1.0051 1.0809 0.0000
5         M:cpu
32        1564 1.5863 1.1370 1.2545 0.0000
10        M:messages
41        1564 1584.0000 1156.6800 1196.3099 0.0000
8         M:ssh_in
32        1564 2.0000 1.8200 0.6000 0.0000
9         M:smtp_in
32        1564 2.0000 1.8200 0.6000 0.0000
13        M:cfengine_in
32        1564 1.0000 1.1200 0.4000 0.0000
9         M:loadavg
32        1564 0.0200 0.0140 0.0167 0.0000
10        M:diskfree
35        1564 85.0000 77.3500 25.5000 0.0000
12        M:otherprocs
34        1564 13.0000 10.3600 7.8593 0.0000
11        M:rootprocs
35        1564 97.0000 88.2700 29.1000 0.0000
7         M:users
32        1564 6.0000 5.4600 1.8000 0.0000
3         MOY
15        M:entropy_avail
40        155 3071.5000 2467.2550 4839.3563 0.0000
12        M:mem_cached
38        155 1098.6758 945.6121 469.4713 0.0000
16        M:io_writtendata
31        155 0.0303 0.0327 0.0303 0.0000
11        M:io_writes
31        155 1.0000 1.3300 1.5556 0.0000
6         M:cpu3
31        155 0.0965 0.2074 0.6379 0.0000
6         M:cpu2
31        155 0.0899 0.2572 0.9414 0.0000
6         M:cpu1
31        155 0.0999 0.2573 0.8754 0.0000
6         M:cpu0
31        155 0.1764 0.2613 0.5270 0.0000
5         M:cpu
31        155 0.1157 0.2456 0.7663 0.0000
10        M:messages
37        155 113.5000 275.9050 209.2837 0.0000
8         M:ssh_in
31        155 2.0000 1.6100 1.2570 0.0000
9         M:smtp_in
31        155 2.0000 1.6100 1.2570 0.0000
13        M:cfengine_in
31        155 1.0000 0.9100 0.6557 0.0000
9         M:loadavg
31        155 0.0100 0.0112 0.0241 0.0000
10        M:diskfree
34        155 88.0000 70.6300 56.2834 0.0000
12        M:otherprocs
31        155 6.0000 5.5650 4.1719 0.0000
11        M:rootprocs
34        155 96.5000 77.6300 60.8923 0.0000
7         M:users
31        155 6.0000 4.8300 3.7709 0.0000
# send QUERY complete successful
