# delta from 1679689818 to 1679689879 at 1679689879
22        CFR: 0 1679689878 1769
3         PRD
60        Packing reports: delta,0.042030,0.069032,0.057629,1679689819
83        Sample(/proc/sys/kernel/random/entropy_avail),0.005016,0.002516,0.002504,1679689828
3         EXS
16        f,292,1679689694
3         MOM
15        M:entropy_avail
41        1398 3001.0000 2100.7000 2510.8167 0.0000
12        M:mem_cached
41        1398 1723.9102 1206.7371 1442.3267 0.0000
10        M:mem_free
39        1398 12754.8789 8928.4152 0.0000 0.0000
11        M:mem_total
40        1398 14875.9336 10413.1535 0.0000 0.0000
16        M:io_writtendata
32        1398 0.1162 0.0813 0.0972 0.0000
11        M:io_writes
32        1398 6.0000 4.2000 5.0200 0.0000
6         M:cpu3
32        1398 1.9509 1.3656 1.6322 0.0000
6         M:cpu2
32        1398 1.5844 1.1091 1.3256 0.0000
6         M:cpu1
32        1398 1.4385 1.0069 1.2035 0.0000
6         M:cpu0
32        1398 1.3123 0.9186 1.0979 0.0000
5         M:cpu
32        1398 1.5716 1.1001 1.3149 0.0000
10        M:messages
41        1398 2291.0000 1603.7000 1916.7881 0.0000
8         M:ssh_in
32        1398 2.0000 1.4000 1.6733 0.0000
9         M:smtp_in
32        1398 2.0000 1.4000 1.6733 0.0000
13        M:cfengine_in
32        1398 1.0000 0.7000 0.8367 0.0000
10        M:diskfree
35        1398 86.0000 60.2000 71.9528 0.0000
12        M:otherprocs
32        1398 6.0000 4.2000 5.0200 0.0000
11        M:rootprocs
35        1398 97.0000 67.9000 81.1560 0.0000
7         M:users
32        1398 6.0000 4.2000 5.0200 0.0000
3         MOY
15        M:entropy_avail
40        155 3071.5000 2467.2550 4839.3563 0.0000
12        M:mem_cached
38        155 1098.6758 945.6121 469.4713 0.0000
16        M:io_writtendata
31        155 0.0303 0.0327 0.0303 0.0000
11        M:io_writes
31        155 1.0000 1.3300 1.5556 0.0000
6         M:cpu3
31        155 0.0965 0.2074 0.6379 0.0000
6         M:cpu2
31        155 0.0899 0.2572 0.9414 0.0000
6         M:cpu1
31        155 0.0999 0.2573 0.8754 0.0000
6         M:cpu0
31        155 0.1764 0.2613 0.5270 0.0000
5         M:cpu
31        155 0.1157 0.2456 0.7663 0.0000
10        M:messages
37        155 113.5000 275.9050 209.2837 0.0000
8         M:ssh_in
31        155 2.0000 1.6100 1.2570 0.0000
9         M:smtp_in
31        155 2.0000 1.6100 1.2570 0.0000
13        M:cfengine_in
31        155 1.0000 0.9100 0.6557 0.0000
9         M:loadavg
31        155 0.0100 0.0112 0.0241 0.0000
10        M:diskfree
34        155 88.0000 70.6300 56.2834 0.0000
12        M:otherprocs
31        155 6.0000 5.5650 4.1719 0.0000
11        M:rootprocs
34        155 96.5000 77.6300 60.8923 0.0000
7         M:users
31        155 6.0000 4.8300 3.7709 0.0000
# send QUERY complete successful
