# delta from 1679749158 to 1679749219 at 1679749219
22        CFR: 0 1679749218 1810
3         PRD
60        Packing reports: delta,0.025061,0.062805,0.067593,1679749159
83        Sample(/proc/sys/kernel/random/entropy_avail),0.004917,0.002418,0.002629,1679749188
3         EXS
16        f,296,1679749123
3         MOM
15        M:entropy_avail
41        1595 3205.0000 2882.5300 1074.9000 0.0000
12        M:mem_cached
40        1595 1919.4805 1746.5377 576.4758 0.0000
10        M:mem_free
40        1595 12537.4453 11410.9587 0.0000 0.0000
11        M:mem_total
40        1595 14875.9336 13537.0996 0.0000 0.0000
16        M:io_writtendata
32        1595 0.1260 0.0958 0.0858 0.0000
11        M:io_writes
32        1595 8.0000 6.0200 5.5975 0.0000
6         M:cpu3
32        1595 2.0707 1.4761 1.6594 0.0000
6         M:cpu2
32        1595 1.6243 1.1468 1.3319 0.0000
6         M:cpu1
32        1595 1.0723 0.7856 0.8033 0.0000
6         M:cpu0
32        1595 1.5588 1.1205 1.2239 0.0000
5         M:cpu
32        1595 1.5815 1.1319 1.2552 0.0000
10        M:messages
39        1595 1098.0000 879.4800 655.6990 0.0000
8         M:ssh_in
32        1595 2.0000 1.8200 0.6000 0.0000
9         M:smtp_in
32        1595 2.0000 1.8200 0.6000 0.0000
13        M:cfengine_in
32        1595 1.0000 0.9100 0.3000 0.0000
9         M:loadavg
32        1595 0.0500 0.0371 0.0363 0.0000
10        M:diskfree
35        1595 85.0000 77.3500 25.5000 0.0000
12        M:otherprocs
34        1595 13.0000 10.3600 7.8593 0.0000
11        M:rootprocs
35        1595 97.0000 88.2700 29.1000 0.0000
7         M:users
32        1595 6.0000 5.4600 1.8000 0.0000
3         MOY
15        M:entropy_avail
40        155 3071.5000 2467.2550 4839.3563 0.0000
12        M:mem_cached
38        155 1098.6758 945.6121 469.4713 0.0000
16        M:io_writtendata
31        155 0.0303 0.0327 0.0303 0.0000
11        M:io_writes
31        155 1.0000 1.3300 1.5556 0.0000
6         M:cpu3
31        155 0.0965 0.2074 0.6379 0.0000
6         M:cpu2
31        155 0.0899 0.2572 0.9414 0.0000
6         M:cpu1
31        155 0.0999 0.2573 0.8754 0.0000
6         M:cpu0
31        155 0.1764 0.2613 0.5270 0.0000
5         M:cpu
31        155 0.1157 0.2456 0.7663 0.0000
10        M:messages
37        155 113.5000 275.9050 209.2837 0.0000
8         M:ssh_in
31        155 2.0000 1.6100 1.2570 0.0000
9         M:smtp_in
31        155 2.0000 1.6100 1.2570 0.0000
13        M:cfengine_in
31        155 1.0000 0.9100 0.6557 0.0000
9         M:loadavg
31        155 0.0100 0.0112 0.0241 0.0000
10        M:diskfree
34        155 88.0000 70.6300 56.2834 0.0000
12        M:otherprocs
31        155 6.0000 5.5650 4.1719 0.0000
11        M:rootprocs
34        155 96.5000 77.6300 60.8923 0.0000
7         M:users
31        155 6.0000 4.8300 3.7709 0.0000
# send QUERY complete successful
