# delta from 1679710699 to 1679710759 at 1679710759
22        CFR: 0 1679710758 1858
3         PRD
60        Packing reports: delta,0.025239,0.063700,0.067427,1679710700
83        Sample(/proc/sys/kernel/random/entropy_avail),0.005032,0.002532,0.002635,1679710719
3         EXS
16        f,293,1679710697
3         MOM
15        M:entropy_avail
41        1467 3185.0000 2866.0100 1063.3000 0.0000
12        M:mem_cached
40        1467 1787.1016 1626.0623 536.7977 0.0000
10        M:mem_free
40        1467 12678.5977 11539.3056 0.0000 0.0000
11        M:mem_total
40        1467 14875.9336 13537.0996 0.0000 0.0000
16        M:io_writtendata
32        1467 0.1182 0.0987 0.0645 0.0000
11        M:io_writes
32        1467 6.0000 4.6200 3.9563 0.0000
6         M:cpu3
32        1467 1.4315 1.0412 1.0919 0.0000
6         M:cpu2
32        1467 1.6841 1.1886 1.3819 0.0000
6         M:cpu1
32        1467 2.0980 1.4826 1.7166 0.0000
6         M:cpu0
32        1467 0.9524 0.7002 0.7071 0.0000
5         M:cpu
32        1467 1.5431 1.1036 1.2268 0.0000
10        M:messages
41        1467 2066.0000 1494.0800 1598.4271 0.0000
8         M:ssh_in
32        1467 2.0000 1.8200 0.6000 0.0000
9         M:smtp_in
32        1467 3.0000 2.5200 1.6223 0.0000
14        M:cfengine_out
32        1467 1.0000 0.7000 0.8367 0.0000
13        M:cfengine_in
32        1467 1.0000 0.9100 0.3000 0.0000
9         M:loadavg
32        1467 0.1100 0.0854 0.0710 0.0000
10        M:diskfree
35        1467 85.0000 77.3500 25.5000 0.0000
12        M:otherprocs
34        1467 13.0000 10.3600 7.8593 0.0000
11        M:rootprocs
35        1467 99.0000 89.8800 30.4000 0.0000
7         M:users
32        1467 6.0000 5.4600 1.8000 0.0000
3         MOY
15        M:entropy_avail
40        155 3071.5000 2467.2550 4839.3563 0.0000
12        M:mem_cached
38        155 1098.6758 945.6121 469.4713 0.0000
16        M:io_writtendata
31        155 0.0303 0.0327 0.0303 0.0000
11        M:io_writes
31        155 1.0000 1.3300 1.5556 0.0000
6         M:cpu3
31        155 0.0965 0.2074 0.6379 0.0000
6         M:cpu2
31        155 0.0899 0.2572 0.9414 0.0000
6         M:cpu1
31        155 0.0999 0.2573 0.8754 0.0000
6         M:cpu0
31        155 0.1764 0.2613 0.5270 0.0000
5         M:cpu
31        155 0.1157 0.2456 0.7663 0.0000
10        M:messages
37        155 113.5000 275.9050 209.2837 0.0000
8         M:ssh_in
31        155 2.0000 1.6100 1.2570 0.0000
9         M:smtp_in
31        155 2.0000 1.6100 1.2570 0.0000
13        M:cfengine_in
31        155 1.0000 0.9100 0.6557 0.0000
9         M:loadavg
31        155 0.0100 0.0112 0.0241 0.0000
10        M:diskfree
34        155 88.0000 70.6300 56.2834 0.0000
12        M:otherprocs
31        155 6.0000 5.5650 4.1719 0.0000
11        M:rootprocs
34        155 96.5000 77.6300 60.8923 0.0000
7         M:users
31        155 6.0000 4.8300 3.7709 0.0000
# send QUERY complete successful
