# delta from 1679683518 to 1679683579 at 1679683579
22        CFR: 0 1679683578 1729
3         PRD
60        Packing reports: delta,0.034891,0.121741,0.123730,1679683519
3         EXS
16        f,294,1679683417
3         MOM
15        M:entropy_avail
41        1377 3047.0000 2132.9000 2549.3031 0.0000
12        M:mem_cached
41        1377 1704.7969 1193.3578 1426.3354 0.0000
10        M:mem_free
39        1377 12766.5781 8936.6047 0.0000 0.0000
11        M:mem_total
40        1377 14875.9336 10413.1535 0.0000 0.0000
16        M:io_writtendata
32        1377 0.1074 0.0752 0.0899 0.0000
11        M:io_writes
32        1377 6.0000 4.2000 5.0200 0.0000
6         M:cpu3
32        1377 1.9377 1.3564 1.6212 0.0000
6         M:cpu2
32        1377 1.7373 1.2161 1.4536 0.0000
6         M:cpu1
32        1377 1.6583 1.1608 1.3875 0.0000
6         M:cpu0
32        1377 0.8990 0.6293 0.7521 0.0000
5         M:cpu
32        1377 1.5614 1.0930 1.3064 0.0000
10        M:messages
41        1377 1804.0000 1262.8000 1509.3347 0.0000
8         M:ssh_in
32        1377 2.0000 1.4000 1.6733 0.0000
9         M:smtp_in
32        1377 2.0000 1.4000 1.6733 0.0000
13        M:cfengine_in
32        1377 1.0000 0.7000 0.8367 0.0000
9         M:loadavg
32        1377 0.0500 0.0350 0.0418 0.0000
10        M:diskfree
35        1377 86.0000 60.2000 71.9528 0.0000
12        M:otherprocs
34        1377 13.0000 9.1000 10.8766 0.0000
11        M:rootprocs
35        1377 97.0000 67.9000 81.1560 0.0000
7         M:users
32        1377 6.0000 4.2000 5.0200 0.0000
3         MOY
15        M:entropy_avail
40        155 3071.5000 2467.2550 4839.3563 0.0000
12        M:mem_cached
38        155 1098.6758 945.6121 469.4713 0.0000
16        M:io_writtendata
31        155 0.0303 0.0327 0.0303 0.0000
11        M:io_writes
31        155 1.0000 1.3300 1.5556 0.0000
6         M:cpu3
31        155 0.0965 0.2074 0.6379 0.0000
6         M:cpu2
31        155 0.0899 0.2572 0.9414 0.0000
6         M:cpu1
31        155 0.0999 0.2573 0.8754 0.0000
6         M:cpu0
31        155 0.1764 0.2613 0.5270 0.0000
5         M:cpu
31        155 0.1157 0.2456 0.7663 0.0000
10        M:messages
37        155 113.5000 275.9050 209.2837 0.0000
8         M:ssh_in
31        155 2.0000 1.6100 1.2570 0.0000
9         M:smtp_in
31        155 2.0000 1.6100 1.2570 0.0000
13        M:cfengine_in
31        155 1.0000 0.9100 0.6557 0.0000
9         M:loadavg
31        155 0.0100 0.0112 0.0241 0.0000
10        M:diskfree
34        155 88.0000 70.6300 56.2834 0.0000
12        M:otherprocs
31        155 6.0000 5.5650 4.1719 0.0000
11        M:rootprocs
34        155 96.5000 77.6300 60.8923 0.0000
7         M:users
31        155 6.0000 4.8300 3.7709 0.0000
# send QUERY complete successful
