# delta from 1679696718 to 1679696779 at 1679696779
22        CFR: 0 1679696778 1769
3         PRD
60        Packing reports: delta,0.029931,0.089587,0.091044,1679696719
83        Sample(/proc/sys/kernel/random/entropy_avail),0.004925,0.002426,0.002523,1679696743
3         EXS
16        f,294,1679696617
3         MOM
15        M:entropy_avail
41        1421 3038.0000 2126.6000 2541.7732 0.0000
12        M:mem_cached
41        1421 1744.5781 1221.2047 1459.6188 0.0000
10        M:mem_free
39        1421 12732.4766 8912.7336 0.0000 0.0000
11        M:mem_total
40        1421 14875.9336 10413.1535 0.0000 0.0000
16        M:io_writtendata
32        1421 0.1182 0.0827 0.0989 0.0000
11        M:io_writes
32        1421 6.0000 4.2000 5.0200 0.0000
6         M:cpu3
32        1421 1.6778 1.1744 1.4037 0.0000
6         M:cpu2
32        1421 1.7041 1.1928 1.4257 0.0000
6         M:cpu1
32        1421 1.8247 1.2773 1.5267 0.0000
6         M:cpu0
32        1421 1.1655 0.8159 0.9751 0.0000
5         M:cpu
32        1421 1.5930 1.1151 1.3328 0.0000
10        M:messages
41        1421 2048.0000 1433.6000 1713.4797 0.0000
8         M:ssh_in
32        1421 2.0000 1.4000 1.6733 0.0000
9         M:smtp_in
32        1421 2.0000 1.4000 1.6733 0.0000
13        M:cfengine_in
32        1421 1.0000 0.7000 0.8367 0.0000
10        M:diskfree
35        1421 86.0000 60.2000 71.9528 0.0000
12        M:otherprocs
32        1421 6.0000 4.2000 5.0200 0.0000
11        M:rootprocs
35        1421 97.0000 67.9000 81.1560 0.0000
7         M:users
32        1421 6.0000 4.2000 5.0200 0.0000
3         MOY
15        M:entropy_avail
40        155 3071.5000 2467.2550 4839.3563 0.0000
12        M:mem_cached
38        155 1098.6758 945.6121 469.4713 0.0000
16        M:io_writtendata
31        155 0.0303 0.0327 0.0303 0.0000
11        M:io_writes
31        155 1.0000 1.3300 1.5556 0.0000
6         M:cpu3
31        155 0.0965 0.2074 0.6379 0.0000
6         M:cpu2
31        155 0.0899 0.2572 0.9414 0.0000
6         M:cpu1
31        155 0.0999 0.2573 0.8754 0.0000
6         M:cpu0
31        155 0.1764 0.2613 0.5270 0.0000
5         M:cpu
31        155 0.1157 0.2456 0.7663 0.0000
10        M:messages
37        155 113.5000 275.9050 209.2837 0.0000
8         M:ssh_in
31        155 2.0000 1.6100 1.2570 0.0000
9         M:smtp_in
31        155 2.0000 1.6100 1.2570 0.0000
13        M:cfengine_in
31        155 1.0000 0.9100 0.6557 0.0000
9         M:loadavg
31        155 0.0100 0.0112 0.0241 0.0000
10        M:diskfree
34        155 88.0000 70.6300 56.2834 0.0000
12        M:otherprocs
31        155 6.0000 5.5650 4.1719 0.0000
11        M:rootprocs
34        155 96.5000 77.6300 60.8923 0.0000
7         M:users
31        155 6.0000 4.8300 3.7709 0.0000
# send QUERY complete successful
