# delta from 1679697078 to 1679697140 at 1679697140
22        CFR: 0 1679697139 1727
3         PRD
60        Packing reports: delta,0.029939,0.089633,0.088059,1679697079
3         EXS
16        f,294,1679696912
3         MOM
15        M:entropy_avail
41        1422 3033.0000 2123.1000 2537.5899 0.0000
12        M:mem_cached
41        1422 1745.4805 1221.8363 1460.3737 0.0000
10        M:mem_free
39        1422 12731.1758 8911.8230 0.0000 0.0000
11        M:mem_total
40        1422 14875.9336 10413.1535 0.0000 0.0000
16        M:io_writtendata
32        1422 0.1191 0.0834 0.0997 0.0000
11        M:io_writes
32        1422 6.0000 4.2000 5.0200 0.0000
6         M:cpu3
32        1422 1.1386 0.7970 0.9526 0.0000
6         M:cpu2
32        1422 2.8490 1.9943 2.3836 0.0000
6         M:cpu1
32        1422 1.4786 1.0350 1.2371 0.0000
6         M:cpu0
32        1422 1.4454 1.0118 1.2093 0.0000
5         M:cpu
32        1422 1.7247 1.2073 1.4430 0.0000
10        M:messages
41        1422 1809.0000 1266.3000 1513.5180 0.0000
8         M:ssh_in
32        1422 2.0000 1.4000 1.6733 0.0000
9         M:smtp_in
32        1422 2.0000 1.4000 1.6733 0.0000
13        M:cfengine_in
32        1422 1.0000 0.7000 0.8367 0.0000
9         M:loadavg
32        1422 0.0100 0.0070 0.0084 0.0000
10        M:diskfree
35        1422 86.0000 60.2000 71.9528 0.0000
12        M:otherprocs
32        1422 6.0000 4.2000 5.0200 0.0000
11        M:rootprocs
35        1422 96.0000 67.2000 80.3194 0.0000
7         M:users
32        1422 6.0000 4.2000 5.0200 0.0000
3         MOY
15        M:entropy_avail
40        155 3071.5000 2467.2550 4839.3563 0.0000
12        M:mem_cached
38        155 1098.6758 945.6121 469.4713 0.0000
16        M:io_writtendata
31        155 0.0303 0.0327 0.0303 0.0000
11        M:io_writes
31        155 1.0000 1.3300 1.5556 0.0000
6         M:cpu3
31        155 0.0965 0.2074 0.6379 0.0000
6         M:cpu2
31        155 0.0899 0.2572 0.9414 0.0000
6         M:cpu1
31        155 0.0999 0.2573 0.8754 0.0000
6         M:cpu0
31        155 0.1764 0.2613 0.5270 0.0000
5         M:cpu
31        155 0.1157 0.2456 0.7663 0.0000
10        M:messages
37        155 113.5000 275.9050 209.2837 0.0000
8         M:ssh_in
31        155 2.0000 1.6100 1.2570 0.0000
9         M:smtp_in
31        155 2.0000 1.6100 1.2570 0.0000
13        M:cfengine_in
31        155 1.0000 0.9100 0.6557 0.0000
9         M:loadavg
31        155 0.0100 0.0112 0.0241 0.0000
10        M:diskfree
34        155 88.0000 70.6300 56.2834 0.0000
12        M:otherprocs
31        155 6.0000 5.5650 4.1719 0.0000
11        M:rootprocs
34        155 96.5000 77.6300 60.8923 0.0000
7         M:users
31        155 6.0000 4.8300 3.7709 0.0000
# send QUERY complete successful
