# delta from 1679678178 to 1679678239 at 1679678239
22        CFR: 0 1679678238 1729
3         PRD
60        Packing reports: delta,0.030954,0.095816,0.095608,1679678179
3         EXS
16        f,294,1679678021
3         MOM
15        M:entropy_avail
41        1359 3038.0000 2126.6000 2541.7732 0.0000
12        M:mem_cached
41        1359 1680.3828 1176.2680 1405.9091 0.0000
10        M:mem_free
39        1359 12792.0039 8954.4027 0.0000 0.0000
11        M:mem_total
40        1359 14875.9336 10413.1535 0.0000 0.0000
16        M:io_writtendata
32        1359 0.1133 0.0793 0.0948 0.0000
11        M:io_writes
32        1359 6.0000 4.2000 5.0200 0.0000
6         M:cpu3
32        1359 2.1313 1.4919 1.7832 0.0000
6         M:cpu2
32        1359 1.8175 1.2722 1.5206 0.0000
6         M:cpu1
32        1359 1.3121 0.9185 1.0978 0.0000
6         M:cpu0
32        1359 1.4254 0.9978 1.1926 0.0000
5         M:cpu
32        1359 1.6765 1.1736 1.4027 0.0000
10        M:messages
41        1359 1805.0000 1263.5000 1510.1713 0.0000
8         M:ssh_in
32        1359 2.0000 1.4000 1.6733 0.0000
9         M:smtp_in
32        1359 2.0000 1.4000 1.6733 0.0000
13        M:cfengine_in
32        1359 1.0000 0.7000 0.8367 0.0000
9         M:loadavg
32        1359 0.0400 0.0280 0.0335 0.0000
10        M:diskfree
35        1359 86.0000 60.2000 71.9528 0.0000
12        M:otherprocs
34        1359 13.0000 9.1000 10.8766 0.0000
11        M:rootprocs
35        1359 97.0000 67.9000 81.1560 0.0000
7         M:users
32        1359 6.0000 4.2000 5.0200 0.0000
3         MOY
15        M:entropy_avail
40        155 3074.5000 2470.9300 4843.1648 0.0000
12        M:mem_cached
38        155 1093.2188 940.6470 467.7120 0.0000
16        M:io_writtendata
31        155 0.0308 0.0331 0.0301 0.0000
11        M:io_writes
31        155 1.0000 1.3300 1.5556 0.0000
6         M:cpu3
31        155 0.0666 0.3919 1.6927 0.0000
6         M:cpu2
31        155 0.1032 0.1400 0.2569 0.0000
6         M:cpu1
31        155 0.0766 0.1739 0.5611 0.0000
6         M:cpu0
31        155 0.1898 0.2601 0.4601 0.0000
5         M:cpu
31        155 0.1090 0.2413 0.7739 0.0000
10        M:messages
37        155 113.5000 218.2600 708.0041 0.0000
8         M:ssh_in
31        155 2.0000 1.6100 1.2570 0.0000
9         M:smtp_in
31        155 2.0000 1.6100 1.2570 0.0000
13        M:cfengine_in
31        155 1.0000 0.8050 0.6285 0.0000
9         M:loadavg
31        155 0.0100 0.0123 0.0288 0.0000
10        M:diskfree
34        155 88.0000 70.6300 56.2834 0.0000
12        M:otherprocs
31        155 6.0000 5.5650 4.1719 0.0000
11        M:rootprocs
34        155 96.0000 77.2800 60.6595 0.0000
7         M:users
31        155 6.0000 4.8300 3.7709 0.0000
# send QUERY complete successful
