# delta from 1679721858 to 1679721919 at 1679721919
22        CFR: 0 1679721918 1729
3         PRD
60        Packing reports: delta,0.034310,0.117716,0.119737,1679721859
3         EXS
16        f,293,1679721784
3         MOM
15        M:entropy_avail
41        1504 3190.0000 2869.7200 1067.6000 0.0000
12        M:mem_cached
40        1504 1821.1289 1657.0255 547.0113 0.0000
10        M:mem_free
40        1504 12642.5430 11506.5557 0.0000 0.0000
11        M:mem_total
40        1504 14875.9336 13537.0996 0.0000 0.0000
16        M:io_writtendata
32        1504 0.1104 0.0857 0.0713 0.0000
11        M:io_writes
32        1504 6.0000 4.6200 3.9563 0.0000
6         M:cpu3
32        1504 2.2503 1.6018 1.8096 0.0000
6         M:cpu2
32        1504 1.1780 0.8483 0.9208 0.0000
6         M:cpu1
32        1504 1.6185 1.1707 1.2515 0.0000
6         M:cpu0
32        1504 1.2055 0.8886 0.8892 0.0000
5         M:cpu
32        1504 1.5598 1.1251 1.2146 0.0000
10        M:messages
41        1504 2065.0000 1493.3800 1597.5923 0.0000
8         M:ssh_in
32        1504 2.0000 1.8200 0.6000 0.0000
9         M:smtp_in
32        1504 3.0000 2.5200 1.6223 0.0000
13        M:cfengine_in
32        1504 1.0000 0.9100 0.3000 0.0000
9         M:loadavg
32        1504 0.0300 0.0252 0.0162 0.0000
10        M:diskfree
35        1504 85.0000 77.3500 25.5000 0.0000
12        M:otherprocs
34        1504 13.0000 10.3600 7.8593 0.0000
11        M:rootprocs
35        1504 96.0000 87.3600 28.8000 0.0000
7         M:users
32        1504 6.0000 5.4600 1.8000 0.0000
3         MOY
15        M:entropy_avail
40        155 3071.5000 2467.2550 4839.3563 0.0000
12        M:mem_cached
38        155 1098.6758 945.6121 469.4713 0.0000
16        M:io_writtendata
31        155 0.0303 0.0327 0.0303 0.0000
11        M:io_writes
31        155 1.0000 1.3300 1.5556 0.0000
6         M:cpu3
31        155 0.0965 0.2074 0.6379 0.0000
6         M:cpu2
31        155 0.0899 0.2572 0.9414 0.0000
6         M:cpu1
31        155 0.0999 0.2573 0.8754 0.0000
6         M:cpu0
31        155 0.1764 0.2613 0.5270 0.0000
5         M:cpu
31        155 0.1157 0.2456 0.7663 0.0000
10        M:messages
37        155 113.5000 275.9050 209.2837 0.0000
8         M:ssh_in
31        155 2.0000 1.6100 1.2570 0.0000
9         M:smtp_in
31        155 2.0000 1.6100 1.2570 0.0000
13        M:cfengine_in
31        155 1.0000 0.9100 0.6557 0.0000
9         M:loadavg
31        155 0.0100 0.0112 0.0241 0.0000
10        M:diskfree
34        155 88.0000 70.6300 56.2834 0.0000
12        M:otherprocs
31        155 6.0000 5.5650 4.1719 0.0000
11        M:rootprocs
34        155 96.5000 77.6300 60.8923 0.0000
7         M:users
31        155 6.0000 4.8300 3.7709 0.0000
# send QUERY complete successful
