# delta from 1679672538 to 1679672599 at 1679672599
22        CFR: 0 1679672598 1767
3         PRD
60        Packing reports: delta,0.025496,0.065007,0.064488,1679672539
83        Sample(/proc/sys/kernel/random/entropy_avail),0.004917,0.002418,0.002305,1679672548
3         EXS
16        f,305,1679672330
3         MOM
15        M:entropy_avail
41        1340 3145.0000 2201.5000 2631.2958 0.0000
12        M:mem_cached
41        1340 1663.2617 1164.2832 1391.5846 0.0000
10        M:mem_free
39        1340 12818.9414 8973.2590 0.0000 0.0000
11        M:mem_total
40        1340 14875.9336 10413.1535 0.0000 0.0000
16        M:io_writtendata
32        1340 0.0400 0.0280 0.0335 0.0000
11        M:io_writes
32        1340 2.0000 1.4000 1.6733 0.0000
6         M:cpu3
32        1340 0.1132 0.0792 0.0947 0.0000
6         M:cpu2
32        1340 0.0333 0.0233 0.0278 0.0000
6         M:cpu1
32        1340 0.1798 0.1259 0.1504 0.0000
6         M:cpu0
32        1340 0.1997 0.1398 0.1671 0.0000
5         M:cpu
32        1340 0.1298 0.0909 0.1086 0.0000
10        M:messages
38        1340 227.0000 158.9000 189.9218 0.0000
8         M:ssh_in
32        1340 2.0000 1.4000 1.6733 0.0000
9         M:smtp_in
32        1340 2.0000 1.4000 1.6733 0.0000
13        M:cfengine_in
32        1340 1.0000 0.7000 0.8367 0.0000
10        M:diskfree
35        1340 86.0000 60.2000 71.9528 0.0000
12        M:otherprocs
32        1340 6.0000 4.2000 5.0200 0.0000
11        M:rootprocs
35        1340 96.0000 67.2000 80.3194 0.0000
7         M:users
32        1340 6.0000 4.2000 5.0200 0.0000
3         MOY
15        M:entropy_avail
40        155 3080.5000 2156.3500 4850.7840 0.0000
12        M:mem_cached
39        155 1087.8438 761.4906 1568.4447 0.0000
16        M:io_writtendata
31        155 0.0293 0.0205 0.0252 0.0000
11        M:io_writes
31        155 1.0000 0.7000 1.1832 0.0000
6         M:cpu3
31        155 0.0766 0.0536 0.0669 0.0000
6         M:cpu2
31        155 0.0666 0.0466 0.0649 0.0000
6         M:cpu1
31        155 0.1332 0.0932 0.1272 0.0000
6         M:cpu0
31        155 0.1731 0.1212 0.1449 0.0000
5         M:cpu
31        155 0.1132 0.0792 0.0955 0.0000
10        M:messages
37        155 227.0000 158.9000 189.9218 0.0000
8         M:ssh_in
31        155 2.0000 1.4000 1.6733 0.0000
9         M:smtp_in
31        155 2.0000 1.4000 1.6733 0.0000
13        M:cfengine_in
31        155 1.0000 0.7000 0.8367 0.0000
9         M:loadavg
31        155 0.0100 0.0070 0.0118 0.0000
10        M:diskfree
34        155 88.0000 61.6000 73.6451 0.0000
12        M:otherprocs
31        155 6.0000 4.2000 5.0200 0.0000
11        M:rootprocs
34        155 97.0000 67.9000 81.1560 0.0000
7         M:users
31        155 6.0000 4.2000 5.0200 0.0000
# send QUERY complete successful
