# delta from 1679666838 to 1679666900 at 1679666900
22        CFR: 0 1679666899 1683
3         PRD
60        Packing reports: delta,0.035955,0.129277,0.129132,1679666839
3         EXS
16        f,335,1679666641
3         MOM
15        M:entropy_avail
41        1321 3125.0000 2187.5000 2614.5626 0.0000
12        M:mem_cached
41        1321 1645.8750 1152.1125 1377.0378 0.0000
10        M:mem_free
39        1321 12837.5898 8986.3129 0.0000 0.0000
11        M:mem_total
40        1321 14875.9336 10413.1535 0.0000 0.0000
16        M:io_writtendata
32        1321 0.0322 0.0226 0.0270 0.0000
11        M:io_writes
32        1321 2.0000 1.4000 1.6733 0.0000
6         M:cpu3
32        1321 0.0732 0.0512 0.0613 0.0000
6         M:cpu2
32        1321 0.1930 0.1351 0.1615 0.0000
6         M:cpu1
32        1321 0.0666 0.0466 0.0557 0.0000
6         M:cpu0
32        1321 0.1864 0.1305 0.1559 0.0000
5         M:cpu
32        1321 0.1265 0.0885 0.1058 0.0000
10        M:messages
38        1321 227.0000 158.9000 189.9218 0.0000
8         M:ssh_in
32        1321 2.0000 1.4000 1.6733 0.0000
9         M:smtp_in
32        1321 2.0000 1.4000 1.6733 0.0000
13        M:cfengine_in
32        1321 2.0000 1.4000 1.6733 0.0000
9         M:loadavg
32        1321 0.0100 0.0070 0.0084 0.0000
10        M:diskfree
35        1321 86.0000 60.2000 71.9528 0.0000
12        M:otherprocs
32        1321 6.0000 4.2000 5.0200 0.0000
11        M:rootprocs
35        1321 96.0000 67.2000 80.3194 0.0000
7         M:users
32        1321 6.0000 4.2000 5.0200 0.0000
3         MOY
15        M:entropy_avail
40        155 3084.0000 2158.8000 4855.2298 0.0000
12        M:mem_cached
39        155 1077.1406 753.9984 1553.6005 0.0000
16        M:io_writtendata
31        155 0.0312 0.0219 0.0272 0.0000
6         M:cpu3
31        155 0.0998 0.0699 0.0922 0.0000
6         M:cpu2
31        155 0.0998 0.0699 0.0837 0.0000
6         M:cpu1
31        155 0.1132 0.0792 0.1047 0.0000
6         M:cpu0
31        155 0.1831 0.1282 0.1538 0.0000
5         M:cpu
31        155 0.1240 0.0868 0.1060 0.0000
10        M:messages
37        155 227.0000 158.9000 189.9218 0.0000
8         M:ssh_in
31        155 2.0000 1.4000 1.6733 0.0000
9         M:smtp_in
31        155 2.0000 1.4000 1.6733 0.0000
13        M:cfengine_in
31        155 1.0000 0.7000 0.8367 0.0000
9         M:loadavg
31        155 0.0100 0.0070 0.0118 0.0000
10        M:diskfree
34        155 88.0000 61.6000 73.6451 0.0000
12        M:otherprocs
31        155 6.0000 4.2000 5.0200 0.0000
11        M:rootprocs
34        155 97.0000 67.9000 81.1560 0.0000
7         M:users
31        155 6.0000 4.2000 5.0200 0.0000
# send QUERY complete successful
