# delta from 1679670018 to 1679670079 at 1679670079
21        CFR: 0 1679670078 844
3         PRD
60        Packing reports: delta,0.039761,0.065135,0.053223,1679670019
3         EXS
16        f,297,1679669925
3         MOY
15        M:entropy_avail
40        155 3073.0000 2151.1000 4841.2604 0.0000
12        M:mem_cached
39        155 1082.2969 757.6078 1560.7510 0.0000
16        M:io_writtendata
31        155 0.0317 0.0222 0.0277 0.0000
11        M:io_writes
31        155 1.0000 0.7000 1.1832 0.0000
6         M:cpu3
31        155 0.0699 0.0489 0.0601 0.0000
6         M:cpu2
31        155 0.1597 0.1118 0.1409 0.0000
6         M:cpu1
31        155 0.1099 0.0769 0.1010 0.0000
6         M:cpu0
31        155 0.2164 0.1515 0.1858 0.0000
5         M:cpu
31        155 0.1390 0.0973 0.1212 0.0000
10        M:messages
37        155 377.0000 263.9000 339.4706 0.0000
8         M:ssh_in
31        155 2.0000 1.4000 1.6733 0.0000
9         M:smtp_in
31        155 2.0000 1.4000 1.6733 0.0000
13        M:cfengine_in
31        155 1.0000 0.7000 0.8367 0.0000
9         M:loadavg
31        155 0.0100 0.0070 0.0118 0.0000
10        M:diskfree
34        155 88.0000 61.6000 73.6451 0.0000
12        M:otherprocs
31        155 6.0000 4.2000 5.0200 0.0000
11        M:rootprocs
34        155 96.5000 67.5500 80.7388 0.0000
7         M:users
31        155 6.0000 4.2000 5.0200 0.0000
# send QUERY complete successful
