# delta from 1679759844 to 1679759904 at 1679759904
22        CFR: 0 1679759903 1805
3         PRD
60        Packing reports: delta,0.033700,0.113571,0.112985,1679759845
83        Sample(/proc/sys/kernel/random/entropy_avail),0.005000,0.002500,0.002464,1679759857
3         EXS
16        f,296,1679759624
3         MOM
15        M:entropy_avail
40        1631 3008.0000 2769.2000 796.0000 0.0000
12        M:mem_cached
40        1631 1951.9883 1776.3061 585.6074 0.0000
10        M:mem_free
40        1631 12508.3398 11380.5893 0.0000 0.0000
11        M:mem_total
40        1631 14875.9336 13537.0996 0.0000 0.0000
16        M:io_writtendata
32        1631 0.0391 0.0505 0.0382 0.0000
11        M:io_writes
32        1631 2.0000 2.6600 2.2000 0.0000
6         M:cpu3
32        1631 0.0666 0.5136 1.6102 0.0000
6         M:cpu2
32        1631 0.1465 0.4002 0.9608 0.0000
6         M:cpu1
32        1631 0.1531 0.4120 0.9817 0.0000
6         M:cpu0
32        1631 0.1864 0.3823 0.6529 0.0000
5         M:cpu
32        1631 0.1398 0.4275 1.0777 0.0000
10        M:messages
37        1631 0.0000 430.0800 1522.9741 0.0000
8         M:ssh_in
32        1631 2.0000 1.8200 0.6000 0.0000
9         M:smtp_in
32        1631 2.0000 1.8200 0.6000 0.0000
13        M:cfengine_in
32        1631 1.0000 0.9100 0.3000 0.0000
9         M:loadavg
32        1631 0.0300 0.0294 0.0020 0.0000
10        M:diskfree
35        1631 84.0000 76.4400 25.2000 0.0000
12        M:otherprocs
32        1631 6.0000 6.9300 3.1000 0.0000
11        M:rootprocs
35        1631 98.0000 89.1800 29.4000 0.0000
7         M:users
32        1631 6.0000 5.4600 1.8000 0.0000
3         MOY
15        M:entropy_avail
40        155 3071.5000 2467.2550 4839.3563 0.0000
12        M:mem_cached
38        155 1098.6758 945.6121 469.4713 0.0000
16        M:io_writtendata
31        155 0.0303 0.0327 0.0303 0.0000
11        M:io_writes
31        155 1.0000 1.3300 1.5556 0.0000
6         M:cpu3
31        155 0.0965 0.2074 0.6379 0.0000
6         M:cpu2
31        155 0.0899 0.2572 0.9414 0.0000
6         M:cpu1
31        155 0.0999 0.2573 0.8754 0.0000
6         M:cpu0
31        155 0.1764 0.2613 0.5270 0.0000
5         M:cpu
31        155 0.1157 0.2456 0.7663 0.0000
10        M:messages
37        155 113.5000 275.9050 209.2837 0.0000
8         M:ssh_in
31        155 2.0000 1.6100 1.2570 0.0000
9         M:smtp_in
31        155 2.0000 1.6100 1.2570 0.0000
13        M:cfengine_in
31        155 1.0000 0.9100 0.6557 0.0000
9         M:loadavg
31        155 0.0100 0.0112 0.0241 0.0000
10        M:diskfree
34        155 88.0000 70.6300 56.2834 0.0000
12        M:otherprocs
31        155 6.0000 5.5650 4.1719 0.0000
11        M:rootprocs
34        155 96.5000 77.6300 60.8923 0.0000
7         M:users
31        155 6.0000 4.8300 3.7709 0.0000
# send QUERY complete successful
