# delta from 1679662578 to 1679662639 at 1679662639
22        CFR: 0 1679662638 1805
3         PRD
60        Packing reports: delta,0.046133,0.212822,0.213020,1679662579
83        Sample(/proc/sys/kernel/random/entropy_avail),0.005104,0.002605,0.002655,1679662630
3         EXS
16        f,292,1679662408
3         MOM
15        M:entropy_avail
38        1307 3235.0000 2264.5000 0.0000 0.0000
12        M:mem_cached
41        1307 1635.5273 1144.8691 1368.3804 0.0000
10        M:mem_free
39        1307 12849.1172 8994.3820 0.0000 0.0000
11        M:mem_total
40        1307 14875.9336 10413.1535 0.0000 0.0000
16        M:io_writtendata
32        1307 0.0674 0.0472 0.0564 0.0000
11        M:io_writes
32        1307 2.0000 1.4000 1.6733 0.0000
6         M:cpu3
32        1307 0.0732 0.0513 0.0613 0.0000
6         M:cpu2
32        1307 0.1464 0.1025 0.1225 0.0000
6         M:cpu1
32        1307 0.2996 0.2097 0.2507 0.0000
6         M:cpu0
32        1307 0.2996 0.2097 0.2506 0.0000
5         M:cpu
32        1307 0.2014 0.1410 0.1685 0.0000
10        M:messages
38        1307 227.0000 158.9000 189.9218 0.0000
8         M:ssh_in
32        1307 2.0000 1.4000 1.6733 0.0000
9         M:smtp_in
32        1307 2.0000 1.4000 1.6733 0.0000
13        M:cfengine_in
32        1307 1.0000 0.7000 0.8367 0.0000
9         M:loadavg
32        1307 0.0200 0.0140 0.0167 0.0000
10        M:diskfree
35        1307 86.0000 60.2000 71.9528 0.0000
12        M:otherprocs
32        1307 6.0000 4.2000 5.0200 0.0000
11        M:rootprocs
35        1307 97.0000 67.9000 81.1560 0.0000
7         M:users
32        1307 6.0000 4.2000 5.0200 0.0000
3         MOY
15        M:entropy_avail
40        155 3143.0000 2200.1000 2133.3412 0.0000
12        M:mem_cached
39        155 1072.1270 750.4889 1546.6490 0.0000
16        M:io_writtendata
31        155 0.0361 0.0253 0.0323 0.0000
11        M:io_writes
31        155 1.0000 0.7000 1.1832 0.0000
6         M:cpu3
31        155 0.1065 0.0746 0.0996 0.0000
6         M:cpu2
31        155 0.0732 0.0513 0.0673 0.0000
6         M:cpu1
31        155 0.1165 0.0816 0.1084 0.0000
6         M:cpu0
31        155 0.2164 0.1515 0.1858 0.0000
5         M:cpu
31        155 0.1298 0.0909 0.1118 0.0000
10        M:messages
37        155 227.0000 158.9000 189.9218 0.0000
8         M:ssh_in
31        155 2.5000 1.7500 2.1331 0.0000
9         M:smtp_in
31        155 2.0000 1.4000 1.6733 0.0000
13        M:cfengine_in
31        155 1.0000 0.7000 0.8367 0.0000
9         M:loadavg
31        155 0.0150 0.0105 0.0132 0.0000
10        M:diskfree
34        155 88.0000 61.6000 73.6451 0.0000
12        M:otherprocs
31        155 7.0000 4.9000 5.9161 0.0000
11        M:rootprocs
34        155 97.0000 67.9000 81.1560 0.0000
7         M:users
31        155 6.5000 4.5500 5.4544 0.0000
# send QUERY complete successful
