# delta from 1679737098 to 1679737159 at 1679737159
22        CFR: 0 1679737158 1683
3         PRD
60        Packing reports: delta,0.031470,0.099037,0.103801,1679737099
3         EXS
16        f,291,1679737096
3         MOM
15        M:entropy_avail
41        1555 3155.0000 2208.5000 2639.6624 0.0000
12        M:mem_cached
41        1555 1874.4219 1312.0953 1568.2539 0.0000
10        M:mem_free
39        1555 12593.5508 8815.4855 0.0000 0.0000
11        M:mem_total
40        1555 14875.9336 10413.1535 0.0000 0.0000
16        M:io_writtendata
32        1555 0.0361 0.0253 0.0302 0.0000
11        M:io_writes
32        1555 2.0000 1.4000 1.6733 0.0000
6         M:cpu3
32        1555 0.0932 0.0652 0.0780 0.0000
6         M:cpu2
32        1555 0.0666 0.0466 0.0557 0.0000
6         M:cpu1
32        1555 0.1531 0.1072 0.1281 0.0000
6         M:cpu0
32        1555 0.1731 0.1212 0.1448 0.0000
5         M:cpu
32        1555 0.1215 0.0850 0.1016 0.0000
10        M:messages
38        1555 228.0000 159.6000 190.7585 0.0000
8         M:ssh_in
32        1555 2.0000 1.4000 1.6733 0.0000
9         M:smtp_in
32        1555 2.0000 1.4000 1.6733 0.0000
13        M:cfengine_in
32        1555 2.0000 1.4000 1.6733 0.0000
10        M:diskfree
35        1555 85.0000 59.5000 71.1161 0.0000
12        M:otherprocs
32        1555 6.0000 4.2000 5.0200 0.0000
11        M:rootprocs
35        1555 96.0000 67.2000 80.3194 0.0000
7         M:users
32        1555 6.0000 4.2000 5.0200 0.0000
3         MOY
15        M:entropy_avail
40        155 3071.5000 2467.2550 4839.3563 0.0000
12        M:mem_cached
38        155 1098.6758 945.6121 469.4713 0.0000
16        M:io_writtendata
31        155 0.0303 0.0327 0.0303 0.0000
11        M:io_writes
31        155 1.0000 1.3300 1.5556 0.0000
6         M:cpu3
31        155 0.0965 0.2074 0.6379 0.0000
6         M:cpu2
31        155 0.0899 0.2572 0.9414 0.0000
6         M:cpu1
31        155 0.0999 0.2573 0.8754 0.0000
6         M:cpu0
31        155 0.1764 0.2613 0.5270 0.0000
5         M:cpu
31        155 0.1157 0.2456 0.7663 0.0000
10        M:messages
37        155 113.5000 275.9050 209.2837 0.0000
8         M:ssh_in
31        155 2.0000 1.6100 1.2570 0.0000
9         M:smtp_in
31        155 2.0000 1.6100 1.2570 0.0000
13        M:cfengine_in
31        155 1.0000 0.9100 0.6557 0.0000
9         M:loadavg
31        155 0.0100 0.0112 0.0241 0.0000
10        M:diskfree
34        155 88.0000 70.6300 56.2834 0.0000
12        M:otherprocs
31        155 6.0000 5.5650 4.1719 0.0000
11        M:rootprocs
34        155 96.5000 77.6300 60.8923 0.0000
7         M:users
31        155 6.0000 4.8300 3.7709 0.0000
# send QUERY complete successful
