# delta from 1679672658 to 1679672719 at 1679672719
22        CFR: 0 1679672718 1810
3         PRD
60        Packing reports: delta,0.025967,0.067428,0.072675,1679672659
83        Sample(/proc/sys/kernel/random/entropy_avail),0.004871,0.002373,0.002268,1679672698
3         EXS
16        f,296,1679672623
3         MOM
15        M:entropy_avail
40        1340 3041.0000 2789.1500 839.5000 0.0000
12        M:mem_cached
40        1340 1664.1445 1514.1861 499.8613 0.0000
10        M:mem_free
40        1340 12809.6953 11658.7644 0.0000 0.0000
11        M:mem_total
40        1340 14875.9336 13537.0996 0.0000 0.0000
16        M:io_writtendata
32        1340 0.1113 0.0863 0.0721 0.0000
11        M:io_writes
32        1340 6.0000 4.6200 3.9563 0.0000
6         M:cpu3
32        1340 1.4250 1.0212 1.1271 0.0000
6         M:cpu2
32        1340 1.7572 1.2370 1.4508 0.0000
6         M:cpu1
32        1340 1.9450 1.3992 1.5242 0.0000
6         M:cpu0
32        1340 1.0323 0.7646 0.7523 0.0000
5         M:cpu
32        1340 1.5415 1.1063 1.2152 0.0000
10        M:messages
39        1340 1333.0000 980.7700 987.8151 0.0000
8         M:ssh_in
32        1340 2.0000 1.8200 0.6000 0.0000
9         M:smtp_in
32        1340 2.0000 1.8200 0.6000 0.0000
13        M:cfengine_in
32        1340 1.0000 0.9100 0.3000 0.0000
9         M:loadavg
32        1340 0.0400 0.0280 0.0335 0.0000
10        M:diskfree
35        1340 86.0000 78.2600 25.8000 0.0000
12        M:otherprocs
34        1340 13.0000 10.3600 7.8593 0.0000
11        M:rootprocs
35        1340 96.0000 87.3600 28.8000 0.0000
7         M:users
32        1340 6.0000 5.4600 1.8000 0.0000
3         MOY
15        M:entropy_avail
40        155 3080.5000 2156.3500 4850.7840 0.0000
12        M:mem_cached
39        155 1087.8438 761.4906 1568.4447 0.0000
16        M:io_writtendata
31        155 0.0293 0.0205 0.0252 0.0000
11        M:io_writes
31        155 1.0000 0.7000 1.1832 0.0000
6         M:cpu3
31        155 0.0766 0.0536 0.0669 0.0000
6         M:cpu2
31        155 0.0666 0.0466 0.0649 0.0000
6         M:cpu1
31        155 0.1332 0.0932 0.1272 0.0000
6         M:cpu0
31        155 0.1731 0.1212 0.1449 0.0000
5         M:cpu
31        155 0.1132 0.0792 0.0955 0.0000
10        M:messages
37        155 227.0000 158.9000 189.9218 0.0000
8         M:ssh_in
31        155 2.0000 1.4000 1.6733 0.0000
9         M:smtp_in
31        155 2.0000 1.4000 1.6733 0.0000
13        M:cfengine_in
31        155 1.0000 0.7000 0.8367 0.0000
9         M:loadavg
31        155 0.0100 0.0070 0.0118 0.0000
10        M:diskfree
34        155 88.0000 61.6000 73.6451 0.0000
12        M:otherprocs
31        155 6.0000 4.2000 5.0200 0.0000
11        M:rootprocs
34        155 97.0000 67.9000 81.1560 0.0000
7         M:users
31        155 6.0000 4.2000 5.0200 0.0000
# send QUERY complete successful
