# delta from 1679686758 to 1679686819 at 1679686819
22        CFR: 0 1679686818 1720
3         PRD
60        Packing reports: delta,0.036918,0.136293,0.139437,1679686759
3         EXS
16        f,293,1679686703
3         MOM
15        M:entropy_avail
40        1387 3111.0000 2812.1100 996.3000 0.0000
12        M:mem_cached
40        1387 1713.6523 1559.4212 514.1039 0.0000
10        M:mem_free
38        1387 8936.0031 8936.0031 0.0000 0.0000
11        M:mem_total
40        1387 10413.1535 10413.1535 0.0000 0.0000
16        M:io_writtendata
32        1387 0.0283 0.0459 0.0585 0.0000
11        M:io_writes
32        1387 0.0000 1.6800 5.9491 0.0000
6         M:cpu3
32        1387 0.0732 0.3840 1.1308 0.0000
6         M:cpu2
32        1387 0.1132 0.4874 1.3723 0.0000
6         M:cpu1
32        1387 0.1398 0.3063 0.5551 0.0000
6         M:cpu0
32        1387 0.1198 0.4938 1.3740 0.0000
5         M:cpu
32        1387 0.1098 0.4174 1.1350 0.0000
10        M:messages
37        1387 0.0000 481.9500 1706.6531 0.0000
8         M:ssh_in
32        1387 2.0000 1.8200 0.6000 0.0000
9         M:smtp_in
32        1387 2.0000 1.8200 0.6000 0.0000
13        M:cfengine_in
32        1387 1.0000 0.9100 0.3000 0.0000
9         M:loadavg
32        1387 0.0000 0.0063 0.0223 0.0000
10        M:diskfree
35        1387 86.0000 78.2600 25.8000 0.0000
12        M:otherprocs
32        1387 6.0000 5.4600 1.8000 0.0000
11        M:rootprocs
35        1387 96.0000 87.3600 28.8000 0.0000
7         M:users
32        1387 6.0000 5.4600 1.8000 0.0000
3         MOY
15        M:entropy_avail
40        155 3071.5000 2467.2550 4839.3563 0.0000
12        M:mem_cached
38        155 1098.6758 945.6121 469.4713 0.0000
16        M:io_writtendata
31        155 0.0303 0.0327 0.0303 0.0000
11        M:io_writes
31        155 1.0000 1.3300 1.5556 0.0000
6         M:cpu3
31        155 0.0965 0.2074 0.6379 0.0000
6         M:cpu2
31        155 0.0899 0.2572 0.9414 0.0000
6         M:cpu1
31        155 0.0999 0.2573 0.8754 0.0000
6         M:cpu0
31        155 0.1764 0.2613 0.5270 0.0000
5         M:cpu
31        155 0.1157 0.2456 0.7663 0.0000
10        M:messages
37        155 113.5000 275.9050 209.2837 0.0000
8         M:ssh_in
31        155 2.0000 1.6100 1.2570 0.0000
9         M:smtp_in
31        155 2.0000 1.6100 1.2570 0.0000
13        M:cfengine_in
31        155 1.0000 0.9100 0.6557 0.0000
9         M:loadavg
31        155 0.0100 0.0112 0.0241 0.0000
10        M:diskfree
34        155 88.0000 70.6300 56.2834 0.0000
12        M:otherprocs
31        155 6.0000 5.5650 4.1719 0.0000
11        M:rootprocs
34        155 96.5000 77.6300 60.8923 0.0000
7         M:users
31        155 6.0000 4.8300 3.7709 0.0000
# send QUERY complete successful
