# delta from 1679694619 to 1679694679 at 1679694679
22        CFR: 0 1679694678 1810
3         PRD
60        Packing reports: delta,0.028349,0.080367,0.081912,1679694620
83        Sample(/proc/sys/kernel/random/entropy_avail),0.004847,0.002349,0.002219,1679694638
3         EXS
16        f,293,1679694505
3         MOM
15        M:entropy_avail
41        1414 3032.0000 2122.4000 2536.7532 0.0000
12        M:mem_cached
41        1414 1738.3438 1216.8406 1454.4027 0.0000
10        M:mem_free
39        1414 12739.0430 8917.3301 0.0000 0.0000
11        M:mem_total
40        1414 14875.9336 10413.1535 0.0000 0.0000
16        M:io_writtendata
32        1414 0.1221 0.0854 0.1021 0.0000
11        M:io_writes
32        1414 6.0000 4.2000 5.0200 0.0000
6         M:cpu3
32        1414 1.6648 1.1653 1.3929 0.0000
6         M:cpu2
32        1414 1.9372 1.3560 1.6207 0.0000
6         M:cpu1
32        1414 1.5787 1.1051 1.3209 0.0000
6         M:cpu0
32        1414 1.1923 0.8346 0.9975 0.0000
5         M:cpu
32        1414 1.5933 1.1153 1.3331 0.0000
10        M:messages
41        1414 1559.0000 1091.3000 1304.3530 0.0000
8         M:ssh_in
32        1414 2.0000 1.4000 1.6733 0.0000
9         M:smtp_in
32        1414 2.0000 1.4000 1.6733 0.0000
13        M:cfengine_in
32        1414 1.0000 0.7000 0.8367 0.0000
9         M:loadavg
32        1414 0.0100 0.0070 0.0084 0.0000
10        M:diskfree
35        1414 86.0000 60.2000 71.9528 0.0000
12        M:otherprocs
32        1414 6.0000 4.2000 5.0200 0.0000
11        M:rootprocs
35        1414 96.0000 67.2000 80.3194 0.0000
7         M:users
32        1414 6.0000 4.2000 5.0200 0.0000
3         MOY
15        M:entropy_avail
40        155 3071.5000 2467.2550 4839.3563 0.0000
12        M:mem_cached
38        155 1098.6758 945.6121 469.4713 0.0000
16        M:io_writtendata
31        155 0.0303 0.0327 0.0303 0.0000
11        M:io_writes
31        155 1.0000 1.3300 1.5556 0.0000
6         M:cpu3
31        155 0.0965 0.2074 0.6379 0.0000
6         M:cpu2
31        155 0.0899 0.2572 0.9414 0.0000
6         M:cpu1
31        155 0.0999 0.2573 0.8754 0.0000
6         M:cpu0
31        155 0.1764 0.2613 0.5270 0.0000
5         M:cpu
31        155 0.1157 0.2456 0.7663 0.0000
10        M:messages
37        155 113.5000 275.9050 209.2837 0.0000
8         M:ssh_in
31        155 2.0000 1.6100 1.2570 0.0000
9         M:smtp_in
31        155 2.0000 1.6100 1.2570 0.0000
13        M:cfengine_in
31        155 1.0000 0.9100 0.6557 0.0000
9         M:loadavg
31        155 0.0100 0.0112 0.0241 0.0000
10        M:diskfree
34        155 88.0000 70.6300 56.2834 0.0000
12        M:otherprocs
31        155 6.0000 5.5650 4.1719 0.0000
11        M:rootprocs
34        155 96.5000 77.6300 60.8923 0.0000
7         M:users
31        155 6.0000 4.8300 3.7709 0.0000
# send QUERY complete successful
