# delta from 1679712318 to 1679712379 at 1679712379
22        CFR: 0 1679712378 1808
3         PRD
60        Packing reports: delta,0.027137,0.073644,0.073041,1679712319
83        Sample(/proc/sys/kernel/random/entropy_avail),0.004976,0.002476,0.002400,1679712372
3         EXS
16        f,296,1679712223
3         MOM
15        M:entropy_avail
41        1473 3048.0000 2133.6000 2550.1398 0.0000
12        M:mem_cached
41        1473 1791.7852 1254.2496 1499.1150 0.0000
10        M:mem_free
39        1473 12679.4062 8875.5844 0.0000 0.0000
11        M:mem_total
40        1473 14875.9336 10413.1535 0.0000 0.0000
16        M:io_writtendata
32        1473 0.0977 0.0684 0.0817 0.0000
11        M:io_writes
32        1473 4.0000 2.8000 3.3466 0.0000
6         M:cpu3
32        1473 0.6720 0.4704 0.5623 0.0000
6         M:cpu2
32        1473 0.4459 0.3121 0.3731 0.0000
6         M:cpu1
32        1473 0.9719 0.6803 0.8132 0.0000
6         M:cpu0
32        1473 0.8387 0.5871 0.7017 0.0000
5         M:cpu
32        1473 0.7354 0.5148 0.6153 0.0000
10        M:messages
39        1473 1154.0000 807.8000 965.5057 0.0000
8         M:ssh_in
32        1473 2.0000 1.4000 1.6733 0.0000
9         M:smtp_in
32        1473 2.0000 1.4000 1.6733 0.0000
13        M:cfengine_in
32        1473 1.0000 0.7000 0.8367 0.0000
9         M:loadavg
32        1473 0.0100 0.0070 0.0084 0.0000
10        M:diskfree
35        1473 85.0000 59.5000 71.1161 0.0000
12        M:otherprocs
32        1473 6.0000 4.2000 5.0200 0.0000
11        M:rootprocs
35        1473 97.0000 67.9000 81.1560 0.0000
7         M:users
32        1473 6.0000 4.2000 5.0200 0.0000
3         MOY
15        M:entropy_avail
40        155 3071.5000 2467.2550 4839.3563 0.0000
12        M:mem_cached
38        155 1098.6758 945.6121 469.4713 0.0000
16        M:io_writtendata
31        155 0.0303 0.0327 0.0303 0.0000
11        M:io_writes
31        155 1.0000 1.3300 1.5556 0.0000
6         M:cpu3
31        155 0.0965 0.2074 0.6379 0.0000
6         M:cpu2
31        155 0.0899 0.2572 0.9414 0.0000
6         M:cpu1
31        155 0.0999 0.2573 0.8754 0.0000
6         M:cpu0
31        155 0.1764 0.2613 0.5270 0.0000
5         M:cpu
31        155 0.1157 0.2456 0.7663 0.0000
10        M:messages
37        155 113.5000 275.9050 209.2837 0.0000
8         M:ssh_in
31        155 2.0000 1.6100 1.2570 0.0000
9         M:smtp_in
31        155 2.0000 1.6100 1.2570 0.0000
13        M:cfengine_in
31        155 1.0000 0.9100 0.6557 0.0000
9         M:loadavg
31        155 0.0100 0.0112 0.0241 0.0000
10        M:diskfree
34        155 88.0000 70.6300 56.2834 0.0000
12        M:otherprocs
31        155 6.0000 5.5650 4.1719 0.0000
11        M:rootprocs
34        155 96.5000 77.6300 60.8923 0.0000
7         M:users
31        155 6.0000 4.8300 3.7709 0.0000
# send QUERY complete successful
