# delta from 1679709858 to 1679709919 at 1679709919
22        CFR: 0 1679709918 1771
3         PRD
60        Packing reports: delta,0.024128,0.058217,0.062954,1679709859
3         EXS
16        f,294,1679709817
3         MOM
15        M:entropy_avail
41        1464 3177.0000 2861.2500 1052.5000 0.0000
12        M:mem_cached
40        1464 1783.2891 1622.8177 534.9047 0.0000
10        M:mem_free
38        1464 8882.7320 8882.7320 0.0000 0.0000
11        M:mem_total
40        1464 10413.1535 10413.1535 0.0000 0.0000
16        M:io_writtendata
32        1464 0.0605 0.0656 0.0167 0.0000
11        M:io_writes
32        1464 4.0000 4.0600 0.2000 0.0000
6         M:cpu3
32        1464 0.5858 0.7694 0.6120 0.0000
6         M:cpu2
32        1464 1.9238 1.5564 1.1223 0.0000
6         M:cpu1
32        1464 1.0721 1.1660 0.3128 0.0000
6         M:cpu0
32        1464 1.2984 1.2376 0.2026 0.0000
5         M:cpu
32        1464 1.2168 1.1800 0.1225 0.0000
10        M:messages
40        1464 1132.0000 1169.7700 125.9000 0.0000
8         M:ssh_in
32        1464 2.0000 1.8200 0.6000 0.0000
9         M:smtp_in
32        1464 2.0000 1.8200 0.6000 0.0000
14        M:cfengine_out
32        1464 1.0000 0.7000 0.8367 0.0000
13        M:cfengine_in
32        1464 1.0000 1.1200 0.4000 0.0000
9         M:loadavg
32        1464 0.1600 0.1288 0.0944 0.0000
10        M:diskfree
35        1464 85.0000 77.3500 25.5000 0.0000
12        M:otherprocs
32        1464 6.0000 5.4600 1.8000 0.0000
11        M:rootprocs
36        1464 101.0000 91.0700 33.1000 0.0000
7         M:users
32        1464 6.0000 5.4600 1.8000 0.0000
3         MOY
15        M:entropy_avail
40        155 3071.5000 2467.2550 4839.3563 0.0000
12        M:mem_cached
38        155 1098.6758 945.6121 469.4713 0.0000
16        M:io_writtendata
31        155 0.0303 0.0327 0.0303 0.0000
11        M:io_writes
31        155 1.0000 1.3300 1.5556 0.0000
6         M:cpu3
31        155 0.0965 0.2074 0.6379 0.0000
6         M:cpu2
31        155 0.0899 0.2572 0.9414 0.0000
6         M:cpu1
31        155 0.0999 0.2573 0.8754 0.0000
6         M:cpu0
31        155 0.1764 0.2613 0.5270 0.0000
5         M:cpu
31        155 0.1157 0.2456 0.7663 0.0000
10        M:messages
37        155 113.5000 275.9050 209.2837 0.0000
8         M:ssh_in
31        155 2.0000 1.6100 1.2570 0.0000
9         M:smtp_in
31        155 2.0000 1.6100 1.2570 0.0000
13        M:cfengine_in
31        155 1.0000 0.9100 0.6557 0.0000
9         M:loadavg
31        155 0.0100 0.0112 0.0241 0.0000
10        M:diskfree
34        155 88.0000 70.6300 56.2834 0.0000
12        M:otherprocs
31        155 6.0000 5.5650 4.1719 0.0000
11        M:rootprocs
34        155 96.5000 77.6300 60.8923 0.0000
7         M:users
31        155 6.0000 4.8300 3.7709 0.0000
# send QUERY complete successful
