# delta from 1679747958 to 1679748019 at 1679748019
22        CFR: 0 1679748018 1810
3         PRD
60        Packing reports: delta,0.038323,0.070781,0.060761,1679747959
83        Sample(/proc/sys/kernel/random/entropy_avail),0.005045,0.002545,0.002663,1679747986
3         EXS
16        f,293,1679747890
3         MOM
15        M:entropy_avail
41        1591 3228.0000 2905.3500 1075.5000 0.0000
12        M:mem_cached
40        1591 1915.9375 1743.3071 575.4348 0.0000
10        M:mem_free
40        1591 12541.2578 11414.4600 0.0000 0.0000
11        M:mem_total
40        1591 14875.9336 13537.0996 0.0000 0.0000
16        M:io_writtendata
32        1591 0.1191 0.0902 0.0821 0.0000
11        M:io_writes
32        1591 6.0000 4.6200 3.9563 0.0000
6         M:cpu3
32        1591 1.1052 0.8030 0.8452 0.0000
6         M:cpu2
32        1591 2.2367 1.5741 1.8481 0.0000
6         M:cpu1
32        1591 1.3720 0.9897 1.0679 0.0000
6         M:cpu0
32        1591 1.5320 1.0976 1.2128 0.0000
5         M:cpu
32        1591 1.5648 1.1177 1.2478 0.0000
10        M:messages
39        1591 1103.0000 819.9800 796.1904 0.0000
8         M:ssh_in
32        1591 2.0000 1.8200 0.6000 0.0000
9         M:smtp_in
32        1591 2.0000 1.8200 0.6000 0.0000
13        M:cfengine_in
32        1591 1.0000 0.9100 0.3000 0.0000
9         M:loadavg
32        1591 0.0300 0.0210 0.0251 0.0000
10        M:diskfree
35        1591 85.0000 77.3500 25.5000 0.0000
12        M:otherprocs
34        1591 13.0000 10.3600 7.8593 0.0000
11        M:rootprocs
35        1591 97.0000 88.2700 29.1000 0.0000
7         M:users
32        1591 6.0000 5.4600 1.8000 0.0000
3         MOY
15        M:entropy_avail
40        155 3071.5000 2467.2550 4839.3563 0.0000
12        M:mem_cached
38        155 1098.6758 945.6121 469.4713 0.0000
16        M:io_writtendata
31        155 0.0303 0.0327 0.0303 0.0000
11        M:io_writes
31        155 1.0000 1.3300 1.5556 0.0000
6         M:cpu3
31        155 0.0965 0.2074 0.6379 0.0000
6         M:cpu2
31        155 0.0899 0.2572 0.9414 0.0000
6         M:cpu1
31        155 0.0999 0.2573 0.8754 0.0000
6         M:cpu0
31        155 0.1764 0.2613 0.5270 0.0000
5         M:cpu
31        155 0.1157 0.2456 0.7663 0.0000
10        M:messages
37        155 113.5000 275.9050 209.2837 0.0000
8         M:ssh_in
31        155 2.0000 1.6100 1.2570 0.0000
9         M:smtp_in
31        155 2.0000 1.6100 1.2570 0.0000
13        M:cfengine_in
31        155 1.0000 0.9100 0.6557 0.0000
9         M:loadavg
31        155 0.0100 0.0112 0.0241 0.0000
10        M:diskfree
34        155 88.0000 70.6300 56.2834 0.0000
12        M:otherprocs
31        155 6.0000 5.5650 4.1719 0.0000
11        M:rootprocs
34        155 96.5000 77.6300 60.8923 0.0000
7         M:users
31        155 6.0000 4.8300 3.7709 0.0000
# send QUERY complete successful
