# delta from 1679754263 to 1679754324 at 1679754324
22        CFR: 0 1679754323 1767
3         PRD
60        Packing reports: delta,0.029009,0.084151,0.090109,1679754264
83        Sample(/proc/sys/kernel/random/entropy_avail),0.004928,0.002429,0.002428,1679754297
3         EXS
16        f,296,1679754227
3         MOM
15        M:entropy_avail
41        1612 3160.0000 2842.8400 1057.2000 0.0000
12        M:mem_cached
40        1612 1935.6797 1761.2823 581.3246 0.0000
10        M:mem_free
38        1612 8768.4105 8768.4105 0.0000 0.0000
11        M:mem_total
40        1612 10413.1535 10413.1535 0.0000 0.0000
16        M:io_writtendata
32        1612 0.1094 0.0852 0.0701 0.0000
11        M:io_writes
32        1612 6.0000 4.6200 3.9563 0.0000
6         M:cpu3
32        1612 1.6910 1.2018 1.3647 0.0000
6         M:cpu2
32        1612 1.1517 0.8356 0.8841 0.0000
6         M:cpu1
32        1612 1.4119 1.0177 1.1013 0.0000
6         M:cpu0
32        1612 1.8183 1.3134 1.4110 0.0000
5         M:cpu
32        1612 1.5198 1.0929 1.1923 0.0000
10        M:messages
39        1612 1329.0000 978.1800 983.9533 0.0000
8         M:ssh_in
32        1612 2.0000 1.8200 0.6000 0.0000
9         M:smtp_in
32        1612 2.0000 1.8200 0.6000 0.0000
13        M:cfengine_in
32        1612 1.0000 0.9100 0.3000 0.0000
10        M:diskfree
35        1612 85.0000 77.3500 25.5000 0.0000
12        M:otherprocs
34        1612 13.0000 10.3600 7.8593 0.0000
11        M:rootprocs
35        1612 97.0000 88.2700 29.1000 0.0000
7         M:users
32        1612 6.0000 5.4600 1.8000 0.0000
3         MOY
15        M:entropy_avail
40        155 3071.5000 2467.2550 4839.3563 0.0000
12        M:mem_cached
38        155 1098.6758 945.6121 469.4713 0.0000
16        M:io_writtendata
31        155 0.0303 0.0327 0.0303 0.0000
11        M:io_writes
31        155 1.0000 1.3300 1.5556 0.0000
6         M:cpu3
31        155 0.0965 0.2074 0.6379 0.0000
6         M:cpu2
31        155 0.0899 0.2572 0.9414 0.0000
6         M:cpu1
31        155 0.0999 0.2573 0.8754 0.0000
6         M:cpu0
31        155 0.1764 0.2613 0.5270 0.0000
5         M:cpu
31        155 0.1157 0.2456 0.7663 0.0000
10        M:messages
37        155 113.5000 275.9050 209.2837 0.0000
8         M:ssh_in
31        155 2.0000 1.6100 1.2570 0.0000
9         M:smtp_in
31        155 2.0000 1.6100 1.2570 0.0000
13        M:cfengine_in
31        155 1.0000 0.9100 0.6557 0.0000
9         M:loadavg
31        155 0.0100 0.0112 0.0241 0.0000
10        M:diskfree
34        155 88.0000 70.6300 56.2834 0.0000
12        M:otherprocs
31        155 6.0000 5.5650 4.1719 0.0000
11        M:rootprocs
34        155 96.5000 77.6300 60.8923 0.0000
7         M:users
31        155 6.0000 4.8300 3.7709 0.0000
# send QUERY complete successful
