# delta from 1679728878 to 1679728939 at 1679728939
22        CFR: 0 1679728938 1766
3         PRD
60        Packing reports: delta,0.033022,0.065517,0.055932,1679728879
83        Sample(/proc/sys/kernel/random/entropy_avail),0.004863,0.002365,0.002388,1679728901
3         EXS
16        f,293,1679728708
3         MOM
15        M:entropy_avail
41        1528 3091.0000 2163.7000 2586.1161 0.0000
12        M:mem_cached
41        1528 1849.9570 1294.9699 1547.7851 0.0000
10        M:mem_free
39        1528 12619.8672 8833.9070 0.0000 0.0000
11        M:mem_total
40        1528 14875.9336 10413.1535 0.0000 0.0000
16        M:io_writtendata
32        1528 0.0449 0.0314 0.0376 0.0000
11        M:io_writes
32        1528 2.0000 1.4000 1.6733 0.0000
6         M:cpu3
32        1528 0.0865 0.0606 0.0724 0.0000
6         M:cpu2
32        1528 0.0532 0.0373 0.0445 0.0000
6         M:cpu1
32        1528 0.1864 0.1305 0.1559 0.0000
6         M:cpu0
32        1528 0.2131 0.1491 0.1783 0.0000
5         M:cpu
32        1528 0.1331 0.0932 0.1114 0.0000
10        M:messages
38        1528 228.0000 159.6000 190.7585 0.0000
8         M:ssh_in
32        1528 2.0000 1.4000 1.6733 0.0000
9         M:smtp_in
32        1528 2.0000 1.4000 1.6733 0.0000
13        M:cfengine_in
32        1528 2.0000 1.4000 1.6733 0.0000
10        M:diskfree
35        1528 85.0000 59.5000 71.1161 0.0000
12        M:otherprocs
32        1528 6.0000 4.2000 5.0200 0.0000
11        M:rootprocs
35        1528 97.0000 67.9000 81.1560 0.0000
7         M:users
32        1528 6.0000 4.2000 5.0200 0.0000
3         MOY
15        M:entropy_avail
40        155 3071.5000 2467.2550 4839.3563 0.0000
12        M:mem_cached
38        155 1098.6758 945.6121 469.4713 0.0000
16        M:io_writtendata
31        155 0.0303 0.0327 0.0303 0.0000
11        M:io_writes
31        155 1.0000 1.3300 1.5556 0.0000
6         M:cpu3
31        155 0.0965 0.2074 0.6379 0.0000
6         M:cpu2
31        155 0.0899 0.2572 0.9414 0.0000
6         M:cpu1
31        155 0.0999 0.2573 0.8754 0.0000
6         M:cpu0
31        155 0.1764 0.2613 0.5270 0.0000
5         M:cpu
31        155 0.1157 0.2456 0.7663 0.0000
10        M:messages
37        155 113.5000 275.9050 209.2837 0.0000
8         M:ssh_in
31        155 2.0000 1.6100 1.2570 0.0000
9         M:smtp_in
31        155 2.0000 1.6100 1.2570 0.0000
13        M:cfengine_in
31        155 1.0000 0.9100 0.6557 0.0000
9         M:loadavg
31        155 0.0100 0.0112 0.0241 0.0000
10        M:diskfree
34        155 88.0000 70.6300 56.2834 0.0000
12        M:otherprocs
31        155 6.0000 5.5650 4.1719 0.0000
11        M:rootprocs
34        155 96.5000 77.6300 60.8923 0.0000
7         M:users
31        155 6.0000 4.8300 3.7709 0.0000
# send QUERY complete successful
