# delta from 1679756543 to 1679756604 at 1679756604
22        CFR: 0 1679756603 1805
3         PRD
60        Packing reports: delta,0.031060,0.096471,0.096312,1679756544
83        Sample(/proc/sys/kernel/random/entropy_avail),0.005705,0.003255,0.002657,1679756551
3         EXS
16        f,335,1679756339
3         MOM
15        M:entropy_avail
40        1620 3027.0000 2788.3800 665.4794 0.0000
12        M:mem_cached
40        1620 1942.0391 1767.2523 582.6227 0.0000
10        M:mem_free
38        1620 8756.7758 8756.7758 0.0000 0.0000
11        M:mem_total
40        1620 10413.1535 10413.1535 0.0000 0.0000
16        M:io_writtendata
32        1620 0.0400 0.0549 0.0495 0.0000
11        M:io_writes
32        1620 2.0000 3.0800 3.6000 0.0000
6         M:cpu3
32        1620 0.1132 0.5336 1.5356 0.0000
6         M:cpu2
32        1620 0.1198 0.5033 1.4076 0.0000
6         M:cpu1
32        1620 0.1531 0.2849 0.4391 0.0000
6         M:cpu0
32        1620 0.1731 0.4205 0.8248 0.0000
5         M:cpu
32        1620 0.1415 0.4368 1.1052 0.0000
10        M:messages
39        1620 228.0000 537.1800 1030.6000 0.0000
8         M:ssh_in
32        1620 2.0000 1.8200 0.6000 0.0000
9         M:smtp_in
32        1620 2.0000 1.8200 0.6000 0.0000
13        M:cfengine_in
32        1620 2.0000 1.6100 1.1803 0.0000
9         M:loadavg
32        1620 0.0000 0.0126 0.0446 0.0000
10        M:diskfree
35        1620 85.0000 77.3500 25.5000 0.0000
12        M:otherprocs
32        1620 6.0000 6.9300 3.1000 0.0000
11        M:rootprocs
35        1620 97.0000 88.4800 28.4000 0.0000
7         M:users
32        1620 6.0000 5.4600 1.8000 0.0000
3         MOY
15        M:entropy_avail
40        155 3071.5000 2467.2550 4839.3563 0.0000
12        M:mem_cached
38        155 1098.6758 945.6121 469.4713 0.0000
16        M:io_writtendata
31        155 0.0303 0.0327 0.0303 0.0000
11        M:io_writes
31        155 1.0000 1.3300 1.5556 0.0000
6         M:cpu3
31        155 0.0965 0.2074 0.6379 0.0000
6         M:cpu2
31        155 0.0899 0.2572 0.9414 0.0000
6         M:cpu1
31        155 0.0999 0.2573 0.8754 0.0000
6         M:cpu0
31        155 0.1764 0.2613 0.5270 0.0000
5         M:cpu
31        155 0.1157 0.2456 0.7663 0.0000
10        M:messages
37        155 113.5000 275.9050 209.2837 0.0000
8         M:ssh_in
31        155 2.0000 1.6100 1.2570 0.0000
9         M:smtp_in
31        155 2.0000 1.6100 1.2570 0.0000
13        M:cfengine_in
31        155 1.0000 0.9100 0.6557 0.0000
9         M:loadavg
31        155 0.0100 0.0112 0.0241 0.0000
10        M:diskfree
34        155 88.0000 70.6300 56.2834 0.0000
12        M:otherprocs
31        155 6.0000 5.5650 4.1719 0.0000
11        M:rootprocs
34        155 96.5000 77.6300 60.8923 0.0000
7         M:users
31        155 6.0000 4.8300 3.7709 0.0000
# send QUERY complete successful
