# delta from 1679663898 to 1679663959 at 1679663959
22        CFR: 0 1679663958 1641
3         PRD
60        Packing reports: delta,0.033359,0.159488,0.161534,1679663899
3         EXS
16        f,503,1679663881
3         MOM
15        M:entropy_avail
41        1311 3161.0000 2212.7000 2644.6823 0.0000
12        M:mem_cached
41        1311 1637.3945 1146.1762 1369.9426 0.0000
10        M:mem_free
39        1311 12846.2891 8992.4023 0.0000 0.0000
11        M:mem_total
40        1311 14875.9336 10413.1535 0.0000 0.0000
16        M:io_writtendata
32        1311 0.0410 0.0287 0.0343 0.0000
6         M:cpu3
32        1311 0.0799 0.0559 0.0668 0.0000
6         M:cpu2
32        1311 0.1132 0.0792 0.0947 0.0000
6         M:cpu1
32        1311 0.1665 0.1165 0.1393 0.0000
6         M:cpu0
32        1311 0.2264 0.1585 0.1894 0.0000
5         M:cpu
32        1311 0.1481 0.1037 0.1239 0.0000
10        M:messages
38        1311 227.0000 158.9000 189.9218 0.0000
8         M:ssh_in
32        1311 2.0000 1.4000 1.6733 0.0000
9         M:smtp_in
32        1311 2.0000 1.4000 1.6733 0.0000
13        M:cfengine_in
32        1311 1.0000 0.7000 0.8367 0.0000
10        M:diskfree
35        1311 86.0000 60.2000 71.9528 0.0000
12        M:otherprocs
32        1311 6.0000 4.2000 5.0200 0.0000
11        M:rootprocs
35        1311 96.0000 67.2000 80.3194 0.0000
7         M:users
32        1311 6.0000 4.2000 5.0200 0.0000
3         MOY
15        M:entropy_avail
40        155 3143.0000 2200.1000 2133.3412 0.0000
12        M:mem_cached
39        155 1072.1270 750.4889 1546.6490 0.0000
16        M:io_writtendata
31        155 0.0361 0.0253 0.0323 0.0000
11        M:io_writes
31        155 1.0000 0.7000 1.1832 0.0000
6         M:cpu3
31        155 0.1065 0.0746 0.0996 0.0000
6         M:cpu2
31        155 0.0732 0.0513 0.0673 0.0000
6         M:cpu1
31        155 0.1165 0.0816 0.1084 0.0000
6         M:cpu0
31        155 0.2164 0.1515 0.1858 0.0000
5         M:cpu
31        155 0.1298 0.0909 0.1118 0.0000
10        M:messages
37        155 227.0000 158.9000 189.9218 0.0000
8         M:ssh_in
31        155 2.5000 1.7500 2.1331 0.0000
9         M:smtp_in
31        155 2.0000 1.4000 1.6733 0.0000
13        M:cfengine_in
31        155 1.0000 0.7000 0.8367 0.0000
9         M:loadavg
31        155 0.0150 0.0105 0.0132 0.0000
10        M:diskfree
34        155 88.0000 61.6000 73.6451 0.0000
12        M:otherprocs
31        155 7.0000 4.9000 5.9161 0.0000
11        M:rootprocs
34        155 97.0000 67.9000 81.1560 0.0000
7         M:users
31        155 6.5000 4.5500 5.4544 0.0000
# send QUERY complete successful
