# delta from 1679661079 to 1679661139 at 1679661139
22        CFR: 0 1679661138 1805
3         PRD
60        Packing reports: delta,0.035524,0.180804,0.183360,1679661080
83        Sample(/proc/sys/kernel/random/entropy_avail),0.005193,0.002697,0.002460,1679661128
3         EXS
16        f,112,1679660879
3         MOM
15        M:entropy_avail
38        1302 3285.0000 2299.5000 0.0000 0.0000
12        M:mem_cached
41        1302 1630.4570 1141.3199 1364.1382 0.0000
10        M:mem_free
39        1302 12856.6992 8999.6895 0.0000 0.0000
11        M:mem_total
40        1302 14875.9336 10413.1535 0.0000 0.0000
16        M:io_writtendata
32        1302 0.0576 0.0403 0.0482 0.0000
11        M:io_writes
32        1302 2.0000 1.4000 1.6733 0.0000
6         M:cpu3
32        1302 0.0799 0.0559 0.0668 0.0000
6         M:cpu2
32        1302 0.1131 0.0792 0.0947 0.0000
6         M:cpu1
32        1302 0.3129 0.2190 0.2618 0.0000
6         M:cpu0
32        1302 0.2463 0.1724 0.2061 0.0000
5         M:cpu
32        1302 0.1864 0.1305 0.1560 0.0000
10        M:messages
38        1302 227.0000 158.9000 189.9218 0.0000
8         M:ssh_in
32        1302 2.0000 1.4000 1.6733 0.0000
9         M:smtp_in
32        1302 2.0000 1.4000 1.6733 0.0000
13        M:cfengine_in
32        1302 1.0000 0.7000 0.8367 0.0000
9         M:loadavg
32        1302 0.0100 0.0070 0.0084 0.0000
10        M:diskfree
35        1302 86.0000 60.2000 71.9528 0.0000
12        M:otherprocs
32        1302 6.0000 4.2000 5.0200 0.0000
11        M:rootprocs
35        1302 96.0000 67.2000 80.3194 0.0000
7         M:users
32        1302 6.0000 4.2000 5.0200 0.0000
3         MOY
15        M:entropy_avail
40        155 3143.0000 2200.1000 2133.3412 0.0000
12        M:mem_cached
39        155 1072.1270 750.4889 1546.6490 0.0000
16        M:io_writtendata
31        155 0.0361 0.0253 0.0323 0.0000
11        M:io_writes
31        155 1.0000 0.7000 1.1832 0.0000
6         M:cpu3
31        155 0.1065 0.0746 0.0996 0.0000
6         M:cpu2
31        155 0.0732 0.0513 0.0673 0.0000
6         M:cpu1
31        155 0.1165 0.0816 0.1084 0.0000
6         M:cpu0
31        155 0.2164 0.1515 0.1858 0.0000
5         M:cpu
31        155 0.1298 0.0909 0.1118 0.0000
10        M:messages
37        155 227.0000 158.9000 189.9218 0.0000
8         M:ssh_in
31        155 2.5000 1.7500 2.1331 0.0000
9         M:smtp_in
31        155 2.0000 1.4000 1.6733 0.0000
13        M:cfengine_in
31        155 1.0000 0.7000 0.8367 0.0000
9         M:loadavg
31        155 0.0150 0.0105 0.0132 0.0000
10        M:diskfree
34        155 88.0000 61.6000 73.6451 0.0000
12        M:otherprocs
31        155 7.0000 4.9000 5.9161 0.0000
11        M:rootprocs
34        155 97.0000 67.9000 81.1560 0.0000
7         M:users
31        155 6.5000 4.5500 5.4544 0.0000
# send QUERY complete successful
