# delta from 1679667438 to 1679667499 at 1679667499
22        CFR: 0 1679667498 1725
3         PRD
60        Packing reports: delta,0.037060,0.137342,0.143513,1679667439
83        Sample(/proc/sys/kernel/random/entropy_avail),0.005053,0.002553,0.002648,1679667439
3         EXS
16        f,296,1679667226
3         MOM
15        M:entropy_avail
41        1323 3124.0000 2186.8000 2613.7259 0.0000
12        M:mem_cached
41        1323 1647.7617 1153.4332 1378.6164 0.0000
10        M:mem_free
39        1323 12835.6836 8984.9785 0.0000 0.0000
11        M:mem_total
40        1323 14875.9336 10413.1535 0.0000 0.0000
16        M:io_writtendata
32        1323 0.0312 0.0219 0.0261 0.0000
11        M:io_writes
32        1323 2.0000 1.4000 1.6733 0.0000
6         M:cpu3
32        1323 0.1331 0.0932 0.1114 0.0000
6         M:cpu2
32        1323 0.1265 0.0885 0.1058 0.0000
6         M:cpu1
32        1323 0.0333 0.0233 0.0279 0.0000
6         M:cpu0
32        1323 0.2197 0.1538 0.1838 0.0000
5         M:cpu
32        1323 0.1315 0.0920 0.1100 0.0000
10        M:messages
38        1323 227.0000 158.9000 189.9218 0.0000
8         M:ssh_in
32        1323 2.0000 1.4000 1.6733 0.0000
9         M:smtp_in
32        1323 2.0000 1.4000 1.6733 0.0000
13        M:cfengine_in
32        1323 2.0000 1.4000 1.6733 0.0000
10        M:diskfree
35        1323 86.0000 60.2000 71.9528 0.0000
12        M:otherprocs
32        1323 6.0000 4.2000 5.0200 0.0000
11        M:rootprocs
35        1323 96.0000 67.2000 80.3194 0.0000
7         M:users
32        1323 6.0000 4.2000 5.0200 0.0000
3         MOY
15        M:entropy_avail
40        155 3084.0000 2158.8000 4855.2298 0.0000
12        M:mem_cached
39        155 1077.1406 753.9984 1553.6005 0.0000
16        M:io_writtendata
31        155 0.0312 0.0219 0.0272 0.0000
6         M:cpu3
31        155 0.0998 0.0699 0.0922 0.0000
6         M:cpu2
31        155 0.0998 0.0699 0.0837 0.0000
6         M:cpu1
31        155 0.1132 0.0792 0.1047 0.0000
6         M:cpu0
31        155 0.1831 0.1282 0.1538 0.0000
5         M:cpu
31        155 0.1240 0.0868 0.1060 0.0000
10        M:messages
37        155 227.0000 158.9000 189.9218 0.0000
8         M:ssh_in
31        155 2.0000 1.4000 1.6733 0.0000
9         M:smtp_in
31        155 2.0000 1.4000 1.6733 0.0000
13        M:cfengine_in
31        155 1.0000 0.7000 0.8367 0.0000
9         M:loadavg
31        155 0.0100 0.0070 0.0118 0.0000
10        M:diskfree
34        155 88.0000 61.6000 73.6451 0.0000
12        M:otherprocs
31        155 6.0000 4.2000 5.0200 0.0000
11        M:rootprocs
34        155 97.0000 67.9000 81.1560 0.0000
7         M:users
31        155 6.0000 4.2000 5.0200 0.0000
# send QUERY complete successful
