# delta from 1679702478 to 1679702539 at 1679702539
22        CFR: 0 1679702538 1727
3         PRD
60        Packing reports: delta,0.034679,0.120265,0.118397,1679702480
3         EXS
16        f,293,1679702308
3         MOM
15        M:entropy_avail
41        1440 3032.0000 2122.4000 2536.7532 0.0000
12        M:mem_cached
41        1440 1761.7969 1233.2578 1474.0250 0.0000
10        M:mem_free
39        1440 12714.2266 8899.9586 0.0000 0.0000
11        M:mem_total
40        1440 14875.9336 10413.1535 0.0000 0.0000
16        M:io_writtendata
32        1440 0.1113 0.0779 0.0931 0.0000
11        M:io_writes
32        1440 6.0000 4.2000 5.0200 0.0000
6         M:cpu3
32        1440 1.0915 0.7641 0.9132 0.0000
6         M:cpu2
32        1440 0.8385 0.5870 0.7016 0.0000
6         M:cpu1
32        1440 1.0254 0.7178 0.8579 0.0000
6         M:cpu0
32        1440 1.4780 1.0346 1.2366 0.0000
5         M:cpu
32        1440 1.1100 0.7770 0.9287 0.0000
10        M:messages
41        1440 2050.0000 1435.0000 1715.1531 0.0000
8         M:ssh_in
32        1440 2.0000 1.4000 1.6733 0.0000
9         M:smtp_in
32        1440 2.0000 1.4000 1.6733 0.0000
13        M:cfengine_in
32        1440 2.0000 1.4000 1.6733 0.0000
9         M:loadavg
32        1440 0.0100 0.0070 0.0084 0.0000
10        M:diskfree
35        1440 86.0000 60.2000 71.9528 0.0000
12        M:otherprocs
32        1440 6.0000 4.2000 5.0200 0.0000
11        M:rootprocs
35        1440 96.0000 67.2000 80.3194 0.0000
7         M:users
32        1440 6.0000 4.2000 5.0200 0.0000
3         MOY
15        M:entropy_avail
40        155 3071.5000 2467.2550 4839.3563 0.0000
12        M:mem_cached
38        155 1098.6758 945.6121 469.4713 0.0000
16        M:io_writtendata
31        155 0.0303 0.0327 0.0303 0.0000
11        M:io_writes
31        155 1.0000 1.3300 1.5556 0.0000
6         M:cpu3
31        155 0.0965 0.2074 0.6379 0.0000
6         M:cpu2
31        155 0.0899 0.2572 0.9414 0.0000
6         M:cpu1
31        155 0.0999 0.2573 0.8754 0.0000
6         M:cpu0
31        155 0.1764 0.2613 0.5270 0.0000
5         M:cpu
31        155 0.1157 0.2456 0.7663 0.0000
10        M:messages
37        155 113.5000 275.9050 209.2837 0.0000
8         M:ssh_in
31        155 2.0000 1.6100 1.2570 0.0000
9         M:smtp_in
31        155 2.0000 1.6100 1.2570 0.0000
13        M:cfengine_in
31        155 1.0000 0.9100 0.6557 0.0000
9         M:loadavg
31        155 0.0100 0.0112 0.0241 0.0000
10        M:diskfree
34        155 88.0000 70.6300 56.2834 0.0000
12        M:otherprocs
31        155 6.0000 5.5650 4.1719 0.0000
11        M:rootprocs
34        155 96.5000 77.6300 60.8923 0.0000
7         M:users
31        155 6.0000 4.8300 3.7709 0.0000
# send QUERY complete successful
