# delta from 1679682858 to 1679682919 at 1679682920
22        CFR: 1 1679682919 2495
3         PRD
60        Packing reports: delta,0.034606,0.119758,0.124414,1679682859
83        Sample(/proc/sys/kernel/random/entropy_avail),0.005082,0.002582,0.002492,1679682916
3         EXS
16        f,305,1679682831
3         MOM
15        M:entropy_avail
41        1374 3162.0000 2852.8500 1030.5000 0.0000
41        1375 3058.0000 2140.6000 2558.5064 0.0000
12        M:mem_cached
40        1374 1702.0820 1548.8750 510.6902 0.0000
41        1375 1702.9414 1192.0590 1424.7830 0.0000
10        M:mem_free
40        1374 12778.3320 11626.3003 0.0000 0.0000
39        1375 12769.2383 8938.4668 0.0000 0.0000
11        M:mem_total
40        1374 14875.9336 13537.0996 0.0000 0.0000
40        1375 14875.9336 10413.1535 0.0000 0.0000
16        M:io_writtendata
32        1374 0.0410 0.0513 0.0342 0.0000
32        1375 0.1104 0.0772 0.0923 0.0000
11        M:io_writes
32        1374 2.0000 2.6600 2.2000 0.0000
32        1375 6.0000 4.2000 5.0200 0.0000
6         M:cpu3
32        1374 0.1997 0.3845 0.6158 0.0000
32        1375 1.7446 1.2212 1.4596 0.0000
6         M:cpu2
32        1374 0.2596 0.6585 1.3296 0.0000
32        1375 2.0172 1.4120 1.6877 0.0000
6         M:cpu1
32        1374 0.2929 0.5547 0.8727 0.0000
32        1375 1.2656 0.8859 1.0589 0.0000
6         M:cpu0
32        1374 0.4328 0.5310 0.3271 0.0000
32        1375 1.2191 0.8534 1.0200 0.0000
5         M:cpu
32        1374 0.2946 0.5313 0.7891 0.0000
32        1375 1.5650 1.0955 1.3093 0.0000
10        M:messages
36        1374 0.0000 277.8300 983.8353 0.0000
41        1375 1568.0000 1097.6000 1311.8829 0.0000
8         M:ssh_in
32        1374 2.0000 1.8200 0.6000 0.0000
32        1375 2.0000 1.4000 1.6733 0.0000
9         M:smtp_in
32        1374 2.0000 1.8200 0.6000 0.0000
32        1375 2.0000 1.4000 1.6733 0.0000
13        M:cfengine_in
32        1374 2.0000 1.6100 1.1803 0.0000
32        1375 1.0000 0.7000 0.8367 0.0000
9         M:loadavg
32        1374 0.0000 0.0021 0.0074 0.0000
32        1375 0.0400 0.0280 0.0335 0.0000
10        M:diskfree
35        1374 86.0000 78.2600 25.8000 0.0000
35        1375 86.0000 60.2000 71.9528 0.0000
12        M:otherprocs
32        1374 6.0000 6.9300 3.1000 0.0000
34        1375 12.0000 8.4000 10.0399 0.0000
11        M:rootprocs
35        1374 97.0000 88.2700 29.1000 0.0000
35        1375 96.0000 67.2000 80.3194 0.0000
7         M:users
32        1374 6.0000 5.4600 1.8000 0.0000
32        1375 6.0000 4.2000 5.0200 0.0000
3         MOY
15        M:entropy_avail
40        155 3071.5000 2467.2550 4839.3563 0.0000
12        M:mem_cached
38        155 1098.6758 945.6121 469.4713 0.0000
16        M:io_writtendata
31        155 0.0303 0.0327 0.0303 0.0000
11        M:io_writes
31        155 1.0000 1.3300 1.5556 0.0000
6         M:cpu3
31        155 0.0965 0.2074 0.6379 0.0000
6         M:cpu2
31        155 0.0899 0.2572 0.9414 0.0000
6         M:cpu1
31        155 0.0999 0.2573 0.8754 0.0000
6         M:cpu0
31        155 0.1764 0.2613 0.5270 0.0000
5         M:cpu
31        155 0.1157 0.2456 0.7663 0.0000
10        M:messages
37        155 113.5000 275.9050 209.2837 0.0000
8         M:ssh_in
31        155 2.0000 1.6100 1.2570 0.0000
9         M:smtp_in
31        155 2.0000 1.6100 1.2570 0.0000
13        M:cfengine_in
31        155 1.0000 0.9100 0.6557 0.0000
9         M:loadavg
31        155 0.0100 0.0112 0.0241 0.0000
10        M:diskfree
34        155 88.0000 70.6300 56.2834 0.0000
12        M:otherprocs
31        155 6.0000 5.5650 4.1719 0.0000
11        M:rootprocs
34        155 96.5000 77.6300 60.8923 0.0000
7         M:users
31        155 6.0000 4.8300 3.7709 0.0000
# send QUERY complete successful
