# delta from 1679670258 to 1679670319 at 1679670319
22        CFR: 0 1679670318 1810
3         PRD
60        Packing reports: delta,0.024041,0.057796,0.060079,1679670259
83        Sample(/proc/sys/kernel/random/entropy_avail),0.004868,0.002370,0.002395,1679670294
3         EXS
16        f,294,1679670218
3         MOM
15        M:entropy_avail
40        1332 3039.0000 2787.5400 838.2000 0.0000
12        M:mem_cached
40        1332 1656.9766 1507.6502 497.7547 0.0000
10        M:mem_free
38        1332 8978.1016 8978.1016 0.0000 0.0000
11        M:mem_total
40        1332 10413.1535 10413.1535 0.0000 0.0000
16        M:io_writtendata
32        1332 0.1113 0.0867 0.0712 0.0000
11        M:io_writes
32        1332 6.0000 4.6200 3.9563 0.0000
6         M:cpu3
32        1332 1.9706 1.3962 1.6023 0.0000
6         M:cpu2
32        1332 1.3247 0.9455 1.0584 0.0000
6         M:cpu1
32        1332 1.3187 0.9552 1.0160 0.0000
6         M:cpu0
32        1332 1.5387 1.1218 1.1666 0.0000
5         M:cpu
32        1332 1.5382 1.1050 1.2096 0.0000
10        M:messages
41        1332 2061.0000 1538.0400 1473.2300 0.0000
8         M:ssh_in
32        1332 2.0000 1.8200 0.6000 0.0000
9         M:smtp_in
32        1332 2.0000 1.8200 0.6000 0.0000
13        M:cfengine_in
32        1332 1.0000 1.1200 0.4000 0.0000
9         M:loadavg
32        1332 0.0400 0.0280 0.0335 0.0000
10        M:diskfree
35        1332 86.0000 78.2600 25.8000 0.0000
12        M:otherprocs
34        1332 13.0000 10.3600 7.8593 0.0000
11        M:rootprocs
35        1332 97.0000 88.0600 29.8000 0.0000
7         M:users
32        1332 6.0000 5.4600 1.8000 0.0000
3         MOY
15        M:entropy_avail
40        155 3073.0000 2151.1000 4841.2604 0.0000
12        M:mem_cached
39        155 1082.2969 757.6078 1560.7510 0.0000
16        M:io_writtendata
31        155 0.0317 0.0222 0.0277 0.0000
11        M:io_writes
31        155 1.0000 0.7000 1.1832 0.0000
6         M:cpu3
31        155 0.0699 0.0489 0.0601 0.0000
6         M:cpu2
31        155 0.1597 0.1118 0.1409 0.0000
6         M:cpu1
31        155 0.1099 0.0769 0.1010 0.0000
6         M:cpu0
31        155 0.2164 0.1515 0.1858 0.0000
5         M:cpu
31        155 0.1390 0.0973 0.1212 0.0000
10        M:messages
37        155 377.0000 263.9000 339.4706 0.0000
8         M:ssh_in
31        155 2.0000 1.4000 1.6733 0.0000
9         M:smtp_in
31        155 2.0000 1.4000 1.6733 0.0000
13        M:cfengine_in
31        155 1.0000 0.7000 0.8367 0.0000
9         M:loadavg
31        155 0.0100 0.0070 0.0118 0.0000
10        M:diskfree
34        155 88.0000 61.6000 73.6451 0.0000
12        M:otherprocs
31        155 6.0000 4.2000 5.0200 0.0000
11        M:rootprocs
34        155 96.5000 67.5500 80.7388 0.0000
7         M:users
31        155 6.0000 4.2000 5.0200 0.0000
# send QUERY complete successful
