# delta from 1679712258 to 1679712319 at 1679712319
22        CFR: 0 1679712318 1772
3         PRD
60        Packing reports: delta,0.027185,0.073902,0.078607,1679712260
3         EXS
16        f,296,1679712223
3         MOM
15        M:entropy_avail
41        1472 3180.0000 2862.7200 1057.6000 0.0000
12        M:mem_cached
40        1472 1790.6250 1629.4934 537.1055 0.0000
10        M:mem_free
40        1472 12659.9023 11525.2279 0.0000 0.0000
11        M:mem_total
40        1472 14875.9336 13537.0996 0.0000 0.0000
16        M:io_writtendata
32        1472 0.0693 0.0723 0.0100 0.0000
11        M:io_writes
32        1472 6.0000 5.4600 1.8000 0.0000
6         M:cpu3
32        1472 1.3315 1.3039 0.0919 0.0000
6         M:cpu2
32        1472 1.4179 1.4021 0.0526 0.0000
6         M:cpu1
32        1472 0.8124 0.9170 0.3486 0.0000
6         M:cpu0
32        1472 1.0056 0.9710 0.1152 0.0000
5         M:cpu
32        1472 1.1402 1.1474 0.0239 0.0000
10        M:messages
39        1472 167.0000 545.9300 1411.8440 0.0000
8         M:ssh_in
32        1472 2.0000 1.8200 0.6000 0.0000
9         M:smtp_in
32        1472 2.0000 1.8200 0.6000 0.0000
14        M:cfengine_out
32        1472 1.0000 0.7000 0.8367 0.0000
13        M:cfengine_in
32        1472 1.0000 0.9100 0.3000 0.0000
9         M:loadavg
32        1472 0.1600 0.1162 0.1225 0.0000
10        M:diskfree
35        1472 85.0000 77.3500 25.5000 0.0000
12        M:otherprocs
32        1472 6.0000 5.4600 1.8000 0.0000
11        M:rootprocs
36        1472 100.0000 90.1600 32.8000 0.0000
7         M:users
32        1472 6.0000 5.4600 1.8000 0.0000
3         MOY
15        M:entropy_avail
40        155 3071.5000 2467.2550 4839.3563 0.0000
12        M:mem_cached
38        155 1098.6758 945.6121 469.4713 0.0000
16        M:io_writtendata
31        155 0.0303 0.0327 0.0303 0.0000
11        M:io_writes
31        155 1.0000 1.3300 1.5556 0.0000
6         M:cpu3
31        155 0.0965 0.2074 0.6379 0.0000
6         M:cpu2
31        155 0.0899 0.2572 0.9414 0.0000
6         M:cpu1
31        155 0.0999 0.2573 0.8754 0.0000
6         M:cpu0
31        155 0.1764 0.2613 0.5270 0.0000
5         M:cpu
31        155 0.1157 0.2456 0.7663 0.0000
10        M:messages
37        155 113.5000 275.9050 209.2837 0.0000
8         M:ssh_in
31        155 2.0000 1.6100 1.2570 0.0000
9         M:smtp_in
31        155 2.0000 1.6100 1.2570 0.0000
13        M:cfengine_in
31        155 1.0000 0.9100 0.6557 0.0000
9         M:loadavg
31        155 0.0100 0.0112 0.0241 0.0000
10        M:diskfree
34        155 88.0000 70.6300 56.2834 0.0000
12        M:otherprocs
31        155 6.0000 5.5650 4.1719 0.0000
11        M:rootprocs
34        155 96.5000 77.6300 60.8923 0.0000
7         M:users
31        155 6.0000 4.8300 3.7709 0.0000
# send QUERY complete successful
