# delta from 1679752463 to 1679752524 at 1679752524
22        CFR: 0 1679752523 1810
3         PRD
60        Packing reports: delta,0.040665,0.058717,0.059403,1679752464
83        Sample(/proc/sys/kernel/random/entropy_avail),0.004968,0.002468,0.002414,1679752494
3         EXS
16        f,294,1679752408
3         MOM
15        M:entropy_avail
41        1606 3175.0000 2855.8600 1063.8000 0.0000
12        M:mem_cached
40        1606 1930.0078 1756.1160 579.6395 0.0000
10        M:mem_free
38        1606 8772.6707 8772.6707 0.0000 0.0000
11        M:mem_total
40        1606 10413.1535 10413.1535 0.0000 0.0000
16        M:io_writtendata
32        1606 0.1025 0.0773 0.0714 0.0000
11        M:io_writes
32        1606 6.0000 4.6200 3.9563 0.0000
6         M:cpu3
32        1606 1.4380 1.0290 1.1418 0.0000
6         M:cpu2
32        1606 1.6507 1.1681 1.3463 0.0000
6         M:cpu1
32        1606 2.1376 1.5103 1.7497 0.0000
6         M:cpu0
32        1606 1.0057 0.7334 0.7623 0.0000
5         M:cpu
32        1606 1.5564 1.1090 1.2483 0.0000
10        M:messages
41        1606 1819.0000 1321.1800 1392.2796 0.0000
8         M:ssh_in
32        1606 2.0000 1.8200 0.6000 0.0000
9         M:smtp_in
32        1606 2.0000 1.8200 0.6000 0.0000
13        M:cfengine_in
32        1606 1.0000 1.1200 0.4000 0.0000
9         M:loadavg
32        1606 0.0800 0.0560 0.0669 0.0000
10        M:diskfree
35        1606 85.0000 77.3500 25.5000 0.0000
12        M:otherprocs
34        1606 13.0000 10.3600 7.8593 0.0000
11        M:rootprocs
35        1606 97.0000 88.2700 29.1000 0.0000
7         M:users
32        1606 6.0000 5.4600 1.8000 0.0000
3         MOY
15        M:entropy_avail
40        155 3071.5000 2467.2550 4839.3563 0.0000
12        M:mem_cached
38        155 1098.6758 945.6121 469.4713 0.0000
16        M:io_writtendata
31        155 0.0303 0.0327 0.0303 0.0000
11        M:io_writes
31        155 1.0000 1.3300 1.5556 0.0000
6         M:cpu3
31        155 0.0965 0.2074 0.6379 0.0000
6         M:cpu2
31        155 0.0899 0.2572 0.9414 0.0000
6         M:cpu1
31        155 0.0999 0.2573 0.8754 0.0000
6         M:cpu0
31        155 0.1764 0.2613 0.5270 0.0000
5         M:cpu
31        155 0.1157 0.2456 0.7663 0.0000
10        M:messages
37        155 113.5000 275.9050 209.2837 0.0000
8         M:ssh_in
31        155 2.0000 1.6100 1.2570 0.0000
9         M:smtp_in
31        155 2.0000 1.6100 1.2570 0.0000
13        M:cfengine_in
31        155 1.0000 0.9100 0.6557 0.0000
9         M:loadavg
31        155 0.0100 0.0112 0.0241 0.0000
10        M:diskfree
34        155 88.0000 70.6300 56.2834 0.0000
12        M:otherprocs
31        155 6.0000 5.5650 4.1719 0.0000
11        M:rootprocs
34        155 96.5000 77.6300 60.8923 0.0000
7         M:users
31        155 6.0000 4.8300 3.7709 0.0000
# send QUERY complete successful
