# delta from 1679717178 to 1679717239 at 1679717239
22        CFR: 0 1679717238 1810
3         PRD
60        Packing reports: delta,0.031599,0.099852,0.096503,1679717179
83        Sample(/proc/sys/kernel/random/entropy_avail),0.004936,0.002437,0.002438,1679717180
3         EXS
16        f,305,1679717034
3         MOM
15        M:entropy_avail
41        1489 3072.0000 2150.4000 2570.2196 0.0000
12        M:mem_cached
41        1489 1806.6211 1264.6348 1511.5277 0.0000
10        M:mem_free
39        1489 12665.8008 8866.0605 0.0000 0.0000
11        M:mem_total
40        1489 14875.9336 10413.1535 0.0000 0.0000
16        M:io_writtendata
32        1489 0.1191 0.0834 0.0997 0.0000
11        M:io_writes
32        1489 6.0000 4.2000 5.0200 0.0000
6         M:cpu3
32        1489 1.6105 1.1274 1.3475 0.0000
6         M:cpu2
32        1489 0.3661 0.2562 0.3063 0.0000
6         M:cpu1
32        1489 1.1251 0.7876 0.9413 0.0000
6         M:cpu0
32        1489 0.4395 0.3076 0.3677 0.0000
5         M:cpu
32        1489 0.8837 0.6186 0.7393 0.0000
10        M:messages
41        1489 1812.0000 1268.4000 1516.0280 0.0000
8         M:ssh_in
32        1489 2.0000 1.4000 1.6733 0.0000
9         M:smtp_in
32        1489 2.0000 1.4000 1.6733 0.0000
13        M:cfengine_in
32        1489 2.0000 1.4000 1.6733 0.0000
9         M:loadavg
32        1489 0.0100 0.0070 0.0084 0.0000
10        M:diskfree
35        1489 85.0000 59.5000 71.1161 0.0000
12        M:otherprocs
32        1489 6.0000 4.2000 5.0200 0.0000
11        M:rootprocs
35        1489 98.0000 68.6000 81.9927 0.0000
7         M:users
32        1489 6.0000 4.2000 5.0200 0.0000
3         MOY
15        M:entropy_avail
40        155 3071.5000 2467.2550 4839.3563 0.0000
12        M:mem_cached
38        155 1098.6758 945.6121 469.4713 0.0000
16        M:io_writtendata
31        155 0.0303 0.0327 0.0303 0.0000
11        M:io_writes
31        155 1.0000 1.3300 1.5556 0.0000
6         M:cpu3
31        155 0.0965 0.2074 0.6379 0.0000
6         M:cpu2
31        155 0.0899 0.2572 0.9414 0.0000
6         M:cpu1
31        155 0.0999 0.2573 0.8754 0.0000
6         M:cpu0
31        155 0.1764 0.2613 0.5270 0.0000
5         M:cpu
31        155 0.1157 0.2456 0.7663 0.0000
10        M:messages
37        155 113.5000 275.9050 209.2837 0.0000
8         M:ssh_in
31        155 2.0000 1.6100 1.2570 0.0000
9         M:smtp_in
31        155 2.0000 1.6100 1.2570 0.0000
13        M:cfengine_in
31        155 1.0000 0.9100 0.6557 0.0000
9         M:loadavg
31        155 0.0100 0.0112 0.0241 0.0000
10        M:diskfree
34        155 88.0000 70.6300 56.2834 0.0000
12        M:otherprocs
31        155 6.0000 5.5650 4.1719 0.0000
11        M:rootprocs
34        155 96.5000 77.6300 60.8923 0.0000
7         M:users
31        155 6.0000 4.8300 3.7709 0.0000
# send QUERY complete successful
