# delta from 1679744658 to 1679744719 at 1679744719
22        CFR: 0 1679744718 1771
3         PRD
60        Packing reports: delta,0.030461,0.132718,0.137195,1679744659
83        Sample(/proc/sys/kernel/random/entropy_avail),0.005105,0.002606,0.002933,1679744680
3         EXS
16        f,293,1679744605
3         MOM
15        M:entropy_avail
41        1580 3219.0000 2897.3700 1072.1000 0.0000
12        M:mem_cached
40        1580 1897.8750 1726.8702 570.0160 0.0000
10        M:mem_free
40        1580 12559.8711 11431.4974 0.0000 0.0000
11        M:mem_total
40        1580 14875.9336 13537.0996 0.0000 0.0000
16        M:io_writtendata
32        1580 0.1133 0.0863 0.0769 0.0000
11        M:io_writes
32        1580 6.0000 4.6200 3.9563 0.0000
6         M:cpu3
32        1580 2.6494 1.8672 2.1818 0.0000
6         M:cpu2
32        1580 0.9185 0.6751 0.6824 0.0000
6         M:cpu1
32        1580 1.7114 1.2189 1.3741 0.0000
6         M:cpu0
32        1580 1.1121 0.8218 0.8151 0.0000
5         M:cpu
32        1580 1.5962 1.1446 1.2609 0.0000
10        M:messages
41        1580 1581.0000 1154.5800 1193.8095 0.0000
8         M:ssh_in
32        1580 2.0000 1.8200 0.6000 0.0000
9         M:smtp_in
32        1580 2.0000 1.8200 0.6000 0.0000
13        M:cfengine_in
32        1580 1.0000 0.9100 0.3000 0.0000
10        M:diskfree
35        1580 85.0000 77.3500 25.5000 0.0000
12        M:otherprocs
34        1580 13.0000 10.3600 7.8593 0.0000
11        M:rootprocs
35        1580 97.0000 88.2700 29.1000 0.0000
7         M:users
32        1580 6.0000 5.4600 1.8000 0.0000
3         MOY
15        M:entropy_avail
40        155 3071.5000 2467.2550 4839.3563 0.0000
12        M:mem_cached
38        155 1098.6758 945.6121 469.4713 0.0000
16        M:io_writtendata
31        155 0.0303 0.0327 0.0303 0.0000
11        M:io_writes
31        155 1.0000 1.3300 1.5556 0.0000
6         M:cpu3
31        155 0.0965 0.2074 0.6379 0.0000
6         M:cpu2
31        155 0.0899 0.2572 0.9414 0.0000
6         M:cpu1
31        155 0.0999 0.2573 0.8754 0.0000
6         M:cpu0
31        155 0.1764 0.2613 0.5270 0.0000
5         M:cpu
31        155 0.1157 0.2456 0.7663 0.0000
10        M:messages
37        155 113.5000 275.9050 209.2837 0.0000
8         M:ssh_in
31        155 2.0000 1.6100 1.2570 0.0000
9         M:smtp_in
31        155 2.0000 1.6100 1.2570 0.0000
13        M:cfengine_in
31        155 1.0000 0.9100 0.6557 0.0000
9         M:loadavg
31        155 0.0100 0.0112 0.0241 0.0000
10        M:diskfree
34        155 88.0000 70.6300 56.2834 0.0000
12        M:otherprocs
31        155 6.0000 5.5650 4.1719 0.0000
11        M:rootprocs
34        155 96.5000 77.6300 60.8923 0.0000
7         M:users
31        155 6.0000 4.8300 3.7709 0.0000
# send QUERY complete successful
