# delta from 1679759423 to 1679759485 at 1679759485
22        CFR: 0 1679759484 1724
3         PRD
60        Packing reports: delta,0.033673,0.113387,0.113065,1679759424
3         EXS
16        f,305,1679759331
3         MOM
15        M:entropy_avail
38        1630 3164.0000 2214.8000 0.0000 0.0000
12        M:mem_cached
41        1630 1951.0820 1365.7574 1632.3923 0.0000
10        M:mem_free
39        1630 12500.2695 8750.1887 0.0000 0.0000
11        M:mem_total
40        1630 14875.9336 10413.1535 0.0000 0.0000
16        M:io_writtendata
32        1630 0.1084 0.0759 0.0907 0.0000
11        M:io_writes
32        1630 6.0000 4.2000 5.0200 0.0000
6         M:cpu3
32        1630 2.0771 1.4540 1.7378 0.0000
6         M:cpu2
32        1630 1.4445 1.0111 1.2085 0.0000
6         M:cpu1
32        1630 1.6516 1.1561 1.3818 0.0000
6         M:cpu0
32        1630 1.0521 0.7365 0.8803 0.0000
5         M:cpu
32        1630 1.5498 1.0848 1.2966 0.0000
10        M:messages
39        1630 1085.0000 759.5000 907.7761 0.0000
8         M:ssh_in
32        1630 2.0000 1.4000 1.6733 0.0000
9         M:smtp_in
32        1630 2.0000 1.4000 1.6733 0.0000
13        M:cfengine_in
32        1630 1.0000 0.7000 0.8367 0.0000
9         M:loadavg
32        1630 0.0500 0.0350 0.0418 0.0000
10        M:diskfree
35        1630 84.0000 58.8000 70.2794 0.0000
12        M:otherprocs
34        1630 13.0000 9.1000 10.8766 0.0000
11        M:rootprocs
35        1630 96.0000 67.2000 80.3194 0.0000
7         M:users
32        1630 6.0000 4.2000 5.0200 0.0000
3         MOY
15        M:entropy_avail
40        155 3071.5000 2467.2550 4839.3563 0.0000
12        M:mem_cached
38        155 1098.6758 945.6121 469.4713 0.0000
16        M:io_writtendata
31        155 0.0303 0.0327 0.0303 0.0000
11        M:io_writes
31        155 1.0000 1.3300 1.5556 0.0000
6         M:cpu3
31        155 0.0965 0.2074 0.6379 0.0000
6         M:cpu2
31        155 0.0899 0.2572 0.9414 0.0000
6         M:cpu1
31        155 0.0999 0.2573 0.8754 0.0000
6         M:cpu0
31        155 0.1764 0.2613 0.5270 0.0000
5         M:cpu
31        155 0.1157 0.2456 0.7663 0.0000
10        M:messages
37        155 113.5000 275.9050 209.2837 0.0000
8         M:ssh_in
31        155 2.0000 1.6100 1.2570 0.0000
9         M:smtp_in
31        155 2.0000 1.6100 1.2570 0.0000
13        M:cfengine_in
31        155 1.0000 0.9100 0.6557 0.0000
9         M:loadavg
31        155 0.0100 0.0112 0.0241 0.0000
10        M:diskfree
34        155 88.0000 70.6300 56.2834 0.0000
12        M:otherprocs
31        155 6.0000 5.5650 4.1719 0.0000
11        M:rootprocs
34        155 96.5000 77.6300 60.8923 0.0000
7         M:users
31        155 6.0000 4.8300 3.7709 0.0000
# send QUERY complete successful
