# delta from 1679665458 to 1679665519 at 1679665519
22        CFR: 0 1679665518 1770
3         PRD
60        Packing reports: delta,0.035339,0.124884,0.128112,1679665459
83        Sample(/proc/sys/kernel/random/entropy_avail),0.005019,0.002519,0.002779,1679665485
3         EXS
16        f,293,1679665407
3         MOM
15        M:entropy_avail
40        1316 3039.0000 2789.0100 833.3000 0.0000
12        M:mem_cached
40        1316 1642.2930 1494.2914 493.3387 0.0000
10        M:mem_free
40        1316 12833.2070 11680.1338 0.0000 0.0000
11        M:mem_total
40        1316 14875.9336 13537.0996 0.0000 0.0000
16        M:io_writtendata
32        1316 0.1074 0.0811 0.0744 0.0000
11        M:io_writes
32        1316 6.0000 4.2000 5.0200 0.0000
6         M:cpu3
32        1316 1.2716 0.9041 1.0254 0.0000
6         M:cpu2
32        1316 2.1169 1.5070 1.7018 0.0000
6         M:cpu1
32        1316 1.3919 0.9939 1.1108 0.0000
6         M:cpu0
32        1316 1.5318 1.1366 1.1111 0.0000
5         M:cpu
32        1316 1.5814 1.1381 1.2382 0.0000
10        M:messages
41        1316 1819.0000 1320.9700 1392.8293 0.0000
8         M:ssh_in
32        1316 2.0000 1.8200 0.6000 0.0000
9         M:smtp_in
32        1316 2.0000 1.8200 0.6000 0.0000
13        M:cfengine_in
32        1316 1.0000 0.9100 0.3000 0.0000
9         M:loadavg
32        1316 0.0200 0.0140 0.0167 0.0000
10        M:diskfree
35        1316 86.0000 78.2600 25.8000 0.0000
12        M:otherprocs
34        1316 13.0000 10.3600 7.8593 0.0000
11        M:rootprocs
35        1316 97.0000 88.0600 29.8000 0.0000
7         M:users
32        1316 6.0000 5.4600 1.8000 0.0000
3         MOY
15        M:entropy_avail
40        155 3084.0000 2158.8000 4855.2298 0.0000
12        M:mem_cached
39        155 1077.1406 753.9984 1553.6005 0.0000
16        M:io_writtendata
31        155 0.0312 0.0219 0.0272 0.0000
6         M:cpu3
31        155 0.0998 0.0699 0.0922 0.0000
6         M:cpu2
31        155 0.0998 0.0699 0.0837 0.0000
6         M:cpu1
31        155 0.1132 0.0792 0.1047 0.0000
6         M:cpu0
31        155 0.1831 0.1282 0.1538 0.0000
5         M:cpu
31        155 0.1240 0.0868 0.1060 0.0000
10        M:messages
37        155 227.0000 158.9000 189.9218 0.0000
8         M:ssh_in
31        155 2.0000 1.4000 1.6733 0.0000
9         M:smtp_in
31        155 2.0000 1.4000 1.6733 0.0000
13        M:cfengine_in
31        155 1.0000 0.7000 0.8367 0.0000
9         M:loadavg
31        155 0.0100 0.0070 0.0118 0.0000
10        M:diskfree
34        155 88.0000 61.6000 73.6451 0.0000
12        M:otherprocs
31        155 6.0000 4.2000 5.0200 0.0000
11        M:rootprocs
34        155 97.0000 67.9000 81.1560 0.0000
7         M:users
31        155 6.0000 4.2000 5.0200 0.0000
# send QUERY complete successful
