# delta from 1679665278 to 1679665339 at 1679665339
22        CFR: 0 1679665338 1682
3         PRD
60        Packing reports: delta,0.035159,0.123617,0.120226,1679665279
83        Sample(/proc/sys/kernel/random/entropy_avail),0.004907,0.002408,0.002456,1679665335
3         EXS
16        f,295,1679665114
3         MOM
15        M:entropy_avail
41        1316 3151.0000 2205.7000 2636.3157 0.0000
12        M:mem_cached
41        1316 1641.3633 1148.9543 1373.2630 0.0000
10        M:mem_free
39        1316 12842.3281 8989.6297 0.0000 0.0000
11        M:mem_total
40        1316 14875.9336 10413.1535 0.0000 0.0000
16        M:io_writtendata
32        1316 0.0283 0.0198 0.0237 0.0000
6         M:cpu3
32        1316 0.0666 0.0466 0.0557 0.0000
6         M:cpu2
32        1316 0.1198 0.0839 0.1003 0.0000
6         M:cpu1
32        1316 0.0932 0.0653 0.0780 0.0000
6         M:cpu0
32        1316 0.3062 0.2144 0.2562 0.0000
5         M:cpu
32        1316 0.1481 0.1037 0.1239 0.0000
10        M:messages
38        1316 227.0000 158.9000 189.9218 0.0000
8         M:ssh_in
32        1316 2.0000 1.4000 1.6733 0.0000
9         M:smtp_in
32        1316 2.0000 1.4000 1.6733 0.0000
13        M:cfengine_in
32        1316 1.0000 0.7000 0.8367 0.0000
10        M:diskfree
35        1316 86.0000 60.2000 71.9528 0.0000
12        M:otherprocs
32        1316 6.0000 4.2000 5.0200 0.0000
11        M:rootprocs
35        1316 96.0000 67.2000 80.3194 0.0000
7         M:users
32        1316 6.0000 4.2000 5.0200 0.0000
3         MOY
15        M:entropy_avail
40        155 3084.0000 2158.8000 4855.2298 0.0000
12        M:mem_cached
39        155 1077.1406 753.9984 1553.6005 0.0000
16        M:io_writtendata
31        155 0.0312 0.0219 0.0272 0.0000
6         M:cpu3
31        155 0.0998 0.0699 0.0922 0.0000
6         M:cpu2
31        155 0.0998 0.0699 0.0837 0.0000
6         M:cpu1
31        155 0.1132 0.0792 0.1047 0.0000
6         M:cpu0
31        155 0.1831 0.1282 0.1538 0.0000
5         M:cpu
31        155 0.1240 0.0868 0.1060 0.0000
10        M:messages
37        155 227.0000 158.9000 189.9218 0.0000
8         M:ssh_in
31        155 2.0000 1.4000 1.6733 0.0000
9         M:smtp_in
31        155 2.0000 1.4000 1.6733 0.0000
13        M:cfengine_in
31        155 1.0000 0.7000 0.8367 0.0000
9         M:loadavg
31        155 0.0100 0.0070 0.0118 0.0000
10        M:diskfree
34        155 88.0000 61.6000 73.6451 0.0000
12        M:otherprocs
31        155 6.0000 4.2000 5.0200 0.0000
11        M:rootprocs
34        155 97.0000 67.9000 81.1560 0.0000
7         M:users
31        155 6.0000 4.2000 5.0200 0.0000
# send QUERY complete successful
