# delta from 1679687118 to 1679687179 at 1679687179
22        CFR: 0 1679687178 1810
3         PRD
60        Packing reports: delta,0.037037,0.137175,0.138062,1679687119
83        Sample(/proc/sys/kernel/random/entropy_avail),0.005097,0.002598,0.002355,1679687124
3         EXS
16        f,293,1679686996
3         MOM
15        M:entropy_avail
41        1389 3036.0000 2125.2000 2540.0998 0.0000
12        M:mem_cached
41        1389 1715.6602 1200.9621 1435.4243 0.0000
10        M:mem_free
39        1389 12763.5391 8934.4773 0.0000 0.0000
11        M:mem_total
40        1389 14875.9336 10413.1535 0.0000 0.0000
16        M:io_writtendata
32        1389 0.1133 0.0793 0.0948 0.0000
11        M:io_writes
32        1389 6.0000 4.2000 5.0200 0.0000
6         M:cpu3
32        1389 1.3918 0.9743 1.1645 0.0000
6         M:cpu2
32        1389 1.7643 1.2350 1.4761 0.0000
6         M:cpu1
32        1389 2.1713 1.5199 1.8166 0.0000
6         M:cpu0
32        1389 1.7788 1.2452 1.4883 0.0000
5         M:cpu
32        1389 1.7765 1.2436 1.4863 0.0000
10        M:messages
41        1389 1563.0000 1094.1000 1307.6996 0.0000
8         M:ssh_in
32        1389 2.0000 1.4000 1.6733 0.0000
9         M:smtp_in
32        1389 2.0000 1.4000 1.6733 0.0000
13        M:cfengine_in
32        1389 1.0000 0.7000 0.8367 0.0000
9         M:loadavg
32        1389 0.0200 0.0140 0.0167 0.0000
10        M:diskfree
35        1389 86.0000 60.2000 71.9528 0.0000
12        M:otherprocs
32        1389 6.0000 4.2000 5.0200 0.0000
11        M:rootprocs
35        1389 96.0000 67.2000 80.3194 0.0000
7         M:users
32        1389 6.0000 4.2000 5.0200 0.0000
3         MOY
15        M:entropy_avail
40        155 3071.5000 2467.2550 4839.3563 0.0000
12        M:mem_cached
38        155 1098.6758 945.6121 469.4713 0.0000
16        M:io_writtendata
31        155 0.0303 0.0327 0.0303 0.0000
11        M:io_writes
31        155 1.0000 1.3300 1.5556 0.0000
6         M:cpu3
31        155 0.0965 0.2074 0.6379 0.0000
6         M:cpu2
31        155 0.0899 0.2572 0.9414 0.0000
6         M:cpu1
31        155 0.0999 0.2573 0.8754 0.0000
6         M:cpu0
31        155 0.1764 0.2613 0.5270 0.0000
5         M:cpu
31        155 0.1157 0.2456 0.7663 0.0000
10        M:messages
37        155 113.5000 275.9050 209.2837 0.0000
8         M:ssh_in
31        155 2.0000 1.6100 1.2570 0.0000
9         M:smtp_in
31        155 2.0000 1.6100 1.2570 0.0000
13        M:cfengine_in
31        155 1.0000 0.9100 0.6557 0.0000
9         M:loadavg
31        155 0.0100 0.0112 0.0241 0.0000
10        M:diskfree
34        155 88.0000 70.6300 56.2834 0.0000
12        M:otherprocs
31        155 6.0000 5.5650 4.1719 0.0000
11        M:rootprocs
34        155 96.5000 77.6300 60.8923 0.0000
7         M:users
31        155 6.0000 4.8300 3.7709 0.0000
# send QUERY complete successful
