# delta from 1679664738 to 1679664800 at 1679664800
22        CFR: 0 1679664799 1683
3         PRD
60        Packing reports: delta,0.031524,0.135725,0.129382,1679664739
3         EXS
16        f,325,1679664528
3         MOM
15        M:entropy_avail
41        1314 3158.0000 2210.6000 2642.1724 0.0000
12        M:mem_cached
41        1314 1639.6836 1147.7785 1371.8577 0.0000
10        M:mem_free
39        1314 12844.3203 8991.0242 0.0000 0.0000
11        M:mem_total
40        1314 14875.9336 10413.1535 0.0000 0.0000
16        M:io_writtendata
32        1314 0.0371 0.0260 0.0310 0.0000
11        M:io_writes
32        1314 2.0000 1.4000 1.6733 0.0000
6         M:cpu3
32        1314 0.1065 0.0746 0.0891 0.0000
6         M:cpu2
32        1314 0.0599 0.0419 0.0501 0.0000
6         M:cpu1
32        1314 0.0932 0.0653 0.0780 0.0000
6         M:cpu0
32        1314 0.2464 0.1724 0.2061 0.0000
5         M:cpu
32        1314 0.1315 0.0920 0.1100 0.0000
10        M:messages
38        1314 227.0000 158.9000 189.9218 0.0000
8         M:ssh_in
32        1314 2.0000 1.4000 1.6733 0.0000
9         M:smtp_in
32        1314 2.0000 1.4000 1.6733 0.0000
13        M:cfengine_in
32        1314 1.0000 0.7000 0.8367 0.0000
9         M:loadavg
32        1314 0.0100 0.0070 0.0084 0.0000
10        M:diskfree
35        1314 86.0000 60.2000 71.9528 0.0000
12        M:otherprocs
32        1314 6.0000 4.2000 5.0200 0.0000
11        M:rootprocs
35        1314 97.0000 67.9000 81.1560 0.0000
7         M:users
32        1314 6.0000 4.2000 5.0200 0.0000
3         MOY
15        M:entropy_avail
40        155 3084.0000 2158.8000 4855.2298 0.0000
12        M:mem_cached
39        155 1077.1406 753.9984 1553.6005 0.0000
16        M:io_writtendata
31        155 0.0312 0.0219 0.0272 0.0000
6         M:cpu3
31        155 0.0998 0.0699 0.0922 0.0000
6         M:cpu2
31        155 0.0998 0.0699 0.0837 0.0000
6         M:cpu1
31        155 0.1132 0.0792 0.1047 0.0000
6         M:cpu0
31        155 0.1831 0.1282 0.1538 0.0000
5         M:cpu
31        155 0.1240 0.0868 0.1060 0.0000
10        M:messages
37        155 227.0000 158.9000 189.9218 0.0000
8         M:ssh_in
31        155 2.0000 1.4000 1.6733 0.0000
9         M:smtp_in
31        155 2.0000 1.4000 1.6733 0.0000
13        M:cfengine_in
31        155 1.0000 0.7000 0.8367 0.0000
9         M:loadavg
31        155 0.0100 0.0070 0.0118 0.0000
10        M:diskfree
34        155 88.0000 61.6000 73.6451 0.0000
12        M:otherprocs
31        155 6.0000 4.2000 5.0200 0.0000
11        M:rootprocs
34        155 97.0000 67.9000 81.1560 0.0000
7         M:users
31        155 6.0000 4.2000 5.0200 0.0000
# send QUERY complete successful
