# delta from 1679688318 to 1679688379 at 1679688379
22        CFR: 0 1679688378 1812
3         PRD
60        Packing reports: delta,0.037773,0.142683,0.142838,1679688319
83        Sample(/proc/sys/kernel/random/entropy_avail),0.005065,0.002565,0.002671,1679688326
3         EXS
16        f,305,1679688229
3         MOM
15        M:entropy_avail
41        1393 3022.0000 2115.4000 2528.3866 0.0000
12        M:mem_cached
41        1393 1719.3164 1203.5215 1438.4833 0.0000
10        M:mem_free
39        1393 12750.3672 8925.2570 0.0000 0.0000
11        M:mem_total
40        1393 14875.9336 10413.1535 0.0000 0.0000
16        M:io_writtendata
32        1393 0.1211 0.0848 0.1013 0.0000
11        M:io_writes
32        1393 6.0000 4.2000 5.0200 0.0000
6         M:cpu3
32        1393 2.3771 1.6640 1.9889 0.0000
6         M:cpu2
32        1393 0.9852 0.6897 0.8243 0.0000
6         M:cpu1
32        1393 2.0914 1.4640 1.7498 0.0000
6         M:cpu0
32        1393 1.0459 0.7321 0.8751 0.0000
5         M:cpu
32        1393 1.6265 1.1386 1.3609 0.0000
10        M:messages
41        1393 1574.0000 1101.8000 1316.9029 0.0000
8         M:ssh_in
32        1393 2.0000 1.4000 1.6733 0.0000
9         M:smtp_in
32        1393 2.0000 1.4000 1.6733 0.0000
13        M:cfengine_in
32        1393 1.0000 0.7000 0.8367 0.0000
9         M:loadavg
32        1393 0.0400 0.0280 0.0335 0.0000
10        M:diskfree
35        1393 86.0000 60.2000 71.9528 0.0000
12        M:otherprocs
34        1393 13.0000 9.1000 10.8766 0.0000
11        M:rootprocs
35        1393 97.0000 67.9000 81.1560 0.0000
7         M:users
32        1393 6.0000 4.2000 5.0200 0.0000
3         MOY
15        M:entropy_avail
40        155 3071.5000 2467.2550 4839.3563 0.0000
12        M:mem_cached
38        155 1098.6758 945.6121 469.4713 0.0000
16        M:io_writtendata
31        155 0.0303 0.0327 0.0303 0.0000
11        M:io_writes
31        155 1.0000 1.3300 1.5556 0.0000
6         M:cpu3
31        155 0.0965 0.2074 0.6379 0.0000
6         M:cpu2
31        155 0.0899 0.2572 0.9414 0.0000
6         M:cpu1
31        155 0.0999 0.2573 0.8754 0.0000
6         M:cpu0
31        155 0.1764 0.2613 0.5270 0.0000
5         M:cpu
31        155 0.1157 0.2456 0.7663 0.0000
10        M:messages
37        155 113.5000 275.9050 209.2837 0.0000
8         M:ssh_in
31        155 2.0000 1.6100 1.2570 0.0000
9         M:smtp_in
31        155 2.0000 1.6100 1.2570 0.0000
13        M:cfengine_in
31        155 1.0000 0.9100 0.6557 0.0000
9         M:loadavg
31        155 0.0100 0.0112 0.0241 0.0000
10        M:diskfree
34        155 88.0000 70.6300 56.2834 0.0000
12        M:otherprocs
31        155 6.0000 5.5650 4.1719 0.0000
11        M:rootprocs
34        155 96.5000 77.6300 60.8923 0.0000
7         M:users
31        155 6.0000 4.8300 3.7709 0.0000
# send QUERY complete successful
