# delta from 1679673858 to 1679673919 at 1679673919
22        CFR: 0 1679673918 2461
3         PRD
60        Packing reports: delta,0.027057,0.073210,0.073603,1679673859
83        Sample(/proc/sys/kernel/random/entropy_avail),0.005061,0.002562,0.002268,1679673900
3         EXS
16        f,293,1679673796
3         MOM
15        M:entropy_avail
41        1344 3119.0000 2816.4500 1008.5000 0.0000
41        1345 3015.0000 2110.5000 2522.5300 0.0000
12        M:mem_cached
40        1344 1666.7891 1516.7846 500.0148 0.0000
41        1345 1667.7109 1167.3977 1395.3071 0.0000
10        M:mem_free
40        1344 12814.8789 11659.9189 0.0000 0.0000
39        1345 12811.9375 8968.3562 0.0000 0.0000
11        M:mem_total
40        1344 14875.9336 13537.0996 0.0000 0.0000
40        1345 14875.9336 10413.1535 0.0000 0.0000
16        M:io_writtendata
32        1344 0.0361 0.0481 0.0397 0.0000
32        1345 0.1094 0.0766 0.0915 0.0000
11        M:io_writes
32        1344 2.0000 2.6600 2.2000 0.0000
32        1345 6.0000 4.2000 5.0200 0.0000
6         M:cpu3
32        1344 0.1132 0.4763 1.3329 0.0000
32        1345 1.7642 1.2349 1.4760 0.0000
6         M:cpu2
32        1344 0.0998 0.4487 1.2768 0.0000
32        1345 1.5577 1.0904 1.3033 0.0000
6         M:cpu1
32        1344 0.1531 0.3813 0.7605 0.0000
32        1345 1.6116 1.1281 1.3484 0.0000
6         M:cpu0
32        1344 0.2464 0.4187 0.5742 0.0000
32        1345 1.2189 0.8533 1.0198 0.0000
5         M:cpu
32        1344 0.1548 0.4317 1.0462 0.0000
32        1345 1.5381 1.0767 1.2869 0.0000
10        M:messages
38        1344 754.0000 807.3100 177.7000 0.0000
38        1345 858.0000 600.6000 717.8543 0.0000
8         M:ssh_in
32        1344 2.0000 1.8200 0.6000 0.0000
32        1345 2.0000 1.4000 1.6733 0.0000
9         M:smtp_in
32        1344 2.0000 1.8200 0.6000 0.0000
32        1345 2.0000 1.4000 1.6733 0.0000
13        M:cfengine_in
32        1344 2.0000 1.6100 1.1803 0.0000
32        1345 1.0000 0.7000 0.8367 0.0000
9         M:loadavg
32        1344 0.0000 0.0063 0.0223 0.0000
10        M:diskfree
35        1344 86.0000 78.2600 25.8000 0.0000
35        1345 86.0000 60.2000 71.9528 0.0000
12        M:otherprocs
32        1344 6.0000 6.9300 3.1000 0.0000
32        1345 8.0000 5.6000 6.6933 0.0000
11        M:rootprocs
35        1344 98.0000 88.7600 30.8000 0.0000
35        1345 98.0000 68.6000 81.9927 0.0000
7         M:users
32        1344 6.0000 5.4600 1.8000 0.0000
32        1345 6.0000 4.2000 5.0200 0.0000
3         MOY
15        M:entropy_avail
40        155 3080.5000 2156.3500 4850.7840 0.0000
12        M:mem_cached
39        155 1087.8438 761.4906 1568.4447 0.0000
16        M:io_writtendata
31        155 0.0293 0.0205 0.0252 0.0000
11        M:io_writes
31        155 1.0000 0.7000 1.1832 0.0000
6         M:cpu3
31        155 0.0766 0.0536 0.0669 0.0000
6         M:cpu2
31        155 0.0666 0.0466 0.0649 0.0000
6         M:cpu1
31        155 0.1332 0.0932 0.1272 0.0000
6         M:cpu0
31        155 0.1731 0.1212 0.1449 0.0000
5         M:cpu
31        155 0.1132 0.0792 0.0955 0.0000
10        M:messages
37        155 227.0000 158.9000 189.9218 0.0000
8         M:ssh_in
31        155 2.0000 1.4000 1.6733 0.0000
9         M:smtp_in
31        155 2.0000 1.4000 1.6733 0.0000
13        M:cfengine_in
31        155 1.0000 0.7000 0.8367 0.0000
9         M:loadavg
31        155 0.0100 0.0070 0.0118 0.0000
10        M:diskfree
34        155 88.0000 61.6000 73.6451 0.0000
12        M:otherprocs
31        155 6.0000 4.2000 5.0200 0.0000
11        M:rootprocs
34        155 97.0000 67.9000 81.1560 0.0000
7         M:users
31        155 6.0000 4.2000 5.0200 0.0000
# send QUERY complete successful
