# delta from 1679661258 to 1679661319 at 1679661319
22        CFR: 0 1679661318 1854
3         PRD
60        Packing reports: delta,0.032660,0.189858,0.206728,1679661259
83        Sample(/proc/sys/kernel/random/entropy_avail),0.005140,0.002642,0.002515,1679661278
3         EXS
16        f,283,1679661236
3         MOM
15        M:entropy_avail
40        1302 3165.0000 2905.3500 724.1293 0.0000
12        M:mem_cached
40        1302 1631.6992 1484.5854 490.3793 0.0000
10        M:mem_free
38        1302 8999.6895 8999.6895 0.0000 0.0000
11        M:mem_total
40        1302 10413.1535 10413.1535 0.0000 0.0000
16        M:io_writtendata
32        1302 0.1592 0.1235 0.1029 0.0000
11        M:io_writes
32        1302 6.0000 4.6200 3.9563 0.0000
6         M:cpu3
32        1302 1.6181 1.1494 1.3075 0.0000
6         M:cpu2
32        1302 1.1516 0.8299 0.8988 0.0000
6         M:cpu1
32        1302 2.6905 1.9490 2.0727 0.0000
6         M:cpu0
32        1302 1.2655 0.9376 0.9215 0.0000
5         M:cpu
32        1302 1.6830 1.2172 1.3017 0.0000
10        M:messages
39        1302 1115.0598 828.2119 806.7157 0.0000
8         M:ssh_in
32        1302 2.0000 1.8200 0.6000 0.0000
9         M:smtp_in
32        1302 3.0000 2.5200 1.6223 0.0000
14        M:cfengine_out
32        1302 1.0000 0.7000 0.8367 0.0000
13        M:cfengine_in
32        1302 1.0000 0.9100 0.3000 0.0000
9         M:loadavg
32        1302 0.0600 0.0441 0.0446 0.0000
10        M:diskfree
35        1302 86.0000 78.2600 25.8000 0.0000
12        M:otherprocs
34        1302 13.0000 10.3600 7.8593 0.0000
11        M:rootprocs
35        1302 97.0000 88.0600 29.8000 0.0000
7         M:users
32        1302 6.0000 5.4600 1.8000 0.0000
3         MOY
15        M:entropy_avail
40        155 3143.0000 2200.1000 2133.3412 0.0000
12        M:mem_cached
39        155 1072.1270 750.4889 1546.6490 0.0000
16        M:io_writtendata
31        155 0.0361 0.0253 0.0323 0.0000
11        M:io_writes
31        155 1.0000 0.7000 1.1832 0.0000
6         M:cpu3
31        155 0.1065 0.0746 0.0996 0.0000
6         M:cpu2
31        155 0.0732 0.0513 0.0673 0.0000
6         M:cpu1
31        155 0.1165 0.0816 0.1084 0.0000
6         M:cpu0
31        155 0.2164 0.1515 0.1858 0.0000
5         M:cpu
31        155 0.1298 0.0909 0.1118 0.0000
10        M:messages
37        155 227.0000 158.9000 189.9218 0.0000
8         M:ssh_in
31        155 2.5000 1.7500 2.1331 0.0000
9         M:smtp_in
31        155 2.0000 1.4000 1.6733 0.0000
13        M:cfengine_in
31        155 1.0000 0.7000 0.8367 0.0000
9         M:loadavg
31        155 0.0150 0.0105 0.0132 0.0000
10        M:diskfree
34        155 88.0000 61.6000 73.6451 0.0000
12        M:otherprocs
31        155 7.0000 4.9000 5.9161 0.0000
11        M:rootprocs
34        155 97.0000 67.9000 81.1560 0.0000
7         M:users
31        155 6.5000 4.5500 5.4544 0.0000
# send QUERY complete successful
