# delta from 1679675058 to 1679675119 at 1679675119
22        CFR: 0 1679675118 2495
3         PRD
60        Packing reports: delta,0.027870,0.077676,0.082339,1679675059
83        Sample(/proc/sys/kernel/random/entropy_avail),0.005355,0.002867,0.002466,1679675103
3         EXS
16        f,304,1679675028
3         MOM
15        M:entropy_avail
41        1348 3132.0000 2829.9600 1006.8000 0.0000
41        1349 3020.0000 2114.0000 2526.7133 0.0000
12        M:mem_cached
40        1348 1670.3789 1520.0530 501.0863 0.0000
41        1349 1671.2812 1169.8969 1398.2942 0.0000
10        M:mem_free
40        1348 12811.9883 11656.7536 0.0000 0.0000
39        1349 12801.6367 8961.1457 0.0000 0.0000
11        M:mem_total
40        1348 14875.9336 13537.0996 0.0000 0.0000
40        1349 14875.9336 10413.1535 0.0000 0.0000
16        M:io_writtendata
32        1348 0.0391 0.0505 0.0382 0.0000
32        1349 0.1074 0.0752 0.0899 0.0000
11        M:io_writes
32        1348 2.0000 2.6600 2.2000 0.0000
32        1349 6.0000 4.2000 5.0200 0.0000
6         M:cpu3
32        1348 0.0799 0.7465 2.3934 0.0000
32        1349 2.5298 1.7709 2.1166 0.0000
6         M:cpu2
32        1348 0.0998 0.2055 0.3522 0.0000
32        1349 0.7454 0.5218 0.6237 0.0000
6         M:cpu1
32        1348 0.0932 0.3058 0.7919 0.0000
32        1349 1.7446 1.2212 1.4596 0.0000
6         M:cpu0
32        1348 0.2131 0.4037 0.6355 0.0000
32        1349 1.1190 0.7833 0.9362 0.0000
5         M:cpu
32        1348 0.1198 0.4139 1.0914 0.0000
32        1349 1.5347 1.0743 1.2840 0.0000
10        M:messages
36        1348 0.0000 277.6200 983.0917 0.0000
41        1349 1559.0000 1091.3000 1304.3530 0.0000
8         M:ssh_in
32        1348 2.0000 1.8200 0.6000 0.0000
32        1349 2.0000 1.4000 1.6733 0.0000
9         M:smtp_in
32        1348 2.0000 1.8200 0.6000 0.0000
32        1349 2.0000 1.4000 1.6733 0.0000
13        M:cfengine_in
32        1348 1.0000 0.9100 0.3000 0.0000
32        1349 1.0000 0.7000 0.8367 0.0000
9         M:loadavg
32        1348 0.0000 0.0105 0.0372 0.0000
32        1349 0.0100 0.0070 0.0084 0.0000
10        M:diskfree
35        1348 86.0000 78.2600 25.8000 0.0000
35        1349 86.0000 60.2000 71.9528 0.0000
12        M:otherprocs
32        1348 6.0000 6.9300 3.1000 0.0000
34        1349 13.0000 9.1000 10.8766 0.0000
11        M:rootprocs
35        1348 95.0000 86.6600 27.8000 0.0000
35        1349 96.0000 67.2000 80.3194 0.0000
7         M:users
32        1348 6.0000 5.4600 1.8000 0.0000
32        1349 6.0000 4.2000 5.0200 0.0000
3         MOY
15        M:entropy_avail
40        155 3074.5000 2470.9300 4843.1648 0.0000
12        M:mem_cached
38        155 1093.2188 940.6470 467.7120 0.0000
16        M:io_writtendata
31        155 0.0308 0.0331 0.0301 0.0000
11        M:io_writes
31        155 1.0000 1.3300 1.5556 0.0000
6         M:cpu3
31        155 0.0666 0.3919 1.6927 0.0000
6         M:cpu2
31        155 0.1032 0.1400 0.2569 0.0000
6         M:cpu1
31        155 0.0766 0.1739 0.5611 0.0000
6         M:cpu0
31        155 0.1898 0.2601 0.4601 0.0000
5         M:cpu
31        155 0.1090 0.2413 0.7739 0.0000
10        M:messages
37        155 113.5000 218.2600 708.0041 0.0000
8         M:ssh_in
31        155 2.0000 1.6100 1.2570 0.0000
9         M:smtp_in
31        155 2.0000 1.6100 1.2570 0.0000
13        M:cfengine_in
31        155 1.0000 0.8050 0.6285 0.0000
9         M:loadavg
31        155 0.0100 0.0123 0.0288 0.0000
10        M:diskfree
34        155 88.0000 70.6300 56.2834 0.0000
12        M:otherprocs
31        155 6.0000 5.5650 4.1719 0.0000
11        M:rootprocs
34        155 96.0000 77.2800 60.6595 0.0000
7         M:users
31        155 6.0000 4.8300 3.7709 0.0000
# send QUERY complete successful
