# delta from 1679741959 to 1679742019 at 1679742019
22        CFR: 0 1679742018 1810
3         PRD
60        Packing reports: delta,0.034837,0.121364,0.125642,1679741960
83        Sample(/proc/sys/kernel/random/entropy_avail),0.005042,0.002542,0.002349,1679741975
3         EXS
16        f,293,1679741907
3         MOM
15        M:entropy_avail
41        1571 3252.0000 2924.4600 1091.8000 0.0000
12        M:mem_cached
40        1571 1889.7930 1719.5172 567.5859 0.0000
10        M:mem_free
38        1571 8804.4906 8804.4906 0.0000 0.0000
11        M:mem_total
40        1571 10413.1535 10413.1535 0.0000 0.0000
16        M:io_writtendata
32        1571 0.1240 0.0942 0.0847 0.0000
11        M:io_writes
32        1571 6.0000 4.6200 3.9563 0.0000
6         M:cpu3
32        1571 1.5779 1.1255 1.2625 0.0000
6         M:cpu2
32        1571 1.2646 0.9006 1.0158 0.0000
6         M:cpu1
32        1571 1.9715 1.4150 1.5539 0.0000
6         M:cpu0
32        1571 1.6518 1.1912 1.2868 0.0000
5         M:cpu
32        1571 1.6164 1.1580 1.2796 0.0000
10        M:messages
41        1571 1635.0000 1192.3800 1238.8221 0.0000
8         M:ssh_in
32        1571 2.0000 1.8200 0.6000 0.0000
9         M:smtp_in
32        1571 2.0000 1.8200 0.6000 0.0000
13        M:cfengine_in
32        1571 1.0000 0.9100 0.3000 0.0000
9         M:loadavg
32        1571 0.0300 0.0210 0.0251 0.0000
10        M:diskfree
35        1571 85.0000 77.3500 25.5000 0.0000
12        M:otherprocs
34        1571 13.0000 10.3600 7.8593 0.0000
11        M:rootprocs
35        1571 96.0000 87.3600 28.8000 0.0000
7         M:users
32        1571 6.0000 5.4600 1.8000 0.0000
3         MOY
15        M:entropy_avail
40        155 3071.5000 2467.2550 4839.3563 0.0000
12        M:mem_cached
38        155 1098.6758 945.6121 469.4713 0.0000
16        M:io_writtendata
31        155 0.0303 0.0327 0.0303 0.0000
11        M:io_writes
31        155 1.0000 1.3300 1.5556 0.0000
6         M:cpu3
31        155 0.0965 0.2074 0.6379 0.0000
6         M:cpu2
31        155 0.0899 0.2572 0.9414 0.0000
6         M:cpu1
31        155 0.0999 0.2573 0.8754 0.0000
6         M:cpu0
31        155 0.1764 0.2613 0.5270 0.0000
5         M:cpu
31        155 0.1157 0.2456 0.7663 0.0000
10        M:messages
37        155 113.5000 275.9050 209.2837 0.0000
8         M:ssh_in
31        155 2.0000 1.6100 1.2570 0.0000
9         M:smtp_in
31        155 2.0000 1.6100 1.2570 0.0000
13        M:cfengine_in
31        155 1.0000 0.9100 0.6557 0.0000
9         M:loadavg
31        155 0.0100 0.0112 0.0241 0.0000
10        M:diskfree
34        155 88.0000 70.6300 56.2834 0.0000
12        M:otherprocs
31        155 6.0000 5.5650 4.1719 0.0000
11        M:rootprocs
34        155 96.5000 77.6300 60.8923 0.0000
7         M:users
31        155 6.0000 4.8300 3.7709 0.0000
# send QUERY complete successful
