# delta from 1679671698 to 1679671759 at 1679671759
22        CFR: 0 1679671758 1684
3         PRD
60        Packing reports: delta,0.024955,0.062274,0.066553,1679671699
3         EXS
16        f,293,1679671684
3         MOM
15        M:entropy_avail
41        1337 3148.0000 2203.6000 2633.8058 0.0000
12        M:mem_cached
41        1337 1660.5391 1162.3773 1389.3067 0.0000
10        M:mem_free
39        1337 12822.0391 8975.4273 0.0000 0.0000
11        M:mem_total
40        1337 14875.9336 10413.1535 0.0000 0.0000
16        M:io_writtendata
32        1337 0.0371 0.0260 0.0310 0.0000
11        M:io_writes
32        1337 2.0000 1.4000 1.6733 0.0000
6         M:cpu3
32        1337 0.1132 0.0792 0.0947 0.0000
6         M:cpu2
32        1337 0.0599 0.0419 0.0501 0.0000
6         M:cpu1
32        1337 0.1598 0.1119 0.1337 0.0000
6         M:cpu0
32        1337 0.1864 0.1305 0.1560 0.0000
5         M:cpu
32        1337 0.1265 0.0885 0.1058 0.0000
10        M:messages
38        1337 227.0000 158.9000 189.9218 0.0000
8         M:ssh_in
32        1337 2.0000 1.4000 1.6733 0.0000
9         M:smtp_in
32        1337 2.0000 1.4000 1.6733 0.0000
13        M:cfengine_in
32        1337 1.0000 0.7000 0.8367 0.0000
10        M:diskfree
35        1337 86.0000 60.2000 71.9528 0.0000
12        M:otherprocs
32        1337 6.0000 4.2000 5.0200 0.0000
11        M:rootprocs
35        1337 97.0000 67.9000 81.1560 0.0000
7         M:users
32        1337 6.0000 4.2000 5.0200 0.0000
3         MOY
15        M:entropy_avail
40        155 3080.5000 2156.3500 4850.7840 0.0000
12        M:mem_cached
39        155 1087.8438 761.4906 1568.4447 0.0000
16        M:io_writtendata
31        155 0.0293 0.0205 0.0252 0.0000
11        M:io_writes
31        155 1.0000 0.7000 1.1832 0.0000
6         M:cpu3
31        155 0.0766 0.0536 0.0669 0.0000
6         M:cpu2
31        155 0.0666 0.0466 0.0649 0.0000
6         M:cpu1
31        155 0.1332 0.0932 0.1272 0.0000
6         M:cpu0
31        155 0.1731 0.1212 0.1449 0.0000
5         M:cpu
31        155 0.1132 0.0792 0.0955 0.0000
10        M:messages
37        155 227.0000 158.9000 189.9218 0.0000
8         M:ssh_in
31        155 2.0000 1.4000 1.6733 0.0000
9         M:smtp_in
31        155 2.0000 1.4000 1.6733 0.0000
13        M:cfengine_in
31        155 1.0000 0.7000 0.8367 0.0000
9         M:loadavg
31        155 0.0100 0.0070 0.0118 0.0000
10        M:diskfree
34        155 88.0000 61.6000 73.6451 0.0000
12        M:otherprocs
31        155 6.0000 4.2000 5.0200 0.0000
11        M:rootprocs
34        155 97.0000 67.9000 81.1560 0.0000
7         M:users
31        155 6.0000 4.2000 5.0200 0.0000
# send QUERY complete successful
