# delta from 1679675958 to 1679676019 at 1679676019
22        CFR: 0 1679676018 2496
3         PRD
60        Packing reports: delta,0.028860,0.083287,0.087902,1679675959
83        Sample(/proc/sys/kernel/random/entropy_avail),0.005541,0.003070,0.003518,1679676004
3         EXS
16        f,293,1679675908
3         MOM
15        M:entropy_avail
41        1351 3126.0000 2822.8200 1010.6000 0.0000
41        1352 3019.0000 2113.3000 2525.8766 0.0000
12        M:mem_cached
40        1351 1673.1289 1522.5530 501.9195 0.0000
41        1352 1674.0547 1171.8383 1400.6146 0.0000
10        M:mem_free
40        1351 12808.7188 11654.0367 0.0000 0.0000
39        1352 12797.9570 8958.5699 0.0000 0.0000
11        M:mem_total
40        1351 14875.9336 13537.0996 0.0000 0.0000
40        1352 14875.9336 10413.1535 0.0000 0.0000
16        M:io_writtendata
32        1351 0.0381 0.0507 0.0419 0.0000
32        1352 0.1025 0.0718 0.0858 0.0000
11        M:io_writes
32        1351 2.0000 2.6600 2.2000 0.0000
32        1352 4.0000 2.8000 3.3466 0.0000
6         M:cpu3
32        1351 0.0466 0.3374 1.0490 0.0000
32        1352 1.3182 0.9227 1.1028 0.0000
6         M:cpu2
32        1351 0.0998 0.5312 1.5688 0.0000
32        1352 2.5493 1.7845 2.1329 0.0000
6         M:cpu1
32        1351 0.1797 0.3902 0.7016 0.0000
32        1352 1.0454 0.7318 0.8747 0.0000
6         M:cpu0
32        1351 0.1931 0.4345 0.8049 0.0000
32        1352 1.2055 0.8439 1.0086 0.0000
5         M:cpu
32        1351 0.1248 0.4192 1.0947 0.0000
32        1352 1.5346 1.0742 1.2839 0.0000
10        M:messages
37        1351 0.0000 378.8400 1341.5260 0.0000
41        1352 1800.0000 1260.0000 1505.9880 0.0000
8         M:ssh_in
32        1351 2.0000 1.8200 0.6000 0.0000
32        1352 2.0000 1.4000 1.6733 0.0000
9         M:smtp_in
32        1351 2.0000 1.8200 0.6000 0.0000
32        1352 2.0000 1.4000 1.6733 0.0000
13        M:cfengine_in
32        1351 1.0000 0.9100 0.3000 0.0000
32        1352 1.0000 0.7000 0.8367 0.0000
9         M:loadavg
32        1351 0.0000 0.0084 0.0297 0.0000
32        1352 0.0200 0.0140 0.0167 0.0000
10        M:diskfree
35        1351 86.0000 78.2600 25.8000 0.0000
35        1352 86.0000 60.2000 71.9528 0.0000
12        M:otherprocs
32        1351 6.0000 6.9300 3.1000 0.0000
34        1352 13.0000 9.1000 10.8766 0.0000
11        M:rootprocs
35        1351 96.0000 87.3600 28.8000 0.0000
35        1352 96.0000 67.2000 80.3194 0.0000
7         M:users
32        1351 6.0000 5.4600 1.8000 0.0000
32        1352 6.0000 4.2000 5.0200 0.0000
3         MOY
15        M:entropy_avail
40        155 3074.5000 2470.9300 4843.1648 0.0000
12        M:mem_cached
38        155 1093.2188 940.6470 467.7120 0.0000
16        M:io_writtendata
31        155 0.0308 0.0331 0.0301 0.0000
11        M:io_writes
31        155 1.0000 1.3300 1.5556 0.0000
6         M:cpu3
31        155 0.0666 0.3919 1.6927 0.0000
6         M:cpu2
31        155 0.1032 0.1400 0.2569 0.0000
6         M:cpu1
31        155 0.0766 0.1739 0.5611 0.0000
6         M:cpu0
31        155 0.1898 0.2601 0.4601 0.0000
5         M:cpu
31        155 0.1090 0.2413 0.7739 0.0000
10        M:messages
37        155 113.5000 218.2600 708.0041 0.0000
8         M:ssh_in
31        155 2.0000 1.6100 1.2570 0.0000
9         M:smtp_in
31        155 2.0000 1.6100 1.2570 0.0000
13        M:cfengine_in
31        155 1.0000 0.8050 0.6285 0.0000
9         M:loadavg
31        155 0.0100 0.0123 0.0288 0.0000
10        M:diskfree
34        155 88.0000 70.6300 56.2834 0.0000
12        M:otherprocs
31        155 6.0000 5.5650 4.1719 0.0000
11        M:rootprocs
34        155 96.0000 77.2800 60.6595 0.0000
7         M:users
31        155 6.0000 4.8300 3.7709 0.0000
# send QUERY complete successful
