# delta from 1679665158 to 1679665219 at 1679665219
22        CFR: 0 1679665218 1729
3         PRD
60        Packing reports: delta,0.035386,0.125219,0.126725,1679665159
83        Sample(/proc/sys/kernel/random/entropy_avail),0.004886,0.002387,0.002277,1679665185
3         EXS
16        f,295,1679665114
3         MOM
15        M:entropy_avail
40        1315 3043.0000 2792.6500 834.5000 0.0000
12        M:mem_cached
40        1315 1641.3750 1493.4511 493.0797 0.0000
10        M:mem_free
40        1315 12834.0703 11680.9670 0.0000 0.0000
11        M:mem_total
40        1315 14875.9336 13537.0996 0.0000 0.0000
16        M:io_writtendata
32        1315 0.1143 0.0859 0.0801 0.0000
11        M:io_writes
32        1315 6.0000 4.2000 5.0200 0.0000
6         M:cpu3
32        1315 2.4298 1.7246 1.9673 0.0000
6         M:cpu2
32        1315 1.1449 0.8154 0.9194 0.0000
6         M:cpu1
32        1315 0.8860 0.6551 0.6483 0.0000
6         M:cpu0
32        1315 1.9181 1.3790 1.5055 0.0000
5         M:cpu
32        1315 1.5931 1.1425 1.2583 0.0000
10        M:messages
41        1315 1580.0000 1153.6700 1193.5195 0.0000
8         M:ssh_in
32        1315 2.0000 1.8200 0.6000 0.0000
9         M:smtp_in
32        1315 2.0000 1.8200 0.6000 0.0000
13        M:cfengine_in
32        1315 1.0000 0.9100 0.3000 0.0000
10        M:diskfree
35        1315 86.0000 78.2600 25.8000 0.0000
12        M:otherprocs
34        1315 13.0000 10.3600 7.8593 0.0000
11        M:rootprocs
35        1315 96.0000 87.3600 28.8000 0.0000
7         M:users
32        1315 6.0000 5.4600 1.8000 0.0000
3         MOY
15        M:entropy_avail
40        155 3084.0000 2158.8000 4855.2298 0.0000
12        M:mem_cached
39        155 1077.1406 753.9984 1553.6005 0.0000
16        M:io_writtendata
31        155 0.0312 0.0219 0.0272 0.0000
6         M:cpu3
31        155 0.0998 0.0699 0.0922 0.0000
6         M:cpu2
31        155 0.0998 0.0699 0.0837 0.0000
6         M:cpu1
31        155 0.1132 0.0792 0.1047 0.0000
6         M:cpu0
31        155 0.1831 0.1282 0.1538 0.0000
5         M:cpu
31        155 0.1240 0.0868 0.1060 0.0000
10        M:messages
37        155 227.0000 158.9000 189.9218 0.0000
8         M:ssh_in
31        155 2.0000 1.4000 1.6733 0.0000
9         M:smtp_in
31        155 2.0000 1.4000 1.6733 0.0000
13        M:cfengine_in
31        155 1.0000 0.7000 0.8367 0.0000
9         M:loadavg
31        155 0.0100 0.0070 0.0118 0.0000
10        M:diskfree
34        155 88.0000 61.6000 73.6451 0.0000
12        M:otherprocs
31        155 6.0000 4.2000 5.0200 0.0000
11        M:rootprocs
34        155 97.0000 67.9000 81.1560 0.0000
7         M:users
31        155 6.0000 4.2000 5.0200 0.0000
# send QUERY complete successful
