# delta from 1679663658 to 1679663719 at 1679663719
22        CFR: 0 1679663718 1763
3         PRD
60        Packing reports: delta,0.034340,0.164643,0.160043,1679663659
83        Sample(/proc/sys/kernel/random/entropy_avail),0.004917,0.002418,0.002362,1679663682
3         EXS
16        f,293,1679663288
3         MOM
15        M:entropy_avail
40        1310 3062.0000 2818.5500 678.9496 0.0000
12        M:mem_cached
40        1310 1637.4609 1490.1091 491.1727 0.0000
10        M:mem_free
40        1310 12846.0508 11689.9907 0.0000 0.0000
11        M:mem_total
40        1310 14875.9336 13537.0996 0.0000 0.0000
16        M:io_writtendata
32        1310 0.0586 0.0509 0.0258 0.0000
11        M:io_writes
32        1310 2.0000 1.8200 0.6000 0.0000
6         M:cpu3
32        1310 0.1664 0.1403 0.0895 0.0000
6         M:cpu2
32        1310 0.0865 0.0843 0.0073 0.0000
6         M:cpu1
32        1310 0.2663 0.2354 0.1032 0.0000
6         M:cpu0
32        1310 0.2530 0.2218 0.1039 0.0000
5         M:cpu
32        1310 0.1931 0.1701 0.0766 0.0000
10        M:messages
35        1310 0.0000 47.6700 168.8062 0.0000
8         M:ssh_in
32        1310 2.0000 1.8200 0.6000 0.0000
9         M:smtp_in
32        1310 2.0000 1.8200 0.6000 0.0000
13        M:cfengine_in
32        1310 1.0000 0.9100 0.3000 0.0000
10        M:diskfree
35        1310 86.0000 78.2600 25.8000 0.0000
12        M:otherprocs
32        1310 6.0000 5.4600 1.8000 0.0000
11        M:rootprocs
35        1310 96.0000 87.3600 28.8000 0.0000
7         M:users
32        1310 6.0000 5.4600 1.8000 0.0000
3         MOY
15        M:entropy_avail
40        155 3143.0000 2200.1000 2133.3412 0.0000
12        M:mem_cached
39        155 1072.1270 750.4889 1546.6490 0.0000
16        M:io_writtendata
31        155 0.0361 0.0253 0.0323 0.0000
11        M:io_writes
31        155 1.0000 0.7000 1.1832 0.0000
6         M:cpu3
31        155 0.1065 0.0746 0.0996 0.0000
6         M:cpu2
31        155 0.0732 0.0513 0.0673 0.0000
6         M:cpu1
31        155 0.1165 0.0816 0.1084 0.0000
6         M:cpu0
31        155 0.2164 0.1515 0.1858 0.0000
5         M:cpu
31        155 0.1298 0.0909 0.1118 0.0000
10        M:messages
37        155 227.0000 158.9000 189.9218 0.0000
8         M:ssh_in
31        155 2.5000 1.7500 2.1331 0.0000
9         M:smtp_in
31        155 2.0000 1.4000 1.6733 0.0000
13        M:cfengine_in
31        155 1.0000 0.7000 0.8367 0.0000
9         M:loadavg
31        155 0.0150 0.0105 0.0132 0.0000
10        M:diskfree
34        155 88.0000 61.6000 73.6451 0.0000
12        M:otherprocs
31        155 7.0000 4.9000 5.9161 0.0000
11        M:rootprocs
34        155 97.0000 67.9000 81.1560 0.0000
7         M:users
31        155 6.5000 4.5500 5.4544 0.0000
# send QUERY complete successful
