# delta from 1679728458 to 1679728519 at 1679728519
22        CFR: 0 1679728518 1773
3         PRD
60        Packing reports: delta,0.038962,0.151803,0.157768,1679728459
3         EXS
16        f,294,1679728415
3         MOM
15        M:entropy_avail
41        1526 3248.0000 2919.1400 1096.2000 0.0000
12        M:mem_cached
40        1526 1848.9883 1682.3931 555.3172 0.0000
10        M:mem_free
40        1526 12611.7734 11478.7818 0.0000 0.0000
11        M:mem_total
40        1526 14875.9336 13537.0996 0.0000 0.0000
16        M:io_writtendata
32        1526 0.1328 0.1042 0.0834 0.0000
11        M:io_writes
32        1526 8.0000 6.0200 5.5975 0.0000
6         M:cpu3
32        1526 2.1176 1.5047 1.7100 0.0000
6         M:cpu2
32        1526 0.9256 0.7024 0.6337 0.0000
6         M:cpu1
32        1526 2.4322 1.7263 1.9693 0.0000
6         M:cpu0
32        1526 0.9062 0.6819 0.6341 0.0000
5         M:cpu
32        1526 1.5937 1.1533 1.2309 0.0000
10        M:messages
39        1526 1334.0000 981.6800 988.1130 0.0000
8         M:ssh_in
32        1526 2.0000 1.8200 0.6000 0.0000
9         M:smtp_in
32        1526 3.0000 2.5200 1.6223 0.0000
14        M:cfengine_out
32        1526 1.0000 0.7000 0.8367 0.0000
13        M:cfengine_in
32        1526 1.0000 0.9100 0.3000 0.0000
9         M:loadavg
32        1526 0.0900 0.0651 0.0696 0.0000
10        M:diskfree
35        1526 85.0000 77.3500 25.5000 0.0000
12        M:otherprocs
34        1526 13.0000 10.3600 7.8593 0.0000
11        M:rootprocs
35        1526 98.0000 88.9700 30.1000 0.0000
7         M:users
32        1526 6.0000 5.4600 1.8000 0.0000
3         MOY
15        M:entropy_avail
40        155 3071.5000 2467.2550 4839.3563 0.0000
12        M:mem_cached
38        155 1098.6758 945.6121 469.4713 0.0000
16        M:io_writtendata
31        155 0.0303 0.0327 0.0303 0.0000
11        M:io_writes
31        155 1.0000 1.3300 1.5556 0.0000
6         M:cpu3
31        155 0.0965 0.2074 0.6379 0.0000
6         M:cpu2
31        155 0.0899 0.2572 0.9414 0.0000
6         M:cpu1
31        155 0.0999 0.2573 0.8754 0.0000
6         M:cpu0
31        155 0.1764 0.2613 0.5270 0.0000
5         M:cpu
31        155 0.1157 0.2456 0.7663 0.0000
10        M:messages
37        155 113.5000 275.9050 209.2837 0.0000
8         M:ssh_in
31        155 2.0000 1.6100 1.2570 0.0000
9         M:smtp_in
31        155 2.0000 1.6100 1.2570 0.0000
13        M:cfengine_in
31        155 1.0000 0.9100 0.6557 0.0000
9         M:loadavg
31        155 0.0100 0.0112 0.0241 0.0000
10        M:diskfree
34        155 88.0000 70.6300 56.2834 0.0000
12        M:otherprocs
31        155 6.0000 5.5650 4.1719 0.0000
11        M:rootprocs
34        155 96.5000 77.6300 60.8923 0.0000
7         M:users
31        155 6.0000 4.8300 3.7709 0.0000
# send QUERY complete successful
