# delta from 1679736078 to 1679736139 at 1679736139
22        CFR: 0 1679736138 1766
3         PRD
60        Packing reports: delta,0.029999,0.089994,0.089011,1679736079
83        Sample(/proc/sys/kernel/random/entropy_avail),0.004974,0.002474,0.002397,1679736114
3         EXS
16        f,296,1679735923
3         MOM
15        M:entropy_avail
41        1552 3048.0000 2133.6000 2550.1398 0.0000
12        M:mem_cached
41        1552 1871.6328 1310.1430 1565.9204 0.0000
10        M:mem_free
39        1552 12596.5586 8817.5910 0.0000 0.0000
11        M:mem_total
40        1552 14875.9336 10413.1535 0.0000 0.0000
16        M:io_writtendata
32        1552 0.0381 0.0267 0.0319 0.0000
11        M:io_writes
32        1552 2.0000 1.4000 1.6733 0.0000
6         M:cpu3
32        1552 0.0599 0.0419 0.0501 0.0000
6         M:cpu2
32        1552 0.1264 0.0885 0.1058 0.0000
6         M:cpu1
32        1552 0.1065 0.0746 0.0891 0.0000
6         M:cpu0
32        1552 0.2131 0.1492 0.1783 0.0000
5         M:cpu
32        1552 0.1265 0.0885 0.1058 0.0000
10        M:messages
38        1552 228.0000 159.6000 190.7585 0.0000
8         M:ssh_in
32        1552 2.0000 1.4000 1.6733 0.0000
9         M:smtp_in
32        1552 2.0000 1.4000 1.6733 0.0000
13        M:cfengine_in
32        1552 1.0000 0.7000 0.8367 0.0000
10        M:diskfree
35        1552 85.0000 59.5000 71.1161 0.0000
12        M:otherprocs
32        1552 6.0000 4.2000 5.0200 0.0000
11        M:rootprocs
35        1552 96.0000 67.2000 80.3194 0.0000
7         M:users
32        1552 6.0000 4.2000 5.0200 0.0000
3         MOY
15        M:entropy_avail
40        155 3071.5000 2467.2550 4839.3563 0.0000
12        M:mem_cached
38        155 1098.6758 945.6121 469.4713 0.0000
16        M:io_writtendata
31        155 0.0303 0.0327 0.0303 0.0000
11        M:io_writes
31        155 1.0000 1.3300 1.5556 0.0000
6         M:cpu3
31        155 0.0965 0.2074 0.6379 0.0000
6         M:cpu2
31        155 0.0899 0.2572 0.9414 0.0000
6         M:cpu1
31        155 0.0999 0.2573 0.8754 0.0000
6         M:cpu0
31        155 0.1764 0.2613 0.5270 0.0000
5         M:cpu
31        155 0.1157 0.2456 0.7663 0.0000
10        M:messages
37        155 113.5000 275.9050 209.2837 0.0000
8         M:ssh_in
31        155 2.0000 1.6100 1.2570 0.0000
9         M:smtp_in
31        155 2.0000 1.6100 1.2570 0.0000
13        M:cfengine_in
31        155 1.0000 0.9100 0.6557 0.0000
9         M:loadavg
31        155 0.0100 0.0112 0.0241 0.0000
10        M:diskfree
34        155 88.0000 70.6300 56.2834 0.0000
12        M:otherprocs
31        155 6.0000 5.5650 4.1719 0.0000
11        M:rootprocs
34        155 96.5000 77.6300 60.8923 0.0000
7         M:users
31        155 6.0000 4.8300 3.7709 0.0000
# send QUERY complete successful
