# delta from 1679671938 to 1679672000 at 1679672000
22        CFR: 0 1679671999 1808
3         PRD
60        Packing reports: delta,0.024873,0.061866,0.060388,1679671939
83        Sample(/proc/sys/kernel/random/entropy_avail),0.005090,0.002591,0.002482,1679671947
3         EXS
16        f,293,1679671684
3         MOM
15        M:entropy_avail
41        1338 3147.0000 2202.9000 2632.9691 0.0000
12        M:mem_cached
41        1338 1661.4297 1163.0008 1390.0518 0.0000
10        M:mem_free
39        1338 12820.8984 8974.6289 0.0000 0.0000
11        M:mem_total
40        1338 14875.9336 10413.1535 0.0000 0.0000
16        M:io_writtendata
32        1338 0.0371 0.0260 0.0310 0.0000
11        M:io_writes
32        1338 2.0000 1.4000 1.6733 0.0000
6         M:cpu3
32        1338 0.0999 0.0699 0.0835 0.0000
6         M:cpu2
32        1338 0.0266 0.0186 0.0223 0.0000
6         M:cpu1
32        1338 0.1997 0.1398 0.1671 0.0000
6         M:cpu0
32        1338 0.1864 0.1305 0.1560 0.0000
5         M:cpu
32        1338 0.1282 0.0897 0.1072 0.0000
10        M:messages
38        1338 227.0000 158.9000 189.9218 0.0000
8         M:ssh_in
32        1338 2.0000 1.4000 1.6733 0.0000
9         M:smtp_in
32        1338 2.0000 1.4000 1.6733 0.0000
13        M:cfengine_in
32        1338 1.0000 0.7000 0.8367 0.0000
9         M:loadavg
32        1338 0.0100 0.0070 0.0084 0.0000
10        M:diskfree
35        1338 86.0000 60.2000 71.9528 0.0000
12        M:otherprocs
32        1338 6.0000 4.2000 5.0200 0.0000
11        M:rootprocs
35        1338 97.0000 67.9000 81.1560 0.0000
7         M:users
32        1338 6.0000 4.2000 5.0200 0.0000
3         MOY
15        M:entropy_avail
40        155 3080.5000 2156.3500 4850.7840 0.0000
12        M:mem_cached
39        155 1087.8438 761.4906 1568.4447 0.0000
16        M:io_writtendata
31        155 0.0293 0.0205 0.0252 0.0000
11        M:io_writes
31        155 1.0000 0.7000 1.1832 0.0000
6         M:cpu3
31        155 0.0766 0.0536 0.0669 0.0000
6         M:cpu2
31        155 0.0666 0.0466 0.0649 0.0000
6         M:cpu1
31        155 0.1332 0.0932 0.1272 0.0000
6         M:cpu0
31        155 0.1731 0.1212 0.1449 0.0000
5         M:cpu
31        155 0.1132 0.0792 0.0955 0.0000
10        M:messages
37        155 227.0000 158.9000 189.9218 0.0000
8         M:ssh_in
31        155 2.0000 1.4000 1.6733 0.0000
9         M:smtp_in
31        155 2.0000 1.4000 1.6733 0.0000
13        M:cfengine_in
31        155 1.0000 0.7000 0.8367 0.0000
9         M:loadavg
31        155 0.0100 0.0070 0.0118 0.0000
10        M:diskfree
34        155 88.0000 61.6000 73.6451 0.0000
12        M:otherprocs
31        155 6.0000 4.2000 5.0200 0.0000
11        M:rootprocs
34        155 97.0000 67.9000 81.1560 0.0000
7         M:users
31        155 6.0000 4.2000 5.0200 0.0000
# send QUERY complete successful
