# delta from 1679727979 to 1679728039 at 1679728039
22        CFR: 0 1679728038 1766
3         PRD
60        Packing reports: delta,0.038329,0.146914,0.146478,1679727980
83        Sample(/proc/sys/kernel/random/entropy_avail),0.004847,0.002349,0.002268,1679728000
3         EXS
16        f,305,1679727828
3         MOM
15        M:entropy_avail
41        1525 3073.0000 2151.1000 2571.0563 0.0000
12        M:mem_cached
41        1525 1847.1992 1293.0395 1545.4777 0.0000
10        M:mem_free
39        1525 12621.9219 8835.3453 0.0000 0.0000
11        M:mem_total
40        1525 14875.9336 10413.1535 0.0000 0.0000
16        M:io_writtendata
32        1525 0.0742 0.0520 0.0621 0.0000
11        M:io_writes
32        1525 2.0000 1.4000 1.6733 0.0000
6         M:cpu3
32        1525 0.1398 0.0978 0.1169 0.0000
6         M:cpu2
32        1525 0.1531 0.1072 0.1281 0.0000
6         M:cpu1
32        1525 0.1664 0.1165 0.1392 0.0000
6         M:cpu0
32        1525 0.2530 0.1771 0.2117 0.0000
5         M:cpu
32        1525 0.1781 0.1247 0.1490 0.0000
10        M:messages
38        1525 228.0000 159.6000 190.7585 0.0000
8         M:ssh_in
32        1525 2.0000 1.4000 1.6733 0.0000
9         M:smtp_in
32        1525 2.0000 1.4000 1.6733 0.0000
13        M:cfengine_in
32        1525 2.0000 1.4000 1.6733 0.0000
10        M:diskfree
35        1525 85.0000 59.5000 71.1161 0.0000
12        M:otherprocs
32        1525 6.0000 4.2000 5.0200 0.0000
11        M:rootprocs
35        1525 96.0000 67.2000 80.3194 0.0000
7         M:users
32        1525 6.0000 4.2000 5.0200 0.0000
3         MOY
15        M:entropy_avail
40        155 3071.5000 2467.2550 4839.3563 0.0000
12        M:mem_cached
38        155 1098.6758 945.6121 469.4713 0.0000
16        M:io_writtendata
31        155 0.0303 0.0327 0.0303 0.0000
11        M:io_writes
31        155 1.0000 1.3300 1.5556 0.0000
6         M:cpu3
31        155 0.0965 0.2074 0.6379 0.0000
6         M:cpu2
31        155 0.0899 0.2572 0.9414 0.0000
6         M:cpu1
31        155 0.0999 0.2573 0.8754 0.0000
6         M:cpu0
31        155 0.1764 0.2613 0.5270 0.0000
5         M:cpu
31        155 0.1157 0.2456 0.7663 0.0000
10        M:messages
37        155 113.5000 275.9050 209.2837 0.0000
8         M:ssh_in
31        155 2.0000 1.6100 1.2570 0.0000
9         M:smtp_in
31        155 2.0000 1.6100 1.2570 0.0000
13        M:cfengine_in
31        155 1.0000 0.9100 0.6557 0.0000
9         M:loadavg
31        155 0.0100 0.0112 0.0241 0.0000
10        M:diskfree
34        155 88.0000 70.6300 56.2834 0.0000
12        M:otherprocs
31        155 6.0000 5.5650 4.1719 0.0000
11        M:rootprocs
34        155 96.5000 77.6300 60.8923 0.0000
7         M:users
31        155 6.0000 4.8300 3.7709 0.0000
# send QUERY complete successful
