# delta from 1679664858 to 1679664919 at 1679664919
22        CFR: 0 1679664918 1764
3         PRD
60        Packing reports: delta,0.030657,0.134764,0.136709,1679664859
83        Sample(/proc/sys/kernel/random/entropy_avail),0.004984,0.002484,0.002566,1679664884
3         EXS
16        f,302,1679664821
3         MOM
15        M:entropy_avail
40        1314 3061.0000 2805.8800 850.4000 0.0000
12        M:mem_cached
40        1314 1640.6172 1492.7656 492.8387 0.0000
10        M:mem_free
38        1314 8991.0242 8991.0242 0.0000 0.0000
11        M:mem_total
40        1314 10413.1535 10413.1535 0.0000 0.0000
16        M:io_writtendata
32        1314 0.1211 0.0926 0.0814 0.0000
11        M:io_writes
32        1314 6.0000 4.6200 3.9563 0.0000
6         M:cpu3
32        1314 1.0653 0.7681 0.8304 0.0000
6         M:cpu2
32        1314 2.0169 1.4244 1.6526 0.0000
6         M:cpu1
32        1314 1.5320 1.0920 1.2279 0.0000
6         M:cpu0
32        1314 1.7849 1.3012 1.3538 0.0000
5         M:cpu
32        1314 1.5982 1.1463 1.2616 0.0000
10        M:messages
38        1314 857.0000 647.5700 593.2635 0.0000
8         M:ssh_in
32        1314 2.0000 1.8200 0.6000 0.0000
9         M:smtp_in
32        1314 2.0000 1.8200 0.6000 0.0000
13        M:cfengine_in
32        1314 1.0000 0.9100 0.3000 0.0000
9         M:loadavg
32        1314 0.0600 0.0441 0.0446 0.0000
10        M:diskfree
35        1314 86.0000 78.2600 25.8000 0.0000
12        M:otherprocs
33        1314 12.0000 9.6600 7.0815 0.0000
11        M:rootprocs
35        1314 97.0000 88.2700 29.1000 0.0000
7         M:users
32        1314 6.0000 5.4600 1.8000 0.0000
3         MOY
15        M:entropy_avail
40        155 3084.0000 2158.8000 4855.2298 0.0000
12        M:mem_cached
39        155 1077.1406 753.9984 1553.6005 0.0000
16        M:io_writtendata
31        155 0.0312 0.0219 0.0272 0.0000
6         M:cpu3
31        155 0.0998 0.0699 0.0922 0.0000
6         M:cpu2
31        155 0.0998 0.0699 0.0837 0.0000
6         M:cpu1
31        155 0.1132 0.0792 0.1047 0.0000
6         M:cpu0
31        155 0.1831 0.1282 0.1538 0.0000
5         M:cpu
31        155 0.1240 0.0868 0.1060 0.0000
10        M:messages
37        155 227.0000 158.9000 189.9218 0.0000
8         M:ssh_in
31        155 2.0000 1.4000 1.6733 0.0000
9         M:smtp_in
31        155 2.0000 1.4000 1.6733 0.0000
13        M:cfengine_in
31        155 1.0000 0.7000 0.8367 0.0000
9         M:loadavg
31        155 0.0100 0.0070 0.0118 0.0000
10        M:diskfree
34        155 88.0000 61.6000 73.6451 0.0000
12        M:otherprocs
31        155 6.0000 4.2000 5.0200 0.0000
11        M:rootprocs
34        155 97.0000 67.9000 81.1560 0.0000
7         M:users
31        155 6.0000 4.2000 5.0200 0.0000
# send QUERY complete successful
