# delta from 1679694378 to 1679694439 at 1679694439
22        CFR: 0 1679694438 1727
3         PRD
60        Packing reports: delta,0.028007,0.078437,0.077533,1679694379
3         EXS
16        f,293,1679694212
3         MOM
15        M:entropy_avail
41        1413 3026.0000 2118.2000 2531.7332 0.0000
12        M:mem_cached
41        1413 1737.4492 1216.2145 1453.6543 0.0000
10        M:mem_free
39        1413 12740.7695 8918.5387 0.0000 0.0000
11        M:mem_total
40        1413 14875.9336 10413.1535 0.0000 0.0000
16        M:io_writtendata
32        1413 0.1143 0.0800 0.0956 0.0000
11        M:io_writes
32        1413 6.0000 4.2000 5.0200 0.0000
6         M:cpu3
32        1413 1.8378 1.2865 1.5376 0.0000
6         M:cpu2
32        1413 1.5310 1.0717 1.2809 0.0000
6         M:cpu1
32        1413 1.3453 0.9417 1.1256 0.0000
6         M:cpu0
32        1413 1.5851 1.1096 1.3262 0.0000
5         M:cpu
32        1413 1.5715 1.1000 1.3148 0.0000
10        M:messages
41        1413 1804.0000 1262.8000 1509.3347 0.0000
8         M:ssh_in
32        1413 2.0000 1.4000 1.6733 0.0000
9         M:smtp_in
32        1413 2.0000 1.4000 1.6733 0.0000
13        M:cfengine_in
32        1413 1.0000 0.7000 0.8367 0.0000
9         M:loadavg
32        1413 0.0100 0.0070 0.0084 0.0000
10        M:diskfree
35        1413 86.0000 60.2000 71.9528 0.0000
12        M:otherprocs
32        1413 6.0000 4.2000 5.0200 0.0000
11        M:rootprocs
35        1413 96.0000 67.2000 80.3194 0.0000
7         M:users
32        1413 6.0000 4.2000 5.0200 0.0000
3         MOY
15        M:entropy_avail
40        155 3071.5000 2467.2550 4839.3563 0.0000
12        M:mem_cached
38        155 1098.6758 945.6121 469.4713 0.0000
16        M:io_writtendata
31        155 0.0303 0.0327 0.0303 0.0000
11        M:io_writes
31        155 1.0000 1.3300 1.5556 0.0000
6         M:cpu3
31        155 0.0965 0.2074 0.6379 0.0000
6         M:cpu2
31        155 0.0899 0.2572 0.9414 0.0000
6         M:cpu1
31        155 0.0999 0.2573 0.8754 0.0000
6         M:cpu0
31        155 0.1764 0.2613 0.5270 0.0000
5         M:cpu
31        155 0.1157 0.2456 0.7663 0.0000
10        M:messages
37        155 113.5000 275.9050 209.2837 0.0000
8         M:ssh_in
31        155 2.0000 1.6100 1.2570 0.0000
9         M:smtp_in
31        155 2.0000 1.6100 1.2570 0.0000
13        M:cfengine_in
31        155 1.0000 0.9100 0.6557 0.0000
9         M:loadavg
31        155 0.0100 0.0112 0.0241 0.0000
10        M:diskfree
34        155 88.0000 70.6300 56.2834 0.0000
12        M:otherprocs
31        155 6.0000 5.5650 4.1719 0.0000
11        M:rootprocs
34        155 96.5000 77.6300 60.8923 0.0000
7         M:users
31        155 6.0000 4.8300 3.7709 0.0000
# send QUERY complete successful
