# delta from 1679760023 to 1679760084 at 1679760084
22        CFR: 0 1679760083 1726
3         PRD
60        Packing reports: delta,0.034082,0.116158,0.118326,1679760024
3         EXS
16        f,294,1679759917
3         MOM
15        M:entropy_avail
38        1632 3173.0000 2221.1000 0.0000 0.0000
12        M:mem_cached
41        1632 1952.9062 1367.0344 1633.9186 0.0000
10        M:mem_free
39        1632 12498.2422 8748.7695 0.0000 0.0000
11        M:mem_total
40        1632 14875.9336 10413.1535 0.0000 0.0000
16        M:io_writtendata
32        1632 0.1191 0.0834 0.0997 0.0000
11        M:io_writes
32        1632 6.0000 4.2000 5.0200 0.0000
6         M:cpu3
32        1632 2.4103 1.6872 2.0166 0.0000
6         M:cpu2
32        1632 1.3580 0.9506 1.1362 0.0000
6         M:cpu1
32        1632 1.5057 1.0540 1.2597 0.0000
6         M:cpu0
32        1632 1.0657 0.7460 0.8916 0.0000
5         M:cpu
32        1632 1.5849 1.1095 1.3261 0.0000
10        M:messages
41        1632 2352.0000 1646.4000 1967.8244 0.0000
8         M:ssh_in
32        1632 2.0000 1.4000 1.6733 0.0000
9         M:smtp_in
32        1632 2.0000 1.4000 1.6733 0.0000
13        M:cfengine_in
32        1632 1.0000 0.7000 0.8367 0.0000
9         M:loadavg
32        1632 0.1200 0.0840 0.1004 0.0000
10        M:diskfree
35        1632 84.0000 58.8000 70.2794 0.0000
12        M:otherprocs
34        1632 13.0000 9.1000 10.8766 0.0000
11        M:rootprocs
35        1632 96.0000 67.2000 80.3194 0.0000
7         M:users
32        1632 6.0000 4.2000 5.0200 0.0000
3         MOY
15        M:entropy_avail
40        155 3071.5000 2467.2550 4839.3563 0.0000
12        M:mem_cached
38        155 1098.6758 945.6121 469.4713 0.0000
16        M:io_writtendata
31        155 0.0303 0.0327 0.0303 0.0000
11        M:io_writes
31        155 1.0000 1.3300 1.5556 0.0000
6         M:cpu3
31        155 0.0965 0.2074 0.6379 0.0000
6         M:cpu2
31        155 0.0899 0.2572 0.9414 0.0000
6         M:cpu1
31        155 0.0999 0.2573 0.8754 0.0000
6         M:cpu0
31        155 0.1764 0.2613 0.5270 0.0000
5         M:cpu
31        155 0.1157 0.2456 0.7663 0.0000
10        M:messages
37        155 113.5000 275.9050 209.2837 0.0000
8         M:ssh_in
31        155 2.0000 1.6100 1.2570 0.0000
9         M:smtp_in
31        155 2.0000 1.6100 1.2570 0.0000
13        M:cfengine_in
31        155 1.0000 0.9100 0.6557 0.0000
9         M:loadavg
31        155 0.0100 0.0112 0.0241 0.0000
10        M:diskfree
34        155 88.0000 70.6300 56.2834 0.0000
12        M:otherprocs
31        155 6.0000 5.5650 4.1719 0.0000
11        M:rootprocs
34        155 96.5000 77.6300 60.8923 0.0000
7         M:users
31        155 6.0000 4.8300 3.7709 0.0000
# send QUERY complete successful
