# delta from 1679742978 to 1679743040 at 1679743040
22        CFR: 0 1679743039 1771
3         PRD
60        Packing reports: delta,0.035162,0.123634,0.120427,1679742979
83        Sample(/proc/sys/kernel/random/entropy_avail),0.004948,0.002448,0.002472,1679743027
3         EXS
16        f,292,1679742786
3         MOM
15        M:entropy_avail
41        1575 3087.0000 2160.9000 2582.7695 0.0000
12        M:mem_cached
41        1575 1892.4141 1324.6898 1583.3072 0.0000
10        M:mem_free
39        1575 12534.3867 8774.0707 0.0000 0.0000
11        M:mem_total
40        1575 14875.9336 10413.1535 0.0000 0.0000
16        M:io_writtendata
32        1575 0.0332 0.0232 0.0278 0.0000
11        M:io_writes
32        1575 2.0000 1.4000 1.6733 0.0000
6         M:cpu3
32        1575 0.1198 0.0839 0.1002 0.0000
6         M:cpu2
32        1575 0.1664 0.1165 0.1392 0.0000
6         M:cpu1
32        1575 0.1531 0.1072 0.1281 0.0000
6         M:cpu0
32        1575 0.3595 0.2517 0.3008 0.0000
5         M:cpu
32        1575 0.1964 0.1375 0.1643 0.0000
10        M:messages
38        1575 228.0000 159.6000 190.7585 0.0000
8         M:ssh_in
35        1575 30.0000 21.0000 25.0998 0.0000
9         M:smtp_in
32        1575 2.0000 1.4000 1.6733 0.0000
13        M:cfengine_in
32        1575 2.0000 1.4000 1.6733 0.0000
10        M:diskfree
35        1575 85.0000 59.5000 71.1161 0.0000
12        M:otherprocs
32        1575 9.0000 6.3000 7.5299 0.0000
11        M:rootprocs
37        1575 125.0000 87.5000 104.5825 0.0000
7         M:users
32        1575 7.0000 4.9000 5.8566 0.0000
3         MOY
15        M:entropy_avail
40        155 3071.5000 2467.2550 4839.3563 0.0000
12        M:mem_cached
38        155 1098.6758 945.6121 469.4713 0.0000
16        M:io_writtendata
31        155 0.0303 0.0327 0.0303 0.0000
11        M:io_writes
31        155 1.0000 1.3300 1.5556 0.0000
6         M:cpu3
31        155 0.0965 0.2074 0.6379 0.0000
6         M:cpu2
31        155 0.0899 0.2572 0.9414 0.0000
6         M:cpu1
31        155 0.0999 0.2573 0.8754 0.0000
6         M:cpu0
31        155 0.1764 0.2613 0.5270 0.0000
5         M:cpu
31        155 0.1157 0.2456 0.7663 0.0000
10        M:messages
37        155 113.5000 275.9050 209.2837 0.0000
8         M:ssh_in
31        155 2.0000 1.6100 1.2570 0.0000
9         M:smtp_in
31        155 2.0000 1.6100 1.2570 0.0000
13        M:cfengine_in
31        155 1.0000 0.9100 0.6557 0.0000
9         M:loadavg
31        155 0.0100 0.0112 0.0241 0.0000
10        M:diskfree
34        155 88.0000 70.6300 56.2834 0.0000
12        M:otherprocs
31        155 6.0000 5.5650 4.1719 0.0000
11        M:rootprocs
34        155 96.5000 77.6300 60.8923 0.0000
7         M:users
31        155 6.0000 4.8300 3.7709 0.0000
# send QUERY complete successful
