# delta from 1679735058 to 1679735120 at 1679735120
22        CFR: 0 1679735119 1810
3         PRD
60        Packing reports: delta,0.029469,0.086843,0.088293,1679735059
83        Sample(/proc/sys/kernel/random/entropy_avail),0.004824,0.002327,0.002181,1679735062
3         EXS
16        f,293,1679734984
3         MOM
15        M:entropy_avail
41        1548 3208.0000 2884.8400 1077.2000 0.0000
12        M:mem_cached
40        1548 1868.9414 1700.5382 561.3441 0.0000
10        M:mem_free
40        1548 12591.4922 11460.0289 0.0000 0.0000
11        M:mem_total
40        1548 14875.9336 13537.0996 0.0000 0.0000
16        M:io_writtendata
32        1548 0.1240 0.0938 0.0857 0.0000
11        M:io_writes
32        1548 6.0000 4.6200 3.9563 0.0000
6         M:cpu3
32        1548 1.2914 0.9291 1.0117 0.0000
6         M:cpu2
32        1548 2.1299 1.5147 1.7165 0.0000
6         M:cpu1
32        1548 1.5918 1.1325 1.2818 0.0000
6         M:cpu0
32        1548 1.3920 1.0108 1.0662 0.0000
5         M:cpu
32        1548 1.5981 1.1449 1.2652 0.0000
10        M:messages
39        1548 1103.0000 867.8600 688.2632 0.0000
8         M:ssh_in
32        1548 2.0000 1.8200 0.6000 0.0000
9         M:smtp_in
32        1548 2.0000 1.8200 0.6000 0.0000
13        M:cfengine_in
32        1548 2.0000 1.8200 0.6000 0.0000
9         M:loadavg
32        1548 0.0200 0.0161 0.0118 0.0000
10        M:diskfree
35        1548 85.0000 77.3500 25.5000 0.0000
12        M:otherprocs
34        1548 13.0000 10.3600 7.8593 0.0000
11        M:rootprocs
35        1548 97.0000 88.2700 29.1000 0.0000
7         M:users
32        1548 6.0000 5.4600 1.8000 0.0000
3         MOY
15        M:entropy_avail
40        155 3071.5000 2467.2550 4839.3563 0.0000
12        M:mem_cached
38        155 1098.6758 945.6121 469.4713 0.0000
16        M:io_writtendata
31        155 0.0303 0.0327 0.0303 0.0000
11        M:io_writes
31        155 1.0000 1.3300 1.5556 0.0000
6         M:cpu3
31        155 0.0965 0.2074 0.6379 0.0000
6         M:cpu2
31        155 0.0899 0.2572 0.9414 0.0000
6         M:cpu1
31        155 0.0999 0.2573 0.8754 0.0000
6         M:cpu0
31        155 0.1764 0.2613 0.5270 0.0000
5         M:cpu
31        155 0.1157 0.2456 0.7663 0.0000
10        M:messages
37        155 113.5000 275.9050 209.2837 0.0000
8         M:ssh_in
31        155 2.0000 1.6100 1.2570 0.0000
9         M:smtp_in
31        155 2.0000 1.6100 1.2570 0.0000
13        M:cfengine_in
31        155 1.0000 0.9100 0.6557 0.0000
9         M:loadavg
31        155 0.0100 0.0112 0.0241 0.0000
10        M:diskfree
34        155 88.0000 70.6300 56.2834 0.0000
12        M:otherprocs
31        155 6.0000 5.5650 4.1719 0.0000
11        M:rootprocs
34        155 96.5000 77.6300 60.8923 0.0000
7         M:users
31        155 6.0000 4.8300 3.7709 0.0000
# send QUERY complete successful
