# delta from 1679676318 to 1679676379 at 1679676379
22        CFR: 0 1679676378 1727
3         PRD
60        Packing reports: delta,0.029280,0.085734,0.087464,1679676319
3         EXS
16        f,293,1679676201
3         MOM
15        M:entropy_avail
41        1353 3026.0000 2118.2000 2531.7332 0.0000
12        M:mem_cached
41        1353 1674.9453 1172.4617 1401.3598 0.0000
10        M:mem_free
39        1353 12803.4648 8962.4254 0.0000 0.0000
11        M:mem_total
40        1353 14875.9336 10413.1535 0.0000 0.0000
16        M:io_writtendata
32        1353 0.1084 0.0759 0.0907 0.0000
11        M:io_writes
32        1353 6.0000 4.2000 5.0200 0.0000
6         M:cpu3
32        1353 1.5982 1.1187 1.3371 0.0000
6         M:cpu2
32        1353 0.8655 0.6058 0.7241 0.0000
6         M:cpu1
32        1353 2.5911 1.8138 2.1679 0.0000
6         M:cpu0
32        1353 1.1191 0.7834 0.9363 0.0000
5         M:cpu
32        1353 1.5483 1.0838 1.2954 0.0000
10        M:messages
41        1353 1562.0000 1093.4000 1306.8630 0.0000
8         M:ssh_in
32        1353 2.0000 1.4000 1.6733 0.0000
9         M:smtp_in
32        1353 2.0000 1.4000 1.6733 0.0000
13        M:cfengine_in
32        1353 1.0000 0.7000 0.8367 0.0000
9         M:loadavg
32        1353 0.0100 0.0070 0.0084 0.0000
10        M:diskfree
35        1353 86.0000 60.2000 71.9528 0.0000
12        M:otherprocs
32        1353 8.0000 5.6000 6.6933 0.0000
11        M:rootprocs
35        1353 97.0000 67.9000 81.1560 0.0000
7         M:users
32        1353 6.0000 4.2000 5.0200 0.0000
3         MOY
15        M:entropy_avail
40        155 3074.5000 2470.9300 4843.1648 0.0000
12        M:mem_cached
38        155 1093.2188 940.6470 467.7120 0.0000
16        M:io_writtendata
31        155 0.0308 0.0331 0.0301 0.0000
11        M:io_writes
31        155 1.0000 1.3300 1.5556 0.0000
6         M:cpu3
31        155 0.0666 0.3919 1.6927 0.0000
6         M:cpu2
31        155 0.1032 0.1400 0.2569 0.0000
6         M:cpu1
31        155 0.0766 0.1739 0.5611 0.0000
6         M:cpu0
31        155 0.1898 0.2601 0.4601 0.0000
5         M:cpu
31        155 0.1090 0.2413 0.7739 0.0000
10        M:messages
37        155 113.5000 218.2600 708.0041 0.0000
8         M:ssh_in
31        155 2.0000 1.6100 1.2570 0.0000
9         M:smtp_in
31        155 2.0000 1.6100 1.2570 0.0000
13        M:cfengine_in
31        155 1.0000 0.8050 0.6285 0.0000
9         M:loadavg
31        155 0.0100 0.0123 0.0288 0.0000
10        M:diskfree
34        155 88.0000 70.6300 56.2834 0.0000
12        M:otherprocs
31        155 6.0000 5.5650 4.1719 0.0000
11        M:rootprocs
34        155 96.0000 77.2800 60.6595 0.0000
7         M:users
31        155 6.0000 4.8300 3.7709 0.0000
# send QUERY complete successful
