# delta from 1679666478 to 1679666539 at 1679666539
22        CFR: 0 1679666538 1682
3         PRD
60        Packing reports: delta,0.035963,0.129330,0.126656,1679666479
83        Sample(/proc/sys/kernel/random/entropy_avail),0.004925,0.002425,0.002458,1679666537
3         EXS
16        f,293,1679666287
3         MOM
15        M:entropy_avail
41        1320 3119.0000 2183.3000 2609.5426 0.0000
12        M:mem_cached
41        1320 1644.9688 1151.4781 1376.2796 0.0000
10        M:mem_free
39        1320 12838.0312 8986.6219 0.0000 0.0000
11        M:mem_total
40        1320 14875.9336 10413.1535 0.0000 0.0000
16        M:io_writtendata
32        1320 0.0273 0.0191 0.0229 0.0000
6         M:cpu3
32        1320 0.0599 0.0419 0.0501 0.0000
6         M:cpu2
32        1320 0.1597 0.1118 0.1337 0.0000
6         M:cpu1
32        1320 0.1265 0.0885 0.1058 0.0000
6         M:cpu0
32        1320 0.2263 0.1584 0.1894 0.0000
5         M:cpu
32        1320 0.1415 0.0990 0.1184 0.0000
10        M:messages
38        1320 454.0000 317.8000 379.8437 0.0000
8         M:ssh_in
32        1320 2.0000 1.4000 1.6733 0.0000
9         M:smtp_in
32        1320 2.0000 1.4000 1.6733 0.0000
13        M:cfengine_in
32        1320 1.0000 0.7000 0.8367 0.0000
10        M:diskfree
35        1320 86.0000 60.2000 71.9528 0.0000
12        M:otherprocs
32        1320 6.0000 4.2000 5.0200 0.0000
11        M:rootprocs
35        1320 97.0000 67.9000 81.1560 0.0000
7         M:users
32        1320 6.0000 4.2000 5.0200 0.0000
3         MOY
15        M:entropy_avail
40        155 3084.0000 2158.8000 4855.2298 0.0000
12        M:mem_cached
39        155 1077.1406 753.9984 1553.6005 0.0000
16        M:io_writtendata
31        155 0.0312 0.0219 0.0272 0.0000
6         M:cpu3
31        155 0.0998 0.0699 0.0922 0.0000
6         M:cpu2
31        155 0.0998 0.0699 0.0837 0.0000
6         M:cpu1
31        155 0.1132 0.0792 0.1047 0.0000
6         M:cpu0
31        155 0.1831 0.1282 0.1538 0.0000
5         M:cpu
31        155 0.1240 0.0868 0.1060 0.0000
10        M:messages
37        155 227.0000 158.9000 189.9218 0.0000
8         M:ssh_in
31        155 2.0000 1.4000 1.6733 0.0000
9         M:smtp_in
31        155 2.0000 1.4000 1.6733 0.0000
13        M:cfengine_in
31        155 1.0000 0.7000 0.8367 0.0000
9         M:loadavg
31        155 0.0100 0.0070 0.0118 0.0000
10        M:diskfree
34        155 88.0000 61.6000 73.6451 0.0000
12        M:otherprocs
31        155 6.0000 4.2000 5.0200 0.0000
11        M:rootprocs
34        155 97.0000 67.9000 81.1560 0.0000
7         M:users
31        155 6.0000 4.2000 5.0200 0.0000
# send QUERY complete successful
