# delta from 1679662458 to 1679662520 at 1679662520
22        CFR: 0 1679662519 1810
3         PRD
60        Packing reports: delta,0.038683,0.212245,0.219540,1679662459
83        Sample(/proc/sys/kernel/random/entropy_avail),0.005083,0.002584,0.002662,1679662480
3         EXS
16        f,292,1679662408
3         MOM
15        M:entropy_avail
40        1306 3133.0000 2873.5000 723.7109 0.0000
12        M:mem_cached
40        1306 1635.5195 1488.1259 491.3121 0.0000
10        M:mem_free
40        1306 12839.8906 11686.4505 0.0000 0.0000
11        M:mem_total
40        1306 14875.9336 13537.0996 0.0000 0.0000
16        M:io_writtendata
32        1306 0.1680 0.1313 0.1065 0.0000
11        M:io_writes
32        1306 6.0000 4.6200 3.9563 0.0000
6         M:cpu3
32        1306 1.5513 1.1208 1.2028 0.0000
6         M:cpu2
32        1306 1.7111 1.2173 1.3777 0.0000
6         M:cpu1
32        1306 1.9379 1.4055 1.4887 0.0000
6         M:cpu0
32        1306 1.5784 1.1734 1.1394 0.0000
5         M:cpu
32        1306 1.6963 1.2300 1.3036 0.0000
10        M:messages
39        1306 1346.0000 989.8700 998.6319 0.0000
8         M:ssh_in
32        1306 2.0000 2.0300 0.1000 0.0000
9         M:smtp_in
32        1306 2.0000 1.8200 0.6000 0.0000
13        M:cfengine_in
32        1306 1.0000 0.9100 0.3000 0.0000
9         M:loadavg
32        1306 0.0400 0.0280 0.0335 0.0000
10        M:diskfree
35        1306 86.0000 78.2600 25.8000 0.0000
12        M:otherprocs
34        1306 13.0000 10.3600 7.8593 0.0000
11        M:rootprocs
35        1306 96.0000 87.3600 28.8000 0.0000
7         M:users
32        1306 6.0000 5.4600 1.8000 0.0000
3         MOY
15        M:entropy_avail
40        155 3143.0000 2200.1000 2133.3412 0.0000
12        M:mem_cached
39        155 1072.1270 750.4889 1546.6490 0.0000
16        M:io_writtendata
31        155 0.0361 0.0253 0.0323 0.0000
11        M:io_writes
31        155 1.0000 0.7000 1.1832 0.0000
6         M:cpu3
31        155 0.1065 0.0746 0.0996 0.0000
6         M:cpu2
31        155 0.0732 0.0513 0.0673 0.0000
6         M:cpu1
31        155 0.1165 0.0816 0.1084 0.0000
6         M:cpu0
31        155 0.2164 0.1515 0.1858 0.0000
5         M:cpu
31        155 0.1298 0.0909 0.1118 0.0000
10        M:messages
37        155 227.0000 158.9000 189.9218 0.0000
8         M:ssh_in
31        155 2.5000 1.7500 2.1331 0.0000
9         M:smtp_in
31        155 2.0000 1.4000 1.6733 0.0000
13        M:cfengine_in
31        155 1.0000 0.7000 0.8367 0.0000
9         M:loadavg
31        155 0.0150 0.0105 0.0132 0.0000
10        M:diskfree
34        155 88.0000 61.6000 73.6451 0.0000
12        M:otherprocs
31        155 7.0000 4.9000 5.9161 0.0000
11        M:rootprocs
34        155 97.0000 67.9000 81.1560 0.0000
7         M:users
31        155 6.5000 4.5500 5.4544 0.0000
# send QUERY complete successful
