# delta from 1679680818 to 1679680880 at 1679680880
22        CFR: 0 1679680879 1688
3         PRD
60        Packing reports: delta,0.033569,0.112685,0.114872,1679680819
3         EXS
16        f,294,1679680719
3         MOM
15        M:entropy_avail
41        1368 3064.0000 2144.8000 2563.5263 0.0000
12        M:mem_cached
41        1368 1688.6172 1182.0320 1412.7985 0.0000
10        M:mem_free
39        1368 12783.5977 8948.5184 0.0000 0.0000
11        M:mem_total
40        1368 14875.9336 10413.1535 0.0000 0.0000
16        M:io_writtendata
32        1368 0.1104 0.0772 0.0923 0.0000
11        M:io_writes
32        1368 6.0000 4.2000 5.0200 0.0000
6         M:cpu3
32        1368 1.9973 1.3981 1.6711 0.0000
6         M:cpu2
32        1368 1.2781 0.8947 1.0694 0.0000
6         M:cpu1
32        1368 1.9046 1.3332 1.5935 0.0000
6         M:cpu0
32        1368 1.1322 0.7925 0.9473 0.0000
5         M:cpu
32        1368 1.5765 1.1035 1.3190 0.0000
10        M:messages
41        1368 1815.0000 1270.5000 1518.5379 0.0000
8         M:ssh_in
32        1368 2.0000 1.4000 1.6733 0.0000
9         M:smtp_in
32        1368 2.0000 1.4000 1.6733 0.0000
13        M:cfengine_in
32        1368 1.0000 0.7000 0.8367 0.0000
10        M:diskfree
35        1368 86.0000 60.2000 71.9528 0.0000
12        M:otherprocs
34        1368 13.0000 9.1000 10.8766 0.0000
11        M:rootprocs
35        1368 97.0000 67.9000 81.1560 0.0000
7         M:users
32        1368 6.0000 4.2000 5.0200 0.0000
3         MOY
15        M:entropy_avail
40        155 3071.5000 2467.2550 4839.3563 0.0000
12        M:mem_cached
38        155 1098.6758 945.6121 469.4713 0.0000
16        M:io_writtendata
31        155 0.0303 0.0327 0.0303 0.0000
11        M:io_writes
31        155 1.0000 1.3300 1.5556 0.0000
6         M:cpu3
31        155 0.0965 0.2074 0.6379 0.0000
6         M:cpu2
31        155 0.0899 0.2572 0.9414 0.0000
6         M:cpu1
31        155 0.0999 0.2573 0.8754 0.0000
6         M:cpu0
31        155 0.1764 0.2613 0.5270 0.0000
5         M:cpu
31        155 0.1157 0.2456 0.7663 0.0000
10        M:messages
37        155 113.5000 275.9050 209.2837 0.0000
8         M:ssh_in
31        155 2.0000 1.6100 1.2570 0.0000
9         M:smtp_in
31        155 2.0000 1.6100 1.2570 0.0000
13        M:cfengine_in
31        155 1.0000 0.9100 0.6557 0.0000
9         M:loadavg
31        155 0.0100 0.0112 0.0241 0.0000
10        M:diskfree
34        155 88.0000 70.6300 56.2834 0.0000
12        M:otherprocs
31        155 6.0000 5.5650 4.1719 0.0000
11        M:rootprocs
34        155 96.5000 77.6300 60.8923 0.0000
7         M:users
31        155 6.0000 4.8300 3.7709 0.0000
# send QUERY complete successful
