# delta from 1679747658 to 1679747719 at 1679747719
22        CFR: 0 1679747718 1812
3         PRD
60        Packing reports: delta,0.060794,0.124500,0.058985,1679747659
83        Sample(/proc/sys/kernel/random/entropy_avail),0.004919,0.002420,0.002245,1679747686
3         EXS
16        f,293,1679747597
3         MOM
15        M:entropy_avail
41        1590 3244.0000 2918.2300 1085.9000 0.0000
12        M:mem_cached
40        1590 1915.0391 1742.4780 575.2035 0.0000
10        M:mem_free
40        1590 12541.7539 11415.0042 0.0000 0.0000
11        M:mem_total
40        1590 14875.9336 13537.0996 0.0000 0.0000
16        M:io_writtendata
32        1590 0.1406 0.1062 0.0974 0.0000
11        M:io_writes
32        1590 6.0000 4.6200 3.9563 0.0000
6         M:cpu3
32        1590 3.1691 2.2491 2.5666 0.0000
6         M:cpu2
32        1590 0.8919 0.6453 0.6893 0.0000
6         M:cpu1
32        1590 1.6254 1.1741 1.2610 0.0000
6         M:cpu0
32        1590 0.7459 0.5585 0.5287 0.0000
5         M:cpu
32        1590 1.6097 1.1582 1.2609 0.0000
10        M:messages
41        1590 1819.0000 1384.1800 1236.5585 0.0000
8         M:ssh_in
32        1590 2.0000 1.8200 0.6000 0.0000
9         M:smtp_in
32        1590 2.0000 1.8200 0.6000 0.0000
13        M:cfengine_in
32        1590 2.0000 1.6100 1.1803 0.0000
9         M:loadavg
32        1590 0.0400 0.0280 0.0335 0.0000
10        M:diskfree
35        1590 85.0000 77.3500 25.5000 0.0000
12        M:otherprocs
34        1590 13.0000 10.3600 7.8593 0.0000
11        M:rootprocs
35        1590 97.0000 88.2700 29.1000 0.0000
7         M:users
32        1590 6.0000 5.4600 1.8000 0.0000
3         MOY
15        M:entropy_avail
40        155 3071.5000 2467.2550 4839.3563 0.0000
12        M:mem_cached
38        155 1098.6758 945.6121 469.4713 0.0000
16        M:io_writtendata
31        155 0.0303 0.0327 0.0303 0.0000
11        M:io_writes
31        155 1.0000 1.3300 1.5556 0.0000
6         M:cpu3
31        155 0.0965 0.2074 0.6379 0.0000
6         M:cpu2
31        155 0.0899 0.2572 0.9414 0.0000
6         M:cpu1
31        155 0.0999 0.2573 0.8754 0.0000
6         M:cpu0
31        155 0.1764 0.2613 0.5270 0.0000
5         M:cpu
31        155 0.1157 0.2456 0.7663 0.0000
10        M:messages
37        155 113.5000 275.9050 209.2837 0.0000
8         M:ssh_in
31        155 2.0000 1.6100 1.2570 0.0000
9         M:smtp_in
31        155 2.0000 1.6100 1.2570 0.0000
13        M:cfengine_in
31        155 1.0000 0.9100 0.6557 0.0000
9         M:loadavg
31        155 0.0100 0.0112 0.0241 0.0000
10        M:diskfree
34        155 88.0000 70.6300 56.2834 0.0000
12        M:otherprocs
31        155 6.0000 5.5650 4.1719 0.0000
11        M:rootprocs
34        155 96.5000 77.6300 60.8923 0.0000
7         M:users
31        155 6.0000 4.8300 3.7709 0.0000
# send QUERY complete successful
