# delta from 1679689998 to 1679690059 at 1679690059
22        CFR: 0 1679690058 1696
3         PRD
60        Packing reports: delta,0.027673,0.076578,0.077277,1679689999
3         EXS
15        f,80,1679689948
3         MOM
15        M:entropy_avail
40        1398 3780.0000 3439.8000 948.7725 0.0000
12        M:mem_cached
40        1398 2035.6875 1861.8214 579.5535 0.0000
10        M:mem_free
40        1398 12413.4180 11281.2962 0.0000 0.0000
11        M:mem_total
40        1398 14863.5820 13525.8596 0.0000 0.0000
16        M:io_writtendata
32        1398 1.8076 1.5120 0.9846 0.0000
11        M:io_writes
35        1398 22.0000 18.7600 11.6365 0.0000
6         M:cpu3
32        1398 1.4002 1.3611 0.1304 0.0000
6         M:cpu2
32        1398 2.1332 1.6569 1.3754 0.0000
6         M:cpu1
32        1398 1.9733 2.3585 1.2840 0.0000
6         M:cpu0
32        1398 1.3344 1.1677 0.5556 0.0000
5         M:cpu
32        1398 1.7120 1.6369 0.2503 0.0000
10        M:messages
41        1398 3836.0000 3073.9100 2288.3813 0.0000
8         M:ssh_in
32        1398 2.0000 1.8200 0.6000 0.0000
14        M:cfengine_out
32        1398 1.0000 0.7000 0.8367 0.0000
13        M:cfengine_in
32        1398 1.0000 0.9100 0.3000 0.0000
9         M:loadavg
32        1398 0.0600 0.0777 0.0590 0.0000
10        M:diskfree
35        1398 74.0000 67.3400 22.2000 0.0000
12        M:otherprocs
32        1398 4.0000 3.6400 1.2000 0.0000
11        M:rootprocs
36        1398 108.0000 99.9600 26.8000 0.0000
7         M:users
32        1398 5.0000 4.5500 1.5000 0.0000
3         MOY
15        M:entropy_avail
39        155 3652.0000 3350.2000 848.4657 0.0000
12        M:mem_cached
39        155 1334.7988 1211.0830 461.7662 0.0000
16        M:io_writtendata
31        155 0.3193 0.3388 0.1251 0.0000
11        M:io_writes
31        155 7.0000 6.7900 1.8724 0.0000
6         M:cpu3
31        155 0.5030 0.6454 0.9539 0.0000
6         M:cpu2
31        155 0.3231 0.4795 0.7447 0.0000
6         M:cpu1
31        155 0.5199 0.5004 0.4890 0.0000
6         M:cpu0
31        155 1.3187 1.3763 1.9682 0.0000
5         M:cpu
31        155 0.6679 0.7515 1.0018 0.0000
10        M:messages
37        155 330.0000 957.9150 581.6704 0.0000
8         M:ssh_in
31        155 2.0000 1.8200 0.6000 0.0000
13        M:cfengine_in
31        155 1.0000 0.9100 0.3000 0.0000
9         M:loadavg
31        155 0.0350 0.0350 0.0597 0.0000
10        M:diskfree
34        155 80.5000 73.2550 24.2063 0.0000
12        M:otherprocs
31        155 4.0000 3.6400 1.2000 0.0000
11        M:rootprocs
36        155 113.0000 102.8300 33.9013 0.0000
7         M:users
31        155 5.0000 4.5500 1.5000 0.0000
# send QUERY complete successful
