# delta from 1679701218 to 1679701279 at 1679701279
22        CFR: 0 1679701278 2062
3         PRD
60        Packing reports: delta,0.016535,0.027341,0.027649,1679701219
83        Sample(/proc/sys/kernel/random/entropy_avail),0.004912,0.002413,0.002362,1679701221
3         EXS
16        f,121,1679700632
3         MOM
15        M:entropy_avail
38        1436 3780.0000 2646.0000 0.0000 0.0000
12        M:mem_cached
41        1436 2086.3711 1460.4598 1745.5833 0.0000
10        M:mem_free
39        1436 12335.4766 8634.8336 0.0000 0.0000
11        M:mem_total
40        1436 14863.5820 10404.5074 0.0000 0.0000
16        M:io_writtendata
32        1436 0.5293 0.3705 0.4428 0.0000
11        M:io_writes
32        1436 8.0000 5.6000 6.6933 0.0000
6         M:cpu3
32        1436 0.2999 0.2099 0.2509 0.0000
6         M:cpu2
32        1436 0.3863 0.2704 0.3232 0.0000
6         M:cpu1
32        1436 0.2331 0.1632 0.1950 0.0000
6         M:cpu0
32        1436 0.3533 0.2473 0.2956 0.0000
5         M:cpu
32        1436 0.3165 0.2215 0.2648 0.0000
10        M:messages
38        1436 7237.0000 5065.9000 0.0000 0.0000
8         M:ssh_in
32        1436 2.0000 1.4000 1.6733 0.0000
13        M:cfengine_in
32        1436 1.0000 0.7000 0.8367 0.0000
10        M:diskfree
35        1436 74.0000 51.8000 61.9128 0.0000
12        M:otherprocs
32        1436 4.0000 2.8000 3.3466 0.0000
11        M:rootprocs
36        1436 114.0000 79.8000 95.3792 0.0000
7         M:users
32        1436 5.0000 3.5000 4.1833 0.0000
3         MOY
15        M:entropy_avail
39        155 3652.0000 3350.2000 848.4657 0.0000
12        M:mem_cached
39        155 1334.7988 1211.0830 461.7662 0.0000
16        M:io_writtendata
31        155 0.3193 0.3388 0.1251 0.0000
11        M:io_writes
31        155 7.0000 6.7900 1.8724 0.0000
6         M:cpu3
31        155 0.5030 0.6454 0.9539 0.0000
6         M:cpu2
31        155 0.3231 0.4795 0.7447 0.0000
6         M:cpu1
31        155 0.5199 0.5004 0.4890 0.0000
6         M:cpu0
31        155 1.3187 1.3763 1.9682 0.0000
5         M:cpu
31        155 0.6679 0.7515 1.0018 0.0000
10        M:messages
37        155 330.0000 957.9150 581.6704 0.0000
8         M:ssh_in
31        155 2.0000 1.8200 0.6000 0.0000
13        M:cfengine_in
31        155 1.0000 0.9100 0.3000 0.0000
9         M:loadavg
31        155 0.0350 0.0350 0.0597 0.0000
10        M:diskfree
34        155 80.5000 73.2550 24.2063 0.0000
12        M:otherprocs
31        155 4.0000 3.6400 1.2000 0.0000
11        M:rootprocs
36        155 113.0000 102.8300 33.9013 0.0000
7         M:users
31        155 5.0000 4.5500 1.5000 0.0000
3         PLG
374       1679701253,7ccdf5e8cb0651ffd66f8521ac3add259f2c2cf1ac0e47af83ff782d612ba250,/var/cfengine/inputs/services/cfbs/churn_local_users.cf,35918a18f3f028e3a16776f9d73c3e66ccce4a02,114,default,churn_local_users,users,bobafett,/default/churn_local_users/users/'bobafett'[4],,[],"[""Created user 'bobafett'""]",10,SHA=66aec41141537e4570d6a74066d87b0a9129cc05975edb37015fa542e617fbd4

# send QUERY complete successful
