# delta from 1679738958 to 1679739020 at 1679739020
22        CFR: 0 1679739019 2032
3         PRD
60        Packing reports: delta,0.029005,0.084127,0.077358,1679738959
3         EXS
15        f,38,1679738421
3         MOM
15        M:entropy_avail
41        1561 4036.0000 3619.0000 1162.9574 0.0000
12        M:mem_cached
40        1561 2217.1172 2015.7285 671.2957 0.0000
10        M:mem_free
40        1561 12198.1914 11106.9511 0.0000 0.0000
11        M:mem_total
40        1561 14863.5820 13525.8596 0.0000 0.0000
16        M:io_writtendata
32        1561 0.2051 0.1513 0.1508 0.0000
11        M:io_writes
32        1561 6.0000 4.6200 3.9563 0.0000
6         M:cpu3
32        1561 0.5930 0.4599 0.3839 0.0000
6         M:cpu2
32        1561 1.0263 0.7534 0.7650 0.0000
6         M:cpu1
32        1561 1.2992 0.9402 1.0034 0.0000
6         M:cpu0
32        1561 1.9399 1.3859 1.5462 0.0000
5         M:cpu
32        1561 1.2178 0.8871 0.9254 0.0000
10        M:messages
41        1561 4561.0000 3727.3600 2601.2410 0.0000
8         M:ssh_in
32        1561 2.0000 1.8200 0.6000 0.0000
13        M:cfengine_in
32        1561 1.0000 0.9100 0.3000 0.0000
9         M:loadavg
32        1561 0.0300 0.0252 0.0162 0.0000
10        M:diskfree
35        1561 73.0000 66.4300 21.9000 0.0000
12        M:otherprocs
32        1561 4.0000 3.6400 1.2000 0.0000
11        M:rootprocs
37        1561 113.0000 101.9900 36.7000 0.0000
7         M:users
32        1561 5.0000 4.5500 1.5000 0.0000
3         MOY
15        M:entropy_avail
39        155 3652.0000 3350.2000 848.4657 0.0000
12        M:mem_cached
39        155 1334.7988 1211.0830 461.7662 0.0000
16        M:io_writtendata
31        155 0.3193 0.3388 0.1251 0.0000
11        M:io_writes
31        155 7.0000 6.7900 1.8724 0.0000
6         M:cpu3
31        155 0.5030 0.6454 0.9539 0.0000
6         M:cpu2
31        155 0.3231 0.4795 0.7447 0.0000
6         M:cpu1
31        155 0.5199 0.5004 0.4890 0.0000
6         M:cpu0
31        155 1.3187 1.3763 1.9682 0.0000
5         M:cpu
31        155 0.6679 0.7515 1.0018 0.0000
10        M:messages
37        155 330.0000 957.9150 581.6704 0.0000
8         M:ssh_in
31        155 2.0000 1.8200 0.6000 0.0000
13        M:cfengine_in
31        155 1.0000 0.9100 0.3000 0.0000
9         M:loadavg
31        155 0.0350 0.0350 0.0597 0.0000
10        M:diskfree
34        155 80.5000 73.2550 24.2063 0.0000
12        M:otherprocs
31        155 4.0000 3.6400 1.2000 0.0000
11        M:rootprocs
36        155 113.0000 102.8300 33.9013 0.0000
7         M:users
31        155 5.0000 4.5500 1.5000 0.0000
3         PLG
380       1679739013,e887e0088ce4bdd3d8816948862add187791335771b43d31dd2ff625229bc5b5,/var/cfengine/inputs/services/cfbs/churn_local_users.cf,35918a18f3f028e3a16776f9d73c3e66ccce4a02,114,default,churn_local_users,users,leiaorgana,/default/churn_local_users/users/'leiaorgana'[7],,[],"[""Created user 'leiaorgana'""]",10,SHA=66aec41141537e4570d6a74066d87b0a9129cc05975edb37015fa542e617fbd4

# send QUERY complete successful
