# delta from 1679689398 to 1679689459 at 1679689459
22        CFR: 0 1679689458 1695
3         PRD
60        Packing reports: delta,0.027170,0.073822,0.074451,1679689399
3         EXS
16        f,323,1679689395
3         MOM
15        M:entropy_avail
40        1396 3780.0000 3439.8000 948.7725 0.0000
12        M:mem_cached
40        1396 2049.4844 1869.1799 601.0148 0.0000
10        M:mem_free
38        1396 8647.9121 8647.9121 0.0000 0.0000
11        M:mem_total
40        1396 10404.5074 10404.5074 0.0000 0.0000
16        M:io_writtendata
32        1396 1.5352 1.2491 0.8839 0.0000
11        M:io_writes
34        1396 16.0000 13.7200 8.4067 0.0000
6         M:cpu3
32        1396 0.5068 0.6502 0.4780 0.0000
6         M:cpu2
32        1396 1.4585 1.1693 0.8693 0.0000
6         M:cpu1
32        1396 1.0394 1.6771 2.1257 0.0000
6         M:cpu0
32        1396 0.6535 1.0495 1.3201 0.0000
5         M:cpu
32        1396 0.9131 1.1357 0.7421 0.0000
10        M:messages
41        1396 3031.0000 2554.5100 1630.3096 0.0000
8         M:ssh_in
32        1396 2.0000 1.8200 0.6000 0.0000
14        M:cfengine_out
32        1396 1.0000 0.7000 0.8367 0.0000
13        M:cfengine_in
32        1396 1.0000 0.9100 0.3000 0.0000
9         M:loadavg
32        1396 0.0500 0.0581 0.0270 0.0000
10        M:diskfree
35        1396 74.0000 67.3400 22.2000 0.0000
12        M:otherprocs
32        1396 4.0000 3.6400 1.2000 0.0000
11        M:rootprocs
37        1396 115.0000 104.0200 36.6000 0.0000
7         M:users
32        1396 5.0000 4.5500 1.5000 0.0000
3         MOY
15        M:entropy_avail
39        155 3652.0000 3350.2000 848.4657 0.0000
12        M:mem_cached
39        155 1334.7988 1211.0830 461.7662 0.0000
16        M:io_writtendata
31        155 0.3193 0.3388 0.1251 0.0000
11        M:io_writes
31        155 7.0000 6.7900 1.8724 0.0000
6         M:cpu3
31        155 0.5030 0.6454 0.9539 0.0000
6         M:cpu2
31        155 0.3231 0.4795 0.7447 0.0000
6         M:cpu1
31        155 0.5199 0.5004 0.4890 0.0000
6         M:cpu0
31        155 1.3187 1.3763 1.9682 0.0000
5         M:cpu
31        155 0.6679 0.7515 1.0018 0.0000
10        M:messages
37        155 330.0000 957.9150 581.6704 0.0000
8         M:ssh_in
31        155 2.0000 1.8200 0.6000 0.0000
13        M:cfengine_in
31        155 1.0000 0.9100 0.3000 0.0000
9         M:loadavg
31        155 0.0350 0.0350 0.0597 0.0000
10        M:diskfree
34        155 80.5000 73.2550 24.2063 0.0000
12        M:otherprocs
31        155 4.0000 3.6400 1.2000 0.0000
11        M:rootprocs
36        155 113.0000 102.8300 33.9013 0.0000
7         M:users
31        155 5.0000 4.5500 1.5000 0.0000
# send QUERY complete successful
