# delta from 1679670918 to 1679670979 at 1679670979
21        CFR: 0 1679670978 806
3         PRD
60        Packing reports: delta,0.030003,0.090019,0.090601,1679670919
3         EXS
16        f,265,1679670894
3         MOY
15        M:entropy_avail
39        155 3652.0000 3350.2000 848.4657 0.0000
12        M:mem_cached
39        155 1325.6133 1202.9637 456.9957 0.0000
16        M:io_writtendata
31        155 0.5635 0.6041 0.1406 0.0000
11        M:io_writes
31        155 9.0000 9.2400 0.8944 0.0000
6         M:cpu3
31        155 0.4633 0.6694 0.9253 0.0000
6         M:cpu2
31        155 0.4062 0.7013 0.9862 0.0000
6         M:cpu1
31        155 0.3499 0.4373 0.3399 0.0000
6         M:cpu0
31        155 0.6230 0.9474 1.6164 0.0000
5         M:cpu
31        155 0.4614 0.6889 0.9174 0.0000
10        M:messages
38        155 367.5000 1042.5450 625.0224 0.0000
8         M:ssh_in
31        155 2.0000 1.8200 0.6000 0.0000
13        M:cfengine_in
31        155 1.0000 0.9100 0.3000 0.0000
9         M:loadavg
31        155 0.0450 0.0504 0.0510 0.0000
10        M:diskfree
34        155 80.5000 73.2550 24.2063 0.0000
12        M:otherprocs
31        155 4.0000 3.6400 1.2000 0.0000
11        M:rootprocs
36        155 112.5000 102.5850 33.0700 0.0000
7         M:users
31        155 5.0000 4.5500 1.5000 0.0000
# send QUERY complete successful
