# delta from 1679739498 to 1679739559 at 1679739559
22        CFR: 0 1679739558 2250
3         PRD
60        Packing reports: delta,0.028238,0.079739,0.079586,1679739499
83        Sample(/proc/sys/kernel/random/entropy_avail),0.004939,0.002440,0.002603,1679739540
3         EXS
16        f,603,1679739267
3         MOM
15        M:entropy_avail
41        1563 4036.0000 3619.0000 1162.9574 0.0000
12        M:mem_cached
40        1563 2236.0312 2037.0837 663.1586 0.0000
10        M:mem_free
40        1563 12156.5625 11062.5490 0.0000 0.0000
11        M:mem_total
40        1563 14863.5820 13525.8596 0.0000 0.0000
16        M:io_writtendata
32        1563 1.1084 0.9719 0.4549 0.0000
11        M:io_writes
34        1563 14.0000 12.7400 4.2000 0.0000
6         M:cpu3
32        1563 0.5731 0.5145 0.1953 0.0000
6         M:cpu2
32        1563 1.2192 2.2503 3.4369 0.0000
6         M:cpu1
32        1563 0.5063 0.5826 0.2541 0.0000
6         M:cpu0
32        1563 1.5989 1.3207 0.8918 0.0000
5         M:cpu
32        1563 0.9744 1.1667 0.6411 0.0000
10        M:messages
40        1563 443.0000 1079.3300 1774.6396 0.0000
8         M:ssh_in
32        1563 2.0000 1.8200 0.6000 0.0000
14        M:cfengine_out
32        1563 0.0000 0.2100 0.7436 0.0000
13        M:cfengine_in
32        1563 1.0000 0.9100 0.3000 0.0000
9         M:loadavg
32        1563 0.0100 0.0280 0.0680 0.0000
10        M:diskfree
35        1563 73.0000 66.2200 22.6000 0.0000
12        M:otherprocs
32        1563 4.0000 3.6400 1.2000 0.0000
11        M:rootprocs
37        1563 115.0000 104.6500 34.5000 0.0000
7         M:users
32        1563 5.0000 4.5500 1.5000 0.0000
3         MOY
15        M:entropy_avail
39        155 3652.0000 3350.2000 848.4657 0.0000
12        M:mem_cached
39        155 1334.7988 1211.0830 461.7662 0.0000
16        M:io_writtendata
31        155 0.3193 0.3388 0.1251 0.0000
11        M:io_writes
31        155 7.0000 6.7900 1.8724 0.0000
6         M:cpu3
31        155 0.5030 0.6454 0.9539 0.0000
6         M:cpu2
31        155 0.3231 0.4795 0.7447 0.0000
6         M:cpu1
31        155 0.5199 0.5004 0.4890 0.0000
6         M:cpu0
31        155 1.3187 1.3763 1.9682 0.0000
5         M:cpu
31        155 0.6679 0.7515 1.0018 0.0000
10        M:messages
37        155 330.0000 957.9150 581.6704 0.0000
8         M:ssh_in
31        155 2.0000 1.8200 0.6000 0.0000
13        M:cfengine_in
31        155 1.0000 0.9100 0.3000 0.0000
9         M:loadavg
31        155 0.0350 0.0350 0.0597 0.0000
10        M:diskfree
34        155 80.5000 73.2550 24.2063 0.0000
12        M:otherprocs
31        155 4.0000 3.6400 1.2000 0.0000
11        M:rootprocs
36        155 113.0000 102.8300 33.9013 0.0000
7         M:users
31        155 5.0000 4.5500 1.5000 0.0000
3         PLG
467       1679739545,694b8484bbac8080a9932829d3a07c4ccd93fc41056d40a7dfd51f1628205745,/var/cfengine/inputs/services/cfbs/churn_local_users.cf,35918a18f3f028e3a16776f9d73c3e66ccce4a02,110,default,churn_local_users,users,maul,/default/churn_local_users/users/'maul'[11],,[],"[""Command returned error while creating user 'maul'. (Command line: '/sbin/useradd -M maul')"",""Failed to create user 'maul'""]",10,SHA=66aec41141537e4570d6a74066d87b0a9129cc05975edb37015fa542e617fbd4

# send QUERY complete successful
