# delta from 1679697438 to 1679697499 at 1679697499
22        CFR: 0 1679697498 1733
3         PRD
60        Packing reports: delta,0.031024,0.096251,0.096727,1679697439
83        Sample(/proc/sys/kernel/random/entropy_avail),0.004780,0.002285,0.002165,1679697464
3         EXS
16        f,238,1679697355
3         MOM
15        M:entropy_avail
41        1423 4036.0000 3619.0000 1162.9574 0.0000
12        M:mem_cached
40        1423 2077.7500 1892.3907 617.8645 0.0000
10        M:mem_free
40        1423 12346.7461 11232.6605 0.0000 0.0000
11        M:mem_total
40        1423 14863.5820 13525.8596 0.0000 0.0000
16        M:io_writtendata
32        1423 0.7383 0.6191 0.4004 0.0000
11        M:io_writes
33        1423 10.0000 9.1000 3.0000 0.0000
6         M:cpu3
32        1423 2.3471 1.7200 1.7571 0.0000
6         M:cpu2
32        1423 4.3782 3.1501 3.4302 0.0000
6         M:cpu1
32        1423 3.4269 2.4702 2.6727 0.0000
6         M:cpu0
32        1423 1.7664 1.3317 1.2301 0.0000
5         M:cpu
32        1423 2.9765 2.1658 2.2682 0.0000
10        M:messages
40        1423 1499.0000 1634.5700 451.9000 0.0000
8         M:ssh_in
32        1423 2.0000 1.8200 0.6000 0.0000
13        M:cfengine_in
32        1423 1.0000 0.9100 0.3000 0.0000
9         M:loadavg
32        1423 0.0600 0.0504 0.0324 0.0000
10        M:diskfree
35        1423 74.0000 67.3400 22.2000 0.0000
12        M:otherprocs
32        1423 4.0000 3.6400 1.2000 0.0000
11        M:rootprocs
37        1423 111.0000 102.6900 27.7000 0.0000
7         M:users
32        1423 5.0000 4.5500 1.5000 0.0000
3         MOY
15        M:entropy_avail
39        155 3652.0000 3350.2000 848.4657 0.0000
12        M:mem_cached
39        155 1334.7988 1211.0830 461.7662 0.0000
16        M:io_writtendata
31        155 0.3193 0.3388 0.1251 0.0000
11        M:io_writes
31        155 7.0000 6.7900 1.8724 0.0000
6         M:cpu3
31        155 0.5030 0.6454 0.9539 0.0000
6         M:cpu2
31        155 0.3231 0.4795 0.7447 0.0000
6         M:cpu1
31        155 0.5199 0.5004 0.4890 0.0000
6         M:cpu0
31        155 1.3187 1.3763 1.9682 0.0000
5         M:cpu
31        155 0.6679 0.7515 1.0018 0.0000
10        M:messages
37        155 330.0000 957.9150 581.6704 0.0000
8         M:ssh_in
31        155 2.0000 1.8200 0.6000 0.0000
13        M:cfengine_in
31        155 1.0000 0.9100 0.3000 0.0000
9         M:loadavg
31        155 0.0350 0.0350 0.0597 0.0000
10        M:diskfree
34        155 80.5000 73.2550 24.2063 0.0000
12        M:otherprocs
31        155 4.0000 3.6400 1.2000 0.0000
11        M:rootprocs
36        155 113.0000 102.8300 33.9013 0.0000
7         M:users
31        155 5.0000 4.5500 1.5000 0.0000
# send QUERY complete successful
