# delta from 1679729058 to 1679729119 at 1679729119
22        CFR: 0 1679729118 2035
3         PRD
60        Packing reports: delta,0.017883,0.031982,0.032448,1679729059
3         EXS
16        f,384,1679729004
3         MOM
15        M:entropy_avail
41        1528 4036.0000 3619.0000 1162.9574 0.0000
12        M:mem_cached
40        1528 2215.5742 2013.6329 673.1379 0.0000
10        M:mem_free
38        1528 8546.7238 8546.7238 0.0000 0.0000
11        M:mem_total
40        1528 10404.5074 10404.5074 0.0000 0.0000
16        M:io_writtendata
32        1528 0.8896 0.8004 0.2977 0.0000
11        M:io_writes
34        1528 14.0000 11.9000 7.4364 0.0000
6         M:cpu3
32        1528 1.4069 1.0198 1.0823 0.0000
6         M:cpu2
32        1528 1.4065 1.0433 1.0209 0.0000
6         M:cpu1
32        1528 2.5315 1.8182 1.9918 0.0000
6         M:cpu0
32        1528 0.6531 0.5271 0.3831 0.0000
5         M:cpu
32        1528 1.5029 1.1045 1.1170 0.0000
10        M:messages
40        1528 1915.0000 1875.1600 132.8000 0.0000
8         M:ssh_in
32        1528 2.0000 1.8200 0.6000 0.0000
13        M:cfengine_in
32        1528 1.0000 0.9100 0.3000 0.0000
9         M:loadavg
32        1528 0.0900 0.0630 0.0753 0.0000
10        M:diskfree
35        1528 73.0000 66.4300 21.9000 0.0000
12        M:otherprocs
32        1528 4.0000 3.6400 1.2000 0.0000
11        M:rootprocs
37        1528 111.0000 101.0100 33.3000 0.0000
7         M:users
32        1528 5.0000 4.5500 1.5000 0.0000
3         MOY
15        M:entropy_avail
39        155 3652.0000 3350.2000 848.4657 0.0000
12        M:mem_cached
39        155 1334.7988 1211.0830 461.7662 0.0000
16        M:io_writtendata
31        155 0.3193 0.3388 0.1251 0.0000
11        M:io_writes
31        155 7.0000 6.7900 1.8724 0.0000
6         M:cpu3
31        155 0.5030 0.6454 0.9539 0.0000
6         M:cpu2
31        155 0.3231 0.4795 0.7447 0.0000
6         M:cpu1
31        155 0.5199 0.5004 0.4890 0.0000
6         M:cpu0
31        155 1.3187 1.3763 1.9682 0.0000
5         M:cpu
31        155 0.6679 0.7515 1.0018 0.0000
10        M:messages
37        155 330.0000 957.9150 581.6704 0.0000
8         M:ssh_in
31        155 2.0000 1.8200 0.6000 0.0000
13        M:cfengine_in
31        155 1.0000 0.9100 0.3000 0.0000
9         M:loadavg
31        155 0.0350 0.0350 0.0597 0.0000
10        M:diskfree
34        155 80.5000 73.2550 24.2063 0.0000
12        M:otherprocs
31        155 4.0000 3.6400 1.2000 0.0000
11        M:rootprocs
36        155 113.0000 102.8300 33.9013 0.0000
7         M:users
31        155 5.0000 4.5500 1.5000 0.0000
3         PLG
383       1679729067,8f889933d10bb688c85e85dce773c282b796ebe7ebe2528f99dba8fe2cc4d5bb,/var/cfengine/inputs/services/cfbs/churn_local_users.cf,35918a18f3f028e3a16776f9d73c3e66ccce4a02,114,default,churn_local_users,users,jarjarbinks,/default/churn_local_users/users/'jarjarbinks'[2],,[],"[""Created user 'jarjarbinks'""]",10,SHA=66aec41141537e4570d6a74066d87b0a9129cc05975edb37015fa542e617fbd4

# send QUERY complete successful
