# delta from 1679710578 to 1679710639 at 1679710639
22        CFR: 0 1679710638 2142
3         PRD
108       CFEngine Execution (policy filename: '/var/cfengine/inputs/update.cf'),0.034200,0.334343,0.333079,1679710634
60        Packing reports: delta,0.023302,0.054300,0.054406,1679710579
3         EXS
16        f,256,1679710416
3         MOM
15        M:entropy_avail
38        1467 3780.0000 2646.0000 0.0000 0.0000
12        M:mem_cached
41        1467 2147.9180 1503.5426 1797.0771 0.0000
10        M:mem_free
39        1467 12273.6992 8591.5895 0.0000 0.0000
11        M:mem_total
40        1467 14863.5820 10404.5074 0.0000 0.0000
16        M:io_writtendata
32        1467 0.7383 0.5168 0.6177 0.0000
11        M:io_writes
33        1467 10.0000 7.0000 8.3666 0.0000
6         M:cpu3
32        1467 0.7798 0.5459 0.6525 0.0000
6         M:cpu2
32        1467 0.3197 0.2238 0.2674 0.0000
6         M:cpu1
32        1467 0.4533 0.3173 0.3792 0.0000
6         M:cpu0
32        1467 0.3533 0.2473 0.2956 0.0000
5         M:cpu
32        1467 0.4748 0.3324 0.3973 0.0000
10        M:messages
38        1467 3317.0000 2321.9000 0.0000 0.0000
8         M:ssh_in
32        1467 2.0000 1.4000 1.6733 0.0000
13        M:cfengine_in
32        1467 1.0000 0.7000 0.8367 0.0000
9         M:loadavg
32        1467 0.0800 0.0560 0.0669 0.0000
10        M:diskfree
35        1467 73.0000 51.1000 61.0762 0.0000
12        M:otherprocs
32        1467 4.0000 2.8000 3.3466 0.0000
11        M:rootprocs
36        1467 112.0000 78.4000 93.7059 0.0000
7         M:users
32        1467 5.0000 3.5000 4.1833 0.0000
3         MOY
15        M:entropy_avail
39        155 3652.0000 3350.2000 848.4657 0.0000
12        M:mem_cached
39        155 1334.7988 1211.0830 461.7662 0.0000
16        M:io_writtendata
31        155 0.3193 0.3388 0.1251 0.0000
11        M:io_writes
31        155 7.0000 6.7900 1.8724 0.0000
6         M:cpu3
31        155 0.5030 0.6454 0.9539 0.0000
6         M:cpu2
31        155 0.3231 0.4795 0.7447 0.0000
6         M:cpu1
31        155 0.5199 0.5004 0.4890 0.0000
6         M:cpu0
31        155 1.3187 1.3763 1.9682 0.0000
5         M:cpu
31        155 0.6679 0.7515 1.0018 0.0000
10        M:messages
37        155 330.0000 957.9150 581.6704 0.0000
8         M:ssh_in
31        155 2.0000 1.8200 0.6000 0.0000
13        M:cfengine_in
31        155 1.0000 0.9100 0.3000 0.0000
9         M:loadavg
31        155 0.0350 0.0350 0.0597 0.0000
10        M:diskfree
34        155 80.5000 73.2550 24.2063 0.0000
12        M:otherprocs
31        155 4.0000 3.6400 1.2000 0.0000
11        M:rootprocs
36        155 113.0000 102.8300 33.9013 0.0000
7         M:users
31        155 5.0000 4.5500 1.5000 0.0000
3         PLG
387       1679710626,e2e6d4f32f029df22474ec21672b5b657148508abbd7acf549626f197a4966c3,/var/cfengine/inputs/services/cfbs/churn_local_users.cf,35918a18f3f028e3a16776f9d73c3e66ccce4a02,114,default,churn_local_users,users,darthsidious,/default/churn_local_users/users/'darthsidious'[10],,[],"[""Created user 'darthsidious'""]",10,SHA=66aec41141537e4570d6a74066d87b0a9129cc05975edb37015fa542e617fbd4

# send QUERY complete successful
