# delta from 1679690358 to 1679690419 at 1679690419
22        CFR: 0 1679690418 3182
3         PRD
60        Packing reports: delta,0.027819,0.077392,0.077730,1679690359
83        Sample(/proc/sys/kernel/random/entropy_avail),0.007053,0.004975,0.010846,1679690402
3         EXS
15        f,80,1679689948
3         MOM
15        M:entropy_avail
40        1399 3780.0000 3439.8000 948.7725 0.0000
38        1400 3780.0000 2646.0000 0.0000 0.0000
12        M:mem_cached
40        1399 2035.8086 1852.5653 610.8109 0.0000
41        1400 2053.5352 1437.4746 1718.1108 0.0000
10        M:mem_free
40        1399 12386.9883 11275.5046 0.0000 0.0000
39        1400 12368.9023 8658.2316 0.0000 0.0000
11        M:mem_total
40        1399 14863.5820 13525.8596 0.0000 0.0000
40        1400 14863.5820 10404.5074 0.0000 0.0000
16        M:io_writtendata
32        1399 0.0342 0.1117 0.2888 0.0000
32        1400 0.3203 0.2242 0.2680 0.0000
11        M:io_writes
32        1399 2.0000 2.6600 2.2000 0.0000
32        1400 6.0000 4.2000 5.0200 0.0000
6         M:cpu3
32        1399 0.2333 0.1731 0.1692 0.0000
32        1400 0.6665 0.4665 0.5576 0.0000
6         M:cpu2
32        1399 0.9194 0.6716 0.6939 0.0000
32        1400 0.2133 0.1493 0.1785 0.0000
6         M:cpu1
32        1399 1.2317 0.8929 0.9471 0.0000
32        1400 0.8930 0.6251 0.7472 0.0000
6         M:cpu0
32        1399 1.0719 0.7601 0.8698 0.0000
32        1400 0.5063 0.3544 0.4236 0.0000
5         M:cpu
32        1399 0.8659 0.6257 0.6712 0.0000
32        1400 0.5665 0.3965 0.4739 0.0000
10        M:messages
41        1399 2546.0000 1782.2000 2130.1364 0.0000
38        1400 7107.0000 4974.9000 0.0000 0.0000
8         M:ssh_in
32        1399 2.0000 1.8200 0.6000 0.0000
32        1400 2.0000 1.4000 1.6733 0.0000
14        M:cfengine_out
32        1399 1.0000 0.7000 0.8367 0.0000
13        M:cfengine_in
32        1399 1.0000 0.9100 0.3000 0.0000
32        1400 1.0000 0.7000 0.8367 0.0000
9         M:loadavg
32        1399 0.0600 0.0441 0.0446 0.0000
32        1400 0.0500 0.0350 0.0418 0.0000
10        M:diskfree
35        1399 74.0000 67.3400 22.2000 0.0000
35        1400 74.0000 51.8000 61.9128 0.0000
12        M:otherprocs
32        1399 4.0000 3.6400 1.2000 0.0000
32        1400 4.0000 2.8000 3.3466 0.0000
11        M:rootprocs
37        1399 115.0000 102.7600 40.8000 0.0000
36        1400 117.0000 81.9000 97.8892 0.0000
7         M:users
32        1399 5.0000 4.5500 1.5000 0.0000
32        1400 5.0000 3.5000 4.1833 0.0000
3         MOY
15        M:entropy_avail
39        155 3652.0000 3350.2000 848.4657 0.0000
12        M:mem_cached
39        155 1334.7988 1211.0830 461.7662 0.0000
16        M:io_writtendata
31        155 0.3193 0.3388 0.1251 0.0000
11        M:io_writes
31        155 7.0000 6.7900 1.8724 0.0000
6         M:cpu3
31        155 0.5030 0.6454 0.9539 0.0000
6         M:cpu2
31        155 0.3231 0.4795 0.7447 0.0000
6         M:cpu1
31        155 0.5199 0.5004 0.4890 0.0000
6         M:cpu0
31        155 1.3187 1.3763 1.9682 0.0000
5         M:cpu
31        155 0.6679 0.7515 1.0018 0.0000
10        M:messages
37        155 330.0000 957.9150 581.6704 0.0000
8         M:ssh_in
31        155 2.0000 1.8200 0.6000 0.0000
13        M:cfengine_in
31        155 1.0000 0.9100 0.3000 0.0000
9         M:loadavg
31        155 0.0350 0.0350 0.0597 0.0000
10        M:diskfree
34        155 80.5000 73.2550 24.2063 0.0000
12        M:otherprocs
31        155 4.0000 3.6400 1.2000 0.0000
11        M:rootprocs
36        155 113.0000 102.8300 33.9013 0.0000
7         M:users
31        155 5.0000 4.5500 1.5000 0.0000
3         PLG
377       1679690367,45515e325a9f698dee71cac8560404b967e6137a743cd402b784217f28fc6729,/var/cfengine/inputs/services/cfbs/churn_local_users.cf,35918a18f3f028e3a16776f9d73c3e66ccce4a02,114,default,churn_local_users,users,chewbacca,/default/churn_local_users/users/'chewbacca'[3],,[],"[""Created user 'chewbacca'""]",10,SHA=66aec41141537e4570d6a74066d87b0a9129cc05975edb37015fa542e617fbd4

374       1679690392,ad252c73d4c3ae487396792116aed12668e52a7ba42d02ddf6b64cf49dcd29cb,/var/cfengine/inputs/services/cfbs/churn_local_users.cf,35918a18f3f028e3a16776f9d73c3e66ccce4a02,114,default,churn_local_users,users,bobafett,/default/churn_local_users/users/'bobafett'[4],,[],"[""Removed user 'bobafett'""]",10,SHA=66aec41141537e4570d6a74066d87b0a9129cc05975edb37015fa542e617fbd4

# send QUERY complete successful
