# delta from 1679708358 to 1679708419 at 1679708419
22        CFR: 0 1679708418 1695
3         PRD
60        Packing reports: delta,0.021511,0.046274,0.046903,1679708359
3         EXS
16        f,343,1679708268
3         MOM
15        M:entropy_avail
41        1459 4036.0000 3619.0000 1162.9574 0.0000
12        M:mem_cached
40        1459 2111.7930 1927.0768 615.7207 0.0000
10        M:mem_free
38        1459 8598.0262 8598.0262 0.0000 0.0000
11        M:mem_total
40        1459 10404.5074 10404.5074 0.0000 0.0000
16        M:io_writtendata
32        1459 1.0459 0.9901 0.1859 0.0000
11        M:io_writes
34        1459 14.0000 13.1600 2.8000 0.0000
6         M:cpu3
32        1459 0.6332 0.5300 0.3445 0.0000
6         M:cpu2
32        1459 1.0128 0.8027 0.6206 0.0000
6         M:cpu1
32        1459 2.6321 2.4162 0.7195 0.0000
6         M:cpu0
32        1459 1.4273 1.1882 0.7842 0.0000
5         M:cpu
32        1459 1.4248 1.2332 0.6386 0.0000
10        M:messages
40        1459 944.0000 1308.2300 1214.1000 0.0000
8         M:ssh_in
32        1459 2.0000 1.8200 0.6000 0.0000
14        M:cfengine_out
32        1459 1.0000 0.7000 0.8367 0.0000
13        M:cfengine_in
32        1459 1.0000 0.9100 0.3000 0.0000
9         M:loadavg
32        1459 0.1100 0.0812 0.0808 0.0000
10        M:diskfree
35        1459 74.0000 67.1300 22.9000 0.0000
12        M:otherprocs
32        1459 4.0000 3.6400 1.2000 0.0000
11        M:rootprocs
37        1459 112.0000 102.5500 31.5000 0.0000
7         M:users
32        1459 5.0000 4.5500 1.5000 0.0000
3         MOY
15        M:entropy_avail
39        155 3652.0000 3350.2000 848.4657 0.0000
12        M:mem_cached
39        155 1334.7988 1211.0830 461.7662 0.0000
16        M:io_writtendata
31        155 0.3193 0.3388 0.1251 0.0000
11        M:io_writes
31        155 7.0000 6.7900 1.8724 0.0000
6         M:cpu3
31        155 0.5030 0.6454 0.9539 0.0000
6         M:cpu2
31        155 0.3231 0.4795 0.7447 0.0000
6         M:cpu1
31        155 0.5199 0.5004 0.4890 0.0000
6         M:cpu0
31        155 1.3187 1.3763 1.9682 0.0000
5         M:cpu
31        155 0.6679 0.7515 1.0018 0.0000
10        M:messages
37        155 330.0000 957.9150 581.6704 0.0000
8         M:ssh_in
31        155 2.0000 1.8200 0.6000 0.0000
13        M:cfengine_in
31        155 1.0000 0.9100 0.3000 0.0000
9         M:loadavg
31        155 0.0350 0.0350 0.0597 0.0000
10        M:diskfree
34        155 80.5000 73.2550 24.2063 0.0000
12        M:otherprocs
31        155 4.0000 3.6400 1.2000 0.0000
11        M:rootprocs
36        155 113.0000 102.8300 33.9013 0.0000
7         M:users
31        155 5.0000 4.5500 1.5000 0.0000
# send QUERY complete successful
