# delta from 1679687898 to 1679687959 at 1679687959
22        CFR: 0 1679687958 2142
3         PRD
60        Packing reports: delta,0.024399,0.059531,0.060959,1679687899
3         EXS
16        f,465,1679687847
3         MOM
15        M:entropy_avail
38        1391 3780.0000 2646.0000 0.0000 0.0000
12        M:mem_cached
41        1391 2075.8477 1453.0934 1736.7788 0.0000
10        M:mem_free
39        1391 12326.1406 8628.2984 0.0000 0.0000
11        M:mem_total
40        1391 14863.5820 10404.5074 0.0000 0.0000
16        M:io_writtendata
32        1391 0.9473 0.6631 0.7925 0.0000
11        M:io_writes
34        1391 14.0000 9.8000 11.7132 0.0000
6         M:cpu3
32        1391 0.5134 0.3594 0.4295 0.0000
6         M:cpu2
32        1391 1.4128 0.9889 1.1820 0.0000
6         M:cpu1
32        1391 1.8132 1.2692 1.5170 0.0000
6         M:cpu0
32        1391 1.4473 1.0131 1.2109 0.0000
5         M:cpu
32        1391 1.2967 0.9077 1.0849 0.0000
10        M:messages
38        1391 3608.0000 2525.6000 0.0000 0.0000
8         M:ssh_in
32        1391 2.0000 1.4000 1.6733 0.0000
14        M:cfengine_out
32        1391 1.0000 0.7000 0.8367 0.0000
13        M:cfengine_in
32        1391 1.0000 0.7000 0.8367 0.0000
9         M:loadavg
32        1391 0.1300 0.0910 0.1088 0.0000
10        M:diskfree
35        1391 74.0000 51.8000 61.9128 0.0000
12        M:otherprocs
32        1391 4.0000 2.8000 3.3466 0.0000
11        M:rootprocs
37        1391 120.0000 84.0000 100.3992 0.0000
7         M:users
32        1391 5.0000 3.5000 4.1833 0.0000
3         MOY
15        M:entropy_avail
39        155 3652.0000 3350.2000 848.4657 0.0000
12        M:mem_cached
39        155 1334.7988 1211.0830 461.7662 0.0000
16        M:io_writtendata
31        155 0.3193 0.3388 0.1251 0.0000
11        M:io_writes
31        155 7.0000 6.7900 1.8724 0.0000
6         M:cpu3
31        155 0.5030 0.6454 0.9539 0.0000
6         M:cpu2
31        155 0.3231 0.4795 0.7447 0.0000
6         M:cpu1
31        155 0.5199 0.5004 0.4890 0.0000
6         M:cpu0
31        155 1.3187 1.3763 1.9682 0.0000
5         M:cpu
31        155 0.6679 0.7515 1.0018 0.0000
10        M:messages
37        155 330.0000 957.9150 581.6704 0.0000
8         M:ssh_in
31        155 2.0000 1.8200 0.6000 0.0000
13        M:cfengine_in
31        155 1.0000 0.9100 0.3000 0.0000
9         M:loadavg
31        155 0.0350 0.0350 0.0597 0.0000
10        M:diskfree
34        155 80.5000 73.2550 24.2063 0.0000
12        M:otherprocs
31        155 4.0000 3.6400 1.2000 0.0000
11        M:rootprocs
36        155 113.0000 102.8300 33.9013 0.0000
7         M:users
31        155 5.0000 4.5500 1.5000 0.0000
3         PLG
447       1679687947,2ea1aeb72b8fa9b635038692e4b7f7f3b82d3317e496aa0abcac9d3dac664df5,/var/cfengine/inputs/services/cfbs/churn_local_users.cf,35918a18f3f028e3a16776f9d73c3e66ccce4a02,110,default,churn_local_users,users,lukeskywaker,/default/churn_local_users/users/'lukeskywaker'[9],,[],"[""'/sbin/chpasswd -e' returned non-zero status: 1"",""Failed to create user 'lukeskywaker'""]",10,SHA=66aec41141537e4570d6a74066d87b0a9129cc05975edb37015fa542e617fbd4

# send QUERY complete successful
