# delta from 1679712018 to 1679712079 at 1679712079
22        CFR: 0 1679712078 1685
3         PRD
60        Packing reports: delta,0.024420,0.059633,0.060051,1679712019
83        Sample(/proc/sys/kernel/random/entropy_avail),0.005373,0.002887,0.002391,1679712039
3         EXS
16        f,221,1679711477
3         MOM
15        M:entropy_avail
38        1472 3780.0000 2646.0000 0.0000 0.0000
12        M:mem_cached
41        1472 2158.1328 1510.6930 1805.6235 0.0000
10        M:mem_free
39        1472 12241.2188 8568.8531 0.0000 0.0000
11        M:mem_total
40        1472 14863.5820 10404.5074 0.0000 0.0000
16        M:io_writtendata
32        1472 0.5273 0.3691 0.4412 0.0000
11        M:io_writes
32        1472 8.0000 5.6000 6.6933 0.0000
6         M:cpu3
32        1472 0.1466 0.1027 0.1227 0.0000
6         M:cpu2
32        1472 0.3333 0.2333 0.2788 0.0000
6         M:cpu1
32        1472 0.3663 0.2564 0.3065 0.0000
6         M:cpu0
32        1472 0.3397 0.2378 0.2842 0.0000
5         M:cpu
32        1472 0.2949 0.2064 0.2467 0.0000
10        M:messages
38        1472 7736.0000 5415.2000 0.0000 0.0000
8         M:ssh_in
32        1472 2.0000 1.4000 1.6733 0.0000
13        M:cfengine_in
32        1472 1.0000 0.7000 0.8367 0.0000
10        M:diskfree
35        1472 73.0000 51.1000 61.0762 0.0000
12        M:otherprocs
32        1472 4.0000 2.8000 3.3466 0.0000
11        M:rootprocs
36        1472 117.0000 81.9000 97.8892 0.0000
7         M:users
32        1472 5.0000 3.5000 4.1833 0.0000
3         MOY
15        M:entropy_avail
39        155 3652.0000 3350.2000 848.4657 0.0000
12        M:mem_cached
39        155 1334.7988 1211.0830 461.7662 0.0000
16        M:io_writtendata
31        155 0.3193 0.3388 0.1251 0.0000
11        M:io_writes
31        155 7.0000 6.7900 1.8724 0.0000
6         M:cpu3
31        155 0.5030 0.6454 0.9539 0.0000
6         M:cpu2
31        155 0.3231 0.4795 0.7447 0.0000
6         M:cpu1
31        155 0.5199 0.5004 0.4890 0.0000
6         M:cpu0
31        155 1.3187 1.3763 1.9682 0.0000
5         M:cpu
31        155 0.6679 0.7515 1.0018 0.0000
10        M:messages
37        155 330.0000 957.9150 581.6704 0.0000
8         M:ssh_in
31        155 2.0000 1.8200 0.6000 0.0000
13        M:cfengine_in
31        155 1.0000 0.9100 0.3000 0.0000
9         M:loadavg
31        155 0.0350 0.0350 0.0597 0.0000
10        M:diskfree
34        155 80.5000 73.2550 24.2063 0.0000
12        M:otherprocs
31        155 4.0000 3.6400 1.2000 0.0000
11        M:rootprocs
36        155 113.0000 102.8300 33.9013 0.0000
7         M:users
31        155 5.0000 4.5500 1.5000 0.0000
# send QUERY complete successful
