# delta from 1679674278 to 1679674339 at 1679674339
22        CFR: 0 1679674338 1884
3         PRD
108       CFEngine Execution (policy filename: '/var/cfengine/inputs/update.cf'),0.040462,0.333218,0.333385,1679674305
60        Packing reports: delta,0.010718,0.011488,0.010554,1679674279
83        Sample(/proc/sys/kernel/random/entropy_avail),0.005102,0.002603,0.002537,1679674324
3         EXS
16        f,248,1679674257
3         MOM
15        M:entropy_avail
38        1346 3780.0000 2646.0000 0.0000 0.0000
12        M:mem_cached
41        1346 2014.6406 1410.2484 1685.5693 0.0000
10        M:mem_free
39        1346 12422.3438 8695.6406 0.0000 0.0000
11        M:mem_total
40        1346 14863.5820 10404.5074 0.0000 0.0000
16        M:io_writtendata
32        1346 1.3418 0.9393 1.1226 0.0000
11        M:io_writes
35        1346 16.0000 11.2000 13.3866 0.0000
6         M:cpu3
32        1346 0.8737 0.6116 0.7310 0.0000
6         M:cpu2
32        1346 2.1719 1.5203 1.8171 0.0000
6         M:cpu1
32        1346 1.2330 0.8631 1.0316 0.0000
6         M:cpu0
32        1346 4.6409 3.2486 3.8829 0.0000
5         M:cpu
32        1346 2.2266 1.5586 1.8629 0.0000
10        M:messages
38        1346 4123.0000 2886.1000 0.0000 0.0000
8         M:ssh_in
32        1346 2.0000 1.4000 1.6733 0.0000
14        M:cfengine_out
32        1346 1.0000 0.7000 0.8367 0.0000
13        M:cfengine_in
32        1346 1.0000 0.7000 0.8367 0.0000
9         M:loadavg
32        1346 0.0500 0.0350 0.0418 0.0000
10        M:diskfree
35        1346 75.0000 52.5000 62.7495 0.0000
12        M:otherprocs
32        1346 4.0000 2.8000 3.3466 0.0000
11        M:rootprocs
36        1346 115.0000 80.5000 96.2159 0.0000
7         M:users
32        1346 5.0000 3.5000 4.1833 0.0000
3         MOY
15        M:entropy_avail
39        155 3652.0000 3350.2000 848.4657 0.0000
12        M:mem_cached
39        155 1325.6133 1202.9637 456.9957 0.0000
16        M:io_writtendata
31        155 0.5635 0.6041 0.1406 0.0000
11        M:io_writes
31        155 9.0000 9.2400 0.8944 0.0000
6         M:cpu3
31        155 0.4633 0.6694 0.9253 0.0000
6         M:cpu2
31        155 0.4062 0.7013 0.9862 0.0000
6         M:cpu1
31        155 0.3499 0.4373 0.3399 0.0000
6         M:cpu0
31        155 0.6230 0.9474 1.6164 0.0000
5         M:cpu
31        155 0.4614 0.6889 0.9174 0.0000
10        M:messages
38        155 367.5000 1042.5450 625.0224 0.0000
8         M:ssh_in
31        155 2.0000 1.8200 0.6000 0.0000
13        M:cfengine_in
31        155 1.0000 0.9100 0.3000 0.0000
9         M:loadavg
31        155 0.0450 0.0504 0.0510 0.0000
10        M:diskfree
34        155 80.5000 73.2550 24.2063 0.0000
12        M:otherprocs
31        155 4.0000 3.6400 1.2000 0.0000
11        M:rootprocs
36        155 112.5000 102.5850 33.0700 0.0000
7         M:users
31        155 5.0000 4.5500 1.5000 0.0000
# send QUERY complete successful
