# delta from 1679722999 to 1679723059 at 1679723059
22        CFR: 0 1679723058 2117
3         PRD
60        Packing reports: delta,0.033444,0.111853,0.112861,1679723000
83        Sample(/proc/sys/kernel/random/entropy_avail),0.004774,0.002279,0.002264,1679723008
3         EXS
16        f,102,1679722807
3         MOM
15        M:entropy_avail
41        1508 4036.0000 3619.0000 1162.9574 0.0000
12        M:mem_cached
40        1508 2165.3477 1972.2850 643.5422 0.0000
10        M:mem_free
40        1508 12252.5078 11152.6097 0.0000 0.0000
11        M:mem_total
40        1508 14863.5820 13525.8596 0.0000 0.0000
16        M:io_writtendata
32        1508 0.1084 0.3488 0.8969 0.0000
11        M:io_writes
32        1508 6.0000 7.5600 5.2000 0.0000
6         M:cpu3
32        1508 0.5335 0.7209 0.6245 0.0000
6         M:cpu2
32        1508 0.4131 1.0353 2.0741 0.0000
6         M:cpu1
32        1508 2.0994 2.2938 0.6478 0.0000
6         M:cpu0
32        1508 1.5586 1.2970 0.8571 0.0000
5         M:cpu
32        1508 1.1529 1.3377 0.6160 0.0000
10        M:messages
40        1508 169.0000 1100.8900 2598.9170 0.0000
8         M:ssh_in
32        1508 2.0000 1.8200 0.6000 0.0000
13        M:cfengine_in
32        1508 1.0000 0.9100 0.3000 0.0000
9         M:loadavg
32        1508 0.0300 0.0399 0.0330 0.0000
10        M:diskfree
35        1508 73.0000 66.4300 21.9000 0.0000
12        M:otherprocs
32        1508 4.0000 3.6400 1.2000 0.0000
11        M:rootprocs
36        1508 109.0000 98.7700 34.1000 0.0000
7         M:users
32        1508 5.0000 4.5500 1.5000 0.0000
3         MOY
15        M:entropy_avail
39        155 3652.0000 3350.2000 848.4657 0.0000
12        M:mem_cached
39        155 1334.7988 1211.0830 461.7662 0.0000
16        M:io_writtendata
31        155 0.3193 0.3388 0.1251 0.0000
11        M:io_writes
31        155 7.0000 6.7900 1.8724 0.0000
6         M:cpu3
31        155 0.5030 0.6454 0.9539 0.0000
6         M:cpu2
31        155 0.3231 0.4795 0.7447 0.0000
6         M:cpu1
31        155 0.5199 0.5004 0.4890 0.0000
6         M:cpu0
31        155 1.3187 1.3763 1.9682 0.0000
5         M:cpu
31        155 0.6679 0.7515 1.0018 0.0000
10        M:messages
37        155 330.0000 957.9150 581.6704 0.0000
8         M:ssh_in
31        155 2.0000 1.8200 0.6000 0.0000
13        M:cfengine_in
31        155 1.0000 0.9100 0.3000 0.0000
9         M:loadavg
31        155 0.0350 0.0350 0.0597 0.0000
10        M:diskfree
34        155 80.5000 73.2550 24.2063 0.0000
12        M:otherprocs
31        155 4.0000 3.6400 1.2000 0.0000
11        M:rootprocs
36        155 113.0000 102.8300 33.9013 0.0000
7         M:users
31        155 5.0000 4.5500 1.5000 0.0000
3         PLG
383       1679723042,3eb6d6e0e7283e9db0394128962964abb39fd6451b29b7645280e9d2aec86c08,/var/cfengine/inputs/services/cfbs/churn_local_users.cf,35918a18f3f028e3a16776f9d73c3e66ccce4a02,114,default,churn_local_users,users,jabbathehut,/default/churn_local_users/users/'jabbathehut'[5],,[],"[""Created user 'jabbathehut'""]",10,SHA=66aec41141537e4570d6a74066d87b0a9129cc05975edb37015fa542e617fbd4

# send QUERY complete successful
