# delta from 1679690958 to 1679691020 at 1679691020
22        CFR: 0 1679691019 2773
3         PRD
60        Packing reports: delta,0.028418,0.080756,0.080314,1679690959
83        Sample(/proc/sys/kernel/random/entropy_avail),0.005460,0.002981,0.002261,1679691003
3         EXS
16        f,303,1679690912
3         MOM
15        M:entropy_avail
40        1401 3780.0000 3439.8000 948.7725 0.0000
38        1402 3780.0000 2646.0000 0.0000 0.0000
12        M:mem_cached
40        1401 2063.6016 1881.3646 607.4566 0.0000
41        1402 2064.5000 1445.1500 1727.2846 0.0000
10        M:mem_free
38        1401 8619.9477 8619.9477 0.0000 0.0000
39        1402 12357.7227 8650.4059 0.0000 0.0000
11        M:mem_total
40        1401 10404.5074 10404.5074 0.0000 0.0000
40        1402 14863.5820 10404.5074 0.0000 0.0000
16        M:io_writtendata
32        1401 1.1025 0.8477 0.7299 0.0000
32        1402 1.2744 0.8921 1.0663 0.0000
11        M:io_writes
34        1401 16.0000 13.3000 8.8148 0.0000
34        1402 14.0000 9.8000 11.7132 0.0000
6         M:cpu3
32        1401 1.2540 1.4125 0.5284 0.0000
32        1402 0.2601 0.1820 0.2176 0.0000
6         M:cpu2
32        1401 5.5070 3.9375 4.3809 0.0000
32        1402 0.8063 0.5644 0.6746 0.0000
6         M:cpu1
32        1401 3.9123 2.9891 2.6321 0.0000
32        1402 0.4397 0.3078 0.3679 0.0000
6         M:cpu0
32        1401 4.3777 3.1889 3.3265 0.0000
32        1402 0.3864 0.2705 0.3233 0.0000
5         M:cpu
32        1401 3.7661 2.8836 2.5195 0.0000
32        1402 0.4715 0.3300 0.3945 0.0000
10        M:messages
40        1401 1738.0000 2002.0000 736.2608 0.0000
38        1402 3345.0000 2341.5000 0.0000 0.0000
8         M:ssh_in
32        1401 2.0000 1.8200 0.6000 0.0000
32        1402 2.0000 1.4000 1.6733 0.0000
13        M:cfengine_in
32        1401 1.0000 0.9100 0.3000 0.0000
32        1402 1.0000 0.7000 0.8367 0.0000
9         M:loadavg
32        1401 0.1300 0.0931 0.1030 0.0000
32        1402 0.0300 0.0210 0.0251 0.0000
10        M:diskfree
35        1401 74.0000 67.3400 22.2000 0.0000
35        1402 74.0000 51.8000 61.9128 0.0000
12        M:otherprocs
32        1401 4.0000 3.6400 1.2000 0.0000
32        1402 4.0000 2.8000 3.3466 0.0000
11        M:rootprocs
37        1401 117.0000 107.1000 33.0000 0.0000
36        1402 113.0000 79.1000 94.5426 0.0000
7         M:users
32        1401 5.0000 4.5500 1.5000 0.0000
32        1402 5.0000 3.5000 4.1833 0.0000
3         MOY
15        M:entropy_avail
39        155 3652.0000 3350.2000 848.4657 0.0000
12        M:mem_cached
39        155 1334.7988 1211.0830 461.7662 0.0000
16        M:io_writtendata
31        155 0.3193 0.3388 0.1251 0.0000
11        M:io_writes
31        155 7.0000 6.7900 1.8724 0.0000
6         M:cpu3
31        155 0.5030 0.6454 0.9539 0.0000
6         M:cpu2
31        155 0.3231 0.4795 0.7447 0.0000
6         M:cpu1
31        155 0.5199 0.5004 0.4890 0.0000
6         M:cpu0
31        155 1.3187 1.3763 1.9682 0.0000
5         M:cpu
31        155 0.6679 0.7515 1.0018 0.0000
10        M:messages
37        155 330.0000 957.9150 581.6704 0.0000
8         M:ssh_in
31        155 2.0000 1.8200 0.6000 0.0000
13        M:cfengine_in
31        155 1.0000 0.9100 0.3000 0.0000
9         M:loadavg
31        155 0.0350 0.0350 0.0597 0.0000
10        M:diskfree
34        155 80.5000 73.2550 24.2063 0.0000
12        M:otherprocs
31        155 4.0000 3.6400 1.2000 0.0000
11        M:rootprocs
36        155 113.0000 102.8300 33.9013 0.0000
7         M:users
31        155 5.0000 4.5500 1.5000 0.0000
3         PLG
386       1679690968,b1cb3a2db6ecbc8395b7ee2ef55bc2bd65f99db85212672546380f8e3969cfce,/var/cfengine/inputs/services/cfbs/churn_local_users.cf,35918a18f3f028e3a16776f9d73c3e66ccce4a02,114,default,churn_local_users,users,obiwankenobi,/default/churn_local_users/users/'obiwankenobi'[6],,[],"[""Removed user 'obiwankenobi'""]",10,SHA=66aec41141537e4570d6a74066d87b0a9129cc05975edb37015fa542e617fbd4

# send QUERY complete successful
