# delta from 1679677099 to 1679677159 at 1679677159
22        CFR: 0 1679677158 1647
3         PRD
60        Packing reports: delta,0.014732,0.021703,0.023016,1679677100
3         EXS
16        f,174,1679677050
3         MOM
15        M:entropy_avail
38        1355 3780.0000 2646.0000 0.0000 0.0000
12        M:mem_cached
41        1355 2050.9219 1435.6453 1715.9244 0.0000
10        M:mem_free
39        1355 12318.8398 8623.1879 0.0000 0.0000
11        M:mem_total
40        1355 14863.5820 10404.5074 0.0000 0.0000
16        M:io_writtendata
32        1355 0.7588 0.5312 0.6348 0.0000
11        M:io_writes
34        1355 14.0000 9.8000 11.7132 0.0000
6         M:cpu3
32        1355 1.4345 1.0041 1.2002 0.0000
6         M:cpu2
32        1355 0.8793 0.6155 0.7357 0.0000
6         M:cpu1
32        1355 2.2052 1.5436 1.8450 0.0000
6         M:cpu0
32        1355 1.0933 0.7653 0.9147 0.0000
5         M:cpu
32        1355 1.3998 0.9799 1.1712 0.0000
10        M:messages
38        1355 5038.0000 3526.6000 0.0000 0.0000
8         M:ssh_in
32        1355 2.0000 1.4000 1.6733 0.0000
13        M:cfengine_in
32        1355 1.0000 0.7000 0.8367 0.0000
9         M:loadavg
32        1355 0.0900 0.0630 0.0753 0.0000
10        M:diskfree
35        1355 74.0000 51.8000 61.9128 0.0000
12        M:otherprocs
32        1355 4.0000 2.8000 3.3466 0.0000
11        M:rootprocs
37        1355 120.0000 84.0000 100.3992 0.0000
7         M:users
32        1355 5.0000 3.5000 4.1833 0.0000
3         MOY
15        M:entropy_avail
39        155 3652.0000 3350.2000 848.4657 0.0000
12        M:mem_cached
39        155 1331.8730 1210.5062 451.2640 0.0000
16        M:io_writtendata
31        155 0.5679 0.6512 0.2969 0.0000
11        M:io_writes
31        155 9.0000 9.6600 2.4166 0.0000
6         M:cpu3
31        155 0.6997 0.8405 0.9600 0.0000
6         M:cpu2
31        155 0.4731 0.7621 0.9676 0.0000
6         M:cpu1
31        155 0.9361 0.8967 0.6122 0.0000
6         M:cpu0
31        155 0.5063 1.2690 2.7596 0.0000
5         M:cpu
31        155 0.6555 0.9427 1.0087 0.0000
10        M:messages
38        155 330.0000 1123.5000 581.6704 0.0000
8         M:ssh_in
31        155 2.0000 1.8200 0.6000 0.0000
13        M:cfengine_in
31        155 1.0000 0.9100 0.3000 0.0000
9         M:loadavg
31        155 0.0100 0.0227 0.0512 0.0000
10        M:diskfree
34        155 80.5000 73.2550 24.2063 0.0000
12        M:otherprocs
31        155 4.0000 3.6400 1.2000 0.0000
11        M:rootprocs
36        155 114.0000 103.8450 33.8518 0.0000
7         M:users
31        155 5.0000 4.5500 1.5000 0.0000
# send QUERY complete successful
