# delta from 1679744058 to 1679744119 at 1679744119
22        CFR: 0 1679744118 2083
3         PRD
60        Packing reports: delta,0.030048,0.090290,0.087124,1679744059
3         EXS
16        f,252,1679743705
3         MOM
15        M:entropy_avail
41        1578 4036.0000 3619.0000 1162.9574 0.0000
12        M:mem_cached
40        1578 2244.7930 2038.5870 687.3531 0.0000
10        M:mem_free
40        1578 12168.1953 11079.4816 0.0000 0.0000
11        M:mem_total
40        1578 14863.5820 13525.8596 0.0000 0.0000
16        M:io_writtendata
32        1578 0.0693 0.0559 0.0407 0.0000
11        M:io_writes
32        1578 4.0000 3.2200 2.3605 0.0000
6         M:cpu3
32        1578 1.0005 0.7815 0.6360 0.0000
6         M:cpu2
32        1578 0.3664 0.3796 0.0440 0.0000
6         M:cpu1
32        1578 1.9583 1.4254 1.4910 0.0000
6         M:cpu0
32        1578 0.5062 0.4061 0.3012 0.0000
5         M:cpu
32        1578 0.9628 0.7513 0.6136 0.0000
10        M:messages
39        1578 169.0000 652.9600 1784.0780 0.0000
8         M:ssh_in
32        1578 2.0000 1.8200 0.6000 0.0000
14        M:cfengine_out
32        1578 0.0000 0.2100 0.7436 0.0000
13        M:cfengine_in
32        1578 1.0000 0.9100 0.3000 0.0000
9         M:loadavg
32        1578 0.0100 0.0070 0.0084 0.0000
10        M:diskfree
35        1578 72.0000 65.7300 20.9000 0.0000
12        M:otherprocs
32        1578 4.0000 3.6400 1.2000 0.0000
11        M:rootprocs
37        1578 111.0000 101.0100 33.3000 0.0000
7         M:users
32        1578 5.0000 4.5500 1.5000 0.0000
3         MOY
15        M:entropy_avail
39        155 3652.0000 3350.2000 848.4657 0.0000
12        M:mem_cached
39        155 1334.7988 1211.0830 461.7662 0.0000
16        M:io_writtendata
31        155 0.3193 0.3388 0.1251 0.0000
11        M:io_writes
31        155 7.0000 6.7900 1.8724 0.0000
6         M:cpu3
31        155 0.5030 0.6454 0.9539 0.0000
6         M:cpu2
31        155 0.3231 0.4795 0.7447 0.0000
6         M:cpu1
31        155 0.5199 0.5004 0.4890 0.0000
6         M:cpu0
31        155 1.3187 1.3763 1.9682 0.0000
5         M:cpu
31        155 0.6679 0.7515 1.0018 0.0000
10        M:messages
37        155 330.0000 957.9150 581.6704 0.0000
8         M:ssh_in
31        155 2.0000 1.8200 0.6000 0.0000
13        M:cfengine_in
31        155 1.0000 0.9100 0.3000 0.0000
9         M:loadavg
31        155 0.0350 0.0350 0.0597 0.0000
10        M:diskfree
34        155 80.5000 73.2550 24.2063 0.0000
12        M:otherprocs
31        155 4.0000 3.6400 1.2000 0.0000
11        M:rootprocs
36        155 113.0000 102.8300 33.9013 0.0000
7         M:users
31        155 5.0000 4.5500 1.5000 0.0000
3         PLG
386       1679744064,b1cb3a2db6ecbc8395b7ee2ef55bc2bd65f99db85212672546380f8e3969cfce,/var/cfengine/inputs/services/cfbs/churn_local_users.cf,35918a18f3f028e3a16776f9d73c3e66ccce4a02,114,default,churn_local_users,users,obiwankenobi,/default/churn_local_users/users/'obiwankenobi'[6],,[],"[""Removed user 'obiwankenobi'""]",10,SHA=66aec41141537e4570d6a74066d87b0a9129cc05975edb37015fa542e617fbd4

# send QUERY complete successful
