# delta from 1679759963 to 1679760024 at 1679760024
22        CFR: 0 1679760023 1777
3         PRD
60        Packing reports: delta,0.023653,0.055947,0.056715,1679759964
83        Sample(/proc/sys/kernel/random/entropy_avail),0.004888,0.002389,0.002240,1679759979
3         EXS
16        f,370,1679759858
3         MOM
15        M:entropy_avail
41        1631 4036.0000 3619.0000 1162.9574 0.0000
12        M:mem_cached
40        1631 2312.0742 2106.1023 686.5730 0.0000
10        M:mem_free
38        1631 8451.3871 8451.3871 0.0000 0.0000
11        M:mem_total
40        1631 10404.5074 10404.5074 0.0000 0.0000
16        M:io_writtendata
32        1631 0.5723 0.6231 0.1694 0.0000
11        M:io_writes
33        1631 10.0000 9.9400 0.2000 0.0000
6         M:cpu3
32        1631 2.7594 2.0296 2.0467 0.0000
6         M:cpu2
32        1631 1.6597 1.3059 1.0355 0.0000
6         M:cpu1
32        1631 4.5061 3.3054 3.3648 0.0000
6         M:cpu0
32        1631 2.2052 1.6485 1.5692 0.0000
5         M:cpu
32        1631 2.7824 2.0726 1.9983 0.0000
10        M:messages
40        1631 1257.0000 1465.1700 693.9000 0.0000
8         M:ssh_in
32        1631 2.0000 1.8200 0.6000 0.0000
14        M:cfengine_out
32        1631 0.0000 0.2100 0.7436 0.0000
13        M:cfengine_in
32        1631 1.0000 0.9100 0.3000 0.0000
9         M:loadavg
32        1631 0.0300 0.0252 0.0162 0.0000
10        M:diskfree
35        1631 72.0000 65.5200 21.6000 0.0000
12        M:otherprocs
32        1631 4.0000 3.6400 1.2000 0.0000
11        M:rootprocs
37        1631 113.0000 103.8800 30.4000 0.0000
7         M:users
32        1631 5.0000 4.5500 1.5000 0.0000
3         MOY
15        M:entropy_avail
39        155 3652.0000 3350.2000 848.4657 0.0000
12        M:mem_cached
39        155 1334.7988 1211.0830 461.7662 0.0000
16        M:io_writtendata
31        155 0.3193 0.3388 0.1251 0.0000
11        M:io_writes
31        155 7.0000 6.7900 1.8724 0.0000
6         M:cpu3
31        155 0.5030 0.6454 0.9539 0.0000
6         M:cpu2
31        155 0.3231 0.4795 0.7447 0.0000
6         M:cpu1
31        155 0.5199 0.5004 0.4890 0.0000
6         M:cpu0
31        155 1.3187 1.3763 1.9682 0.0000
5         M:cpu
31        155 0.6679 0.7515 1.0018 0.0000
10        M:messages
37        155 330.0000 957.9150 581.6704 0.0000
8         M:ssh_in
31        155 2.0000 1.8200 0.6000 0.0000
13        M:cfengine_in
31        155 1.0000 0.9100 0.3000 0.0000
9         M:loadavg
31        155 0.0350 0.0350 0.0597 0.0000
10        M:diskfree
34        155 80.5000 73.2550 24.2063 0.0000
12        M:otherprocs
31        155 4.0000 3.6400 1.2000 0.0000
11        M:rootprocs
36        155 113.0000 102.8300 33.9013 0.0000
7         M:users
31        155 5.0000 4.5500 1.5000 0.0000
# send QUERY complete successful
