# delta from 1679754263 to 1679754324 at 1679754324
22        CFR: 0 1679754323 1778
3         PRD
60        Packing reports: delta,0.018600,0.034597,0.035420,1679754264
83        Sample(/proc/sys/kernel/random/entropy_avail),0.004763,0.002268,0.002297,1679754267
3         EXS
15        f,85,1679754257
3         MOM
15        M:entropy_avail
41        1612 4036.0000 3619.0000 1162.9574 0.0000
12        M:mem_cached
40        1612 2301.5625 2097.7564 679.3535 0.0000
10        M:mem_free
38        1612 8458.9969 8458.9969 0.0000 0.0000
11        M:mem_total
40        1612 10404.5074 10404.5074 0.0000 0.0000
16        M:io_writtendata
32        1612 1.0713 0.8988 0.5805 0.0000
11        M:io_writes
34        1612 16.0000 13.7200 8.4067 0.0000
6         M:cpu3
32        1612 0.9533 0.9838 0.1017 0.0000
6         M:cpu2
32        1612 1.6517 1.4317 0.7331 0.0000
6         M:cpu1
32        1612 1.8530 2.4432 1.9675 0.0000
6         M:cpu0
32        1612 1.2999 1.1226 0.5911 0.0000
5         M:cpu
32        1612 1.4412 1.4955 0.1811 0.0000
10        M:messages
41        1612 1781.0000 2173.8500 1095.6063 0.0000
8         M:ssh_in
32        1612 2.0000 1.8200 0.6000 0.0000
14        M:cfengine_out
32        1612 0.0000 0.2100 0.7436 0.0000
13        M:cfengine_in
32        1612 1.0000 0.9100 0.3000 0.0000
9         M:loadavg
32        1612 0.0200 0.0266 0.0220 0.0000
10        M:diskfree
35        1612 72.0000 65.5200 21.6000 0.0000
12        M:otherprocs
32        1612 4.0000 3.6400 1.2000 0.0000
11        M:rootprocs
37        1612 110.0000 101.5700 28.1000 0.0000
7         M:users
32        1612 5.0000 4.5500 1.5000 0.0000
3         MOY
15        M:entropy_avail
39        155 3652.0000 3350.2000 848.4657 0.0000
12        M:mem_cached
39        155 1334.7988 1211.0830 461.7662 0.0000
16        M:io_writtendata
31        155 0.3193 0.3388 0.1251 0.0000
11        M:io_writes
31        155 7.0000 6.7900 1.8724 0.0000
6         M:cpu3
31        155 0.5030 0.6454 0.9539 0.0000
6         M:cpu2
31        155 0.3231 0.4795 0.7447 0.0000
6         M:cpu1
31        155 0.5199 0.5004 0.4890 0.0000
6         M:cpu0
31        155 1.3187 1.3763 1.9682 0.0000
5         M:cpu
31        155 0.6679 0.7515 1.0018 0.0000
10        M:messages
37        155 330.0000 957.9150 581.6704 0.0000
8         M:ssh_in
31        155 2.0000 1.8200 0.6000 0.0000
13        M:cfengine_in
31        155 1.0000 0.9100 0.3000 0.0000
9         M:loadavg
31        155 0.0350 0.0350 0.0597 0.0000
10        M:diskfree
34        155 80.5000 73.2550 24.2063 0.0000
12        M:otherprocs
31        155 4.0000 3.6400 1.2000 0.0000
11        M:rootprocs
36        155 113.0000 102.8300 33.9013 0.0000
7         M:users
31        155 5.0000 4.5500 1.5000 0.0000
# send QUERY complete successful
