# delta from 1679708418 to 1679708479 at 1679708479
22        CFR: 0 1679708478 2108
3         PRD
60        Packing reports: delta,0.021549,0.046435,0.046812,1679708419
83        Sample(/proc/sys/kernel/random/entropy_avail),0.004845,0.002347,0.002452,1679708433
3         EXS
16        f,343,1679708268
3         MOM
15        M:entropy_avail
38        1460 3780.0000 2646.0000 0.0000 0.0000
12        M:mem_cached
41        1460 2129.4648 1490.6254 1781.6381 0.0000
10        M:mem_free
39        1460 12291.9961 8604.3973 0.0000 0.0000
11        M:mem_total
40        1460 14863.5820 10404.5074 0.0000 0.0000
16        M:io_writtendata
32        1460 0.9268 0.6487 0.7754 0.0000
11        M:io_writes
34        1460 12.0000 8.4000 10.0399 0.0000
6         M:cpu3
32        1460 0.2467 0.1727 0.2064 0.0000
6         M:cpu2
32        1460 0.3532 0.2472 0.2955 0.0000
6         M:cpu1
32        1460 0.2065 0.1446 0.1728 0.0000
6         M:cpu0
32        1460 0.3663 0.2564 0.3065 0.0000
5         M:cpu
32        1460 0.2932 0.2052 0.2453 0.0000
10        M:messages
38        1460 6938.0000 4856.6000 0.0000 0.0000
8         M:ssh_in
32        1460 2.0000 1.4000 1.6733 0.0000
13        M:cfengine_in
32        1460 1.0000 0.7000 0.8367 0.0000
9         M:loadavg
32        1460 0.0100 0.0070 0.0084 0.0000
10        M:diskfree
35        1460 74.0000 51.8000 61.9128 0.0000
12        M:otherprocs
32        1460 4.0000 2.8000 3.3466 0.0000
11        M:rootprocs
36        1460 112.0000 78.4000 93.7059 0.0000
7         M:users
32        1460 5.0000 3.5000 4.1833 0.0000
3         MOY
15        M:entropy_avail
39        155 3652.0000 3350.2000 848.4657 0.0000
12        M:mem_cached
39        155 1334.7988 1211.0830 461.7662 0.0000
16        M:io_writtendata
31        155 0.3193 0.3388 0.1251 0.0000
11        M:io_writes
31        155 7.0000 6.7900 1.8724 0.0000
6         M:cpu3
31        155 0.5030 0.6454 0.9539 0.0000
6         M:cpu2
31        155 0.3231 0.4795 0.7447 0.0000
6         M:cpu1
31        155 0.5199 0.5004 0.4890 0.0000
6         M:cpu0
31        155 1.3187 1.3763 1.9682 0.0000
5         M:cpu
31        155 0.6679 0.7515 1.0018 0.0000
10        M:messages
37        155 330.0000 957.9150 581.6704 0.0000
8         M:ssh_in
31        155 2.0000 1.8200 0.6000 0.0000
13        M:cfengine_in
31        155 1.0000 0.9100 0.3000 0.0000
9         M:loadavg
31        155 0.0350 0.0350 0.0597 0.0000
10        M:diskfree
34        155 80.5000 73.2550 24.2063 0.0000
12        M:otherprocs
31        155 4.0000 3.6400 1.2000 0.0000
11        M:rootprocs
36        155 113.0000 102.8300 33.9013 0.0000
7         M:users
31        155 5.0000 4.5500 1.5000 0.0000
3         PLG
377       1679708432,45515e325a9f698dee71cac8560404b967e6137a743cd402b784217f28fc6729,/var/cfengine/inputs/services/cfbs/churn_local_users.cf,35918a18f3f028e3a16776f9d73c3e66ccce4a02,114,default,churn_local_users,users,chewbacca,/default/churn_local_users/users/'chewbacca'[3],,[],"[""Created user 'chewbacca'""]",10,SHA=66aec41141537e4570d6a74066d87b0a9129cc05975edb37015fa542e617fbd4

# send QUERY complete successful
