# delta from 1679711119 to 1679711179 at 1679711179
22        CFR: 0 1679711178 1690
3         PRD
60        Packing reports: delta,0.023729,0.056308,0.056635,1679711120
83        Sample(/proc/sys/kernel/random/entropy_avail),0.007520,0.005655,0.013370,1679711138
3         EXS
16        f,178,1679710876
3         MOM
15        M:entropy_avail
38        1469 3780.0000 2646.0000 0.0000 0.0000
12        M:mem_cached
41        1469 2130.1523 1491.1066 1782.2133 0.0000
10        M:mem_free
39        1469 12291.6641 8604.1648 0.0000 0.0000
11        M:mem_total
40        1469 14863.5820 10404.5074 0.0000 0.0000
16        M:io_writtendata
32        1469 0.9521 0.6665 0.7966 0.0000
11        M:io_writes
34        1469 12.0000 8.4000 10.0399 0.0000
6         M:cpu3
32        1469 0.3867 0.2707 0.3236 0.0000
6         M:cpu2
32        1469 0.2600 0.1820 0.2175 0.0000
6         M:cpu1
32        1469 0.4463 0.3124 0.3734 0.0000
6         M:cpu0
32        1469 0.2733 0.1913 0.2286 0.0000
5         M:cpu
32        1469 0.3432 0.2403 0.2872 0.0000
10        M:messages
41        1469 2546.0000 1782.2000 2130.1364 0.0000
8         M:ssh_in
32        1469 2.0000 1.4000 1.6733 0.0000
13        M:cfengine_in
32        1469 1.0000 0.7000 0.8367 0.0000
10        M:diskfree
35        1469 74.0000 51.8000 61.9128 0.0000
12        M:otherprocs
32        1469 4.0000 2.8000 3.3466 0.0000
11        M:rootprocs
36        1469 112.0000 78.4000 93.7059 0.0000
7         M:users
32        1469 5.0000 3.5000 4.1833 0.0000
3         MOY
15        M:entropy_avail
39        155 3652.0000 3350.2000 848.4657 0.0000
12        M:mem_cached
39        155 1334.7988 1211.0830 461.7662 0.0000
16        M:io_writtendata
31        155 0.3193 0.3388 0.1251 0.0000
11        M:io_writes
31        155 7.0000 6.7900 1.8724 0.0000
6         M:cpu3
31        155 0.5030 0.6454 0.9539 0.0000
6         M:cpu2
31        155 0.3231 0.4795 0.7447 0.0000
6         M:cpu1
31        155 0.5199 0.5004 0.4890 0.0000
6         M:cpu0
31        155 1.3187 1.3763 1.9682 0.0000
5         M:cpu
31        155 0.6679 0.7515 1.0018 0.0000
10        M:messages
37        155 330.0000 957.9150 581.6704 0.0000
8         M:ssh_in
31        155 2.0000 1.8200 0.6000 0.0000
13        M:cfengine_in
31        155 1.0000 0.9100 0.3000 0.0000
9         M:loadavg
31        155 0.0350 0.0350 0.0597 0.0000
10        M:diskfree
34        155 80.5000 73.2550 24.2063 0.0000
12        M:otherprocs
31        155 4.0000 3.6400 1.2000 0.0000
11        M:rootprocs
36        155 113.0000 102.8300 33.9013 0.0000
7         M:users
31        155 5.0000 4.5500 1.5000 0.0000
# send QUERY complete successful
