# delta from 1679714298 to 1679714359 at 1679714359
22        CFR: 0 1679714358 1648
3         PRD
60        Packing reports: delta,0.026140,0.068331,0.068977,1679714299
3         EXS
15        f,78,1679714192
3         MOM
15        M:entropy_avail
41        1479 4036.0000 3619.0000 1162.9574 0.0000
12        M:mem_cached
40        1479 2141.8594 1953.7941 626.8844 0.0000
10        M:mem_free
40        1479 12301.3281 11182.6291 0.0000 0.0000
11        M:mem_total
40        1479 14863.5820 13525.8596 0.0000 0.0000
16        M:io_writtendata
32        1479 0.7354 0.8213 0.2866 0.0000
11        M:io_writes
34        1479 12.0000 12.1800 0.6000 0.0000
6         M:cpu3
32        1479 1.2542 0.9395 0.8877 0.0000
6         M:cpu2
32        1479 2.4403 1.7614 1.8970 0.0000
6         M:cpu1
32        1479 4.1844 3.0396 3.2018 0.0000
6         M:cpu0
32        1479 5.3045 3.7818 4.2494 0.0000
5         M:cpu
32        1479 3.2949 2.3806 2.5550 0.0000
10        M:messages
39        1479 1863.0000 1892.5200 98.4000 0.0000
8         M:ssh_in
32        1479 2.0000 1.8200 0.6000 0.0000
13        M:cfengine_in
32        1479 1.0000 0.9100 0.3000 0.0000
9         M:loadavg
32        1479 0.0700 0.0511 0.0529 0.0000
10        M:diskfree
35        1479 73.0000 66.4300 21.9000 0.0000
12        M:otherprocs
32        1479 4.0000 3.6400 1.2000 0.0000
11        M:rootprocs
36        1479 107.0000 98.8400 27.2000 0.0000
7         M:users
32        1479 5.0000 4.5500 1.5000 0.0000
3         MOY
15        M:entropy_avail
39        155 3652.0000 3350.2000 848.4657 0.0000
12        M:mem_cached
39        155 1334.7988 1211.0830 461.7662 0.0000
16        M:io_writtendata
31        155 0.3193 0.3388 0.1251 0.0000
11        M:io_writes
31        155 7.0000 6.7900 1.8724 0.0000
6         M:cpu3
31        155 0.5030 0.6454 0.9539 0.0000
6         M:cpu2
31        155 0.3231 0.4795 0.7447 0.0000
6         M:cpu1
31        155 0.5199 0.5004 0.4890 0.0000
6         M:cpu0
31        155 1.3187 1.3763 1.9682 0.0000
5         M:cpu
31        155 0.6679 0.7515 1.0018 0.0000
10        M:messages
37        155 330.0000 957.9150 581.6704 0.0000
8         M:ssh_in
31        155 2.0000 1.8200 0.6000 0.0000
13        M:cfengine_in
31        155 1.0000 0.9100 0.3000 0.0000
9         M:loadavg
31        155 0.0350 0.0350 0.0597 0.0000
10        M:diskfree
34        155 80.5000 73.2550 24.2063 0.0000
12        M:otherprocs
31        155 4.0000 3.6400 1.2000 0.0000
11        M:rootprocs
36        155 113.0000 102.8300 33.9013 0.0000
7         M:users
31        155 5.0000 4.5500 1.5000 0.0000
# send QUERY complete successful
