# delta from 1679746758 to 1679746819 at 1679746819
22        CFR: 0 1679746818 2018
3         PRD
60        Packing reports: delta,0.031250,0.097655,0.098525,1679746759
3         EXS
16        f,241,1679746652
3         MOM
15        M:entropy_avail
41        1587 4036.0000 3619.0000 1162.9574 0.0000
12        M:mem_cached
40        1587 2250.9609 2050.0290 669.7730 0.0000
10        M:mem_free
40        1587 12161.7500 11065.9743 0.0000 0.0000
11        M:mem_total
40        1587 14863.5820 13525.8596 0.0000 0.0000
16        M:io_writtendata
32        1587 1.4863 1.1756 0.9155 0.0000
11        M:io_writes
35        1587 20.0000 15.6800 12.5933 0.0000
6         M:cpu3
32        1587 1.0399 0.7867 0.7177 0.0000
6         M:cpu2
32        1587 1.9460 1.4014 1.5213 0.0000
6         M:cpu1
32        1587 2.1186 1.5823 1.5112 0.0000
6         M:cpu0
32        1587 0.7731 0.5803 0.5444 0.0000
5         M:cpu
32        1587 1.4679 1.0859 1.0728 0.0000
10        M:messages
40        1587 701.0000 1025.3600 1081.2000 0.0000
8         M:ssh_in
32        1587 2.0000 2.0300 0.1000 0.0000
13        M:cfengine_in
32        1587 1.0000 0.9100 0.3000 0.0000
9         M:loadavg
32        1587 0.0200 0.0161 0.0118 0.0000
10        M:diskfree
35        1587 72.0000 65.5200 21.6000 0.0000
12        M:otherprocs
32        1587 4.0000 3.6400 1.2000 0.0000
11        M:rootprocs
37        1587 111.0000 100.8000 34.0000 0.0000
7         M:users
32        1587 5.0000 4.5500 1.5000 0.0000
3         MOY
15        M:entropy_avail
39        155 3652.0000 3350.2000 848.4657 0.0000
12        M:mem_cached
39        155 1334.7988 1211.0830 461.7662 0.0000
16        M:io_writtendata
31        155 0.3193 0.3388 0.1251 0.0000
11        M:io_writes
31        155 7.0000 6.7900 1.8724 0.0000
6         M:cpu3
31        155 0.5030 0.6454 0.9539 0.0000
6         M:cpu2
31        155 0.3231 0.4795 0.7447 0.0000
6         M:cpu1
31        155 0.5199 0.5004 0.4890 0.0000
6         M:cpu0
31        155 1.3187 1.3763 1.9682 0.0000
5         M:cpu
31        155 0.6679 0.7515 1.0018 0.0000
10        M:messages
37        155 330.0000 957.9150 581.6704 0.0000
8         M:ssh_in
31        155 2.0000 1.8200 0.6000 0.0000
13        M:cfengine_in
31        155 1.0000 0.9100 0.3000 0.0000
9         M:loadavg
31        155 0.0350 0.0350 0.0597 0.0000
10        M:diskfree
34        155 80.5000 73.2550 24.2063 0.0000
12        M:otherprocs
31        155 4.0000 3.6400 1.2000 0.0000
11        M:rootprocs
36        155 113.0000 102.8300 33.9013 0.0000
7         M:users
31        155 5.0000 4.5500 1.5000 0.0000
3         PLG
363       1679746816,694b8484bbac8080a9932829d3a07c4ccd93fc41056d40a7dfd51f1628205745,/var/cfengine/inputs/services/cfbs/churn_local_users.cf,35918a18f3f028e3a16776f9d73c3e66ccce4a02,114,default,churn_local_users,users,maul,/default/churn_local_users/users/'maul'[11],,[],"[""Created user 'maul'""]",10,SHA=66aec41141537e4570d6a74066d87b0a9129cc05975edb37015fa542e617fbd4

# send QUERY complete successful
