# delta from 1679735478 to 1679735539 at 1679735539
22        CFR: 0 1679735538 1796
3         PRD
108       CFEngine Execution (policy filename: '/var/cfengine/inputs/update.cf'),0.040415,0.332440,0.332674,1679735507
60        Packing reports: delta,0.025586,0.065464,0.065771,1679735479
83        Sample(/proc/sys/kernel/random/entropy_avail),0.004651,0.002163,0.001978,1679735481
3         EXS
16        f,128,1679735178
3         MOM
15        M:entropy_avail
38        1550 3780.0000 2646.0000 0.0000 0.0000
12        M:mem_cached
41        1550 2197.4062 1538.1844 1838.4820 0.0000
10        M:mem_free
39        1550 12242.2500 8569.5750 0.0000 0.0000
11        M:mem_total
40        1550 14863.5820 10404.5074 0.0000 0.0000
16        M:io_writtendata
32        1550 0.0332 0.0232 0.0278 0.0000
11        M:io_writes
32        1550 2.0000 1.4000 1.6733 0.0000
6         M:cpu3
32        1550 0.1865 0.1305 0.1560 0.0000
6         M:cpu2
32        1550 0.0933 0.0653 0.0781 0.0000
6         M:cpu1
32        1550 0.1665 0.1166 0.1393 0.0000
6         M:cpu0
32        1550 0.1465 0.1025 0.1226 0.0000
5         M:cpu
32        1550 0.1532 0.1072 0.1282 0.0000
10        M:messages
41        1550 2546.0000 1782.2000 2130.1364 0.0000
8         M:ssh_in
32        1550 2.0000 1.4000 1.6733 0.0000
13        M:cfengine_in
32        1550 1.0000 0.7000 0.8367 0.0000
10        M:diskfree
35        1550 73.0000 51.1000 61.0762 0.0000
12        M:otherprocs
32        1550 4.0000 2.8000 3.3466 0.0000
11        M:rootprocs
36        1550 107.0000 74.9000 89.5226 0.0000
7         M:users
32        1550 5.0000 3.5000 4.1833 0.0000
3         MOY
15        M:entropy_avail
39        155 3652.0000 3350.2000 848.4657 0.0000
12        M:mem_cached
39        155 1334.7988 1211.0830 461.7662 0.0000
16        M:io_writtendata
31        155 0.3193 0.3388 0.1251 0.0000
11        M:io_writes
31        155 7.0000 6.7900 1.8724 0.0000
6         M:cpu3
31        155 0.5030 0.6454 0.9539 0.0000
6         M:cpu2
31        155 0.3231 0.4795 0.7447 0.0000
6         M:cpu1
31        155 0.5199 0.5004 0.4890 0.0000
6         M:cpu0
31        155 1.3187 1.3763 1.9682 0.0000
5         M:cpu
31        155 0.6679 0.7515 1.0018 0.0000
10        M:messages
37        155 330.0000 957.9150 581.6704 0.0000
8         M:ssh_in
31        155 2.0000 1.8200 0.6000 0.0000
13        M:cfengine_in
31        155 1.0000 0.9100 0.3000 0.0000
9         M:loadavg
31        155 0.0350 0.0350 0.0597 0.0000
10        M:diskfree
34        155 80.5000 73.2550 24.2063 0.0000
12        M:otherprocs
31        155 4.0000 3.6400 1.2000 0.0000
11        M:rootprocs
36        155 113.0000 102.8300 33.9013 0.0000
7         M:users
31        155 5.0000 4.5500 1.5000 0.0000
# send QUERY complete successful
