# delta from 1679717418 to 1679717479 at 1679717479
22        CFR: 0 1679717478 1729
3         PRD
60        Packing reports: delta,0.028225,0.079663,0.079921,1679717419
83        Sample(/proc/sys/kernel/random/entropy_avail),0.004942,0.002442,0.002415,1679717449
3         EXS
16        f,138,1679717358
3         MOM
15        M:entropy_avail
38        1490 3780.0000 2646.0000 0.0000 0.0000
12        M:mem_cached
41        1490 2161.5156 1513.0609 1808.4537 0.0000
10        M:mem_free
39        1490 12282.8086 8597.9660 0.0000 0.0000
11        M:mem_total
40        1490 14863.5820 10404.5074 0.0000 0.0000
16        M:io_writtendata
32        1490 1.0967 0.7677 0.9175 0.0000
11        M:io_writes
35        1490 16.0000 11.2000 13.3866 0.0000
6         M:cpu3
32        1490 0.4934 0.3454 0.4128 0.0000
6         M:cpu2
32        1490 1.4520 1.0164 1.2148 0.0000
6         M:cpu1
32        1490 0.9799 0.6860 0.8199 0.0000
6         M:cpu0
32        1490 0.4998 0.3499 0.4182 0.0000
5         M:cpu
32        1490 0.8597 0.6018 0.7193 0.0000
10        M:messages
38        1490 3721.0000 2604.7000 0.0000 0.0000
8         M:ssh_in
32        1490 2.0000 1.4000 1.6733 0.0000
13        M:cfengine_in
32        1490 1.0000 0.7000 0.8367 0.0000
9         M:loadavg
32        1490 0.0100 0.0070 0.0084 0.0000
10        M:diskfree
35        1490 73.0000 51.1000 61.0762 0.0000
12        M:otherprocs
32        1490 4.0000 2.8000 3.3466 0.0000
11        M:rootprocs
36        1490 110.0000 77.0000 92.0326 0.0000
7         M:users
32        1490 5.0000 3.5000 4.1833 0.0000
3         MOY
15        M:entropy_avail
39        155 3652.0000 3350.2000 848.4657 0.0000
12        M:mem_cached
39        155 1334.7988 1211.0830 461.7662 0.0000
16        M:io_writtendata
31        155 0.3193 0.3388 0.1251 0.0000
11        M:io_writes
31        155 7.0000 6.7900 1.8724 0.0000
6         M:cpu3
31        155 0.5030 0.6454 0.9539 0.0000
6         M:cpu2
31        155 0.3231 0.4795 0.7447 0.0000
6         M:cpu1
31        155 0.5199 0.5004 0.4890 0.0000
6         M:cpu0
31        155 1.3187 1.3763 1.9682 0.0000
5         M:cpu
31        155 0.6679 0.7515 1.0018 0.0000
10        M:messages
37        155 330.0000 957.9150 581.6704 0.0000
8         M:ssh_in
31        155 2.0000 1.8200 0.6000 0.0000
13        M:cfengine_in
31        155 1.0000 0.9100 0.3000 0.0000
9         M:loadavg
31        155 0.0350 0.0350 0.0597 0.0000
10        M:diskfree
34        155 80.5000 73.2550 24.2063 0.0000
12        M:otherprocs
31        155 4.0000 3.6400 1.2000 0.0000
11        M:rootprocs
36        155 113.0000 102.8300 33.9013 0.0000
7         M:users
31        155 5.0000 4.5500 1.5000 0.0000
# send QUERY complete successful
