# delta from 1679677758 to 1679677819 at 1679677819
22        CFR: 0 1679677818 1778
3         PRD
60        Packing reports: delta,0.015710,0.024680,0.025312,1679677759
83        Sample(/proc/sys/kernel/random/entropy_avail),0.004870,0.002371,0.002351,1679677780
3         EXS
15        f,77,1679677657
3         MOM
15        M:entropy_avail
40        1357 3780.0000 3439.8000 948.7725 0.0000
12        M:mem_cached
40        1357 2009.3789 1833.4419 586.4566 0.0000
10        M:mem_free
40        1357 12439.2539 11298.3183 0.0000 0.0000
11        M:mem_total
40        1357 14863.5820 13525.8596 0.0000 0.0000
16        M:io_writtendata
32        1357 0.5947 0.5670 0.0923 0.0000
11        M:io_writes
32        1357 8.0000 8.1200 0.4000 0.0000
6         M:cpu3
32        1357 0.4129 0.5943 0.6049 0.0000
6         M:cpu2
32        1357 1.9702 2.2705 1.0011 0.0000
6         M:cpu1
32        1357 0.6658 1.4124 2.4889 0.0000
6         M:cpu0
32        1357 0.6461 0.6581 0.0400 0.0000
5         M:cpu
32        1357 0.9239 1.2344 1.0350 0.0000
10        M:messages
41        1357 5459.0000 4909.5200 1532.4265 0.0000
8         M:ssh_in
32        1357 2.0000 1.8200 0.6000 0.0000
14        M:cfengine_out
32        1357 0.0000 0.2100 0.7436 0.0000
13        M:cfengine_in
32        1357 1.0000 0.9100 0.3000 0.0000
9         M:loadavg
32        1357 0.0200 0.0665 0.1730 0.0000
10        M:diskfree
35        1357 75.0000 68.0400 23.2000 0.0000
12        M:otherprocs
32        1357 4.0000 3.6400 1.2000 0.0000
11        M:rootprocs
37        1357 112.0000 103.8100 27.3000 0.0000
7         M:users
32        1357 5.0000 4.5500 1.5000 0.0000
3         MOY
15        M:entropy_avail
39        155 3652.0000 3350.2000 848.4657 0.0000
12        M:mem_cached
39        155 1331.8730 1210.5062 451.2640 0.0000
16        M:io_writtendata
31        155 0.5679 0.6512 0.2969 0.0000
11        M:io_writes
31        155 9.0000 9.6600 2.4166 0.0000
6         M:cpu3
31        155 0.6997 0.8405 0.9600 0.0000
6         M:cpu2
31        155 0.4731 0.7621 0.9676 0.0000
6         M:cpu1
31        155 0.9361 0.8967 0.6122 0.0000
6         M:cpu0
31        155 0.5063 1.2690 2.7596 0.0000
5         M:cpu
31        155 0.6555 0.9427 1.0087 0.0000
10        M:messages
38        155 330.0000 1123.5000 581.6704 0.0000
8         M:ssh_in
31        155 2.0000 1.8200 0.6000 0.0000
13        M:cfengine_in
31        155 1.0000 0.9100 0.3000 0.0000
9         M:loadavg
31        155 0.0100 0.0227 0.0512 0.0000
10        M:diskfree
34        155 80.5000 73.2550 24.2063 0.0000
12        M:otherprocs
31        155 4.0000 3.6400 1.2000 0.0000
11        M:rootprocs
36        155 114.0000 103.8450 33.8518 0.0000
7         M:users
31        155 5.0000 4.5500 1.5000 0.0000
# send QUERY complete successful
