# delta from 1679669898 to 1679669959 at 1679669959
22        CFR: 0 1679669958 2072
3         PRD
60        Packing reports: delta,0.029661,0.087980,0.087379,1679669899
3         EXS
16        f,195,1679669801
3         MOM
15        M:entropy_avail
38        1331 3780.0000 2646.0000 0.0000 0.0000
12        M:mem_cached
41        1331 1990.2070 1393.1449 1665.1267 0.0000
10        M:mem_free
39        1331 12448.6523 8714.0566 0.0000 0.0000
11        M:mem_total
40        1331 14863.5820 10404.5074 0.0000 0.0000
16        M:io_writtendata
32        1331 0.4717 0.3302 0.3946 0.0000
11        M:io_writes
34        1331 12.0000 8.4000 10.0399 0.0000
6         M:cpu3
32        1331 2.2409 1.5686 1.8749 0.0000
6         M:cpu2
32        1331 2.9216 2.0451 2.4444 0.0000
6         M:cpu1
32        1331 1.8726 1.3108 1.5667 0.0000
6         M:cpu0
32        1331 3.6956 2.5869 3.0919 0.0000
5         M:cpu
32        1331 2.6824 1.8777 2.2443 0.0000
10        M:messages
38        1331 5625.0000 3937.5000 0.0000 0.0000
8         M:ssh_in
32        1331 2.0000 1.4000 1.6733 0.0000
14        M:cfengine_out
32        1331 1.0000 0.7000 0.8367 0.0000
13        M:cfengine_in
32        1331 1.0000 0.7000 0.8367 0.0000
9         M:loadavg
32        1331 0.1900 0.1330 0.1590 0.0000
10        M:diskfree
35        1331 75.0000 52.5000 62.7495 0.0000
12        M:otherprocs
32        1331 4.0000 2.8000 3.3466 0.0000
11        M:rootprocs
36        1331 117.0000 81.9000 97.8892 0.0000
7         M:users
32        1331 5.0000 3.5000 4.1833 0.0000
3         MOY
15        M:entropy_avail
39        155 3652.0000 3350.2000 848.4657 0.0000
12        M:mem_cached
39        155 1315.7734 1198.4567 433.2226 0.0000
16        M:io_writtendata
31        155 0.7695 0.8305 0.2055 0.0000
11        M:io_writes
33        155 13.0000 12.6700 2.5495 0.0000
6         M:cpu3
31        155 1.0967 1.1038 1.2109 0.0000
6         M:cpu2
31        155 0.5861 0.7020 0.7706 0.0000
6         M:cpu1
31        155 3.5019 2.7815 3.2061 0.0000
6         M:cpu0
31        155 0.9457 1.1279 1.7377 0.0000
5         M:cpu
31        155 1.5341 1.4295 1.5096 0.0000
10        M:messages
39        155 927.0000 1573.2150 1356.1705 0.0000
8         M:ssh_in
31        155 2.0000 1.8200 0.6000 0.0000
13        M:cfengine_in
31        155 1.0000 0.9100 0.3000 0.0000
9         M:loadavg
31        155 0.0200 0.0329 0.0515 0.0000
10        M:diskfree
34        155 80.5000 73.2550 24.2063 0.0000
12        M:otherprocs
31        155 4.0000 3.6400 1.2000 0.0000
11        M:rootprocs
36        155 111.5000 102.8300 29.3820 0.0000
7         M:users
31        155 5.0000 4.5500 1.5000 0.0000
3         PLG
374       1679669958,7ccdf5e8cb0651ffd66f8521ac3add259f2c2cf1ac0e47af83ff782d612ba250,/var/cfengine/inputs/services/cfbs/churn_local_users.cf,35918a18f3f028e3a16776f9d73c3e66ccce4a02,114,default,churn_local_users,users,bobafett,/default/churn_local_users/users/'bobafett'[4],,[],"[""Created user 'bobafett'""]",10,SHA=66aec41141537e4570d6a74066d87b0a9129cc05975edb37015fa542e617fbd4

# send QUERY complete successful
