# delta from 1679683458 to 1679683519 at 1679683519
22        CFR: 0 1679683518 2165
3         PRD
60        Packing reports: delta,0.021170,0.044818,0.045398,1679683459
83        Sample(/proc/sys/kernel/random/entropy_avail),0.004856,0.002358,0.002466,1679683490
3         EXS
16        f,323,1679683325
3         MOM
15        M:entropy_avail
40        1376 3780.0000 3439.8000 948.7725 0.0000
12        M:mem_cached
40        1376 2049.7109 1861.5160 627.3164 0.0000
10        M:mem_free
40        1376 12373.7461 11264.0374 0.0000 0.0000
11        M:mem_total
40        1376 14863.5820 13525.8596 0.0000 0.0000
16        M:io_writtendata
32        1376 0.5811 0.6900 0.3630 0.0000
11        M:io_writes
34        1376 10.0000 10.7800 2.6000 0.0000
6         M:cpu3
32        1376 0.3201 0.7830 1.5432 0.0000
6         M:cpu2
32        1376 0.6393 1.1464 1.6901 0.0000
6         M:cpu1
32        1376 0.1731 1.3060 4.0824 0.0000
6         M:cpu0
32        1376 0.8463 1.1258 0.9316 0.0000
5         M:cpu
32        1376 0.4947 1.0899 1.9840 0.0000
10        M:messages
37        1376 169.0000 1146.0400 0.0000 0.0000
8         M:ssh_in
32        1376 2.0000 1.8200 0.6000 0.0000
14        M:cfengine_out
32        1376 0.0000 0.2100 0.7436 0.0000
13        M:cfengine_in
32        1376 1.0000 0.9100 0.3000 0.0000
9         M:loadavg
32        1376 0.0200 0.0602 0.1508 0.0000
10        M:diskfree
35        1376 74.0000 67.3400 22.2000 0.0000
12        M:otherprocs
32        1376 4.0000 3.6400 1.2000 0.0000
11        M:rootprocs
37        1376 114.0000 104.5800 31.4000 0.0000
7         M:users
32        1376 5.0000 4.5500 1.5000 0.0000
3         MOY
15        M:entropy_avail
39        155 3652.0000 3350.2000 848.4657 0.0000
12        M:mem_cached
39        155 1334.7988 1211.0830 461.7662 0.0000
16        M:io_writtendata
31        155 0.3193 0.3388 0.1251 0.0000
11        M:io_writes
31        155 7.0000 6.7900 1.8724 0.0000
6         M:cpu3
31        155 0.5030 0.6454 0.9539 0.0000
6         M:cpu2
31        155 0.3231 0.4795 0.7447 0.0000
6         M:cpu1
31        155 0.5199 0.5004 0.4890 0.0000
6         M:cpu0
31        155 1.3187 1.3763 1.9682 0.0000
5         M:cpu
31        155 0.6679 0.7515 1.0018 0.0000
10        M:messages
37        155 330.0000 957.9150 581.6704 0.0000
8         M:ssh_in
31        155 2.0000 1.8200 0.6000 0.0000
13        M:cfengine_in
31        155 1.0000 0.9100 0.3000 0.0000
9         M:loadavg
31        155 0.0350 0.0350 0.0597 0.0000
10        M:diskfree
34        155 80.5000 73.2550 24.2063 0.0000
12        M:otherprocs
31        155 4.0000 3.6400 1.2000 0.0000
11        M:rootprocs
36        155 113.0000 102.8300 33.9013 0.0000
7         M:users
31        155 5.0000 4.5500 1.5000 0.0000
3         PLG
386       1679683479,2ea1aeb72b8fa9b635038692e4b7f7f3b82d3317e496aa0abcac9d3dac664df5,/var/cfengine/inputs/services/cfbs/churn_local_users.cf,35918a18f3f028e3a16776f9d73c3e66ccce4a02,114,default,churn_local_users,users,lukeskywaker,/default/churn_local_users/users/'lukeskywaker'[9],,[],"[""Created user 'lukeskywaker'""]",10,SHA=66aec41141537e4570d6a74066d87b0a9129cc05975edb37015fa542e617fbd4

# send QUERY complete successful
