# delta from 1679727078 to 1679727139 at 1679727139
22        CFR: 0 1679727138 1754
3         PRD
108       CFEngine Execution (policy filename: '/var/cfengine/inputs/update.cf'),0.041229,0.336205,0.335585,1679727132
60        Packing reports: delta,0.015689,0.024615,0.025216,1679727079
3         EXS
16        f,170,1679727010
3         MOM
15        M:entropy_avail
38        1522 3780.0000 2646.0000 0.0000 0.0000
12        M:mem_cached
41        1522 2189.0742 1532.3520 1831.5109 0.0000
10        M:mem_free
39        1522 12252.1875 8576.5312 0.0000 0.0000
11        M:mem_total
40        1522 14863.5820 10404.5074 0.0000 0.0000
16        M:io_writtendata
32        1522 0.9971 0.6979 0.8342 0.0000
11        M:io_writes
35        1522 16.0000 11.2000 13.3866 0.0000
6         M:cpu3
32        1522 0.8530 0.5971 0.7137 0.0000
6         M:cpu2
32        1522 1.6467 1.1527 1.3777 0.0000
6         M:cpu1
32        1522 4.7959 3.3571 4.0125 0.0000
6         M:cpu0
32        1522 2.4472 1.7130 2.0474 0.0000
5         M:cpu
32        1522 2.4385 1.7070 2.0402 0.0000
10        M:messages
38        1522 5147.0000 3602.9000 0.0000 0.0000
8         M:ssh_in
32        1522 2.0000 1.4000 1.6733 0.0000
13        M:cfengine_in
32        1522 1.0000 0.7000 0.8367 0.0000
9         M:loadavg
32        1522 0.0900 0.0630 0.0753 0.0000
10        M:diskfree
35        1522 73.0000 51.1000 61.0762 0.0000
12        M:otherprocs
32        1522 4.0000 2.8000 3.3466 0.0000
11        M:rootprocs
36        1522 108.0000 75.6000 90.3593 0.0000
7         M:users
32        1522 5.0000 3.5000 4.1833 0.0000
3         MOY
15        M:entropy_avail
39        155 3652.0000 3350.2000 848.4657 0.0000
12        M:mem_cached
39        155 1334.7988 1211.0830 461.7662 0.0000
16        M:io_writtendata
31        155 0.3193 0.3388 0.1251 0.0000
11        M:io_writes
31        155 7.0000 6.7900 1.8724 0.0000
6         M:cpu3
31        155 0.5030 0.6454 0.9539 0.0000
6         M:cpu2
31        155 0.3231 0.4795 0.7447 0.0000
6         M:cpu1
31        155 0.5199 0.5004 0.4890 0.0000
6         M:cpu0
31        155 1.3187 1.3763 1.9682 0.0000
5         M:cpu
31        155 0.6679 0.7515 1.0018 0.0000
10        M:messages
37        155 330.0000 957.9150 581.6704 0.0000
8         M:ssh_in
31        155 2.0000 1.8200 0.6000 0.0000
13        M:cfengine_in
31        155 1.0000 0.9100 0.3000 0.0000
9         M:loadavg
31        155 0.0350 0.0350 0.0597 0.0000
10        M:diskfree
34        155 80.5000 73.2550 24.2063 0.0000
12        M:otherprocs
31        155 4.0000 3.6400 1.2000 0.0000
11        M:rootprocs
36        155 113.0000 102.8300 33.9013 0.0000
7         M:users
31        155 5.0000 4.5500 1.5000 0.0000
# send QUERY complete successful
