# delta from 1679684658 to 1679684719 at 1679684719
22        CFR: 0 1679684718 2162
3         PRD
60        Packing reports: delta,0.022050,0.048620,0.049911,1679684659
83        Sample(/proc/sys/kernel/random/entropy_avail),0.004776,0.002281,0.002313,1679684692
3         EXS
15        f,84,1679684612
3         MOM
15        M:entropy_avail
40        1380 3780.0000 3439.8000 948.7725 0.0000
12        M:mem_cached
40        1380 2046.0742 1865.5221 601.8402 0.0000
10        M:mem_free
38        1380 8614.9520 8614.9520 0.0000 0.0000
11        M:mem_total
40        1380 10404.5074 10404.5074 0.0000 0.0000
16        M:io_writtendata
32        1380 1.1211 1.0893 0.1060 0.0000
11        M:io_writes
34        1380 16.0000 14.9800 3.4000 0.0000
6         M:cpu3
32        1380 2.2670 1.8614 1.2799 0.0000
6         M:cpu2
32        1380 1.1937 0.9420 0.7395 0.0000
6         M:cpu1
32        1380 7.2010 5.4926 4.8654 0.0000
6         M:cpu0
32        1380 1.0666 0.8405 0.6630 0.0000
5         M:cpu
32        1380 2.9369 2.2872 1.8810 0.0000
10        M:messages
40        1380 1793.0000 1986.7400 540.3150 0.0000
8         M:ssh_in
32        1380 2.0000 1.8200 0.6000 0.0000
14        M:cfengine_out
32        1380 0.0000 0.2100 0.7436 0.0000
13        M:cfengine_in
32        1380 1.0000 0.9100 0.3000 0.0000
9         M:loadavg
32        1380 0.0200 0.0287 0.0290 0.0000
10        M:diskfree
35        1380 74.0000 67.3400 22.2000 0.0000
12        M:otherprocs
32        1380 4.0000 3.6400 1.2000 0.0000
11        M:rootprocs
37        1380 109.0000 102.3400 22.2000 0.0000
7         M:users
32        1380 5.0000 4.5500 1.5000 0.0000
3         MOY
15        M:entropy_avail
39        155 3652.0000 3350.2000 848.4657 0.0000
12        M:mem_cached
39        155 1334.7988 1211.0830 461.7662 0.0000
16        M:io_writtendata
31        155 0.3193 0.3388 0.1251 0.0000
11        M:io_writes
31        155 7.0000 6.7900 1.8724 0.0000
6         M:cpu3
31        155 0.5030 0.6454 0.9539 0.0000
6         M:cpu2
31        155 0.3231 0.4795 0.7447 0.0000
6         M:cpu1
31        155 0.5199 0.5004 0.4890 0.0000
6         M:cpu0
31        155 1.3187 1.3763 1.9682 0.0000
5         M:cpu
31        155 0.6679 0.7515 1.0018 0.0000
10        M:messages
37        155 330.0000 957.9150 581.6704 0.0000
8         M:ssh_in
31        155 2.0000 1.8200 0.6000 0.0000
13        M:cfengine_in
31        155 1.0000 0.9100 0.3000 0.0000
9         M:loadavg
31        155 0.0350 0.0350 0.0597 0.0000
10        M:diskfree
34        155 80.5000 73.2550 24.2063 0.0000
12        M:otherprocs
31        155 4.0000 3.6400 1.2000 0.0000
11        M:rootprocs
36        155 113.0000 102.8300 33.9013 0.0000
7         M:users
31        155 5.0000 4.5500 1.5000 0.0000
3         PLG
383       1679684683,56723c45f5504109a2fc211242b200ead91addfe7d156ca9482e66e0538a9d50,/var/cfengine/inputs/services/cfbs/churn_local_users.cf,35918a18f3f028e3a16776f9d73c3e66ccce4a02,114,default,churn_local_users,users,jabbathehut,/default/churn_local_users/users/'jabbathehut'[5],,[],"[""Removed user 'jabbathehut'""]",10,SHA=66aec41141537e4570d6a74066d87b0a9129cc05975edb37015fa542e617fbd4

# send QUERY complete successful
