# delta from 1679704818 to 1679704879 at 1679704879
22        CFR: 0 1679704878 1729
3         PRD
60        Packing reports: delta,0.018293,0.033464,0.033714,1679704819
83        Sample(/proc/sys/kernel/random/entropy_avail),0.004859,0.002361,0.002359,1679704827
3         EXS
16        f,242,1679704708
3         MOM
15        M:entropy_avail
38        1448 3780.0000 2646.0000 0.0000 0.0000
12        M:mem_cached
41        1448 2116.7852 1481.7496 1771.0295 0.0000
10        M:mem_free
39        1448 12305.8438 8614.0906 0.0000 0.0000
11        M:mem_total
40        1448 14863.5820 10404.5074 0.0000 0.0000
16        M:io_writtendata
32        1448 1.0498 0.7349 0.8783 0.0000
11        M:io_writes
35        1448 16.0000 11.2000 13.3866 0.0000
6         M:cpu3
32        1448 2.1474 1.5032 1.7966 0.0000
6         M:cpu2
32        1448 1.3129 0.9190 1.0984 0.0000
6         M:cpu1
32        1448 4.3258 3.0281 3.6192 0.0000
6         M:cpu0
32        1448 0.8935 0.6255 0.7476 0.0000
5         M:cpu
32        1448 2.1667 1.5167 1.8128 0.0000
10        M:messages
38        1448 8031.0000 5621.7000 0.0000 0.0000
8         M:ssh_in
32        1448 2.0000 1.4000 1.6733 0.0000
13        M:cfengine_in
32        1448 1.0000 0.7000 0.8367 0.0000
9         M:loadavg
32        1448 0.0200 0.0140 0.0167 0.0000
10        M:diskfree
35        1448 74.0000 51.8000 61.9128 0.0000
12        M:otherprocs
32        1448 4.0000 2.8000 3.3466 0.0000
11        M:rootprocs
36        1448 111.0000 77.7000 92.8693 0.0000
7         M:users
32        1448 5.0000 3.5000 4.1833 0.0000
3         MOY
15        M:entropy_avail
39        155 3652.0000 3350.2000 848.4657 0.0000
12        M:mem_cached
39        155 1334.7988 1211.0830 461.7662 0.0000
16        M:io_writtendata
31        155 0.3193 0.3388 0.1251 0.0000
11        M:io_writes
31        155 7.0000 6.7900 1.8724 0.0000
6         M:cpu3
31        155 0.5030 0.6454 0.9539 0.0000
6         M:cpu2
31        155 0.3231 0.4795 0.7447 0.0000
6         M:cpu1
31        155 0.5199 0.5004 0.4890 0.0000
6         M:cpu0
31        155 1.3187 1.3763 1.9682 0.0000
5         M:cpu
31        155 0.6679 0.7515 1.0018 0.0000
10        M:messages
37        155 330.0000 957.9150 581.6704 0.0000
8         M:ssh_in
31        155 2.0000 1.8200 0.6000 0.0000
13        M:cfengine_in
31        155 1.0000 0.9100 0.3000 0.0000
9         M:loadavg
31        155 0.0350 0.0350 0.0597 0.0000
10        M:diskfree
34        155 80.5000 73.2550 24.2063 0.0000
12        M:otherprocs
31        155 4.0000 3.6400 1.2000 0.0000
11        M:rootprocs
36        155 113.0000 102.8300 33.9013 0.0000
7         M:users
31        155 5.0000 4.5500 1.5000 0.0000
# send QUERY complete successful
