# delta from 1679752583 to 1679752644 at 1679752644
22        CFR: 0 1679752643 2226
3         PRD
108       CFEngine Execution (policy filename: '/var/cfengine/inputs/update.cf'),0.048330,0.334132,0.335622,1679752633
60        Packing reports: delta,0.018486,0.034174,0.034045,1679752584
83        Sample(/proc/sys/kernel/random/entropy_avail),0.004748,0.002254,0.002382,1679752614
3         EXS
16        f,145,1679752518
3         MOM
15        M:entropy_avail
38        1607 3780.0000 2646.0000 0.0000 0.0000
12        M:mem_cached
41        1607 2268.9883 1588.2918 1898.3718 0.0000
10        M:mem_free
39        1607 12169.0664 8518.3465 0.0000 0.0000
11        M:mem_total
40        1607 14863.5820 10404.5074 0.0000 0.0000
16        M:io_writtendata
32        1607 0.7148 0.5004 0.5981 0.0000
11        M:io_writes
34        1607 12.0000 8.4000 10.0399 0.0000
6         M:cpu3
32        1607 2.7454 1.9218 2.2970 0.0000
6         M:cpu2
32        1607 1.4470 1.0129 1.2106 0.0000
6         M:cpu1
32        1607 4.3391 3.0374 3.6304 0.0000
6         M:cpu0
32        1607 1.3196 0.9237 1.1040 0.0000
5         M:cpu
32        1607 2.4644 1.7251 2.0619 0.0000
10        M:messages
38        1607 4463.0000 3124.1000 0.0000 0.0000
8         M:ssh_in
32        1607 2.0000 1.4000 1.6733 0.0000
13        M:cfengine_in
32        1607 1.0000 0.7000 0.8367 0.0000
9         M:loadavg
32        1607 0.1000 0.0700 0.0837 0.0000
10        M:diskfree
35        1607 72.0000 50.4000 60.2395 0.0000
12        M:otherprocs
32        1607 4.0000 2.8000 3.3466 0.0000
11        M:rootprocs
36        1607 108.0000 75.6000 90.3593 0.0000
7         M:users
32        1607 5.0000 3.5000 4.1833 0.0000
3         MOY
15        M:entropy_avail
39        155 3652.0000 3350.2000 848.4657 0.0000
12        M:mem_cached
39        155 1334.7988 1211.0830 461.7662 0.0000
16        M:io_writtendata
31        155 0.3193 0.3388 0.1251 0.0000
11        M:io_writes
31        155 7.0000 6.7900 1.8724 0.0000
6         M:cpu3
31        155 0.5030 0.6454 0.9539 0.0000
6         M:cpu2
31        155 0.3231 0.4795 0.7447 0.0000
6         M:cpu1
31        155 0.5199 0.5004 0.4890 0.0000
6         M:cpu0
31        155 1.3187 1.3763 1.9682 0.0000
5         M:cpu
31        155 0.6679 0.7515 1.0018 0.0000
10        M:messages
37        155 330.0000 957.9150 581.6704 0.0000
8         M:ssh_in
31        155 2.0000 1.8200 0.6000 0.0000
13        M:cfengine_in
31        155 1.0000 0.9100 0.3000 0.0000
9         M:loadavg
31        155 0.0350 0.0350 0.0597 0.0000
10        M:diskfree
34        155 80.5000 73.2550 24.2063 0.0000
12        M:otherprocs
31        155 4.0000 3.6400 1.2000 0.0000
11        M:rootprocs
36        155 113.0000 102.8300 33.9013 0.0000
7         M:users
31        155 5.0000 4.5500 1.5000 0.0000
3         PLG
387       1679752625,e2e6d4f32f029df22474ec21672b5b657148508abbd7acf549626f197a4966c3,/var/cfengine/inputs/services/cfbs/churn_local_users.cf,35918a18f3f028e3a16776f9d73c3e66ccce4a02,114,default,churn_local_users,users,darthsidious,/default/churn_local_users/users/'darthsidious'[10],,[],"[""Created user 'darthsidious'""]",10,SHA=66aec41141537e4570d6a74066d87b0a9129cc05975edb37015fa542e617fbd4

# send QUERY complete successful
