# delta from 1679758883 to 1679758944 at 1679758944
22        CFR: 0 1679758943 1882
3         PRD
108       CFEngine Execution (policy filename: '/var/cfengine/inputs/update.cf'),0.040658,0.334342,0.332391,1679758915
60        Packing reports: delta,0.022661,0.051353,0.051054,1679758884
83        Sample(/proc/sys/kernel/random/entropy_avail),0.004809,0.002313,0.002302,1679758927
3         EXS
16        f,364,1679758821
3         MOM
15        M:entropy_avail
38        1628 3780.0000 2646.0000 0.0000 0.0000
12        M:mem_cached
41        1628 2307.8359 1615.4852 1930.8741 0.0000
10        M:mem_free
39        1628 12091.7109 8464.1977 0.0000 0.0000
11        M:mem_total
40        1628 14863.5820 10404.5074 0.0000 0.0000
16        M:io_writtendata
32        1628 0.8369 0.5858 0.7002 0.0000
11        M:io_writes
34        1628 12.0000 8.4000 10.0399 0.0000
6         M:cpu3
32        1628 0.7798 0.5459 0.6524 0.0000
6         M:cpu2
32        1628 0.4928 0.3450 0.4123 0.0000
6         M:cpu1
32        1628 0.8998 0.6298 0.7528 0.0000
6         M:cpu0
32        1628 0.5730 0.4011 0.4794 0.0000
5         M:cpu
32        1628 0.6863 0.4804 0.5742 0.0000
10        M:messages
38        1628 3352.0000 2346.4000 0.0000 0.0000
8         M:ssh_in
32        1628 2.0000 1.4000 1.6733 0.0000
14        M:cfengine_out
32        1628 1.0000 0.7000 0.8367 0.0000
13        M:cfengine_in
32        1628 1.0000 0.7000 0.8367 0.0000
9         M:loadavg
32        1628 0.0800 0.0560 0.0669 0.0000
10        M:diskfree
35        1628 72.0000 50.4000 60.2395 0.0000
12        M:otherprocs
32        1628 4.0000 2.8000 3.3466 0.0000
11        M:rootprocs
36        1628 117.0000 81.9000 97.8892 0.0000
7         M:users
32        1628 5.0000 3.5000 4.1833 0.0000
3         MOY
15        M:entropy_avail
39        155 3652.0000 3350.2000 848.4657 0.0000
12        M:mem_cached
39        155 1334.7988 1211.0830 461.7662 0.0000
16        M:io_writtendata
31        155 0.3193 0.3388 0.1251 0.0000
11        M:io_writes
31        155 7.0000 6.7900 1.8724 0.0000
6         M:cpu3
31        155 0.5030 0.6454 0.9539 0.0000
6         M:cpu2
31        155 0.3231 0.4795 0.7447 0.0000
6         M:cpu1
31        155 0.5199 0.5004 0.4890 0.0000
6         M:cpu0
31        155 1.3187 1.3763 1.9682 0.0000
5         M:cpu
31        155 0.6679 0.7515 1.0018 0.0000
10        M:messages
37        155 330.0000 957.9150 581.6704 0.0000
8         M:ssh_in
31        155 2.0000 1.8200 0.6000 0.0000
13        M:cfengine_in
31        155 1.0000 0.9100 0.3000 0.0000
9         M:loadavg
31        155 0.0350 0.0350 0.0597 0.0000
10        M:diskfree
34        155 80.5000 73.2550 24.2063 0.0000
12        M:otherprocs
31        155 4.0000 3.6400 1.2000 0.0000
11        M:rootprocs
36        155 113.0000 102.8300 33.9013 0.0000
7         M:users
31        155 5.0000 4.5500 1.5000 0.0000
# send QUERY complete successful
