# delta from 1679694498 to 1679694559 at 1679694559
22        CFR: 0 1679694558 2121
3         PRD
60        Packing reports: delta,0.029202,0.085278,0.084581,1679694499
3         EXS
16        f,391,1679694094
3         MOM
15        M:entropy_avail
41        1413 4036.0000 3619.0000 1162.9574 0.0000
12        M:mem_cached
40        1413 2084.0469 1896.4580 625.2961 0.0000
10        M:mem_free
38        1413 8637.5324 8637.5324 0.0000 0.0000
11        M:mem_total
40        1413 10404.5074 10404.5074 0.0000 0.0000
16        M:io_writtendata
32        1413 1.0283 0.7871 0.6886 0.0000
11        M:io_writes
34        1413 12.0000 10.0800 6.4894 0.0000
6         M:cpu3
32        1413 0.4136 0.3357 0.2395 0.0000
6         M:cpu2
32        1413 1.2254 0.9389 0.8184 0.0000
6         M:cpu1
32        1413 1.6124 1.1958 1.1710 0.0000
6         M:cpu0
32        1413 1.4927 1.0855 1.1391 0.0000
5         M:cpu
32        1413 1.1829 0.8875 0.8340 0.0000
10        M:messages
39        1413 169.0000 652.9600 1784.0780 0.0000
8         M:ssh_in
32        1413 2.0000 1.8200 0.6000 0.0000
14        M:cfengine_out
32        1413 1.0000 0.7000 0.8367 0.0000
13        M:cfengine_in
32        1413 1.0000 0.9100 0.3000 0.0000
9         M:loadavg
32        1413 0.0700 0.0511 0.0529 0.0000
10        M:diskfree
35        1413 74.0000 67.3400 22.2000 0.0000
12        M:otherprocs
32        1413 4.0000 3.6400 1.2000 0.0000
11        M:rootprocs
37        1413 119.0000 107.4500 38.5000 0.0000
7         M:users
32        1413 5.0000 4.5500 1.5000 0.0000
3         MOY
15        M:entropy_avail
39        155 3652.0000 3350.2000 848.4657 0.0000
12        M:mem_cached
39        155 1334.7988 1211.0830 461.7662 0.0000
16        M:io_writtendata
31        155 0.3193 0.3388 0.1251 0.0000
11        M:io_writes
31        155 7.0000 6.7900 1.8724 0.0000
6         M:cpu3
31        155 0.5030 0.6454 0.9539 0.0000
6         M:cpu2
31        155 0.3231 0.4795 0.7447 0.0000
6         M:cpu1
31        155 0.5199 0.5004 0.4890 0.0000
6         M:cpu0
31        155 1.3187 1.3763 1.9682 0.0000
5         M:cpu
31        155 0.6679 0.7515 1.0018 0.0000
10        M:messages
37        155 330.0000 957.9150 581.6704 0.0000
8         M:ssh_in
31        155 2.0000 1.8200 0.6000 0.0000
13        M:cfengine_in
31        155 1.0000 0.9100 0.3000 0.0000
9         M:loadavg
31        155 0.0350 0.0350 0.0597 0.0000
10        M:diskfree
34        155 80.5000 73.2550 24.2063 0.0000
12        M:otherprocs
31        155 4.0000 3.6400 1.2000 0.0000
11        M:rootprocs
36        155 113.0000 102.8300 33.9013 0.0000
7         M:users
31        155 5.0000 4.5500 1.5000 0.0000
3         PLG
424       1679694530,a07f252e950b0884ca375311460b648661e276e6b0e103a1ff53ebc745ff42af,/var/cfengine/inputs/services/cfbs/churn_local_users.cf,35918a18f3f028e3a16776f9d73c3e66ccce4a02,110,default,churn_local_users,users,r2d2,/default/churn_local_users/users/'r2d2'[14],,[],"[""'/sbin/chpasswd -e' returned non-zero status: 1"",""Failed to create user 'r2d2'""]",10,SHA=66aec41141537e4570d6a74066d87b0a9129cc05975edb37015fa542e617fbd4

# send QUERY complete successful
