# delta from 1679737878 to 1679737939 at 1679737939
22        CFR: 0 1679737938 2184
3         PRD
108       CFEngine Execution (policy filename: '/var/cfengine/inputs/update.cf'),0.040844,0.333560,0.329886,1679737917
60        Packing reports: delta,0.027517,0.075721,0.075640,1679737879
83        Sample(/proc/sys/kernel/random/entropy_avail),0.004866,0.002368,0.002399,1679737886
3         EXS
16        f,266,1679737544
3         MOM
15        M:entropy_avail
38        1558 3780.0000 2646.0000 0.0000 0.0000
12        M:mem_cached
41        1558 2242.7383 1569.9168 1876.4095 0.0000
10        M:mem_free
39        1558 12172.4688 8520.7281 0.0000 0.0000
11        M:mem_total
40        1558 14863.5820 10404.5074 0.0000 0.0000
16        M:io_writtendata
32        1558 1.0117 0.7082 0.8465 0.0000
11        M:io_writes
34        1558 14.0000 9.8000 11.7132 0.0000
6         M:cpu3
32        1558 0.2268 0.1587 0.1897 0.0000
6         M:cpu2
32        1558 0.3931 0.2752 0.3289 0.0000
6         M:cpu1
32        1558 0.3196 0.2237 0.2674 0.0000
6         M:cpu0
32        1558 0.3465 0.2425 0.2899 0.0000
5         M:cpu
32        1558 0.3248 0.2274 0.2718 0.0000
10        M:messages
41        1558 2546.0000 1782.2000 2130.1364 0.0000
8         M:ssh_in
32        1558 2.0000 1.4000 1.6733 0.0000
13        M:cfengine_in
32        1558 1.0000 0.7000 0.8367 0.0000
10        M:diskfree
35        1558 73.0000 51.1000 61.0762 0.0000
12        M:otherprocs
32        1558 4.0000 2.8000 3.3466 0.0000
11        M:rootprocs
36        1558 111.0000 77.7000 92.8693 0.0000
7         M:users
32        1558 5.0000 3.5000 4.1833 0.0000
3         MOY
15        M:entropy_avail
39        155 3652.0000 3350.2000 848.4657 0.0000
12        M:mem_cached
39        155 1334.7988 1211.0830 461.7662 0.0000
16        M:io_writtendata
31        155 0.3193 0.3388 0.1251 0.0000
11        M:io_writes
31        155 7.0000 6.7900 1.8724 0.0000
6         M:cpu3
31        155 0.5030 0.6454 0.9539 0.0000
6         M:cpu2
31        155 0.3231 0.4795 0.7447 0.0000
6         M:cpu1
31        155 0.5199 0.5004 0.4890 0.0000
6         M:cpu0
31        155 1.3187 1.3763 1.9682 0.0000
5         M:cpu
31        155 0.6679 0.7515 1.0018 0.0000
10        M:messages
37        155 330.0000 957.9150 581.6704 0.0000
8         M:ssh_in
31        155 2.0000 1.8200 0.6000 0.0000
13        M:cfengine_in
31        155 1.0000 0.9100 0.3000 0.0000
9         M:loadavg
31        155 0.0350 0.0350 0.0597 0.0000
10        M:diskfree
34        155 80.5000 73.2550 24.2063 0.0000
12        M:otherprocs
31        155 4.0000 3.6400 1.2000 0.0000
11        M:rootprocs
36        155 113.0000 102.8300 33.9013 0.0000
7         M:users
31        155 5.0000 4.5500 1.5000 0.0000
3         PLG
383       1679737884,3eb6d6e0e7283e9db0394128962964abb39fd6451b29b7645280e9d2aec86c08,/var/cfengine/inputs/services/cfbs/churn_local_users.cf,35918a18f3f028e3a16776f9d73c3e66ccce4a02,114,default,churn_local_users,users,jabbathehut,/default/churn_local_users/users/'jabbathehut'[5],,[],"[""Created user 'jabbathehut'""]",10,SHA=66aec41141537e4570d6a74066d87b0a9129cc05975edb37015fa542e617fbd4

# send QUERY complete successful
