# delta from 1679739078 to 1679739139 at 1679739139
22        CFR: 0 1679739138 2200
3         PRD
108       CFEngine Execution (policy filename: '/var/cfengine/inputs/update.cf'),0.040851,0.336678,0.342137,1679739122
60        Packing reports: delta,0.028377,0.080523,0.076455,1679739079
83        Sample(/proc/sys/kernel/random/entropy_avail),0.004795,0.002299,0.002318,1679739089
3         EXS
15        f,38,1679738421
3         MOM
15        M:entropy_avail
38        1562 3780.0000 2646.0000 0.0000 0.0000
12        M:mem_cached
41        1562 2225.9727 1558.1809 1862.3823 0.0000
10        M:mem_free
39        1562 12189.6602 8532.7621 0.0000 0.0000
11        M:mem_total
40        1562 14863.5820 10404.5074 0.0000 0.0000
16        M:io_writtendata
32        1562 0.8818 0.6173 0.7378 0.0000
11        M:io_writes
33        1562 10.0000 7.0000 8.3666 0.0000
6         M:cpu3
32        1562 0.2132 0.1493 0.1784 0.0000
6         M:cpu2
32        1562 0.2868 0.2007 0.2399 0.0000
6         M:cpu1
32        1562 0.3062 0.2144 0.2562 0.0000
6         M:cpu0
32        1562 0.2865 0.2006 0.2397 0.0000
5         M:cpu
32        1562 0.2682 0.1877 0.2244 0.0000
10        M:messages
41        1562 2546.0000 1782.2000 2130.1364 0.0000
8         M:ssh_in
32        1562 2.0000 1.4000 1.6733 0.0000
13        M:cfengine_in
32        1562 1.0000 0.7000 0.8367 0.0000
9         M:loadavg
32        1562 0.0200 0.0140 0.0167 0.0000
10        M:diskfree
35        1562 73.0000 51.1000 61.0762 0.0000
12        M:otherprocs
32        1562 4.0000 2.8000 3.3466 0.0000
11        M:rootprocs
36        1562 115.0000 80.5000 96.2159 0.0000
7         M:users
32        1562 5.0000 3.5000 4.1833 0.0000
3         MOY
15        M:entropy_avail
39        155 3652.0000 3350.2000 848.4657 0.0000
12        M:mem_cached
39        155 1334.7988 1211.0830 461.7662 0.0000
16        M:io_writtendata
31        155 0.3193 0.3388 0.1251 0.0000
11        M:io_writes
31        155 7.0000 6.7900 1.8724 0.0000
6         M:cpu3
31        155 0.5030 0.6454 0.9539 0.0000
6         M:cpu2
31        155 0.3231 0.4795 0.7447 0.0000
6         M:cpu1
31        155 0.5199 0.5004 0.4890 0.0000
6         M:cpu0
31        155 1.3187 1.3763 1.9682 0.0000
5         M:cpu
31        155 0.6679 0.7515 1.0018 0.0000
10        M:messages
37        155 330.0000 957.9150 581.6704 0.0000
8         M:ssh_in
31        155 2.0000 1.8200 0.6000 0.0000
13        M:cfengine_in
31        155 1.0000 0.9100 0.3000 0.0000
9         M:loadavg
31        155 0.0350 0.0350 0.0597 0.0000
10        M:diskfree
34        155 80.5000 73.2550 24.2063 0.0000
12        M:otherprocs
31        155 4.0000 3.6400 1.2000 0.0000
11        M:rootprocs
36        155 113.0000 102.8300 33.9013 0.0000
7         M:users
31        155 5.0000 4.5500 1.5000 0.0000
3         PLG
360       1679739139,5820946305f58f0ceb4dd427ba58a6bdff713a12bc3cbc4169caacb3cf1110f1,/var/cfengine/inputs/services/cfbs/churn_local_users.cf,35918a18f3f028e3a16776f9d73c3e66ccce4a02,114,default,churn_local_users,users,rey,/default/churn_local_users/users/'rey'[12],,[],"[""Created user 'rey'""]",10,SHA=66aec41141537e4570d6a74066d87b0a9129cc05975edb37015fa542e617fbd4

# send QUERY complete successful
