# delta from 1679721198 to 1679721259 at 1679721259
22        CFR: 0 1679721258 1726
3         PRD
60        Packing reports: delta,0.032050,0.102723,0.106721,1679721199
83        Sample(/proc/sys/kernel/random/entropy_avail),0.004818,0.002321,0.002411,1679721205
3         EXS
15        f,33,1679721021
3         MOM
15        M:entropy_avail
41        1502 4036.0000 3619.0000 1162.9574 0.0000
12        M:mem_cached
40        1502 2150.9023 1959.1160 639.2879 0.0000
10        M:mem_free
40        1502 12290.2383 11187.3234 0.0000 0.0000
11        M:mem_total
40        1502 14863.5820 13525.8596 0.0000 0.0000
16        M:io_writtendata
32        1502 0.0684 0.4076 1.2292 0.0000
11        M:io_writes
33        1502 4.0000 7.4200 11.4000 0.0000
6         M:cpu3
32        1502 0.1267 0.6814 2.0163 0.0000
6         M:cpu2
32        1502 0.4399 0.7294 0.9649 0.0000
6         M:cpu1
32        1502 1.6452 2.3328 2.2919 0.0000
6         M:cpu0
32        1502 1.2989 1.3348 0.1199 0.0000
5         M:cpu
32        1502 0.8813 1.2717 1.3013 0.0000
10        M:messages
35        1502 0.0000 1216.9500 0.0000 0.0000
8         M:ssh_in
32        1502 2.0000 1.8200 0.6000 0.0000
13        M:cfengine_in
32        1502 1.0000 0.9100 0.3000 0.0000
9         M:loadavg
32        1502 0.0200 0.0266 0.0220 0.0000
10        M:diskfree
35        1502 73.0000 66.4300 21.9000 0.0000
12        M:otherprocs
32        1502 4.0000 3.6400 1.2000 0.0000
11        M:rootprocs
36        1502 107.0000 96.7400 34.2000 0.0000
7         M:users
32        1502 5.0000 4.5500 1.5000 0.0000
3         MOY
15        M:entropy_avail
39        155 3652.0000 3350.2000 848.4657 0.0000
12        M:mem_cached
39        155 1334.7988 1211.0830 461.7662 0.0000
16        M:io_writtendata
31        155 0.3193 0.3388 0.1251 0.0000
11        M:io_writes
31        155 7.0000 6.7900 1.8724 0.0000
6         M:cpu3
31        155 0.5030 0.6454 0.9539 0.0000
6         M:cpu2
31        155 0.3231 0.4795 0.7447 0.0000
6         M:cpu1
31        155 0.5199 0.5004 0.4890 0.0000
6         M:cpu0
31        155 1.3187 1.3763 1.9682 0.0000
5         M:cpu
31        155 0.6679 0.7515 1.0018 0.0000
10        M:messages
37        155 330.0000 957.9150 581.6704 0.0000
8         M:ssh_in
31        155 2.0000 1.8200 0.6000 0.0000
13        M:cfengine_in
31        155 1.0000 0.9100 0.3000 0.0000
9         M:loadavg
31        155 0.0350 0.0350 0.0597 0.0000
10        M:diskfree
34        155 80.5000 73.2550 24.2063 0.0000
12        M:otherprocs
31        155 4.0000 3.6400 1.2000 0.0000
11        M:rootprocs
36        155 113.0000 102.8300 33.9013 0.0000
7         M:users
31        155 5.0000 4.5500 1.5000 0.0000
# send QUERY complete successful
