# delta from 1679696118 to 1679696179 at 1679696179
22        CFR: 0 1679696178 1605
3         PRD
60        Packing reports: delta,0.030150,0.090900,0.091488,1679696119
3         EXS
16        f,320,1679695914
3         MOM
15        M:entropy_avail
38        1419 3780.0000 2646.0000 0.0000 0.0000
12        M:mem_cached
41        1419 2101.2461 1470.8723 1758.0286 0.0000
10        M:mem_free
39        1419 12322.0273 8625.4191 0.0000 0.0000
11        M:mem_total
40        1419 14863.5820 10404.5074 0.0000 0.0000
16        M:io_writtendata
32        1419 0.5645 0.3951 0.4723 0.0000
11        M:io_writes
32        1419 8.0000 5.6000 6.6933 0.0000
6         M:cpu3
32        1419 0.5601 0.3921 0.4687 0.0000
6         M:cpu2
32        1419 0.2399 0.1679 0.2007 0.0000
6         M:cpu1
32        1419 1.0589 0.7413 0.8860 0.0000
6         M:cpu0
32        1419 0.3065 0.2146 0.2564 0.0000
5         M:cpu
32        1419 0.5415 0.3790 0.4530 0.0000
10        M:messages
41        1419 2715.0000 1900.5000 2271.5320 0.0000
8         M:ssh_in
32        1419 2.0000 1.4000 1.6733 0.0000
13        M:cfengine_in
32        1419 1.0000 0.7000 0.8367 0.0000
10        M:diskfree
35        1419 74.0000 51.8000 61.9128 0.0000
12        M:otherprocs
32        1419 4.0000 2.8000 3.3466 0.0000
11        M:rootprocs
36        1419 112.0000 78.4000 93.7059 0.0000
7         M:users
32        1419 5.0000 3.5000 4.1833 0.0000
3         MOY
15        M:entropy_avail
39        155 3652.0000 3350.2000 848.4657 0.0000
12        M:mem_cached
39        155 1334.7988 1211.0830 461.7662 0.0000
16        M:io_writtendata
31        155 0.3193 0.3388 0.1251 0.0000
11        M:io_writes
31        155 7.0000 6.7900 1.8724 0.0000
6         M:cpu3
31        155 0.5030 0.6454 0.9539 0.0000
6         M:cpu2
31        155 0.3231 0.4795 0.7447 0.0000
6         M:cpu1
31        155 0.5199 0.5004 0.4890 0.0000
6         M:cpu0
31        155 1.3187 1.3763 1.9682 0.0000
5         M:cpu
31        155 0.6679 0.7515 1.0018 0.0000
10        M:messages
37        155 330.0000 957.9150 581.6704 0.0000
8         M:ssh_in
31        155 2.0000 1.8200 0.6000 0.0000
13        M:cfengine_in
31        155 1.0000 0.9100 0.3000 0.0000
9         M:loadavg
31        155 0.0350 0.0350 0.0597 0.0000
10        M:diskfree
34        155 80.5000 73.2550 24.2063 0.0000
12        M:otherprocs
31        155 4.0000 3.6400 1.2000 0.0000
11        M:rootprocs
36        155 113.0000 102.8300 33.9013 0.0000
7         M:users
31        155 5.0000 4.5500 1.5000 0.0000
# send QUERY complete successful
