# delta from 1679709198 to 1679709260 at 1679709260
22        CFR: 0 1679709259 1650
3         PRD
60        Packing reports: delta,0.022268,0.049586,0.049962,1679709199
3         EXS
15        f,87,1679709147
3         MOM
15        M:entropy_avail
41        1462 4036.0000 3619.0000 1162.9574 0.0000
12        M:mem_cached
40        1462 2115.8047 1931.9505 612.8473 0.0000
10        M:mem_free
40        1462 12329.4219 11208.7989 0.0000 0.0000
11        M:mem_total
40        1462 14863.5820 13525.8596 0.0000 0.0000
16        M:io_writtendata
32        1462 1.4512 1.2554 0.6527 0.0000
11        M:io_writes
35        1462 20.0000 16.9400 10.6765 0.0000
6         M:cpu3
32        1462 1.1533 0.8536 0.8421 0.0000
6         M:cpu2
32        1462 1.1000 0.8344 0.7540 0.0000
6         M:cpu1
32        1462 1.5725 1.1609 1.1554 0.0000
6         M:cpu0
32        1462 1.9596 1.4249 1.4957 0.0000
5         M:cpu
32        1462 1.4481 1.0696 1.0625 0.0000
10        M:messages
40        1462 1802.0000 1954.4000 425.0233 0.0000
8         M:ssh_in
32        1462 2.0000 1.8200 0.6000 0.0000
13        M:cfengine_in
32        1462 1.0000 0.9100 0.3000 0.0000
9         M:loadavg
32        1462 0.1000 0.0700 0.0837 0.0000
10        M:diskfree
35        1462 74.0000 67.1300 22.9000 0.0000
12        M:otherprocs
32        1462 4.0000 3.6400 1.2000 0.0000
11        M:rootprocs
36        1462 108.0000 99.1200 29.6000 0.0000
7         M:users
32        1462 5.0000 4.5500 1.5000 0.0000
3         MOY
15        M:entropy_avail
39        155 3652.0000 3350.2000 848.4657 0.0000
12        M:mem_cached
39        155 1334.7988 1211.0830 461.7662 0.0000
16        M:io_writtendata
31        155 0.3193 0.3388 0.1251 0.0000
11        M:io_writes
31        155 7.0000 6.7900 1.8724 0.0000
6         M:cpu3
31        155 0.5030 0.6454 0.9539 0.0000
6         M:cpu2
31        155 0.3231 0.4795 0.7447 0.0000
6         M:cpu1
31        155 0.5199 0.5004 0.4890 0.0000
6         M:cpu0
31        155 1.3187 1.3763 1.9682 0.0000
5         M:cpu
31        155 0.6679 0.7515 1.0018 0.0000
10        M:messages
37        155 330.0000 957.9150 581.6704 0.0000
8         M:ssh_in
31        155 2.0000 1.8200 0.6000 0.0000
13        M:cfengine_in
31        155 1.0000 0.9100 0.3000 0.0000
9         M:loadavg
31        155 0.0350 0.0350 0.0597 0.0000
10        M:diskfree
34        155 80.5000 73.2550 24.2063 0.0000
12        M:otherprocs
31        155 4.0000 3.6400 1.2000 0.0000
11        M:rootprocs
36        155 113.0000 102.8300 33.9013 0.0000
7         M:users
31        155 5.0000 4.5500 1.5000 0.0000
# send QUERY complete successful
