# delta from 1679733018 to 1679733079 at 1679733079
22        CFR: 0 1679733078 2118
3         PRD
60        Packing reports: delta,0.021632,0.046793,0.047285,1679733019
83        Sample(/proc/sys/kernel/random/entropy_avail),0.004783,0.002288,0.002276,1679733077
3         EXS
16        f,293,1679732964
3         MOM
15        M:entropy_avail
38        1542 3780.0000 2646.0000 0.0000 0.0000
12        M:mem_cached
41        1542 2218.9375 1553.2562 1856.4963 0.0000
10        M:mem_free
39        1542 12193.1523 8535.2066 0.0000 0.0000
11        M:mem_total
40        1542 14863.5820 10404.5074 0.0000 0.0000
16        M:io_writtendata
32        1542 1.3955 0.9769 1.1676 0.0000
11        M:io_writes
35        1542 16.0000 11.2000 13.3866 0.0000
6         M:cpu3
32        1542 0.2999 0.2099 0.2509 0.0000
6         M:cpu2
32        1542 0.8129 0.5690 0.6801 0.0000
6         M:cpu1
32        1542 0.4730 0.3311 0.3957 0.0000
6         M:cpu0
32        1542 0.4731 0.3312 0.3958 0.0000
5         M:cpu
32        1542 0.5197 0.3638 0.4348 0.0000
10        M:messages
38        1542 3324.0000 2326.8000 0.0000 0.0000
8         M:ssh_in
32        1542 2.0000 1.4000 1.6733 0.0000
13        M:cfengine_in
32        1542 1.0000 0.7000 0.8367 0.0000
9         M:loadavg
32        1542 0.0100 0.0070 0.0084 0.0000
10        M:diskfree
35        1542 73.0000 51.1000 61.0762 0.0000
12        M:otherprocs
32        1542 4.0000 2.8000 3.3466 0.0000
11        M:rootprocs
36        1542 115.0000 80.5000 96.2159 0.0000
7         M:users
32        1542 5.0000 3.5000 4.1833 0.0000
3         MOY
15        M:entropy_avail
39        155 3652.0000 3350.2000 848.4657 0.0000
12        M:mem_cached
39        155 1334.7988 1211.0830 461.7662 0.0000
16        M:io_writtendata
31        155 0.3193 0.3388 0.1251 0.0000
11        M:io_writes
31        155 7.0000 6.7900 1.8724 0.0000
6         M:cpu3
31        155 0.5030 0.6454 0.9539 0.0000
6         M:cpu2
31        155 0.3231 0.4795 0.7447 0.0000
6         M:cpu1
31        155 0.5199 0.5004 0.4890 0.0000
6         M:cpu0
31        155 1.3187 1.3763 1.9682 0.0000
5         M:cpu
31        155 0.6679 0.7515 1.0018 0.0000
10        M:messages
37        155 330.0000 957.9150 581.6704 0.0000
8         M:ssh_in
31        155 2.0000 1.8200 0.6000 0.0000
13        M:cfengine_in
31        155 1.0000 0.9100 0.3000 0.0000
9         M:loadavg
31        155 0.0350 0.0350 0.0597 0.0000
10        M:diskfree
34        155 80.5000 73.2550 24.2063 0.0000
12        M:otherprocs
31        155 4.0000 3.6400 1.2000 0.0000
11        M:rootprocs
36        155 113.0000 102.8300 33.9013 0.0000
7         M:users
31        155 5.0000 4.5500 1.5000 0.0000
3         PLG
386       1679733038,4e266614f38ae754839a35e7fc574b6b752029e43ed511fc912b5e826bb3b01b,/var/cfengine/inputs/services/cfbs/churn_local_users.cf,35918a18f3f028e3a16776f9d73c3e66ccce4a02,114,default,churn_local_users,users,obiwankenobi,/default/churn_local_users/users/'obiwankenobi'[6],,[],"[""Created user 'obiwankenobi'""]",10,SHA=66aec41141537e4570d6a74066d87b0a9129cc05975edb37015fa542e617fbd4

# send QUERY complete successful
