# delta from 1679716998 to 1679717059 at 1679717059
22        CFR: 0 1679717058 1649
3         PRD
60        Packing reports: delta,0.027988,0.078332,0.078846,1679716999
3         EXS
16        f,224,1679716893
3         MOM
15        M:entropy_avail
41        1488 4036.0000 3619.0000 1162.9574 0.0000
12        M:mem_cached
40        1488 2179.4062 1980.7216 662.2820 0.0000
10        M:mem_free
38        1488 8572.2355 8572.2355 0.0000 0.0000
11        M:mem_total
40        1488 10404.5074 10404.5074 0.0000 0.0000
16        M:io_writtendata
32        1488 0.8623 0.8803 0.0599 0.0000
11        M:io_writes
34        1488 12.0000 11.7600 0.8000 0.0000
6         M:cpu3
32        1488 1.9801 1.4757 1.4203 0.0000
6         M:cpu2
32        1488 2.1716 1.5621 1.7023 0.0000
6         M:cpu1
32        1488 5.6514 4.0679 4.4231 0.0000
6         M:cpu0
32        1488 2.1284 1.5416 1.6402 0.0000
5         M:cpu
32        1488 2.9848 2.1628 2.2979 0.0000
10        M:messages
40        1488 1495.0000 1632.4000 458.0000 0.0000
8         M:ssh_in
32        1488 2.0000 1.8200 0.6000 0.0000
13        M:cfengine_in
32        1488 1.0000 0.9100 0.3000 0.0000
9         M:loadavg
32        1488 0.0600 0.0546 0.0180 0.0000
10        M:diskfree
35        1488 73.0000 66.4300 21.9000 0.0000
12        M:otherprocs
32        1488 4.0000 3.6400 1.2000 0.0000
11        M:rootprocs
37        1488 112.0000 102.1300 32.9000 0.0000
7         M:users
32        1488 5.0000 4.5500 1.5000 0.0000
3         MOY
15        M:entropy_avail
39        155 3652.0000 3350.2000 848.4657 0.0000
12        M:mem_cached
39        155 1334.7988 1211.0830 461.7662 0.0000
16        M:io_writtendata
31        155 0.3193 0.3388 0.1251 0.0000
11        M:io_writes
31        155 7.0000 6.7900 1.8724 0.0000
6         M:cpu3
31        155 0.5030 0.6454 0.9539 0.0000
6         M:cpu2
31        155 0.3231 0.4795 0.7447 0.0000
6         M:cpu1
31        155 0.5199 0.5004 0.4890 0.0000
6         M:cpu0
31        155 1.3187 1.3763 1.9682 0.0000
5         M:cpu
31        155 0.6679 0.7515 1.0018 0.0000
10        M:messages
37        155 330.0000 957.9150 581.6704 0.0000
8         M:ssh_in
31        155 2.0000 1.8200 0.6000 0.0000
13        M:cfengine_in
31        155 1.0000 0.9100 0.3000 0.0000
9         M:loadavg
31        155 0.0350 0.0350 0.0597 0.0000
10        M:diskfree
34        155 80.5000 73.2550 24.2063 0.0000
12        M:otherprocs
31        155 4.0000 3.6400 1.2000 0.0000
11        M:rootprocs
36        155 113.0000 102.8300 33.9013 0.0000
7         M:users
31        155 5.0000 4.5500 1.5000 0.0000
# send QUERY complete successful
