# delta from 1679705778 to 1679705839 at 1679705839
22        CFR: 0 1679705838 1754
3         PRD
108       CFEngine Execution (policy filename: '/var/cfengine/inputs/update.cf'),0.033905,0.335252,0.336069,1679705815
60        Packing reports: delta,0.019177,0.036776,0.037274,1679705779
3         EXS
16        f,122,1679705737
3         MOM
15        M:entropy_avail
38        1451 3780.0000 2646.0000 0.0000 0.0000
12        M:mem_cached
41        1451 2128.7773 1490.1441 1781.0629 0.0000
10        M:mem_free
39        1451 12289.0352 8602.3246 0.0000 0.0000
11        M:mem_total
40        1451 14863.5820 10404.5074 0.0000 0.0000
16        M:io_writtendata
32        1451 1.0410 0.7287 0.8710 0.0000
11        M:io_writes
35        1451 16.0000 11.2000 13.3866 0.0000
6         M:cpu3
32        1451 1.5065 1.0545 1.2604 0.0000
6         M:cpu2
32        1451 2.0396 1.4277 1.7064 0.0000
6         M:cpu1
32        1451 2.6870 1.8809 2.2481 0.0000
6         M:cpu0
32        1451 2.4883 1.7418 2.0819 0.0000
5         M:cpu
32        1451 2.1835 1.5284 1.8268 0.0000
10        M:messages
38        1451 4143.0000 2900.1000 0.0000 0.0000
8         M:ssh_in
32        1451 2.0000 1.4000 1.6733 0.0000
13        M:cfengine_in
32        1451 1.0000 0.7000 0.8367 0.0000
9         M:loadavg
32        1451 0.0600 0.0420 0.0502 0.0000
10        M:diskfree
35        1451 74.0000 51.8000 61.9128 0.0000
12        M:otherprocs
32        1451 4.0000 2.8000 3.3466 0.0000
11        M:rootprocs
36        1451 116.0000 81.2000 97.0526 0.0000
7         M:users
32        1451 5.0000 3.5000 4.1833 0.0000
3         MOY
15        M:entropy_avail
39        155 3652.0000 3350.2000 848.4657 0.0000
12        M:mem_cached
39        155 1334.7988 1211.0830 461.7662 0.0000
16        M:io_writtendata
31        155 0.3193 0.3388 0.1251 0.0000
11        M:io_writes
31        155 7.0000 6.7900 1.8724 0.0000
6         M:cpu3
31        155 0.5030 0.6454 0.9539 0.0000
6         M:cpu2
31        155 0.3231 0.4795 0.7447 0.0000
6         M:cpu1
31        155 0.5199 0.5004 0.4890 0.0000
6         M:cpu0
31        155 1.3187 1.3763 1.9682 0.0000
5         M:cpu
31        155 0.6679 0.7515 1.0018 0.0000
10        M:messages
37        155 330.0000 957.9150 581.6704 0.0000
8         M:ssh_in
31        155 2.0000 1.8200 0.6000 0.0000
13        M:cfengine_in
31        155 1.0000 0.9100 0.3000 0.0000
9         M:loadavg
31        155 0.0350 0.0350 0.0597 0.0000
10        M:diskfree
34        155 80.5000 73.2550 24.2063 0.0000
12        M:otherprocs
31        155 4.0000 3.6400 1.2000 0.0000
11        M:rootprocs
36        155 113.0000 102.8300 33.9013 0.0000
7         M:users
31        155 5.0000 4.5500 1.5000 0.0000
# send QUERY complete successful
