# delta from 1679758163 to 1679758224 at 1679758224
22        CFR: 0 1679758223 2118
3         PRD
60        Packing reports: delta,0.022107,0.048870,0.049188,1679758164
83        Sample(/proc/sys/kernel/random/entropy_avail),0.004779,0.002284,0.002170,1679758176
3         EXS
16        f,148,1679757713
3         MOM
15        M:entropy_avail
41        1625 4036.0000 3619.0000 1162.9574 0.0000
12        M:mem_cached
40        1625 2279.1289 2073.9737 683.8508 0.0000
10        M:mem_free
38        1625 8505.4320 8505.4320 0.0000 0.0000
11        M:mem_total
40        1625 10404.5074 10404.5074 0.0000 0.0000
16        M:io_writtendata
32        1625 0.0859 0.0653 0.0587 0.0000
11        M:io_writes
32        1625 4.0000 3.2200 2.3605 0.0000
6         M:cpu3
32        1625 1.1933 0.8661 0.9149 0.0000
6         M:cpu2
32        1625 0.6462 0.4803 0.4667 0.0000
6         M:cpu1
32        1625 1.8581 1.3357 1.4591 0.0000
6         M:cpu0
32        1625 3.0715 2.1822 2.4811 0.0000
5         M:cpu
32        1625 1.6956 1.2184 1.3327 0.0000
10        M:messages
39        1625 169.0000 652.9600 1784.0780 0.0000
8         M:ssh_in
32        1625 5.0000 6.2300 4.1000 0.0000
13        M:cfengine_in
32        1625 1.0000 0.9100 0.3000 0.0000
9         M:loadavg
32        1625 0.0300 0.0252 0.0162 0.0000
10        M:diskfree
35        1625 72.0000 65.5200 21.6000 0.0000
12        M:otherprocs
32        1625 4.0000 3.6400 1.2000 0.0000
11        M:rootprocs
37        1625 111.0000 101.0100 33.3000 0.0000
7         M:users
32        1625 5.0000 4.5500 1.5000 0.0000
3         MOY
15        M:entropy_avail
39        155 3652.0000 3350.2000 848.4657 0.0000
12        M:mem_cached
39        155 1334.7988 1211.0830 461.7662 0.0000
16        M:io_writtendata
31        155 0.3193 0.3388 0.1251 0.0000
11        M:io_writes
31        155 7.0000 6.7900 1.8724 0.0000
6         M:cpu3
31        155 0.5030 0.6454 0.9539 0.0000
6         M:cpu2
31        155 0.3231 0.4795 0.7447 0.0000
6         M:cpu1
31        155 0.5199 0.5004 0.4890 0.0000
6         M:cpu0
31        155 1.3187 1.3763 1.9682 0.0000
5         M:cpu
31        155 0.6679 0.7515 1.0018 0.0000
10        M:messages
37        155 330.0000 957.9150 581.6704 0.0000
8         M:ssh_in
31        155 2.0000 1.8200 0.6000 0.0000
13        M:cfengine_in
31        155 1.0000 0.9100 0.3000 0.0000
9         M:loadavg
31        155 0.0350 0.0350 0.0597 0.0000
10        M:diskfree
34        155 80.5000 73.2550 24.2063 0.0000
12        M:otherprocs
31        155 4.0000 3.6400 1.2000 0.0000
11        M:rootprocs
36        155 113.0000 102.8300 33.9013 0.0000
7         M:users
31        155 5.0000 4.5500 1.5000 0.0000
3         PLG
386       1679758186,099df3409e18fad93b89edb3338c630537071075283589121476fdc39daefb75,/var/cfengine/inputs/services/cfbs/churn_local_users.cf,35918a18f3f028e3a16776f9d73c3e66ccce4a02,114,default,churn_local_users,users,cassianandor,/default/churn_local_users/users/'cassianandor'[1],,[],"[""Created user 'cassianandor'""]",10,SHA=66aec41141537e4570d6a74066d87b0a9129cc05975edb37015fa542e617fbd4

# send QUERY complete successful
