# delta from 1679676498 to 1679676559 at 1679676559
22        CFR: 0 1679676558 1693
3         PRD
60        Packing reports: delta,0.013943,0.019442,0.020328,1679676499
3         EXS
16        f,254,1679676365
3         MOM
15        M:entropy_avail
38        1353 3780.0000 2646.0000 0.0000 0.0000
12        M:mem_cached
41        1353 2013.0977 1409.1684 1684.2783 0.0000
10        M:mem_free
39        1353 12415.1484 8690.6039 0.0000 0.0000
11        M:mem_total
40        1353 14863.5820 10404.5074 0.0000 0.0000
16        M:io_writtendata
32        1353 1.1211 0.7848 0.9380 0.0000
11        M:io_writes
35        1353 16.0000 11.2000 13.3866 0.0000
6         M:cpu3
32        1353 1.1605 0.8124 0.9710 0.0000
6         M:cpu2
32        1353 1.0131 0.7091 0.8476 0.0000
6         M:cpu1
32        1353 2.0318 1.4223 1.7000 0.0000
6         M:cpu0
32        1353 0.8597 0.6018 0.7193 0.0000
5         M:cpu
32        1353 1.2713 0.8899 1.0637 0.0000
10        M:messages
38        1353 3377.0000 2363.9000 0.0000 0.0000
8         M:ssh_in
32        1353 2.0000 1.4000 1.6733 0.0000
14        M:cfengine_out
32        1353 1.0000 0.7000 0.8367 0.0000
13        M:cfengine_in
32        1353 1.0000 0.7000 0.8367 0.0000
9         M:loadavg
32        1353 0.1000 0.0700 0.0837 0.0000
10        M:diskfree
35        1353 75.0000 52.5000 62.7495 0.0000
12        M:otherprocs
32        1353 4.0000 2.8000 3.3466 0.0000
11        M:rootprocs
36        1353 119.0000 83.3000 99.5625 0.0000
7         M:users
32        1353 5.0000 3.5000 4.1833 0.0000
3         MOY
15        M:entropy_avail
39        155 3652.0000 3350.2000 848.4657 0.0000
12        M:mem_cached
39        155 1331.8730 1210.5062 451.2640 0.0000
16        M:io_writtendata
31        155 0.5679 0.6512 0.2969 0.0000
11        M:io_writes
31        155 9.0000 9.6600 2.4166 0.0000
6         M:cpu3
31        155 0.6997 0.8405 0.9600 0.0000
6         M:cpu2
31        155 0.4731 0.7621 0.9676 0.0000
6         M:cpu1
31        155 0.9361 0.8967 0.6122 0.0000
6         M:cpu0
31        155 0.5063 1.2690 2.7596 0.0000
5         M:cpu
31        155 0.6555 0.9427 1.0087 0.0000
10        M:messages
38        155 330.0000 1123.5000 581.6704 0.0000
8         M:ssh_in
31        155 2.0000 1.8200 0.6000 0.0000
13        M:cfengine_in
31        155 1.0000 0.9100 0.3000 0.0000
9         M:loadavg
31        155 0.0100 0.0227 0.0512 0.0000
10        M:diskfree
34        155 80.5000 73.2550 24.2063 0.0000
12        M:otherprocs
31        155 4.0000 3.6400 1.2000 0.0000
11        M:rootprocs
36        155 114.0000 103.8450 33.8518 0.0000
7         M:users
31        155 5.0000 4.5500 1.5000 0.0000
# send QUERY complete successful
