# delta from 1679666958 to 1679667019 at 1679667019
22        CFR: 0 1679667018 2178
3         PRD
60        Packing reports: delta,0.035162,0.123635,0.124374,1679666959
83        Sample(/proc/sys/kernel/random/entropy_avail),0.004809,0.002313,0.002088,1679666962
3         EXS
16        f,462,1679666773
3         MOM
15        M:entropy_avail
40        1321 3780.0000 3439.8000 948.7725 0.0000
12        M:mem_cached
40        1321 2006.2969 1821.9904 614.3551 0.0000
10        M:mem_free
40        1321 12399.9727 11292.3973 0.0000 0.0000
11        M:mem_total
40        1321 14863.5820 13525.8596 0.0000 0.0000
16        M:io_writtendata
32        1321 1.3125 1.1854 0.4238 0.0000
11        M:io_writes
34        1321 16.0000 14.5600 4.8000 0.0000
6         M:cpu3
32        1321 1.5064 1.1679 0.9758 0.0000
6         M:cpu2
32        1321 0.7468 0.6221 0.4098 0.0000
6         M:cpu1
32        1321 4.7556 3.4913 3.5436 0.0000
6         M:cpu0
32        1321 0.9469 0.7692 0.5472 0.0000
5         M:cpu
32        1321 1.9903 1.5139 1.3543 0.0000
10        M:messages
41        1321 4561.0000 4006.0300 1547.7374 0.0000
8         M:ssh_in
32        1321 2.0000 1.8200 0.6000 0.0000
13        M:cfengine_in
32        1321 1.0000 0.9100 0.3000 0.0000
9         M:loadavg
32        1321 0.0500 0.0581 0.0270 0.0000
10        M:diskfree
35        1321 75.0000 68.2500 22.5000 0.0000
12        M:otherprocs
32        1321 4.0000 3.6400 1.2000 0.0000
11        M:rootprocs
37        1321 119.0000 107.6600 37.8000 0.0000
7         M:users
32        1321 5.0000 4.5500 1.5000 0.0000
3         MOY
15        M:entropy_avail
39        155 3652.0000 3350.2000 848.4657 0.0000
12        M:mem_cached
39        155 1312.2617 1194.4728 435.3217 0.0000
16        M:io_writtendata
31        155 0.8862 0.8774 0.2043 0.0000
11        M:io_writes
33        155 13.0000 12.6700 2.5495 0.0000
6         M:cpu3
31        155 0.9696 1.1437 0.9299 0.0000
6         M:cpu2
31        155 0.8699 0.9610 0.8088 0.0000
6         M:cpu1
31        155 0.9664 1.3754 1.6324 0.0000
6         M:cpu0
31        155 1.1938 1.4079 1.7498 0.0000
5         M:cpu
31        155 0.9999 1.2220 0.9130 0.0000
10        M:messages
38        155 597.5000 1441.8950 913.5387 0.0000
8         M:ssh_in
31        155 2.0000 1.8200 0.6000 0.0000
13        M:cfengine_in
31        155 1.0000 0.9100 0.3000 0.0000
9         M:loadavg
31        155 0.0250 0.0374 0.0507 0.0000
10        M:diskfree
34        155 80.5000 73.2550 24.2063 0.0000
12        M:otherprocs
31        155 4.0000 3.6400 1.2000 0.0000
11        M:rootprocs
36        155 111.0000 101.3250 32.3089 0.0000
7         M:users
31        155 5.0000 4.5500 1.5000 0.0000
3         PLG
438       1679667008,45515e325a9f698dee71cac8560404b967e6137a743cd402b784217f28fc6729,/var/cfengine/inputs/services/cfbs/churn_local_users.cf,35918a18f3f028e3a16776f9d73c3e66ccce4a02,110,default,churn_local_users,users,chewbacca,/default/churn_local_users/users/'chewbacca'[3],,[],"[""'/sbin/chpasswd -e' returned non-zero status: 1"",""Failed to create user 'chewbacca'""]",10,SHA=66aec41141537e4570d6a74066d87b0a9129cc05975edb37015fa542e617fbd4

# send QUERY complete successful
