# delta from 1679670978 to 1679671039 at 1679671039
22        CFR: 0 1679671038 1884
3         PRD
108       CFEngine Execution (policy filename: '/var/cfengine/inputs/update.cf'),0.033848,0.332071,0.335359,1679671006
60        Packing reports: delta,0.029968,0.089810,0.089324,1679670979
83        Sample(/proc/sys/kernel/random/entropy_avail),0.004957,0.002457,0.002758,1679671019
3         EXS
16        f,265,1679670894
3         MOM
15        M:entropy_avail
38        1335 3780.0000 2646.0000 0.0000 0.0000
12        M:mem_cached
41        1335 1985.5078 1389.8555 1661.1950 0.0000
10        M:mem_free
39        1335 12452.7812 8716.9469 0.0000 0.0000
11        M:mem_total
40        1335 14863.5820 10404.5074 0.0000 0.0000
16        M:io_writtendata
32        1335 0.6602 0.4621 0.5523 0.0000
11        M:io_writes
32        1335 8.0000 5.6000 6.6933 0.0000
6         M:cpu3
32        1335 0.4064 0.2845 0.3401 0.0000
6         M:cpu2
32        1335 0.9793 0.6855 0.8194 0.0000
6         M:cpu1
32        1335 0.5732 0.4013 0.4796 0.0000
6         M:cpu0
32        1335 0.2932 0.2053 0.2453 0.0000
5         M:cpu
32        1335 0.5631 0.3942 0.4711 0.0000
10        M:messages
41        1335 3084.0000 2158.8000 2580.2595 0.0000
8         M:ssh_in
32        1335 2.0000 1.4000 1.6733 0.0000
14        M:cfengine_out
32        1335 1.0000 0.7000 0.8367 0.0000
13        M:cfengine_in
32        1335 1.0000 0.7000 0.8367 0.0000
9         M:loadavg
32        1335 0.0700 0.0490 0.0586 0.0000
10        M:diskfree
35        1335 75.0000 52.5000 62.7495 0.0000
12        M:otherprocs
32        1335 4.0000 2.8000 3.3466 0.0000
11        M:rootprocs
36        1335 111.0000 77.7000 92.8693 0.0000
7         M:users
32        1335 5.0000 3.5000 4.1833 0.0000
3         MOY
15        M:entropy_avail
39        155 3652.0000 3350.2000 848.4657 0.0000
12        M:mem_cached
39        155 1325.6133 1202.9637 456.9957 0.0000
16        M:io_writtendata
31        155 0.5635 0.6041 0.1406 0.0000
11        M:io_writes
31        155 9.0000 9.2400 0.8944 0.0000
6         M:cpu3
31        155 0.4633 0.6694 0.9253 0.0000
6         M:cpu2
31        155 0.4062 0.7013 0.9862 0.0000
6         M:cpu1
31        155 0.3499 0.4373 0.3399 0.0000
6         M:cpu0
31        155 0.6230 0.9474 1.6164 0.0000
5         M:cpu
31        155 0.4614 0.6889 0.9174 0.0000
10        M:messages
38        155 367.5000 1042.5450 625.0224 0.0000
8         M:ssh_in
31        155 2.0000 1.8200 0.6000 0.0000
13        M:cfengine_in
31        155 1.0000 0.9100 0.3000 0.0000
9         M:loadavg
31        155 0.0450 0.0504 0.0510 0.0000
10        M:diskfree
34        155 80.5000 73.2550 24.2063 0.0000
12        M:otherprocs
31        155 4.0000 3.6400 1.2000 0.0000
11        M:rootprocs
36        155 112.5000 102.5850 33.0700 0.0000
7         M:users
31        155 5.0000 4.5500 1.5000 0.0000
# send QUERY complete successful
