# delta from 1679721378 to 1679721439 at 1679721439
22        CFR: 0 1679721438 1712
3         PRD
108       CFEngine Execution (policy filename: '/var/cfengine/inputs/update.cf'),0.048351,0.334409,0.335847,1679721424
60        Packing reports: delta,0.032367,0.104763,0.105377,1679721379
3         EXS
15        f,33,1679721021
3         MOM
15        M:entropy_avail
38        1503 3780.0000 2646.0000 0.0000 0.0000
12        M:mem_cached
41        1503 2142.0938 1499.4656 1792.2042 0.0000
10        M:mem_free
39        1503 12299.4805 8609.6363 0.0000 0.0000
11        M:mem_total
40        1503 14863.5820 10404.5074 0.0000 0.0000
16        M:io_writtendata
32        1503 0.0264 0.0185 0.0221 0.0000
11        M:io_writes
32        1503 2.0000 1.4000 1.6733 0.0000
6         M:cpu3
32        1503 0.0800 0.0560 0.0670 0.0000
6         M:cpu2
32        1503 0.0667 0.0467 0.0558 0.0000
6         M:cpu1
32        1503 0.2265 0.1585 0.1895 0.0000
6         M:cpu0
32        1503 0.2263 0.1584 0.1894 0.0000
5         M:cpu
32        1503 0.1499 0.1050 0.1254 0.0000
10        M:messages
41        1503 2546.0000 1782.2000 2130.1364 0.0000
8         M:ssh_in
32        1503 2.0000 1.4000 1.6733 0.0000
13        M:cfengine_in
32        1503 1.0000 0.7000 0.8367 0.0000
10        M:diskfree
35        1503 73.0000 51.1000 61.0762 0.0000
12        M:otherprocs
32        1503 4.0000 2.8000 3.3466 0.0000
11        M:rootprocs
36        1503 108.0000 75.6000 90.3593 0.0000
7         M:users
32        1503 5.0000 3.5000 4.1833 0.0000
3         MOY
15        M:entropy_avail
39        155 3652.0000 3350.2000 848.4657 0.0000
12        M:mem_cached
39        155 1334.7988 1211.0830 461.7662 0.0000
16        M:io_writtendata
31        155 0.3193 0.3388 0.1251 0.0000
11        M:io_writes
31        155 7.0000 6.7900 1.8724 0.0000
6         M:cpu3
31        155 0.5030 0.6454 0.9539 0.0000
6         M:cpu2
31        155 0.3231 0.4795 0.7447 0.0000
6         M:cpu1
31        155 0.5199 0.5004 0.4890 0.0000
6         M:cpu0
31        155 1.3187 1.3763 1.9682 0.0000
5         M:cpu
31        155 0.6679 0.7515 1.0018 0.0000
10        M:messages
37        155 330.0000 957.9150 581.6704 0.0000
8         M:ssh_in
31        155 2.0000 1.8200 0.6000 0.0000
13        M:cfengine_in
31        155 1.0000 0.9100 0.3000 0.0000
9         M:loadavg
31        155 0.0350 0.0350 0.0597 0.0000
10        M:diskfree
34        155 80.5000 73.2550 24.2063 0.0000
12        M:otherprocs
31        155 4.0000 3.6400 1.2000 0.0000
11        M:rootprocs
36        155 113.0000 102.8300 33.9013 0.0000
7         M:users
31        155 5.0000 4.5500 1.5000 0.0000
# send QUERY complete successful
