# delta from 1679717118 to 1679717179 at 1679717179
22        CFR: 0 1679717178 1731
3         PRD
60        Packing reports: delta,0.028049,0.078675,0.079182,1679717119
83        Sample(/proc/sys/kernel/random/entropy_avail),0.004954,0.002454,0.002349,1679717148
3         EXS
16        f,224,1679716893
3         MOM
15        M:entropy_avail
38        1489 3780.0000 2646.0000 0.0000 0.0000
12        M:mem_cached
41        1489 2159.5938 1511.7156 1806.8458 0.0000
10        M:mem_free
39        1489 12260.0312 8582.0219 0.0000 0.0000
11        M:mem_total
40        1489 14863.5820 10404.5074 0.0000 0.0000
16        M:io_writtendata
32        1489 1.1553 0.8087 0.9666 0.0000
11        M:io_writes
34        1489 12.0000 8.4000 10.0399 0.0000
6         M:cpu3
32        1489 0.1666 0.1166 0.1394 0.0000
6         M:cpu2
32        1489 0.2132 0.1493 0.1784 0.0000
6         M:cpu1
32        1489 0.1866 0.1306 0.1561 0.0000
6         M:cpu0
32        1489 0.2664 0.1865 0.2229 0.0000
5         M:cpu
32        1489 0.2082 0.1457 0.1742 0.0000
10        M:messages
41        1489 2546.0000 1782.2000 2130.1364 0.0000
8         M:ssh_in
32        1489 2.0000 1.4000 1.6733 0.0000
13        M:cfengine_in
32        1489 1.0000 0.7000 0.8367 0.0000
9         M:loadavg
32        1489 0.0400 0.0280 0.0335 0.0000
10        M:diskfree
35        1489 73.0000 51.1000 61.0762 0.0000
12        M:otherprocs
32        1489 4.0000 2.8000 3.3466 0.0000
11        M:rootprocs
36        1489 111.0000 77.7000 92.8693 0.0000
7         M:users
32        1489 5.0000 3.5000 4.1833 0.0000
3         MOY
15        M:entropy_avail
39        155 3652.0000 3350.2000 848.4657 0.0000
12        M:mem_cached
39        155 1334.7988 1211.0830 461.7662 0.0000
16        M:io_writtendata
31        155 0.3193 0.3388 0.1251 0.0000
11        M:io_writes
31        155 7.0000 6.7900 1.8724 0.0000
6         M:cpu3
31        155 0.5030 0.6454 0.9539 0.0000
6         M:cpu2
31        155 0.3231 0.4795 0.7447 0.0000
6         M:cpu1
31        155 0.5199 0.5004 0.4890 0.0000
6         M:cpu0
31        155 1.3187 1.3763 1.9682 0.0000
5         M:cpu
31        155 0.6679 0.7515 1.0018 0.0000
10        M:messages
37        155 330.0000 957.9150 581.6704 0.0000
8         M:ssh_in
31        155 2.0000 1.8200 0.6000 0.0000
13        M:cfengine_in
31        155 1.0000 0.9100 0.3000 0.0000
9         M:loadavg
31        155 0.0350 0.0350 0.0597 0.0000
10        M:diskfree
34        155 80.5000 73.2550 24.2063 0.0000
12        M:otherprocs
31        155 4.0000 3.6400 1.2000 0.0000
11        M:rootprocs
36        155 113.0000 102.8300 33.9013 0.0000
7         M:users
31        155 5.0000 4.5500 1.5000 0.0000
# send QUERY complete successful
