# delta from 1679691258 to 1679691320 at 1679691320
22        CFR: 0 1679691319 3184
3         PRD
60        Packing reports: delta,0.028530,0.081394,0.081894,1679691259
83        Sample(/proc/sys/kernel/random/entropy_avail),0.005152,0.002655,0.002249,1679691304
3         EXS
16        f,325,1679691247
3         MOM
15        M:entropy_avail
40        1402 3780.0000 3439.8000 948.7725 0.0000
38        1403 3780.0000 2646.0000 0.0000 0.0000
12        M:mem_cached
40        1402 2055.7812 1872.5919 610.6313 0.0000
41        1403 2076.6328 1453.6430 1737.4357 0.0000
10        M:mem_free
40        1402 12341.8359 11234.4069 0.0000 0.0000
39        1403 12346.1602 8642.3121 0.0000 0.0000
11        M:mem_total
40        1402 14863.5820 13525.8596 0.0000 0.0000
40        1403 14863.5820 10404.5074 0.0000 0.0000
16        M:io_writtendata
32        1402 0.3545 0.5158 0.5376 0.0000
32        1403 1.2324 0.8627 1.0311 0.0000
11        M:io_writes
32        1402 8.0000 8.5400 1.8000 0.0000
35        1403 16.0000 11.2000 13.3866 0.0000
6         M:cpu3
32        1402 0.6265 0.4932 0.3905 0.0000
32        1403 2.4672 1.7270 2.0642 0.0000
6         M:cpu2
32        1402 0.9997 0.8691 0.4352 0.0000
32        1403 3.1733 2.2213 2.6550 0.0000
6         M:cpu1
32        1402 1.0790 0.8476 0.6760 0.0000
32        1403 3.0125 2.1088 2.5205 0.0000
6         M:cpu0
32        1402 1.5669 1.1780 1.0990 0.0000
32        1403 0.9527 0.6669 0.7971 0.0000
5         M:cpu
32        1402 1.0679 0.8466 0.6541 0.0000
32        1403 2.3996 1.6797 2.0076 0.0000
10        M:messages
39        1402 241.0000 871.1500 1757.4044 0.0000
38        1403 4319.0000 3023.3000 0.0000 0.0000
8         M:ssh_in
32        1402 2.0000 1.8200 0.6000 0.0000
32        1403 2.0000 1.4000 1.6733 0.0000
14        M:cfengine_out
32        1402 1.0000 0.7000 0.8367 0.0000
13        M:cfengine_in
32        1402 1.0000 0.9100 0.3000 0.0000
32        1403 1.0000 0.7000 0.8367 0.0000
9         M:loadavg
32        1402 0.0500 0.0413 0.0279 0.0000
32        1403 0.0900 0.0630 0.0753 0.0000
10        M:diskfree
35        1402 74.0000 67.3400 22.2000 0.0000
35        1403 74.0000 51.8000 61.9128 0.0000
12        M:otherprocs
32        1402 4.0000 3.6400 1.2000 0.0000
32        1403 4.0000 2.8000 3.3466 0.0000
11        M:rootprocs
37        1402 115.0000 104.2300 35.9000 0.0000
36        1403 113.0000 79.1000 94.5426 0.0000
7         M:users
32        1402 5.0000 4.5500 1.5000 0.0000
32        1403 5.0000 3.5000 4.1833 0.0000
3         MOY
15        M:entropy_avail
39        155 3652.0000 3350.2000 848.4657 0.0000
12        M:mem_cached
39        155 1334.7988 1211.0830 461.7662 0.0000
16        M:io_writtendata
31        155 0.3193 0.3388 0.1251 0.0000
11        M:io_writes
31        155 7.0000 6.7900 1.8724 0.0000
6         M:cpu3
31        155 0.5030 0.6454 0.9539 0.0000
6         M:cpu2
31        155 0.3231 0.4795 0.7447 0.0000
6         M:cpu1
31        155 0.5199 0.5004 0.4890 0.0000
6         M:cpu0
31        155 1.3187 1.3763 1.9682 0.0000
5         M:cpu
31        155 0.6679 0.7515 1.0018 0.0000
10        M:messages
37        155 330.0000 957.9150 581.6704 0.0000
8         M:ssh_in
31        155 2.0000 1.8200 0.6000 0.0000
13        M:cfengine_in
31        155 1.0000 0.9100 0.3000 0.0000
9         M:loadavg
31        155 0.0350 0.0350 0.0597 0.0000
10        M:diskfree
34        155 80.5000 73.2550 24.2063 0.0000
12        M:otherprocs
31        155 4.0000 3.6400 1.2000 0.0000
11        M:rootprocs
36        155 113.0000 102.8300 33.9013 0.0000
7         M:users
31        155 5.0000 4.5500 1.5000 0.0000
3         PLG
377       1679691281,bb30e433c50518e12b4a89114cfa9aae6e780cc296fcc0eb07ebada8781cb2ea,/var/cfengine/inputs/services/cfbs/churn_local_users.cf,35918a18f3f028e3a16776f9d73c3e66ccce4a02,114,default,churn_local_users,users,chewbacca,/default/churn_local_users/users/'chewbacca'[3],,[],"[""Removed user 'chewbacca'""]",10,SHA=66aec41141537e4570d6a74066d87b0a9129cc05975edb37015fa542e617fbd4

374       1679691306,ad252c73d4c3ae487396792116aed12668e52a7ba42d02ddf6b64cf49dcd29cb,/var/cfengine/inputs/services/cfbs/churn_local_users.cf,35918a18f3f028e3a16776f9d73c3e66ccce4a02,114,default,churn_local_users,users,bobafett,/default/churn_local_users/users/'bobafett'[4],,[],"[""Removed user 'bobafett'""]",10,SHA=66aec41141537e4570d6a74066d87b0a9129cc05975edb37015fa542e617fbd4

# send QUERY complete successful
