# delta from 1679719878 to 1679719939 at 1679719939
22        CFR: 0 1679719938 2105
3         PRD
108       CFEngine Execution (policy filename: '/var/cfengine/inputs/update.cf'),0.057767,0.333700,0.331582,1679719903
60        Packing reports: delta,0.029767,0.088610,0.088408,1679719879
3         EXS
16        f,135,1679719335
3         MOM
15        M:entropy_avail
38        1498 3780.0000 2646.0000 0.0000 0.0000
12        M:mem_cached
41        1498 2180.1797 1526.1258 1824.0692 0.0000
10        M:mem_free
39        1498 12238.1836 8566.7285 0.0000 0.0000
11        M:mem_total
40        1498 14863.5820 10404.5074 0.0000 0.0000
16        M:io_writtendata
32        1498 0.5244 0.3671 0.4388 0.0000
11        M:io_writes
32        1498 8.0000 5.6000 6.6933 0.0000
6         M:cpu3
32        1498 0.3266 0.2286 0.2733 0.0000
6         M:cpu2
32        1498 0.2533 0.1773 0.2119 0.0000
6         M:cpu1
32        1498 0.4463 0.3124 0.3734 0.0000
6         M:cpu0
32        1498 0.3665 0.2565 0.3066 0.0000
5         M:cpu
32        1498 0.3482 0.2437 0.2913 0.0000
10        M:messages
41        1498 2546.0000 1782.2000 2130.1364 0.0000
8         M:ssh_in
35        1498 18.0000 12.6000 15.0599 0.0000
13        M:cfengine_in
32        1498 1.0000 0.7000 0.8367 0.0000
10        M:diskfree
35        1498 73.0000 51.1000 61.0762 0.0000
12        M:otherprocs
32        1498 4.0000 2.8000 3.3466 0.0000
11        M:rootprocs
36        1498 111.0000 77.7000 92.8693 0.0000
7         M:users
32        1498 5.0000 3.5000 4.1833 0.0000
3         MOY
15        M:entropy_avail
39        155 3652.0000 3350.2000 848.4657 0.0000
12        M:mem_cached
39        155 1334.7988 1211.0830 461.7662 0.0000
16        M:io_writtendata
31        155 0.3193 0.3388 0.1251 0.0000
11        M:io_writes
31        155 7.0000 6.7900 1.8724 0.0000
6         M:cpu3
31        155 0.5030 0.6454 0.9539 0.0000
6         M:cpu2
31        155 0.3231 0.4795 0.7447 0.0000
6         M:cpu1
31        155 0.5199 0.5004 0.4890 0.0000
6         M:cpu0
31        155 1.3187 1.3763 1.9682 0.0000
5         M:cpu
31        155 0.6679 0.7515 1.0018 0.0000
10        M:messages
37        155 330.0000 957.9150 581.6704 0.0000
8         M:ssh_in
31        155 2.0000 1.8200 0.6000 0.0000
13        M:cfengine_in
31        155 1.0000 0.9100 0.3000 0.0000
9         M:loadavg
31        155 0.0350 0.0350 0.0597 0.0000
10        M:diskfree
34        155 80.5000 73.2550 24.2063 0.0000
12        M:otherprocs
31        155 4.0000 3.6400 1.2000 0.0000
11        M:rootprocs
36        155 113.0000 102.8300 33.9013 0.0000
7         M:users
31        155 5.0000 4.5500 1.5000 0.0000
3         PLG
386       1679719894,bcda38d1967717db7626c980f5a68decdffe2dd5c55862f9b4a5abd4184f0199,/var/cfengine/inputs/services/cfbs/churn_local_users.cf,35918a18f3f028e3a16776f9d73c3e66ccce4a02,114,default,churn_local_users,users,lukeskywaker,/default/churn_local_users/users/'lukeskywaker'[9],,[],"[""Removed user 'lukeskywaker'""]",10,SHA=66aec41141537e4570d6a74066d87b0a9129cc05975edb37015fa542e617fbd4

# send QUERY complete successful
