# delta from 1679694258 to 1679694319 at 1679694319
22        CFR: 0 1679694318 3510
3         PRD
60        Packing reports: delta,0.028979,0.083977,0.084146,1679694259
83        Sample(/proc/sys/kernel/random/entropy_avail),0.004893,0.002394,0.002397,1679694309
3         EXS
16        f,391,1679694094
3         MOM
15        M:entropy_avail
41        1412 4036.0000 3619.0000 1162.9574 0.0000
38        1413 3780.0000 2646.0000 0.0000 0.0000
12        M:mem_cached
40        1412 2075.0508 1890.3962 615.5152 0.0000
41        1413 2083.9297 1458.7508 1743.5407 0.0000
10        M:mem_free
40        1412 12348.3320 11233.4130 0.0000 0.0000
39        1413 12339.3320 8637.5324 0.0000 0.0000
11        M:mem_total
40        1412 14863.5820 13525.8596 0.0000 0.0000
40        1413 14863.5820 10404.5074 0.0000 0.0000
16        M:io_writtendata
32        1412 0.9990 0.8142 0.5732 0.0000
32        1413 0.3203 0.2242 0.2680 0.0000
11        M:io_writes
34        1412 14.0000 11.4800 7.9267 0.0000
32        1413 8.0000 5.6000 6.6933 0.0000
6         M:cpu3
32        1412 1.9408 1.4453 1.3947 0.0000
32        1413 0.2199 0.1540 0.1840 0.0000
6         M:cpu2
32        1412 3.5998 2.7661 2.3863 0.0000
32        1413 0.3863 0.2704 0.3232 0.0000
6         M:cpu1
32        1412 2.0918 1.5706 1.4720 0.0000
32        1413 0.3197 0.2238 0.2675 0.0000
6         M:cpu0
32        1412 4.4942 3.1922 3.6326 0.0000
32        1413 0.1933 0.1353 0.1618 0.0000
5         M:cpu
32        1412 3.0299 2.2431 2.2106 0.0000
32        1413 0.2832 0.1982 0.2369 0.0000
10        M:messages
38        1412 1747.0000 2715.3700 0.0000 0.0000
41        1413 2546.0000 1782.2000 2130.1364 0.0000
8         M:ssh_in
32        1412 2.0000 1.8200 0.6000 0.0000
32        1413 2.0000 1.4000 1.6733 0.0000
13        M:cfengine_in
32        1412 1.0000 0.9100 0.3000 0.0000
32        1413 1.0000 0.7000 0.8367 0.0000
9         M:loadavg
32        1412 0.1500 0.1050 0.1255 0.0000
32        1413 0.0100 0.0070 0.0084 0.0000
10        M:diskfree
35        1412 74.0000 67.3400 22.2000 0.0000
35        1413 74.0000 51.8000 61.9128 0.0000
12        M:otherprocs
32        1412 4.0000 3.6400 1.2000 0.0000
32        1413 4.0000 2.8000 3.3466 0.0000
11        M:rootprocs
37        1412 111.0000 102.2700 29.1000 0.0000
36        1413 115.0000 80.5000 96.2159 0.0000
7         M:users
32        1412 5.0000 4.5500 1.5000 0.0000
32        1413 5.0000 3.5000 4.1833 0.0000
3         MOY
15        M:entropy_avail
39        155 3652.0000 3350.2000 848.4657 0.0000
12        M:mem_cached
39        155 1334.7988 1211.0830 461.7662 0.0000
16        M:io_writtendata
31        155 0.3193 0.3388 0.1251 0.0000
11        M:io_writes
31        155 7.0000 6.7900 1.8724 0.0000
6         M:cpu3
31        155 0.5030 0.6454 0.9539 0.0000
6         M:cpu2
31        155 0.3231 0.4795 0.7447 0.0000
6         M:cpu1
31        155 0.5199 0.5004 0.4890 0.0000
6         M:cpu0
31        155 1.3187 1.3763 1.9682 0.0000
5         M:cpu
31        155 0.6679 0.7515 1.0018 0.0000
10        M:messages
37        155 330.0000 957.9150 581.6704 0.0000
8         M:ssh_in
31        155 2.0000 1.8200 0.6000 0.0000
13        M:cfengine_in
31        155 1.0000 0.9100 0.3000 0.0000
9         M:loadavg
31        155 0.0350 0.0350 0.0597 0.0000
10        M:diskfree
34        155 80.5000 73.2550 24.2063 0.0000
12        M:otherprocs
31        155 4.0000 3.6400 1.2000 0.0000
11        M:rootprocs
36        155 113.0000 102.8300 33.9013 0.0000
7         M:users
31        155 5.0000 4.5500 1.5000 0.0000
3         PLG
371       1679694263,fcb0be413f509f4ab47fc99d1d719ce50ce13137d95fe4356a62ce080f44c3d3,/var/cfengine/inputs/services/cfbs/churn_local_users.cf,35918a18f3f028e3a16776f9d73c3e66ccce4a02,114,default,churn_local_users,users,hansolo,/default/churn_local_users/users/'hansolo'[8],,[],"[""Removed user 'hansolo'""]",10,SHA=66aec41141537e4570d6a74066d87b0a9129cc05975edb37015fa542e617fbd4

387       1679694289,c1a3779b76d76e5edde2668bac31f237efb11ce8a83bf017195e39d8744a22b1,/var/cfengine/inputs/services/cfbs/churn_local_users.cf,35918a18f3f028e3a16776f9d73c3e66ccce4a02,114,default,churn_local_users,users,darthsidious,/default/churn_local_users/users/'darthsidious'[10],,[],"[""Removed user 'darthsidious'""]",10,SHA=66aec41141537e4570d6a74066d87b0a9129cc05975edb37015fa542e617fbd4

363       1679694314,76b8ce6dea7da5ec13203d391c64f18d5fa43ac332d09fc0dee99d62a912cacd,/var/cfengine/inputs/services/cfbs/churn_local_users.cf,35918a18f3f028e3a16776f9d73c3e66ccce4a02,114,default,churn_local_users,users,maul,/default/churn_local_users/users/'maul'[11],,[],"[""Removed user 'maul'""]",10,SHA=66aec41141537e4570d6a74066d87b0a9129cc05975edb37015fa542e617fbd4

# send QUERY complete successful
