# delta from 1679666178 to 1679666239 at 1679666239
22        CFR: 0 1679666238 2268
3         PRD
108       CFEngine Execution (policy filename: '/var/cfengine/inputs/update.cf'),0.034035,0.333182,0.332621,1679666186
60        Packing reports: delta,0.034511,0.119098,0.120065,1679666179
83        Sample(/proc/sys/kernel/random/entropy_avail),0.004927,0.002428,0.002198,1679666211
3         EXS
15        f,85,1679665595
3         MOM
15        M:entropy_avail
38        1319 3780.0000 2646.0000 0.0000 0.0000
12        M:mem_cached
41        1319 1977.5938 1384.3156 1654.5736 0.0000
10        M:mem_free
39        1319 12438.0703 8706.6492 0.0000 0.0000
11        M:mem_total
40        1319 14863.5820 10404.5074 0.0000 0.0000
16        M:io_writtendata
32        1319 0.5420 0.3794 0.4535 0.0000
11        M:io_writes
32        1319 8.0000 5.6000 6.6933 0.0000
6         M:cpu3
32        1319 0.5264 0.3685 0.4404 0.0000
6         M:cpu2
32        1319 0.4198 0.2938 0.3512 0.0000
6         M:cpu1
32        1319 0.6001 0.4201 0.5021 0.0000
6         M:cpu0
32        1319 0.5131 0.3592 0.4293 0.0000
5         M:cpu
32        1319 0.5148 0.3604 0.4307 0.0000
10        M:messages
41        1319 2546.0000 1782.2000 2130.1364 0.0000
8         M:ssh_in
32        1319 2.0000 1.4000 1.6733 0.0000
14        M:cfengine_out
32        1319 1.0000 0.7000 0.8367 0.0000
13        M:cfengine_in
32        1319 1.0000 0.7000 0.8367 0.0000
9         M:loadavg
32        1319 0.1000 0.0700 0.0837 0.0000
10        M:diskfree
35        1319 75.0000 52.5000 62.7495 0.0000
12        M:otherprocs
32        1319 4.0000 2.8000 3.3466 0.0000
11        M:rootprocs
36        1319 116.0000 81.2000 97.0526 0.0000
7         M:users
32        1319 5.0000 3.5000 4.1833 0.0000
3         MOY
15        M:entropy_avail
39        155 3652.0000 3350.2000 848.4657 0.0000
12        M:mem_cached
39        155 1312.2617 1194.4728 435.3217 0.0000
16        M:io_writtendata
31        155 0.8862 0.8774 0.2043 0.0000
11        M:io_writes
33        155 13.0000 12.6700 2.5495 0.0000
6         M:cpu3
31        155 0.9696 1.1437 0.9299 0.0000
6         M:cpu2
31        155 0.8699 0.9610 0.8088 0.0000
6         M:cpu1
31        155 0.9664 1.3754 1.6324 0.0000
6         M:cpu0
31        155 1.1938 1.4079 1.7498 0.0000
5         M:cpu
31        155 0.9999 1.2220 0.9130 0.0000
10        M:messages
38        155 597.5000 1441.8950 913.5387 0.0000
8         M:ssh_in
31        155 2.0000 1.8200 0.6000 0.0000
13        M:cfengine_in
31        155 1.0000 0.9100 0.3000 0.0000
9         M:loadavg
31        155 0.0250 0.0374 0.0507 0.0000
10        M:diskfree
34        155 80.5000 73.2550 24.2063 0.0000
12        M:otherprocs
31        155 4.0000 3.6400 1.2000 0.0000
11        M:rootprocs
36        155 111.0000 101.3250 32.3089 0.0000
7         M:users
31        155 5.0000 4.5500 1.5000 0.0000
3         PLG
380       1679666188,e887e0088ce4bdd3d8816948862add187791335771b43d31dd2ff625229bc5b5,/var/cfengine/inputs/services/cfbs/churn_local_users.cf,35918a18f3f028e3a16776f9d73c3e66ccce4a02,114,default,churn_local_users,users,leiaorgana,/default/churn_local_users/users/'leiaorgana'[7],,[],"[""Created user 'leiaorgana'""]",10,SHA=66aec41141537e4570d6a74066d87b0a9129cc05975edb37015fa542e617fbd4

# send QUERY complete successful
