# delta from 1679723718 to 1679723779 at 1679723779
22        CFR: 0 1679723778 2065
3         PRD
60        Packing reports: delta,0.015507,0.024046,0.023261,1679723719
83        Sample(/proc/sys/kernel/random/entropy_avail),0.004821,0.002324,0.002140,1679723760
3         EXS
16        f,289,1679723612
3         MOM
15        M:entropy_avail
38        1511 3780.0000 2646.0000 0.0000 0.0000
12        M:mem_cached
41        1511 2176.4023 1523.4816 1820.9088 0.0000
10        M:mem_free
39        1511 12240.3711 8568.2598 0.0000 0.0000
11        M:mem_total
40        1511 14863.5820 10404.5074 0.0000 0.0000
16        M:io_writtendata
32        1511 1.4258 0.9980 1.1929 0.0000
11        M:io_writes
35        1511 16.0000 11.2000 13.3866 0.0000
6         M:cpu3
32        1511 0.2999 0.2099 0.2509 0.0000
6         M:cpu2
32        1511 0.3662 0.2563 0.3064 0.0000
6         M:cpu1
32        1511 0.2532 0.1772 0.2118 0.0000
6         M:cpu0
32        1511 0.7065 0.4945 0.5911 0.0000
5         M:cpu
32        1511 0.4081 0.2856 0.3414 0.0000
10        M:messages
41        1511 3084.0000 2158.8000 2580.2595 0.0000
8         M:ssh_in
32        1511 2.0000 1.4000 1.6733 0.0000
13        M:cfengine_in
32        1511 2.0000 1.4000 1.6733 0.0000
10        M:diskfree
35        1511 73.0000 51.1000 61.0762 0.0000
12        M:otherprocs
32        1511 4.0000 2.8000 3.3466 0.0000
11        M:rootprocs
36        1511 114.0000 79.8000 95.3792 0.0000
7         M:users
32        1511 5.0000 3.5000 4.1833 0.0000
3         MOY
15        M:entropy_avail
39        155 3652.0000 3350.2000 848.4657 0.0000
12        M:mem_cached
39        155 1334.7988 1211.0830 461.7662 0.0000
16        M:io_writtendata
31        155 0.3193 0.3388 0.1251 0.0000
11        M:io_writes
31        155 7.0000 6.7900 1.8724 0.0000
6         M:cpu3
31        155 0.5030 0.6454 0.9539 0.0000
6         M:cpu2
31        155 0.3231 0.4795 0.7447 0.0000
6         M:cpu1
31        155 0.5199 0.5004 0.4890 0.0000
6         M:cpu0
31        155 1.3187 1.3763 1.9682 0.0000
5         M:cpu
31        155 0.6679 0.7515 1.0018 0.0000
10        M:messages
37        155 330.0000 957.9150 581.6704 0.0000
8         M:ssh_in
31        155 2.0000 1.8200 0.6000 0.0000
13        M:cfengine_in
31        155 1.0000 0.9100 0.3000 0.0000
9         M:loadavg
31        155 0.0350 0.0350 0.0597 0.0000
10        M:diskfree
34        155 80.5000 73.2550 24.2063 0.0000
12        M:otherprocs
31        155 4.0000 3.6400 1.2000 0.0000
11        M:rootprocs
36        155 113.0000 102.8300 33.9013 0.0000
7         M:users
31        155 5.0000 4.5500 1.5000 0.0000
3         PLG
371       1679723775,b5d8f6dc22944432198c454988deeb7524398d1c0ef44b50e3120608932c61f9,/var/cfengine/inputs/services/cfbs/churn_local_users.cf,35918a18f3f028e3a16776f9d73c3e66ccce4a02,114,default,churn_local_users,users,hansolo,/default/churn_local_users/users/'hansolo'[8],,[],"[""Created user 'hansolo'""]",10,SHA=66aec41141537e4570d6a74066d87b0a9129cc05975edb37015fa542e617fbd4

# send QUERY complete successful
