# delta from 1679728218 to 1679728280 at 1679728280
22        CFR: 0 1679728279 1837
3         PRD
108       CFEngine Execution (policy filename: '/var/cfengine/inputs/update.cf'),0.040706,0.337105,0.335373,1679728277
60        Packing reports: delta,0.017139,0.029375,0.030417,1679728219
83        Sample(/proc/sys/kernel/random/entropy_avail),0.004767,0.002272,0.002375,1679728268
3         EXS
16        f,124,1679728176
3         MOM
15        M:entropy_avail
38        1526 3780.0000 2646.0000 0.0000 0.0000
12        M:mem_cached
41        1526 2184.5508 1529.1855 1827.7263 0.0000
10        M:mem_free
39        1526 12255.5703 8578.8992 0.0000 0.0000
11        M:mem_total
40        1526 14863.5820 10404.5074 0.0000 0.0000
16        M:io_writtendata
32        1526 0.5518 0.3862 0.4616 0.0000
11        M:io_writes
32        1526 8.0000 5.6000 6.6933 0.0000
6         M:cpu3
32        1526 0.3663 0.2564 0.3065 0.0000
6         M:cpu2
32        1526 0.2731 0.1912 0.2285 0.0000
6         M:cpu1
32        1526 0.6662 0.4664 0.5574 0.0000
6         M:cpu0
32        1526 0.1866 0.1306 0.1561 0.0000
5         M:cpu
32        1526 0.3747 0.2623 0.3135 0.0000
10        M:messages
41        1526 2837.0000 1985.9000 2373.6045 0.0000
8         M:ssh_in
32        1526 2.0000 1.4000 1.6733 0.0000
13        M:cfengine_in
32        1526 2.0000 1.4000 1.6733 0.0000
9         M:loadavg
32        1526 0.0300 0.0210 0.0251 0.0000
10        M:diskfree
35        1526 73.0000 51.1000 61.0762 0.0000
12        M:otherprocs
32        1526 4.0000 2.8000 3.3466 0.0000
11        M:rootprocs
36        1526 111.0000 77.7000 92.8693 0.0000
7         M:users
32        1526 5.0000 3.5000 4.1833 0.0000
3         MOY
15        M:entropy_avail
39        155 3652.0000 3350.2000 848.4657 0.0000
12        M:mem_cached
39        155 1334.7988 1211.0830 461.7662 0.0000
16        M:io_writtendata
31        155 0.3193 0.3388 0.1251 0.0000
11        M:io_writes
31        155 7.0000 6.7900 1.8724 0.0000
6         M:cpu3
31        155 0.5030 0.6454 0.9539 0.0000
6         M:cpu2
31        155 0.3231 0.4795 0.7447 0.0000
6         M:cpu1
31        155 0.5199 0.5004 0.4890 0.0000
6         M:cpu0
31        155 1.3187 1.3763 1.9682 0.0000
5         M:cpu
31        155 0.6679 0.7515 1.0018 0.0000
10        M:messages
37        155 330.0000 957.9150 581.6704 0.0000
8         M:ssh_in
31        155 2.0000 1.8200 0.6000 0.0000
13        M:cfengine_in
31        155 1.0000 0.9100 0.3000 0.0000
9         M:loadavg
31        155 0.0350 0.0350 0.0597 0.0000
10        M:diskfree
34        155 80.5000 73.2550 24.2063 0.0000
12        M:otherprocs
31        155 4.0000 3.6400 1.2000 0.0000
11        M:rootprocs
36        155 113.0000 102.8300 33.9013 0.0000
7         M:users
31        155 5.0000 4.5500 1.5000 0.0000
# send QUERY complete successful
