# delta from 1679695758 to 1679695819 at 1679695819
22        CFR: 0 1679695818 3553
3         PRD
60        Packing reports: delta,0.029922,0.089534,0.089871,1679695759
83        Sample(/proc/sys/kernel/random/entropy_avail),0.004907,0.002407,0.002448,1679695811
3         EXS
16        f,232,1679695556
3         MOM
15        M:entropy_avail
41        1417 4036.0000 3619.0000 1162.9574 0.0000
38        1418 3780.0000 2646.0000 0.0000 0.0000
12        M:mem_cached
40        1417 2080.3086 1894.7157 618.6430 0.0000
41        1418 2098.1094 1468.6766 1755.4042 0.0000
10        M:mem_free
40        1417 12345.4727 11230.9496 0.0000 0.0000
39        1418 12324.5820 8627.2074 0.0000 0.0000
11        M:mem_total
40        1417 14863.5820 13525.8596 0.0000 0.0000
40        1418 14863.5820 10404.5074 0.0000 0.0000
16        M:io_writtendata
32        1417 0.8359 0.7845 0.1715 0.0000
32        1418 0.6221 0.4354 0.5205 0.0000
11        M:io_writes
34        1417 12.0000 10.9200 3.6000 0.0000
34        1418 12.0000 8.4000 10.0399 0.0000
6         M:cpu3
32        1417 1.9004 1.3778 1.4610 0.0000
32        1418 0.3598 0.2519 0.3011 0.0000
6         M:cpu2
32        1417 3.5347 2.5429 2.7702 0.0000
32        1418 0.5062 0.3544 0.4235 0.0000
6         M:cpu1
32        1417 3.9923 2.8576 3.1675 0.0000
32        1418 0.4398 0.3079 0.3680 0.0000
6         M:cpu0
32        1417 2.4982 1.8243 1.8867 0.0000
32        1418 0.2867 0.2007 0.2399 0.0000
5         M:cpu
32        1417 2.9813 2.1506 2.3210 0.0000
32        1418 0.3965 0.2776 0.3318 0.0000
10        M:messages
40        1417 1501.0000 1585.3600 281.2000 0.0000
38        1418 6938.0000 4856.6000 0.0000 0.0000
8         M:ssh_in
32        1417 2.0000 1.8200 0.6000 0.0000
32        1418 2.0000 1.4000 1.6733 0.0000
14        M:cfengine_out
32        1417 1.0000 0.7000 0.8367 0.0000
13        M:cfengine_in
32        1417 1.0000 0.9100 0.3000 0.0000
32        1418 1.0000 0.7000 0.8367 0.0000
9         M:loadavg
32        1417 0.1100 0.0770 0.0920 0.0000
32        1418 0.0100 0.0070 0.0084 0.0000
10        M:diskfree
35        1417 74.0000 67.3400 22.2000 0.0000
35        1418 74.0000 51.8000 61.9128 0.0000
12        M:otherprocs
32        1417 4.0000 3.6400 1.2000 0.0000
32        1418 4.0000 2.8000 3.3466 0.0000
11        M:rootprocs
37        1417 111.0000 102.0600 29.8000 0.0000
36        1418 115.0000 80.5000 96.2159 0.0000
7         M:users
32        1417 5.0000 4.5500 1.5000 0.0000
32        1418 5.0000 3.5000 4.1833 0.0000
3         MOY
15        M:entropy_avail
39        155 3652.0000 3350.2000 848.4657 0.0000
12        M:mem_cached
39        155 1334.7988 1211.0830 461.7662 0.0000
16        M:io_writtendata
31        155 0.3193 0.3388 0.1251 0.0000
11        M:io_writes
31        155 7.0000 6.7900 1.8724 0.0000
6         M:cpu3
31        155 0.5030 0.6454 0.9539 0.0000
6         M:cpu2
31        155 0.3231 0.4795 0.7447 0.0000
6         M:cpu1
31        155 0.5199 0.5004 0.4890 0.0000
6         M:cpu0
31        155 1.3187 1.3763 1.9682 0.0000
5         M:cpu
31        155 0.6679 0.7515 1.0018 0.0000
10        M:messages
37        155 330.0000 957.9150 581.6704 0.0000
8         M:ssh_in
31        155 2.0000 1.8200 0.6000 0.0000
13        M:cfengine_in
31        155 1.0000 0.9100 0.3000 0.0000
9         M:loadavg
31        155 0.0350 0.0350 0.0597 0.0000
10        M:diskfree
34        155 80.5000 73.2550 24.2063 0.0000
12        M:otherprocs
31        155 4.0000 3.6400 1.2000 0.0000
11        M:rootprocs
36        155 113.0000 102.8300 33.9013 0.0000
7         M:users
31        155 5.0000 4.5500 1.5000 0.0000
3         PLG
386       1679695760,b1cb3a2db6ecbc8395b7ee2ef55bc2bd65f99db85212672546380f8e3969cfce,/var/cfengine/inputs/services/cfbs/churn_local_users.cf,35918a18f3f028e3a16776f9d73c3e66ccce4a02,114,default,churn_local_users,users,obiwankenobi,/default/churn_local_users/users/'obiwankenobi'[6],,[],"[""Removed user 'obiwankenobi'""]",10,SHA=66aec41141537e4570d6a74066d87b0a9129cc05975edb37015fa542e617fbd4

371       1679695786,fcb0be413f509f4ab47fc99d1d719ce50ce13137d95fe4356a62ce080f44c3d3,/var/cfengine/inputs/services/cfbs/churn_local_users.cf,35918a18f3f028e3a16776f9d73c3e66ccce4a02,114,default,churn_local_users,users,hansolo,/default/churn_local_users/users/'hansolo'[8],,[],"[""Removed user 'hansolo'""]",10,SHA=66aec41141537e4570d6a74066d87b0a9129cc05975edb37015fa542e617fbd4

360       1679695811,b52cdb7c7447c8cf6201a3bd28ed50d37e9d7b6e5d7cc4192a723e0194d57b50,/var/cfengine/inputs/services/cfbs/churn_local_users.cf,35918a18f3f028e3a16776f9d73c3e66ccce4a02,114,default,churn_local_users,users,rey,/default/churn_local_users/users/'rey'[12],,[],"[""Removed user 'rey'""]",10,SHA=66aec41141537e4570d6a74066d87b0a9129cc05975edb37015fa542e617fbd4

# send QUERY complete successful
