# delta from 1679672658 to 1679672719 at 1679672719
22        CFR: 0 1679672718 1729
3         PRD
60        Packing reports: delta,0.031067,0.096513,0.097243,1679672659
83        Sample(/proc/sys/kernel/random/entropy_avail),0.005014,0.002514,0.002574,1679672672
3         EXS
16        f,308,1679672467
3         MOM
15        M:entropy_avail
40        1340 3780.0000 3439.8000 948.7725 0.0000
12        M:mem_cached
40        1340 2008.4570 1827.6655 602.6383 0.0000
10        M:mem_free
38        1340 8708.7520 8708.7520 0.0000 0.0000
11        M:mem_total
40        1340 10404.5074 10404.5074 0.0000 0.0000
16        M:io_writtendata
32        1340 0.5508 0.6439 0.3105 0.0000
11        M:io_writes
32        1340 8.0000 8.5400 1.8000 0.0000
6         M:cpu3
32        1340 1.2201 0.9773 0.7285 0.0000
6         M:cpu2
32        1340 1.0858 1.0147 0.2369 0.0000
6         M:cpu1
32        1340 1.2860 2.0551 2.5638 0.0000
6         M:cpu0
32        1340 1.2465 1.1190 0.4252 0.0000
5         M:cpu
32        1340 1.2063 1.2896 0.2777 0.0000
10        M:messages
39        1340 169.0000 984.3400 2273.8746 0.0000
8         M:ssh_in
32        1340 2.0000 1.8200 0.6000 0.0000
13        M:cfengine_in
32        1340 1.0000 0.9100 0.3000 0.0000
9         M:loadavg
32        1340 0.0400 0.0406 0.0020 0.0000
10        M:diskfree
35        1340 75.0000 68.2500 22.5000 0.0000
12        M:otherprocs
32        1340 4.0000 3.6400 1.2000 0.0000
11        M:rootprocs
37        1340 112.0000 101.5000 35.0000 0.0000
7         M:users
32        1340 5.0000 4.5500 1.5000 0.0000
3         MOY
15        M:entropy_avail
39        155 3652.0000 3350.2000 848.4657 0.0000
12        M:mem_cached
39        155 1325.6133 1202.9637 456.9957 0.0000
16        M:io_writtendata
31        155 0.5635 0.6041 0.1406 0.0000
11        M:io_writes
31        155 9.0000 9.2400 0.8944 0.0000
6         M:cpu3
31        155 0.4633 0.6694 0.9253 0.0000
6         M:cpu2
31        155 0.4062 0.7013 0.9862 0.0000
6         M:cpu1
31        155 0.3499 0.4373 0.3399 0.0000
6         M:cpu0
31        155 0.6230 0.9474 1.6164 0.0000
5         M:cpu
31        155 0.4614 0.6889 0.9174 0.0000
10        M:messages
38        155 367.5000 1042.5450 625.0224 0.0000
8         M:ssh_in
31        155 2.0000 1.8200 0.6000 0.0000
13        M:cfengine_in
31        155 1.0000 0.9100 0.3000 0.0000
9         M:loadavg
31        155 0.0450 0.0504 0.0510 0.0000
10        M:diskfree
34        155 80.5000 73.2550 24.2063 0.0000
12        M:otherprocs
31        155 4.0000 3.6400 1.2000 0.0000
11        M:rootprocs
36        155 112.5000 102.5850 33.0700 0.0000
7         M:users
31        155 5.0000 4.5500 1.5000 0.0000
# send QUERY complete successful
