# delta from 1679704098 to 1679704159 at 1679704159
22        CFR: 0 1679704158 2036
3         PRD
60        Packing reports: delta,0.019683,0.038743,0.039431,1679704099
3         EXS
15        f,90,1679703864
3         MOM
15        M:entropy_avail
41        1445 4036.0000 3619.0000 1162.9574 0.0000
12        M:mem_cached
40        1445 2114.7422 1920.6912 646.8367 0.0000
10        M:mem_free
40        1445 12307.6406 11208.7377 0.0000 0.0000
11        M:mem_total
40        1445 14863.5820 13525.8596 0.0000 0.0000
16        M:io_writtendata
32        1445 0.8027 0.9378 0.4503 0.0000
11        M:io_writes
34        1445 12.0000 13.0200 3.4000 0.0000
6         M:cpu3
32        1445 0.8268 0.9497 0.4099 0.0000
6         M:cpu2
32        1445 0.8529 0.9356 0.2754 0.0000
6         M:cpu1
32        1445 0.8328 1.8224 3.2985 0.0000
6         M:cpu0
32        1445 1.4321 1.3795 0.1754 0.0000
5         M:cpu
32        1445 0.9879 1.2722 0.9480 0.0000
10        M:messages
37        1445 0.0000 908.0400 2532.4026 0.0000
8         M:ssh_in
32        1445 2.0000 1.8200 0.6000 0.0000
13        M:cfengine_in
32        1445 1.0000 0.9100 0.3000 0.0000
9         M:loadavg
32        1445 0.0300 0.0378 0.0260 0.0000
10        M:diskfree
35        1445 74.0000 67.3400 22.2000 0.0000
12        M:otherprocs
32        1445 4.0000 3.6400 1.2000 0.0000
11        M:rootprocs
37        1445 111.0000 100.3800 35.4000 0.0000
7         M:users
32        1445 5.0000 4.5500 1.5000 0.0000
3         MOY
15        M:entropy_avail
39        155 3652.0000 3350.2000 848.4657 0.0000
12        M:mem_cached
39        155 1334.7988 1211.0830 461.7662 0.0000
16        M:io_writtendata
31        155 0.3193 0.3388 0.1251 0.0000
11        M:io_writes
31        155 7.0000 6.7900 1.8724 0.0000
6         M:cpu3
31        155 0.5030 0.6454 0.9539 0.0000
6         M:cpu2
31        155 0.3231 0.4795 0.7447 0.0000
6         M:cpu1
31        155 0.5199 0.5004 0.4890 0.0000
6         M:cpu0
31        155 1.3187 1.3763 1.9682 0.0000
5         M:cpu
31        155 0.6679 0.7515 1.0018 0.0000
10        M:messages
37        155 330.0000 957.9150 581.6704 0.0000
8         M:ssh_in
31        155 2.0000 1.8200 0.6000 0.0000
13        M:cfengine_in
31        155 1.0000 0.9100 0.3000 0.0000
9         M:loadavg
31        155 0.0350 0.0350 0.0597 0.0000
10        M:diskfree
34        155 80.5000 73.2550 24.2063 0.0000
12        M:otherprocs
31        155 4.0000 3.6400 1.2000 0.0000
11        M:rootprocs
36        155 113.0000 102.8300 33.9013 0.0000
7         M:users
31        155 5.0000 4.5500 1.5000 0.0000
3         PLG
386       1679704155,4e266614f38ae754839a35e7fc574b6b752029e43ed511fc912b5e826bb3b01b,/var/cfengine/inputs/services/cfbs/churn_local_users.cf,35918a18f3f028e3a16776f9d73c3e66ccce4a02,114,default,churn_local_users,users,obiwankenobi,/default/churn_local_users/users/'obiwankenobi'[6],,[],"[""Created user 'obiwankenobi'""]",10,SHA=66aec41141537e4570d6a74066d87b0a9129cc05975edb37015fa542e617fbd4

# send QUERY complete successful
