# delta from 1679744478 to 1679744539 at 1679744539
22        CFR: 0 1679744538 1835
3         PRD
108       CFEngine Execution (policy filename: '/var/cfengine/inputs/update.cf'),0.034543,0.336661,0.330530,1679744515
60        Packing reports: delta,0.029714,0.088292,0.087678,1679744479
83        Sample(/proc/sys/kernel/random/entropy_avail),0.004812,0.002316,0.002371,1679744499
3         EXS
16        f,539,1679744367
3         MOM
15        M:entropy_avail
38        1580 3780.0000 2646.0000 0.0000 0.0000
12        M:mem_cached
41        1580 2260.4727 1582.3309 1891.2471 0.0000
10        M:mem_free
39        1580 12153.4805 8507.4363 0.0000 0.0000
11        M:mem_total
40        1580 14863.5820 10404.5074 0.0000 0.0000
16        M:io_writtendata
32        1580 0.5713 0.3999 0.4780 0.0000
11        M:io_writes
33        1580 10.0000 7.0000 8.3666 0.0000
6         M:cpu3
32        1580 1.3533 0.9473 1.1323 0.0000
6         M:cpu2
32        1580 0.2733 0.1913 0.2286 0.0000
6         M:cpu1
32        1580 1.1590 0.8113 0.9697 0.0000
6         M:cpu0
32        1580 5.5326 3.8728 4.6289 0.0000
5         M:cpu
32        1580 2.0793 1.4555 1.7397 0.0000
10        M:messages
38        1580 3673.0000 2571.1000 0.0000 0.0000
8         M:ssh_in
32        1580 2.0000 1.4000 1.6733 0.0000
13        M:cfengine_in
32        1580 1.0000 0.7000 0.8367 0.0000
9         M:loadavg
32        1580 0.0200 0.0140 0.0167 0.0000
10        M:diskfree
35        1580 72.0000 50.4000 60.2395 0.0000
12        M:otherprocs
32        1580 4.0000 2.8000 3.3466 0.0000
11        M:rootprocs
36        1580 113.0000 79.1000 94.5426 0.0000
7         M:users
32        1580 5.0000 3.5000 4.1833 0.0000
3         MOY
15        M:entropy_avail
39        155 3652.0000 3350.2000 848.4657 0.0000
12        M:mem_cached
39        155 1334.7988 1211.0830 461.7662 0.0000
16        M:io_writtendata
31        155 0.3193 0.3388 0.1251 0.0000
11        M:io_writes
31        155 7.0000 6.7900 1.8724 0.0000
6         M:cpu3
31        155 0.5030 0.6454 0.9539 0.0000
6         M:cpu2
31        155 0.3231 0.4795 0.7447 0.0000
6         M:cpu1
31        155 0.5199 0.5004 0.4890 0.0000
6         M:cpu0
31        155 1.3187 1.3763 1.9682 0.0000
5         M:cpu
31        155 0.6679 0.7515 1.0018 0.0000
10        M:messages
37        155 330.0000 957.9150 581.6704 0.0000
8         M:ssh_in
31        155 2.0000 1.8200 0.6000 0.0000
13        M:cfengine_in
31        155 1.0000 0.9100 0.3000 0.0000
9         M:loadavg
31        155 0.0350 0.0350 0.0597 0.0000
10        M:diskfree
34        155 80.5000 73.2550 24.2063 0.0000
12        M:otherprocs
31        155 4.0000 3.6400 1.2000 0.0000
11        M:rootprocs
36        155 113.0000 102.8300 33.9013 0.0000
7         M:users
31        155 5.0000 4.5500 1.5000 0.0000
# send QUERY complete successful
