# delta from 1679735958 to 1679736019 at 1679736019
22        CFR: 0 1679736018 2075
3         PRD
60        Packing reports: delta,0.026136,0.068310,0.068857,1679735959
3         EXS
16        f,128,1679735178
3         MOM
15        M:entropy_avail
41        1551 4036.0000 3619.0000 1162.9574 0.0000
12        M:mem_cached
40        1551 2252.9141 2042.2366 702.2582 0.0000
10        M:mem_free
38        1551 8541.4656 8541.4656 0.0000 0.0000
11        M:mem_total
40        1551 10404.5074 10404.5074 0.0000 0.0000
16        M:io_writtendata
32        1551 1.0654 0.8563 0.6310 0.0000
11        M:io_writes
34        1551 16.0000 12.8800 9.4420 0.0000
6         M:cpu3
32        1551 0.6934 0.5470 0.4299 0.0000
6         M:cpu2
32        1551 1.0728 0.8042 0.7582 0.0000
6         M:cpu1
32        1551 0.8058 0.6004 0.5782 0.0000
6         M:cpu0
32        1551 2.3135 1.7006 1.7185 0.0000
5         M:cpu
32        1551 1.2213 0.9137 0.8674 0.0000
10        M:messages
39        1551 169.0000 652.9600 1784.0780 0.0000
8         M:ssh_in
32        1551 2.0000 1.8200 0.6000 0.0000
13        M:cfengine_in
32        1551 1.0000 0.9100 0.3000 0.0000
9         M:loadavg
32        1551 0.0200 0.0140 0.0167 0.0000
10        M:diskfree
35        1551 72.0000 65.7300 20.9000 0.0000
12        M:otherprocs
32        1551 4.0000 3.6400 1.2000 0.0000
11        M:rootprocs
37        1551 116.0000 104.7200 37.6000 0.0000
7         M:users
32        1551 5.0000 4.5500 1.5000 0.0000
3         MOY
15        M:entropy_avail
39        155 3652.0000 3350.2000 848.4657 0.0000
12        M:mem_cached
39        155 1334.7988 1211.0830 461.7662 0.0000
16        M:io_writtendata
31        155 0.3193 0.3388 0.1251 0.0000
11        M:io_writes
31        155 7.0000 6.7900 1.8724 0.0000
6         M:cpu3
31        155 0.5030 0.6454 0.9539 0.0000
6         M:cpu2
31        155 0.3231 0.4795 0.7447 0.0000
6         M:cpu1
31        155 0.5199 0.5004 0.4890 0.0000
6         M:cpu0
31        155 1.3187 1.3763 1.9682 0.0000
5         M:cpu
31        155 0.6679 0.7515 1.0018 0.0000
10        M:messages
37        155 330.0000 957.9150 581.6704 0.0000
8         M:ssh_in
31        155 2.0000 1.8200 0.6000 0.0000
13        M:cfengine_in
31        155 1.0000 0.9100 0.3000 0.0000
9         M:loadavg
31        155 0.0350 0.0350 0.0597 0.0000
10        M:diskfree
34        155 80.5000 73.2550 24.2063 0.0000
12        M:otherprocs
31        155 4.0000 3.6400 1.2000 0.0000
11        M:rootprocs
36        155 113.0000 102.8300 33.9013 0.0000
7         M:users
31        155 5.0000 4.5500 1.5000 0.0000
3         PLG
424       1679735995,694b8484bbac8080a9932829d3a07c4ccd93fc41056d40a7dfd51f1628205745,/var/cfengine/inputs/services/cfbs/churn_local_users.cf,35918a18f3f028e3a16776f9d73c3e66ccce4a02,110,default,churn_local_users,users,maul,/default/churn_local_users/users/'maul'[11],,[],"[""'/sbin/chpasswd -e' returned non-zero status: 1"",""Failed to create user 'maul'""]",10,SHA=66aec41141537e4570d6a74066d87b0a9129cc05975edb37015fa542e617fbd4

# send QUERY complete successful
