# delta from 1679675478 to 1679675539 at 1679675539
22        CFR: 0 1679675538 2234
3         PRD
108       CFEngine Execution (policy filename: '/var/cfengine/inputs/update.cf'),0.040496,0.334765,0.334047,1679675510
60        Packing reports: delta,0.012353,0.015261,0.015047,1679675479
83        Sample(/proc/sys/kernel/random/entropy_avail),0.004889,0.002390,0.002321,1679675526
3         EXS
16        f,152,1679675318
3         MOM
15        M:entropy_avail
38        1350 3780.0000 2646.0000 0.0000 0.0000
12        M:mem_cached
41        1350 2017.9961 1412.5973 1688.3767 0.0000
10        M:mem_free
39        1350 12396.8047 8677.7633 0.0000 0.0000
11        M:mem_total
40        1350 14863.5820 10404.5074 0.0000 0.0000
16        M:io_writtendata
32        1350 0.9170 0.6419 0.7672 0.0000
11        M:io_writes
34        1350 12.0000 8.4000 10.0399 0.0000
6         M:cpu3
32        1350 0.4667 0.3267 0.3904 0.0000
6         M:cpu2
32        1350 0.3066 0.2146 0.2565 0.0000
6         M:cpu1
32        1350 0.4994 0.3496 0.4179 0.0000
6         M:cpu0
32        1350 0.5534 0.3874 0.4630 0.0000
5         M:cpu
32        1350 0.4549 0.3184 0.3806 0.0000
10        M:messages
41        1350 2546.0000 1782.2000 2130.1364 0.0000
8         M:ssh_in
32        1350 2.0000 1.4000 1.6733 0.0000
14        M:cfengine_out
32        1350 1.0000 0.7000 0.8367 0.0000
13        M:cfengine_in
32        1350 1.0000 0.7000 0.8367 0.0000
10        M:diskfree
35        1350 75.0000 52.5000 62.7495 0.0000
12        M:otherprocs
32        1350 4.0000 2.8000 3.3466 0.0000
11        M:rootprocs
36        1350 117.0000 81.9000 97.8892 0.0000
7         M:users
32        1350 5.0000 3.5000 4.1833 0.0000
3         MOY
15        M:entropy_avail
39        155 3652.0000 3350.2000 848.4657 0.0000
12        M:mem_cached
39        155 1331.8730 1210.5062 451.2640 0.0000
16        M:io_writtendata
31        155 0.5679 0.6512 0.2969 0.0000
11        M:io_writes
31        155 9.0000 9.6600 2.4166 0.0000
6         M:cpu3
31        155 0.6997 0.8405 0.9600 0.0000
6         M:cpu2
31        155 0.4731 0.7621 0.9676 0.0000
6         M:cpu1
31        155 0.9361 0.8967 0.6122 0.0000
6         M:cpu0
31        155 0.5063 1.2690 2.7596 0.0000
5         M:cpu
31        155 0.6555 0.9427 1.0087 0.0000
10        M:messages
38        155 330.0000 1123.5000 581.6704 0.0000
8         M:ssh_in
31        155 2.0000 1.8200 0.6000 0.0000
13        M:cfengine_in
31        155 1.0000 0.9100 0.3000 0.0000
9         M:loadavg
31        155 0.0100 0.0227 0.0512 0.0000
10        M:diskfree
34        155 80.5000 73.2550 24.2063 0.0000
12        M:otherprocs
31        155 4.0000 3.6400 1.2000 0.0000
11        M:rootprocs
36        155 114.0000 103.8450 33.8518 0.0000
7         M:users
31        155 5.0000 4.5500 1.5000 0.0000
3         PLG
386       1679675502,4e266614f38ae754839a35e7fc574b6b752029e43ed511fc912b5e826bb3b01b,/var/cfengine/inputs/services/cfbs/churn_local_users.cf,35918a18f3f028e3a16776f9d73c3e66ccce4a02,114,default,churn_local_users,users,obiwankenobi,/default/churn_local_users/users/'obiwankenobi'[6],,[],"[""Created user 'obiwankenobi'""]",10,SHA=66aec41141537e4570d6a74066d87b0a9129cc05975edb37015fa542e617fbd4

# send QUERY complete successful
