# delta from 1679708118 to 1679708179 at 1679708179
22        CFR: 0 1679708178 1732
3         PRD
60        Packing reports: delta,0.021289,0.045322,0.045735,1679708119
83        Sample(/proc/sys/kernel/random/entropy_avail),0.004785,0.002290,0.002145,1679708133
3         EXS
16        f,488,1679707987
3         MOM
15        M:entropy_avail
38        1459 3780.0000 2646.0000 0.0000 0.0000
12        M:mem_cached
41        1459 2137.2461 1496.0723 1788.1484 0.0000
10        M:mem_free
39        1459 12282.8945 8598.0262 0.0000 0.0000
11        M:mem_total
40        1459 14863.5820 10404.5074 0.0000 0.0000
16        M:io_writtendata
32        1459 1.2285 0.8600 1.0278 0.0000
11        M:io_writes
35        1459 16.0000 11.2000 13.3866 0.0000
6         M:cpu3
32        1459 0.4131 0.2892 0.3457 0.0000
6         M:cpu2
32        1459 0.4465 0.3125 0.3736 0.0000
6         M:cpu1
32        1459 2.7322 1.9126 2.2860 0.0000
6         M:cpu0
32        1459 0.9005 0.6304 0.7534 0.0000
5         M:cpu
32        1459 1.1231 0.7862 0.9397 0.0000
10        M:messages
41        1459 3083.0000 2158.1000 2579.4229 0.0000
8         M:ssh_in
32        1459 2.0000 1.4000 1.6733 0.0000
13        M:cfengine_in
32        1459 1.0000 0.7000 0.8367 0.0000
9         M:loadavg
32        1459 0.0200 0.0140 0.0167 0.0000
10        M:diskfree
35        1459 73.0000 51.1000 61.0762 0.0000
12        M:otherprocs
32        1459 4.0000 2.8000 3.3466 0.0000
11        M:rootprocs
36        1459 115.0000 80.5000 96.2159 0.0000
7         M:users
32        1459 5.0000 3.5000 4.1833 0.0000
3         MOY
15        M:entropy_avail
39        155 3652.0000 3350.2000 848.4657 0.0000
12        M:mem_cached
39        155 1334.7988 1211.0830 461.7662 0.0000
16        M:io_writtendata
31        155 0.3193 0.3388 0.1251 0.0000
11        M:io_writes
31        155 7.0000 6.7900 1.8724 0.0000
6         M:cpu3
31        155 0.5030 0.6454 0.9539 0.0000
6         M:cpu2
31        155 0.3231 0.4795 0.7447 0.0000
6         M:cpu1
31        155 0.5199 0.5004 0.4890 0.0000
6         M:cpu0
31        155 1.3187 1.3763 1.9682 0.0000
5         M:cpu
31        155 0.6679 0.7515 1.0018 0.0000
10        M:messages
37        155 330.0000 957.9150 581.6704 0.0000
8         M:ssh_in
31        155 2.0000 1.8200 0.6000 0.0000
13        M:cfengine_in
31        155 1.0000 0.9100 0.3000 0.0000
9         M:loadavg
31        155 0.0350 0.0350 0.0597 0.0000
10        M:diskfree
34        155 80.5000 73.2550 24.2063 0.0000
12        M:otherprocs
31        155 4.0000 3.6400 1.2000 0.0000
11        M:rootprocs
36        155 113.0000 102.8300 33.9013 0.0000
7         M:users
31        155 5.0000 4.5500 1.5000 0.0000
# send QUERY complete successful
