# delta from 1679686158 to 1679686219 at 1679686219
22        CFR: 0 1679686218 2145
3         PRD
60        Packing reports: delta,0.023197,0.053809,0.054975,1679686159
83        Sample(/proc/sys/kernel/random/entropy_avail),0.004759,0.002265,0.002211,1679686195
3         EXS
16        f,162,1679686096
3         MOM
15        M:entropy_avail
40        1385 3780.0000 3439.8000 948.7725 0.0000
12        M:mem_cached
40        1385 2041.6680 1863.7404 593.0918 0.0000
10        M:mem_free
40        1385 12382.3594 11258.3404 0.0000 0.0000
11        M:mem_total
40        1385 14863.5820 13525.8596 0.0000 0.0000
16        M:io_writtendata
32        1385 1.4775 1.2262 0.8165 0.0000
11        M:io_writes
34        1385 16.0000 14.1400 6.2000 0.0000
6         M:cpu3
32        1385 1.5141 1.2994 0.7948 0.0000
6         M:cpu2
32        1385 0.2999 0.3681 0.2272 0.0000
6         M:cpu1
32        1385 2.4985 1.8888 1.7275 0.0000
6         M:cpu0
32        1385 0.3531 0.3746 0.0717 0.0000
5         M:cpu
32        1385 1.1647 0.9826 0.6255 0.0000
10        M:messages
40        1385 969.0000 1438.5000 1309.3729 0.0000
8         M:ssh_in
32        1385 2.0000 1.8200 0.6000 0.0000
14        M:cfengine_out
32        1385 0.0000 0.2100 0.7436 0.0000
13        M:cfengine_in
32        1385 1.0000 0.9100 0.3000 0.0000
9         M:loadavg
32        1385 0.0200 0.0140 0.0167 0.0000
10        M:diskfree
35        1385 74.0000 67.3400 22.2000 0.0000
12        M:otherprocs
32        1385 4.0000 3.6400 1.2000 0.0000
11        M:rootprocs
37        1385 113.0000 104.0900 29.7000 0.0000
7         M:users
32        1385 5.0000 4.5500 1.5000 0.0000
3         MOY
15        M:entropy_avail
39        155 3652.0000 3350.2000 848.4657 0.0000
12        M:mem_cached
39        155 1334.7988 1211.0830 461.7662 0.0000
16        M:io_writtendata
31        155 0.3193 0.3388 0.1251 0.0000
11        M:io_writes
31        155 7.0000 6.7900 1.8724 0.0000
6         M:cpu3
31        155 0.5030 0.6454 0.9539 0.0000
6         M:cpu2
31        155 0.3231 0.4795 0.7447 0.0000
6         M:cpu1
31        155 0.5199 0.5004 0.4890 0.0000
6         M:cpu0
31        155 1.3187 1.3763 1.9682 0.0000
5         M:cpu
31        155 0.6679 0.7515 1.0018 0.0000
10        M:messages
37        155 330.0000 957.9150 581.6704 0.0000
8         M:ssh_in
31        155 2.0000 1.8200 0.6000 0.0000
13        M:cfengine_in
31        155 1.0000 0.9100 0.3000 0.0000
9         M:loadavg
31        155 0.0350 0.0350 0.0597 0.0000
10        M:diskfree
34        155 80.5000 73.2550 24.2063 0.0000
12        M:otherprocs
31        155 4.0000 3.6400 1.2000 0.0000
11        M:rootprocs
36        155 113.0000 102.8300 33.9013 0.0000
7         M:users
31        155 5.0000 4.5500 1.5000 0.0000
3         PLG
363       1679686205,cac5f7ab2dec7f87bfe1753d37690ac52aa07a2805e7a074f6822b9e701e47ed,/var/cfengine/inputs/services/cfbs/churn_local_users.cf,35918a18f3f028e3a16776f9d73c3e66ccce4a02,114,default,churn_local_users,users,c3po,/default/churn_local_users/users/'c3po'[13],,[],"[""Created user 'c3po'""]",10,SHA=66aec41141537e4570d6a74066d87b0a9129cc05975edb37015fa542e617fbd4

# send QUERY complete successful
