# delta from 1679731698 to 1679731759 at 1679731760
22        CFR: 1 1679731759 1734
3         PRD
60        Packing reports: delta,0.020562,0.042279,0.043021,1679731699
83        Sample(/proc/sys/kernel/random/entropy_avail),0.004792,0.002296,0.002289,1679731724
3         EXS
16        f,150,1679731675
3         MOM
15        M:entropy_avail
41        1537 4036.0000 3619.0000 1162.9574 0.0000
12        M:mem_cached
40        1537 2197.7969 2001.6374 653.8648 0.0000
10        M:mem_free
40        1537 12241.6484 11138.6630 0.0000 0.0000
11        M:mem_total
40        1537 14863.5820 13525.8596 0.0000 0.0000
16        M:io_writtendata
32        1537 1.2969 1.0844 0.7069 0.0000
11        M:io_writes
34        1537 18.0000 15.5400 8.2000 0.0000
6         M:cpu3
32        1537 0.9196 0.8243 0.3178 0.0000
6         M:cpu2
32        1537 4.1061 3.0996 2.8499 0.0000
6         M:cpu1
32        1537 4.3139 3.1330 3.3026 0.0000
6         M:cpu0
32        1537 1.8742 1.5513 1.0411 0.0000
5         M:cpu
32        1537 2.8017 2.1508 1.8618 0.0000
10        M:messages
41        1537 5964.0000 5104.8900 2395.9433 0.0000
8         M:ssh_in
32        1537 2.0000 1.8200 0.6000 0.0000
13        M:cfengine_in
32        1537 1.0000 0.9100 0.3000 0.0000
9         M:loadavg
32        1537 0.1200 0.0861 0.0947 0.0000
10        M:diskfree
35        1537 73.0000 66.4300 21.9000 0.0000
12        M:otherprocs
32        1537 4.0000 3.6400 1.2000 0.0000
11        M:rootprocs
36        1537 109.0000 99.1900 32.7000 0.0000
7         M:users
32        1537 5.0000 4.5500 1.5000 0.0000
3         MOY
15        M:entropy_avail
39        155 3652.0000 3350.2000 848.4657 0.0000
12        M:mem_cached
39        155 1334.7988 1211.0830 461.7662 0.0000
16        M:io_writtendata
31        155 0.3193 0.3388 0.1251 0.0000
11        M:io_writes
31        155 7.0000 6.7900 1.8724 0.0000
6         M:cpu3
31        155 0.5030 0.6454 0.9539 0.0000
6         M:cpu2
31        155 0.3231 0.4795 0.7447 0.0000
6         M:cpu1
31        155 0.5199 0.5004 0.4890 0.0000
6         M:cpu0
31        155 1.3187 1.3763 1.9682 0.0000
5         M:cpu
31        155 0.6679 0.7515 1.0018 0.0000
10        M:messages
37        155 330.0000 957.9150 581.6704 0.0000
8         M:ssh_in
31        155 2.0000 1.8200 0.6000 0.0000
13        M:cfengine_in
31        155 1.0000 0.9100 0.3000 0.0000
9         M:loadavg
31        155 0.0350 0.0350 0.0597 0.0000
10        M:diskfree
34        155 80.5000 73.2550 24.2063 0.0000
12        M:otherprocs
31        155 4.0000 3.6400 1.2000 0.0000
11        M:rootprocs
36        155 113.0000 102.8300 33.9013 0.0000
7         M:users
31        155 5.0000 4.5500 1.5000 0.0000
# send QUERY complete successful
