# delta from 1679661558 to 1679661619 at 1679661619
22        CFR: 0 1679661618 2116
3         PRD
60        Packing reports: delta,0.023618,0.055781,0.055795,1679661559
3         EXS
16        f,186,1679661319
3         MOM
15        M:entropy_avail
40        1303 3780.0000 3439.8000 948.7725 0.0000
12        M:mem_cached
40        1303 1989.1172 1808.2107 603.0215 0.0000
10        M:mem_free
40        1303 12417.9453 11307.0223 0.0000 0.0000
11        M:mem_total
40        1303 14863.5820 13525.8596 0.0000 0.0000
16        M:io_writtendata
32        1303 1.5020 1.3407 0.5374 0.0000
11        M:io_writes
34        1303 18.0000 15.9600 6.8000 0.0000
6         M:cpu3
32        1303 0.5269 0.4934 0.1115 0.0000
6         M:cpu2
32        1303 2.1993 1.8166 1.2266 0.0000
6         M:cpu1
32        1303 1.2061 0.9395 0.7721 0.0000
6         M:cpu0
32        1303 1.2201 0.9577 0.7660 0.0000
5         M:cpu
32        1303 1.2882 1.0526 0.7350 0.0000
10        M:messages
40        1303 4561.0000 4666.9000 295.3410 0.0000
8         M:ssh_in
32        1303 2.0000 1.8200 0.6000 0.0000
13        M:cfengine_in
32        1303 1.0000 0.9100 0.3000 0.0000
9         M:loadavg
32        1303 0.0100 0.0070 0.0084 0.0000
10        M:diskfree
35        1303 75.0000 68.2500 22.5000 0.0000
12        M:otherprocs
32        1303 4.0000 3.6400 1.2000 0.0000
11        M:rootprocs
37        1303 116.0000 104.7200 37.6000 0.0000
7         M:users
32        1303 5.0000 4.5500 1.5000 0.0000
3         MOY
15        M:entropy_avail
39        155 3652.0000 3350.2000 848.4657 0.0000
12        M:mem_cached
39        155 1310.7129 1191.0076 443.8518 0.0000
16        M:io_writtendata
31        155 0.8184 1.1056 1.2381 0.0000
11        M:io_writes
33        155 12.0000 14.2800 9.9358 0.0000
6         M:cpu3
31        155 1.3939 1.4675 1.0897 0.0000
6         M:cpu2
31        155 0.9462 1.5089 2.0483 0.0000
6         M:cpu1
31        155 0.8632 2.5510 8.5374 0.0000
6         M:cpu0
31        155 1.0199 1.5628 1.8705 0.0000
5         M:cpu
31        155 1.0566 1.7731 2.6353 0.0000
10        M:messages
41        155 13839.5000 10865.3300 347.1894 0.0000
8         M:ssh_in
31        155 2.0000 1.8200 0.6000 0.0000
13        M:cfengine_in
31        155 1.0000 0.9100 0.3000 0.0000
9         M:loadavg
31        155 0.0300 0.0546 0.0879 0.0000
10        M:diskfree
34        155 80.5000 73.2550 24.2063 0.0000
12        M:otherprocs
31        155 4.0000 3.6400 1.2000 0.0000
11        M:rootprocs
36        155 113.0000 102.8300 33.9013 0.0000
7         M:users
31        155 5.0000 4.5500 1.5000 0.0000
3         PLG
457       1679661598,e9590bf38b43fe7f98cb9d0b2a145b49acc0df8d4af188810a630d07337c05b1,/var/cfengine/inputs/services/cfbs/churn_local_users.cf,35918a18f3f028e3a16776f9d73c3e66ccce4a02,110,default,churn_local_users,users,anakinskywalker,/default/churn_local_users/users/'anakinskywalker'[15],,[],"[""'/sbin/chpasswd -e' returned non-zero status: 1"",""Failed to create user 'anakinskywalker'""]",10,SHA=66aec41141537e4570d6a74066d87b0a9129cc05975edb37015fa542e617fbd4

# send QUERY complete successful
