# delta from 1679663298 to 1679663359 at 1679663359
22        CFR: 0 1679663358 2245
3         PRD
60        Packing reports: delta,0.024872,0.061860,0.062795,1679663299
83        Sample(/proc/sys/kernel/random/entropy_avail),0.004731,0.002239,0.002200,1679663356
3         EXS
16        f,398,1679663025
3         MOM
15        M:entropy_avail
40        1309 3780.0000 3439.8000 948.7725 0.0000
12        M:mem_cached
40        1309 1991.9414 1810.7947 603.8223 0.0000
10        M:mem_free
40        1309 12409.2891 11297.3618 0.0000 0.0000
11        M:mem_total
40        1309 14863.5820 13525.8596 0.0000 0.0000
16        M:io_writtendata
32        1309 0.6719 0.5786 0.3514 0.0000
11        M:io_writes
33        1309 10.0000 8.6800 4.4000 0.0000
6         M:cpu3
32        1309 1.3343 1.0363 0.8606 0.0000
6         M:cpu2
32        1309 0.6264 0.5112 0.3583 0.0000
6         M:cpu1
32        1309 1.6995 1.3044 1.1302 0.0000
6         M:cpu0
32        1309 0.4067 0.4010 0.0192 0.0000
5         M:cpu
32        1309 1.0151 0.8124 0.6074 0.0000
10        M:messages
41        1309 4785.0000 3883.7400 2770.6965 0.0000
8         M:ssh_in
32        1309 2.0000 2.0300 0.1000 0.0000
14        M:cfengine_out
32        1309 0.0000 0.2100 0.7436 0.0000
13        M:cfengine_in
32        1309 1.0000 0.9100 0.3000 0.0000
9         M:loadavg
32        1309 0.0200 0.0140 0.0167 0.0000
10        M:diskfree
35        1309 75.0000 68.2500 22.5000 0.0000
12        M:otherprocs
32        1309 4.0000 3.6400 1.2000 0.0000
11        M:rootprocs
37        1309 116.0000 105.3500 35.5000 0.0000
7         M:users
32        1309 5.0000 4.5500 1.5000 0.0000
3         MOY
15        M:entropy_avail
39        155 3652.0000 3350.2000 848.4657 0.0000
12        M:mem_cached
39        155 1310.7129 1191.0076 443.8518 0.0000
16        M:io_writtendata
31        155 0.8184 1.1056 1.2381 0.0000
11        M:io_writes
33        155 12.0000 14.2800 9.9358 0.0000
6         M:cpu3
31        155 1.3939 1.4675 1.0897 0.0000
6         M:cpu2
31        155 0.9462 1.5089 2.0483 0.0000
6         M:cpu1
31        155 0.8632 2.5510 8.5374 0.0000
6         M:cpu0
31        155 1.0199 1.5628 1.8705 0.0000
5         M:cpu
31        155 1.0566 1.7731 2.6353 0.0000
10        M:messages
41        155 13839.5000 10865.3300 347.1894 0.0000
8         M:ssh_in
31        155 2.0000 1.8200 0.6000 0.0000
13        M:cfengine_in
31        155 1.0000 0.9100 0.3000 0.0000
9         M:loadavg
31        155 0.0300 0.0546 0.0879 0.0000
10        M:diskfree
34        155 80.5000 73.2550 24.2063 0.0000
12        M:otherprocs
31        155 4.0000 3.6400 1.2000 0.0000
11        M:rootprocs
36        155 113.0000 102.8300 33.9013 0.0000
7         M:users
31        155 5.0000 4.5500 1.5000 0.0000
3         PLG
457       1679663340,e9590bf38b43fe7f98cb9d0b2a145b49acc0df8d4af188810a630d07337c05b1,/var/cfengine/inputs/services/cfbs/churn_local_users.cf,35918a18f3f028e3a16776f9d73c3e66ccce4a02,110,default,churn_local_users,users,anakinskywalker,/default/churn_local_users/users/'anakinskywalker'[15],,[],"[""'/sbin/chpasswd -e' returned non-zero status: 1"",""Failed to create user 'anakinskywalker'""]",10,SHA=66aec41141537e4570d6a74066d87b0a9129cc05975edb37015fa542e617fbd4

# send QUERY complete successful
