# delta from 1679731818 to 1679731879 at 1679731879
22        CFR: 0 1679731878 1729
3         PRD
60        Packing reports: delta,0.020677,0.042755,0.043156,1679731819
83        Sample(/proc/sys/kernel/random/entropy_avail),0.004783,0.002288,0.002268,1679731875
3         EXS
16        f,150,1679731675
3         MOM
15        M:entropy_avail
38        1538 3780.0000 2646.0000 0.0000 0.0000
12        M:mem_cached
41        1538 2188.9922 1532.2945 1831.4423 0.0000
10        M:mem_free
39        1538 12250.6523 8575.4566 0.0000 0.0000
11        M:mem_total
40        1538 14863.5820 10404.5074 0.0000 0.0000
16        M:io_writtendata
32        1538 0.0244 0.0171 0.0204 0.0000
11        M:io_writes
32        1538 2.0000 1.4000 1.6733 0.0000
6         M:cpu3
32        1538 0.0933 0.0653 0.0781 0.0000
6         M:cpu2
32        1538 0.1931 0.1352 0.1616 0.0000
6         M:cpu1
32        1538 0.1399 0.0979 0.1170 0.0000
6         M:cpu0
32        1538 0.0732 0.0513 0.0613 0.0000
5         M:cpu
32        1538 0.1249 0.0874 0.1045 0.0000
10        M:messages
41        1538 2546.0000 1782.2000 2130.1364 0.0000
8         M:ssh_in
32        1538 2.0000 1.4000 1.6733 0.0000
13        M:cfengine_in
32        1538 1.0000 0.7000 0.8367 0.0000
9         M:loadavg
32        1538 0.0100 0.0070 0.0084 0.0000
10        M:diskfree
35        1538 73.0000 51.1000 61.0762 0.0000
12        M:otherprocs
32        1538 4.0000 2.8000 3.3466 0.0000
11        M:rootprocs
36        1538 111.0000 77.7000 92.8693 0.0000
7         M:users
32        1538 5.0000 3.5000 4.1833 0.0000
3         MOY
15        M:entropy_avail
39        155 3652.0000 3350.2000 848.4657 0.0000
12        M:mem_cached
39        155 1334.7988 1211.0830 461.7662 0.0000
16        M:io_writtendata
31        155 0.3193 0.3388 0.1251 0.0000
11        M:io_writes
31        155 7.0000 6.7900 1.8724 0.0000
6         M:cpu3
31        155 0.5030 0.6454 0.9539 0.0000
6         M:cpu2
31        155 0.3231 0.4795 0.7447 0.0000
6         M:cpu1
31        155 0.5199 0.5004 0.4890 0.0000
6         M:cpu0
31        155 1.3187 1.3763 1.9682 0.0000
5         M:cpu
31        155 0.6679 0.7515 1.0018 0.0000
10        M:messages
37        155 330.0000 957.9150 581.6704 0.0000
8         M:ssh_in
31        155 2.0000 1.8200 0.6000 0.0000
13        M:cfengine_in
31        155 1.0000 0.9100 0.3000 0.0000
9         M:loadavg
31        155 0.0350 0.0350 0.0597 0.0000
10        M:diskfree
34        155 80.5000 73.2550 24.2063 0.0000
12        M:otherprocs
31        155 4.0000 3.6400 1.2000 0.0000
11        M:rootprocs
36        155 113.0000 102.8300 33.9013 0.0000
7         M:users
31        155 5.0000 4.5500 1.5000 0.0000
# send QUERY complete successful
