# delta from 1679666058 to 1679666120 at 1679666120
22        CFR: 0 1679666119 2107
3         PRD
60        Packing reports: delta,0.034306,0.117687,0.120324,1679666059
83        Sample(/proc/sys/kernel/random/entropy_avail),0.005026,0.002526,0.002816,1679666060
3         EXS
15        f,85,1679665595
3         MOM
15        M:entropy_avail
40        1318 3780.0000 3439.8000 948.7725 0.0000
12        M:mem_cached
40        1318 1959.8672 1783.4480 588.0641 0.0000
10        M:mem_free
38        1318 8743.7355 8743.7355 0.0000 0.0000
11        M:mem_total
40        1318 10404.5074 10404.5074 0.0000 0.0000
16        M:io_writtendata
32        1318 0.0879 0.0716 0.0505 0.0000
11        M:io_writes
32        1318 4.0000 3.2200 2.3605 0.0000
6         M:cpu3
32        1318 0.3800 0.3164 0.2087 0.0000
6         M:cpu2
32        1318 1.7718 1.2808 1.3721 0.0000
6         M:cpu1
32        1318 0.6066 0.4526 0.4338 0.0000
6         M:cpu0
32        1318 1.8986 1.8718 0.0894 0.0000
5         M:cpu
32        1318 1.1678 0.9822 0.6302 0.0000
10        M:messages
39        1318 169.0000 815.9200 1804.1737 0.0000
8         M:ssh_in
32        1318 3.0000 2.5200 1.6223 0.0000
13        M:cfengine_in
32        1318 1.0000 0.9100 0.3000 0.0000
9         M:loadavg
32        1318 0.0100 0.0112 0.0040 0.0000
10        M:diskfree
35        1318 75.0000 68.2500 22.5000 0.0000
12        M:otherprocs
32        1318 4.0000 3.6400 1.2000 0.0000
11        M:rootprocs
37        1318 114.0000 102.9000 37.0000 0.0000
7         M:users
32        1318 5.0000 4.5500 1.5000 0.0000
3         MOY
15        M:entropy_avail
39        155 3652.0000 3350.2000 848.4657 0.0000
12        M:mem_cached
39        155 1312.2617 1194.4728 435.3217 0.0000
16        M:io_writtendata
31        155 0.8862 0.8774 0.2043 0.0000
11        M:io_writes
33        155 13.0000 12.6700 2.5495 0.0000
6         M:cpu3
31        155 0.9696 1.1437 0.9299 0.0000
6         M:cpu2
31        155 0.8699 0.9610 0.8088 0.0000
6         M:cpu1
31        155 0.9664 1.3754 1.6324 0.0000
6         M:cpu0
31        155 1.1938 1.4079 1.7498 0.0000
5         M:cpu
31        155 0.9999 1.2220 0.9130 0.0000
10        M:messages
38        155 597.5000 1441.8950 913.5387 0.0000
8         M:ssh_in
31        155 2.0000 1.8200 0.6000 0.0000
13        M:cfengine_in
31        155 1.0000 0.9100 0.3000 0.0000
9         M:loadavg
31        155 0.0250 0.0374 0.0507 0.0000
10        M:diskfree
34        155 80.5000 73.2550 24.2063 0.0000
12        M:otherprocs
31        155 4.0000 3.6400 1.2000 0.0000
11        M:rootprocs
36        155 111.0000 101.3250 32.3089 0.0000
7         M:users
31        155 5.0000 4.5500 1.5000 0.0000
3         PLG
374       1679666087,7ccdf5e8cb0651ffd66f8521ac3add259f2c2cf1ac0e47af83ff782d612ba250,/var/cfengine/inputs/services/cfbs/churn_local_users.cf,35918a18f3f028e3a16776f9d73c3e66ccce4a02,114,default,churn_local_users,users,bobafett,/default/churn_local_users/users/'bobafett'[4],,[],"[""Created user 'bobafett'""]",10,SHA=66aec41141537e4570d6a74066d87b0a9129cc05975edb37015fa542e617fbd4

# send QUERY complete successful
