# delta from 1679749998 to 1679750059 at 1679750059
22        CFR: 0 1679750058 1693
3         PRD
60        Packing reports: delta,0.015590,0.024306,0.025650,1679749999
3         EXS
16        f,257,1679749981
3         MOM
15        M:entropy_avail
38        1598 3780.0000 2646.0000 0.0000 0.0000
12        M:mem_cached
41        1598 2287.3984 1601.1789 1913.7748 0.0000
10        M:mem_free
39        1598 12109.1133 8476.3793 0.0000 0.0000
11        M:mem_total
40        1598 14863.5820 10404.5074 0.0000 0.0000
16        M:io_writtendata
32        1598 1.0527 0.7369 0.8808 0.0000
11        M:io_writes
35        1598 16.0000 11.2000 13.3866 0.0000
6         M:cpu3
32        1598 1.1868 0.8308 0.9930 0.0000
6         M:cpu2
32        1598 0.6863 0.4804 0.5742 0.0000
6         M:cpu1
32        1598 6.4133 4.4893 5.3658 0.0000
6         M:cpu0
32        1598 1.3470 0.9429 1.1270 0.0000
5         M:cpu
32        1598 2.4066 1.6846 2.0135 0.0000
10        M:messages
38        1598 4829.0000 3380.3000 0.0000 0.0000
8         M:ssh_in
32        1598 2.0000 1.4000 1.6733 0.0000
14        M:cfengine_out
32        1598 1.0000 0.7000 0.8367 0.0000
13        M:cfengine_in
32        1598 1.0000 0.7000 0.8367 0.0000
9         M:loadavg
32        1598 0.1400 0.0980 0.1171 0.0000
10        M:diskfree
35        1598 72.0000 50.4000 60.2395 0.0000
12        M:otherprocs
32        1598 4.0000 2.8000 3.3466 0.0000
11        M:rootprocs
37        1598 122.0000 85.4000 102.0725 0.0000
7         M:users
32        1598 5.0000 3.5000 4.1833 0.0000
3         MOY
15        M:entropy_avail
39        155 3652.0000 3350.2000 848.4657 0.0000
12        M:mem_cached
39        155 1334.7988 1211.0830 461.7662 0.0000
16        M:io_writtendata
31        155 0.3193 0.3388 0.1251 0.0000
11        M:io_writes
31        155 7.0000 6.7900 1.8724 0.0000
6         M:cpu3
31        155 0.5030 0.6454 0.9539 0.0000
6         M:cpu2
31        155 0.3231 0.4795 0.7447 0.0000
6         M:cpu1
31        155 0.5199 0.5004 0.4890 0.0000
6         M:cpu0
31        155 1.3187 1.3763 1.9682 0.0000
5         M:cpu
31        155 0.6679 0.7515 1.0018 0.0000
10        M:messages
37        155 330.0000 957.9150 581.6704 0.0000
8         M:ssh_in
31        155 2.0000 1.8200 0.6000 0.0000
13        M:cfengine_in
31        155 1.0000 0.9100 0.3000 0.0000
9         M:loadavg
31        155 0.0350 0.0350 0.0597 0.0000
10        M:diskfree
34        155 80.5000 73.2550 24.2063 0.0000
12        M:otherprocs
31        155 4.0000 3.6400 1.2000 0.0000
11        M:rootprocs
36        155 113.0000 102.8300 33.9013 0.0000
7         M:users
31        155 5.0000 4.5500 1.5000 0.0000
# send QUERY complete successful
