# delta from 1679726118 to 1679726180 at 1679726180
22        CFR: 0 1679726179 1729
3         PRD
60        Packing reports: delta,0.014651,0.021465,0.022038,1679726119
83        Sample(/proc/sys/kernel/random/entropy_avail),0.004791,0.002295,0.002288,1679726164
3         EXS
16        f,109,1679726054
3         MOM
15        M:entropy_avail
38        1519 3780.0000 2646.0000 0.0000 0.0000
12        M:mem_cached
41        1519 2177.0312 1523.9219 1821.4350 0.0000
10        M:mem_free
39        1519 12265.5469 8585.8828 0.0000 0.0000
11        M:mem_total
40        1519 14863.5820 10404.5074 0.0000 0.0000
16        M:io_writtendata
32        1519 1.2861 0.9003 1.0761 0.0000
11        M:io_writes
35        1519 16.0000 11.2000 13.3866 0.0000
6         M:cpu3
32        1519 0.3733 0.2613 0.3123 0.0000
6         M:cpu2
32        1519 1.4849 1.0394 1.2423 0.0000
6         M:cpu1
32        1519 0.8726 0.6108 0.7301 0.0000
6         M:cpu0
32        1519 0.2532 0.1772 0.2118 0.0000
5         M:cpu
32        1519 0.7445 0.5211 0.6229 0.0000
10        M:messages
38        1519 3626.0000 2538.2000 0.0000 0.0000
8         M:ssh_in
32        1519 2.0000 1.4000 1.6733 0.0000
13        M:cfengine_in
32        1519 1.0000 0.7000 0.8367 0.0000
9         M:loadavg
32        1519 0.0200 0.0140 0.0167 0.0000
10        M:diskfree
35        1519 73.0000 51.1000 61.0762 0.0000
12        M:otherprocs
32        1519 4.0000 2.8000 3.3466 0.0000
11        M:rootprocs
36        1519 108.0000 75.6000 90.3593 0.0000
7         M:users
32        1519 5.0000 3.5000 4.1833 0.0000
3         MOY
15        M:entropy_avail
39        155 3652.0000 3350.2000 848.4657 0.0000
12        M:mem_cached
39        155 1334.7988 1211.0830 461.7662 0.0000
16        M:io_writtendata
31        155 0.3193 0.3388 0.1251 0.0000
11        M:io_writes
31        155 7.0000 6.7900 1.8724 0.0000
6         M:cpu3
31        155 0.5030 0.6454 0.9539 0.0000
6         M:cpu2
31        155 0.3231 0.4795 0.7447 0.0000
6         M:cpu1
31        155 0.5199 0.5004 0.4890 0.0000
6         M:cpu0
31        155 1.3187 1.3763 1.9682 0.0000
5         M:cpu
31        155 0.6679 0.7515 1.0018 0.0000
10        M:messages
37        155 330.0000 957.9150 581.6704 0.0000
8         M:ssh_in
31        155 2.0000 1.8200 0.6000 0.0000
13        M:cfengine_in
31        155 1.0000 0.9100 0.3000 0.0000
9         M:loadavg
31        155 0.0350 0.0350 0.0597 0.0000
10        M:diskfree
34        155 80.5000 73.2550 24.2063 0.0000
12        M:otherprocs
31        155 4.0000 3.6400 1.2000 0.0000
11        M:rootprocs
36        155 113.0000 102.8300 33.9013 0.0000
7         M:users
31        155 5.0000 4.5500 1.5000 0.0000
# send QUERY complete successful
