# delta from 1679677698 to 1679677759 at 1679677759
22        CFR: 0 1679677758 1692
3         PRD
60        Packing reports: delta,0.015624,0.024410,0.025323,1679677699
3         EXS
15        f,77,1679677657
3         MOM
15        M:entropy_avail
38        1357 3780.0000 2646.0000 0.0000 0.0000
12        M:mem_cached
41        1357 2032.7461 1422.9223 1700.7174 0.0000
10        M:mem_free
39        1357 12337.3359 8636.1352 0.0000 0.0000
11        M:mem_total
40        1357 14863.5820 10404.5074 0.0000 0.0000
16        M:io_writtendata
32        1357 0.7178 0.5024 0.6005 0.0000
11        M:io_writes
34        1357 12.0000 8.4000 10.0399 0.0000
6         M:cpu3
32        1357 1.4540 1.0178 1.2165 0.0000
6         M:cpu2
32        1357 4.2447 2.9713 3.5514 0.0000
6         M:cpu1
32        1357 4.5067 3.1547 3.7705 0.0000
6         M:cpu0
32        1357 0.9802 0.6861 0.8201 0.0000
5         M:cpu
32        1357 2.7984 1.9589 2.3413 0.0000
10        M:messages
38        1357 5182.0000 3627.4000 0.0000 0.0000
8         M:ssh_in
32        1357 2.0000 1.4000 1.6733 0.0000
14        M:cfengine_out
32        1357 1.0000 0.7000 0.8367 0.0000
13        M:cfengine_in
32        1357 1.0000 0.7000 0.8367 0.0000
9         M:loadavg
32        1357 0.2500 0.1750 0.2092 0.0000
10        M:diskfree
35        1357 74.0000 51.8000 61.9128 0.0000
12        M:otherprocs
32        1357 4.0000 2.8000 3.3466 0.0000
11        M:rootprocs
37        1357 121.0000 84.7000 101.2359 0.0000
7         M:users
32        1357 5.0000 3.5000 4.1833 0.0000
3         MOY
15        M:entropy_avail
39        155 3652.0000 3350.2000 848.4657 0.0000
12        M:mem_cached
39        155 1331.8730 1210.5062 451.2640 0.0000
16        M:io_writtendata
31        155 0.5679 0.6512 0.2969 0.0000
11        M:io_writes
31        155 9.0000 9.6600 2.4166 0.0000
6         M:cpu3
31        155 0.6997 0.8405 0.9600 0.0000
6         M:cpu2
31        155 0.4731 0.7621 0.9676 0.0000
6         M:cpu1
31        155 0.9361 0.8967 0.6122 0.0000
6         M:cpu0
31        155 0.5063 1.2690 2.7596 0.0000
5         M:cpu
31        155 0.6555 0.9427 1.0087 0.0000
10        M:messages
38        155 330.0000 1123.5000 581.6704 0.0000
8         M:ssh_in
31        155 2.0000 1.8200 0.6000 0.0000
13        M:cfengine_in
31        155 1.0000 0.9100 0.3000 0.0000
9         M:loadavg
31        155 0.0100 0.0227 0.0512 0.0000
10        M:diskfree
34        155 80.5000 73.2550 24.2063 0.0000
12        M:otherprocs
31        155 4.0000 3.6400 1.2000 0.0000
11        M:rootprocs
36        155 114.0000 103.8450 33.8518 0.0000
7         M:users
31        155 5.0000 4.5500 1.5000 0.0000
# send QUERY complete successful
