# delta from 1679735598 to 1679735659 at 1679735659
22        CFR: 0 1679735658 1731
3         PRD
60        Packing reports: delta,0.025788,0.066500,0.067608,1679735599
83        Sample(/proc/sys/kernel/random/entropy_avail),0.004724,0.002232,0.002393,1679735632
3         EXS
16        f,128,1679735178
3         MOM
15        M:entropy_avail
41        1550 4036.0000 3619.0000 1162.9574 0.0000
12        M:mem_cached
40        1550 2197.5586 1999.7463 659.3742 0.0000
10        M:mem_free
40        1550 12219.7773 11124.7166 0.0000 0.0000
11        M:mem_total
40        1550 14863.5820 13525.8596 0.0000 0.0000
16        M:io_writtendata
32        1550 0.1025 0.0788 0.0681 0.0000
11        M:io_writes
32        1550 6.0000 4.6200 3.9563 0.0000
6         M:cpu3
32        1550 1.2789 0.9344 0.9646 0.0000
6         M:cpu2
32        1550 1.2598 0.9015 1.0003 0.0000
6         M:cpu1
32        1550 1.0660 0.7811 0.7980 0.0000
6         M:cpu0
32        1550 0.7925 0.5855 0.5812 0.0000
5         M:cpu
32        1550 1.0960 0.7994 0.8302 0.0000
10        M:messages
39        1550 169.0000 652.9600 1784.0780 0.0000
8         M:ssh_in
32        1550 2.0000 1.8200 0.6000 0.0000
13        M:cfengine_in
32        1550 1.0000 0.9100 0.3000 0.0000
9         M:loadavg
32        1550 0.0100 0.0070 0.0084 0.0000
10        M:diskfree
35        1550 73.0000 66.4300 21.9000 0.0000
12        M:otherprocs
32        1550 4.0000 3.6400 1.2000 0.0000
11        M:rootprocs
37        1550 111.0000 100.1700 36.1000 0.0000
7         M:users
32        1550 5.0000 4.5500 1.5000 0.0000
3         MOY
15        M:entropy_avail
39        155 3652.0000 3350.2000 848.4657 0.0000
12        M:mem_cached
39        155 1334.7988 1211.0830 461.7662 0.0000
16        M:io_writtendata
31        155 0.3193 0.3388 0.1251 0.0000
11        M:io_writes
31        155 7.0000 6.7900 1.8724 0.0000
6         M:cpu3
31        155 0.5030 0.6454 0.9539 0.0000
6         M:cpu2
31        155 0.3231 0.4795 0.7447 0.0000
6         M:cpu1
31        155 0.5199 0.5004 0.4890 0.0000
6         M:cpu0
31        155 1.3187 1.3763 1.9682 0.0000
5         M:cpu
31        155 0.6679 0.7515 1.0018 0.0000
10        M:messages
37        155 330.0000 957.9150 581.6704 0.0000
8         M:ssh_in
31        155 2.0000 1.8200 0.6000 0.0000
13        M:cfengine_in
31        155 1.0000 0.9100 0.3000 0.0000
9         M:loadavg
31        155 0.0350 0.0350 0.0597 0.0000
10        M:diskfree
34        155 80.5000 73.2550 24.2063 0.0000
12        M:otherprocs
31        155 4.0000 3.6400 1.2000 0.0000
11        M:rootprocs
36        155 113.0000 102.8300 33.9013 0.0000
7         M:users
31        155 5.0000 4.5500 1.5000 0.0000
# send QUERY complete successful
