# delta from 1679669358 to 1679669419 at 1679669419
22        CFR: 0 1679669418 2108
3         PRD
60        Packing reports: delta,0.039797,0.117681,0.084813,1679669359
83        Sample(/proc/sys/kernel/random/entropy_avail),0.004975,0.002475,0.002387,1679669366
3         EXS
15        f,96,1679668932
3         MOM
15        M:entropy_avail
40        1329 3780.0000 3439.8000 948.7725 0.0000
12        M:mem_cached
40        1329 1999.2344 1813.4020 619.4414 0.0000
10        M:mem_free
38        1329 8735.7156 8735.7156 0.0000 0.0000
11        M:mem_total
40        1329 10404.5074 10404.5074 0.0000 0.0000
16        M:io_writtendata
32        1329 0.2197 0.1618 0.1625 0.0000
11        M:io_writes
32        1329 6.0000 4.6200 3.9563 0.0000
6         M:cpu3
32        1329 0.3269 0.2442 0.2330 0.0000
6         M:cpu2
32        1329 1.7262 1.2391 1.3601 0.0000
6         M:cpu1
32        1329 1.4122 1.0193 1.0978 0.0000
6         M:cpu0
32        1329 1.6854 1.2470 1.2316 0.0000
5         M:cpu
32        1329 1.2863 0.9365 0.9789 0.0000
10        M:messages
39        1329 169.0000 652.9600 1784.0780 0.0000
8         M:ssh_in
32        1329 2.0000 1.8200 0.6000 0.0000
13        M:cfengine_in
32        1329 1.0000 0.9100 0.3000 0.0000
9         M:loadavg
32        1329 0.0100 0.0070 0.0084 0.0000
10        M:diskfree
35        1329 75.0000 68.2500 22.5000 0.0000
12        M:otherprocs
32        1329 4.0000 3.6400 1.2000 0.0000
11        M:rootprocs
37        1329 114.0000 102.6900 37.7000 0.0000
7         M:users
32        1329 5.0000 4.5500 1.5000 0.0000
3         MOY
15        M:entropy_avail
39        155 3652.0000 3350.2000 848.4657 0.0000
12        M:mem_cached
39        155 1315.7734 1198.4567 433.2226 0.0000
16        M:io_writtendata
31        155 0.7695 0.8305 0.2055 0.0000
11        M:io_writes
33        155 13.0000 12.6700 2.5495 0.0000
6         M:cpu3
31        155 1.0967 1.1038 1.2109 0.0000
6         M:cpu2
31        155 0.5861 0.7020 0.7706 0.0000
6         M:cpu1
31        155 3.5019 2.7815 3.2061 0.0000
6         M:cpu0
31        155 0.9457 1.1279 1.7377 0.0000
5         M:cpu
31        155 1.5341 1.4295 1.5096 0.0000
10        M:messages
39        155 927.0000 1573.2150 1356.1705 0.0000
8         M:ssh_in
31        155 2.0000 1.8200 0.6000 0.0000
13        M:cfengine_in
31        155 1.0000 0.9100 0.3000 0.0000
9         M:loadavg
31        155 0.0200 0.0329 0.0515 0.0000
10        M:diskfree
34        155 80.5000 73.2550 24.2063 0.0000
12        M:otherprocs
31        155 4.0000 3.6400 1.2000 0.0000
11        M:rootprocs
36        155 111.5000 102.8300 29.3820 0.0000
7         M:users
31        155 5.0000 4.5500 1.5000 0.0000
3         PLG
374       1679669361,ad252c73d4c3ae487396792116aed12668e52a7ba42d02ddf6b64cf49dcd29cb,/var/cfengine/inputs/services/cfbs/churn_local_users.cf,35918a18f3f028e3a16776f9d73c3e66ccce4a02,114,default,churn_local_users,users,bobafett,/default/churn_local_users/users/'bobafett'[4],,[],"[""Removed user 'bobafett'""]",10,SHA=66aec41141537e4570d6a74066d87b0a9129cc05975edb37015fa542e617fbd4

# send QUERY complete successful
