# delta from 1679743278 to 1679743339 at 1679743339
22        CFR: 0 1679743338 1837
3         PRD
108       CFEngine Execution (policy filename: '/var/cfengine/inputs/update.cf'),0.034234,0.338355,0.344498,1679743310
60        Packing reports: delta,0.029825,0.088954,0.088349,1679743279
83        Sample(/proc/sys/kernel/random/entropy_avail),0.004789,0.002293,0.002267,1679743297
3         EXS
16        f,127,1679743239
3         MOM
15        M:entropy_avail
38        1576 3780.0000 2646.0000 0.0000 0.0000
12        M:mem_cached
41        1576 2249.3398 1574.5379 1881.9327 0.0000
10        M:mem_free
39        1576 12187.7148 8531.4004 0.0000 0.0000
11        M:mem_total
40        1576 14863.5820 10404.5074 0.0000 0.0000
16        M:io_writtendata
32        1576 1.2695 0.8887 1.0622 0.0000
11        M:io_writes
35        1576 16.0000 11.2000 13.3866 0.0000
6         M:cpu3
32        1576 1.0531 0.7372 0.8811 0.0000
6         M:cpu2
32        1576 3.1731 2.2212 2.6548 0.0000
6         M:cpu1
32        1576 1.3658 0.9561 1.1427 0.0000
6         M:cpu0
32        1576 3.7879 2.6516 3.1692 0.0000
5         M:cpu
32        1576 2.3414 1.6390 1.9590 0.0000
10        M:messages
38        1576 4955.0000 3468.5000 0.0000 0.0000
8         M:ssh_in
32        1576 2.0000 1.4000 1.6733 0.0000
13        M:cfengine_in
32        1576 1.0000 0.7000 0.8367 0.0000
9         M:loadavg
32        1576 0.0200 0.0140 0.0167 0.0000
10        M:diskfree
35        1576 72.0000 50.4000 60.2395 0.0000
12        M:otherprocs
32        1576 4.0000 2.8000 3.3466 0.0000
11        M:rootprocs
36        1576 108.0000 75.6000 90.3593 0.0000
7         M:users
32        1576 5.0000 3.5000 4.1833 0.0000
3         MOY
15        M:entropy_avail
39        155 3652.0000 3350.2000 848.4657 0.0000
12        M:mem_cached
39        155 1334.7988 1211.0830 461.7662 0.0000
16        M:io_writtendata
31        155 0.3193 0.3388 0.1251 0.0000
11        M:io_writes
31        155 7.0000 6.7900 1.8724 0.0000
6         M:cpu3
31        155 0.5030 0.6454 0.9539 0.0000
6         M:cpu2
31        155 0.3231 0.4795 0.7447 0.0000
6         M:cpu1
31        155 0.5199 0.5004 0.4890 0.0000
6         M:cpu0
31        155 1.3187 1.3763 1.9682 0.0000
5         M:cpu
31        155 0.6679 0.7515 1.0018 0.0000
10        M:messages
37        155 330.0000 957.9150 581.6704 0.0000
8         M:ssh_in
31        155 2.0000 1.8200 0.6000 0.0000
13        M:cfengine_in
31        155 1.0000 0.9100 0.3000 0.0000
9         M:loadavg
31        155 0.0350 0.0350 0.0597 0.0000
10        M:diskfree
34        155 80.5000 73.2550 24.2063 0.0000
12        M:otherprocs
31        155 4.0000 3.6400 1.2000 0.0000
11        M:rootprocs
36        155 113.0000 102.8300 33.9013 0.0000
7         M:users
31        155 5.0000 4.5500 1.5000 0.0000
# send QUERY complete successful
