# delta from 1679724798 to 1679724859 at 1679724859
22        CFR: 0 1679724858 1730
3         PRD
60        Packing reports: delta,0.015395,0.023701,0.016670,1679724799
83        Sample(/proc/sys/kernel/random/entropy_avail),0.004734,0.002241,0.002291,1679724812
3         EXS
16        f,246,1679724597
3         MOM
15        M:entropy_avail
41        1514 4036.0000 3619.0000 1162.9574 0.0000
12        M:mem_cached
40        1514 2162.8516 1970.0595 642.6402 0.0000
10        M:mem_free
40        1514 12254.7695 11154.6203 0.0000 0.0000
11        M:mem_total
40        1514 14863.5820 13525.8596 0.0000 0.0000
16        M:io_writtendata
32        1514 0.0840 0.2064 0.4082 0.0000
11        M:io_writes
32        1514 4.0000 4.9000 3.0000 0.0000
6         M:cpu3
32        1514 0.6464 0.5519 0.3414 0.0000
6         M:cpu2
32        1514 0.5262 0.8062 0.9334 0.0000
6         M:cpu1
32        1514 1.4393 1.2131 0.7741 0.0000
6         M:cpu0
32        1514 1.6981 2.1344 1.4545 0.0000
5         M:cpu
32        1514 1.0809 1.1781 0.3242 0.0000
10        M:messages
39        1514 169.0000 982.8700 2269.7750 0.0000
8         M:ssh_in
32        1514 3.0000 2.5200 1.6223 0.0000
13        M:cfengine_in
32        1514 1.0000 0.9100 0.3000 0.0000
9         M:loadavg
32        1514 0.0700 0.0616 0.0280 0.0000
10        M:diskfree
35        1514 73.0000 66.4300 21.9000 0.0000
12        M:otherprocs
32        1514 4.0000 3.6400 1.2000 0.0000
11        M:rootprocs
36        1514 108.0000 97.8600 33.8000 0.0000
7         M:users
32        1514 5.0000 4.5500 1.5000 0.0000
3         MOY
15        M:entropy_avail
39        155 3652.0000 3350.2000 848.4657 0.0000
12        M:mem_cached
39        155 1334.7988 1211.0830 461.7662 0.0000
16        M:io_writtendata
31        155 0.3193 0.3388 0.1251 0.0000
11        M:io_writes
31        155 7.0000 6.7900 1.8724 0.0000
6         M:cpu3
31        155 0.5030 0.6454 0.9539 0.0000
6         M:cpu2
31        155 0.3231 0.4795 0.7447 0.0000
6         M:cpu1
31        155 0.5199 0.5004 0.4890 0.0000
6         M:cpu0
31        155 1.3187 1.3763 1.9682 0.0000
5         M:cpu
31        155 0.6679 0.7515 1.0018 0.0000
10        M:messages
37        155 330.0000 957.9150 581.6704 0.0000
8         M:ssh_in
31        155 2.0000 1.8200 0.6000 0.0000
13        M:cfengine_in
31        155 1.0000 0.9100 0.3000 0.0000
9         M:loadavg
31        155 0.0350 0.0350 0.0597 0.0000
10        M:diskfree
34        155 80.5000 73.2550 24.2063 0.0000
12        M:otherprocs
31        155 4.0000 3.6400 1.2000 0.0000
11        M:rootprocs
36        155 113.0000 102.8300 33.9013 0.0000
7         M:users
31        155 5.0000 4.5500 1.5000 0.0000
# send QUERY complete successful
