# delta from 1679741959 to 1679742019 at 1679742019
22        CFR: 0 1679742018 1696
3         PRD
60        Packing reports: delta,0.030451,0.092727,0.093238,1679741960
3         EXS
16        f,117,1679741904
3         MOM
15        M:entropy_avail
41        1571 4036.0000 3619.0000 1162.9574 0.0000
12        M:mem_cached
40        1571 2227.6758 2030.5376 657.1273 0.0000
10        M:mem_free
38        1571 8507.2859 8507.2859 0.0000 0.0000
11        M:mem_total
40        1571 10404.5074 10404.5074 0.0000 0.0000
16        M:io_writtendata
32        1571 1.2129 1.0842 0.4288 0.0000
11        M:io_writes
34        1571 18.0000 15.5400 8.2000 0.0000
6         M:cpu3
32        1571 2.1340 1.6661 1.3581 0.0000
6         M:cpu2
32        1571 1.4518 1.2779 0.5798 0.0000
6         M:cpu1
32        1571 1.4527 2.3132 2.8684 0.0000
6         M:cpu0
32        1571 0.8868 0.9022 0.0512 0.0000
5         M:cpu
32        1571 1.4813 1.5395 0.1939 0.0000
10        M:messages
41        1571 1306.0000 1888.1800 1623.6224 0.0000
8         M:ssh_in
32        1571 2.0000 1.8200 0.6000 0.0000
14        M:cfengine_out
32        1571 0.0000 0.2100 0.7436 0.0000
13        M:cfengine_in
32        1571 1.0000 0.9100 0.3000 0.0000
9         M:loadavg
32        1571 0.0300 0.0567 0.0890 0.0000
10        M:diskfree
35        1571 73.0000 66.2200 22.6000 0.0000
12        M:otherprocs
32        1571 4.0000 3.6400 1.2000 0.0000
11        M:rootprocs
37        1571 110.0000 101.9900 26.7000 0.0000
7         M:users
32        1571 5.0000 4.5500 1.5000 0.0000
3         MOY
15        M:entropy_avail
39        155 3652.0000 3350.2000 848.4657 0.0000
12        M:mem_cached
39        155 1334.7988 1211.0830 461.7662 0.0000
16        M:io_writtendata
31        155 0.3193 0.3388 0.1251 0.0000
11        M:io_writes
31        155 7.0000 6.7900 1.8724 0.0000
6         M:cpu3
31        155 0.5030 0.6454 0.9539 0.0000
6         M:cpu2
31        155 0.3231 0.4795 0.7447 0.0000
6         M:cpu1
31        155 0.5199 0.5004 0.4890 0.0000
6         M:cpu0
31        155 1.3187 1.3763 1.9682 0.0000
5         M:cpu
31        155 0.6679 0.7515 1.0018 0.0000
10        M:messages
37        155 330.0000 957.9150 581.6704 0.0000
8         M:ssh_in
31        155 2.0000 1.8200 0.6000 0.0000
13        M:cfengine_in
31        155 1.0000 0.9100 0.3000 0.0000
9         M:loadavg
31        155 0.0350 0.0350 0.0597 0.0000
10        M:diskfree
34        155 80.5000 73.2550 24.2063 0.0000
12        M:otherprocs
31        155 4.0000 3.6400 1.2000 0.0000
11        M:rootprocs
36        155 113.0000 102.8300 33.9013 0.0000
7         M:users
31        155 5.0000 4.5500 1.5000 0.0000
# send QUERY complete successful
