# delta from 1679699358 to 1679699419 at 1679699419
22        CFR: 0 1679699418 2812
3         PRD
60        Packing reports: delta,0.011281,0.012725,0.012644,1679699359
83        Sample(/proc/sys/kernel/random/entropy_avail),0.004809,0.002312,0.002231,1679699418
3         EXS
15        f,69,1679698974
3         MOM
15        M:entropy_avail
41        1429 4036.0000 3619.0000 1162.9574 0.0000
38        1430 3780.0000 2646.0000 0.0000 0.0000
12        M:mem_cached
40        1429 2075.1836 1890.2513 616.4410 0.0000
41        1430 2084.0859 1458.8602 1743.6714 0.0000
10        M:mem_free
38        1429 8652.2898 8652.2898 0.0000 0.0000
39        1430 12338.6055 8637.0238 0.0000 0.0000
11        M:mem_total
40        1429 10404.5074 10404.5074 0.0000 0.0000
40        1430 14863.5820 10404.5074 0.0000 0.0000
16        M:io_writtendata
32        1429 0.0312 0.1359 0.3835 0.0000
32        1430 0.5342 0.3739 0.4469 0.0000
11        M:io_writes
32        1429 2.0000 3.0800 3.6000 0.0000
32        1430 8.0000 5.6000 6.6933 0.0000
6         M:cpu3
32        1429 0.1332 0.2080 0.2494 0.0000
32        1430 0.5796 0.4057 0.4849 0.0000
6         M:cpu2
32        1429 1.2527 0.8993 0.9868 0.0000
32        1430 0.2465 0.1726 0.2063 0.0000
6         M:cpu1
32        1429 0.5729 0.4892 0.3026 0.0000
32        1430 0.8929 0.6250 0.7471 0.0000
6         M:cpu0
32        1429 1.0862 0.8149 0.7659 0.0000
32        1430 0.2733 0.1913 0.2287 0.0000
5         M:cpu
32        1429 0.7645 0.6044 0.4713 0.0000
32        1430 0.4998 0.3498 0.4181 0.0000
10        M:messages
37        1429 0.0000 647.0100 2291.1539 0.0000
38        1430 7107.0000 4974.9000 0.0000 0.0000
8         M:ssh_in
32        1429 2.0000 1.8200 0.6000 0.0000
32        1430 2.0000 1.4000 1.6733 0.0000
14        M:cfengine_out
32        1429 1.0000 0.7000 0.8367 0.0000
13        M:cfengine_in
32        1429 1.0000 0.9100 0.3000 0.0000
32        1430 1.0000 0.7000 0.8367 0.0000
9         M:loadavg
32        1429 0.0400 0.0364 0.0120 0.0000
32        1430 0.0100 0.0070 0.0084 0.0000
10        M:diskfree
35        1429 74.0000 67.3400 22.2000 0.0000
35        1430 74.0000 51.8000 61.9128 0.0000
12        M:otherprocs
32        1429 4.0000 3.6400 1.2000 0.0000
32        1430 4.0000 2.8000 3.3466 0.0000
11        M:rootprocs
37        1429 115.0000 103.8100 37.3000 0.0000
36        1430 114.0000 79.8000 95.3792 0.0000
7         M:users
32        1429 5.0000 4.5500 1.5000 0.0000
32        1430 5.0000 3.5000 4.1833 0.0000
3         MOY
15        M:entropy_avail
39        155 3652.0000 3350.2000 848.4657 0.0000
12        M:mem_cached
39        155 1334.7988 1211.0830 461.7662 0.0000
16        M:io_writtendata
31        155 0.3193 0.3388 0.1251 0.0000
11        M:io_writes
31        155 7.0000 6.7900 1.8724 0.0000
6         M:cpu3
31        155 0.5030 0.6454 0.9539 0.0000
6         M:cpu2
31        155 0.3231 0.4795 0.7447 0.0000
6         M:cpu1
31        155 0.5199 0.5004 0.4890 0.0000
6         M:cpu0
31        155 1.3187 1.3763 1.9682 0.0000
5         M:cpu
31        155 0.6679 0.7515 1.0018 0.0000
10        M:messages
37        155 330.0000 957.9150 581.6704 0.0000
8         M:ssh_in
31        155 2.0000 1.8200 0.6000 0.0000
13        M:cfengine_in
31        155 1.0000 0.9100 0.3000 0.0000
9         M:loadavg
31        155 0.0350 0.0350 0.0597 0.0000
10        M:diskfree
34        155 80.5000 73.2550 24.2063 0.0000
12        M:otherprocs
31        155 4.0000 3.6400 1.2000 0.0000
11        M:rootprocs
36        155 113.0000 102.8300 33.9013 0.0000
7         M:users
31        155 5.0000 4.5500 1.5000 0.0000
3         PLG
386       1679699374,099df3409e18fad93b89edb3338c630537071075283589121476fdc39daefb75,/var/cfengine/inputs/services/cfbs/churn_local_users.cf,35918a18f3f028e3a16776f9d73c3e66ccce4a02,114,default,churn_local_users,users,cassianandor,/default/churn_local_users/users/'cassianandor'[1],,[],"[""Created user 'cassianandor'""]",10,SHA=66aec41141537e4570d6a74066d87b0a9129cc05975edb37015fa542e617fbd4

# send QUERY complete successful
