# delta from 1679692938 to 1679692999 at 1679692999
22        CFR: 0 1679692998 2119
3         PRD
60        Packing reports: delta,0.028122,0.079084,0.080425,1679692939
83        Sample(/proc/sys/kernel/random/entropy_avail),0.006099,0.003720,0.002568,1679692957
3         EXS
16        f,102,1679692916
3         MOM
15        M:entropy_avail
41        1408 4036.0000 3619.0000 1162.9574 0.0000
12        M:mem_cached
40        1408 2054.0508 1872.5019 605.1629 0.0000
10        M:mem_free
38        1408 8630.0020 8630.0020 0.0000 0.0000
11        M:mem_total
40        1408 10404.5074 10404.5074 0.0000 0.0000
16        M:io_writtendata
32        1408 1.1143 1.1616 0.1579 0.0000
11        M:io_writes
34        1408 16.0000 15.8200 0.6000 0.0000
6         M:cpu3
32        1408 1.3069 1.2607 0.1540 0.0000
6         M:cpu2
32        1408 1.0662 1.6283 1.8734 0.0000
6         M:cpu1
32        1408 3.0854 2.8009 0.9484 0.0000
6         M:cpu0
32        1408 1.5732 1.2805 0.9052 0.0000
5         M:cpu
32        1408 1.7580 1.7430 0.0499 0.0000
10        M:messages
41        1408 1742.0000 2234.7500 1374.2141 0.0000
8         M:ssh_in
32        1408 2.0000 1.8200 0.6000 0.0000
13        M:cfengine_in
32        1408 2.0000 1.6100 1.1803 0.0000
9         M:loadavg
32        1408 0.0800 0.0665 0.0441 0.0000
10        M:diskfree
35        1408 74.0000 67.3400 22.2000 0.0000
12        M:otherprocs
32        1408 4.0000 3.6400 1.2000 0.0000
11        M:rootprocs
37        1408 111.0000 102.6900 27.7000 0.0000
7         M:users
32        1408 5.0000 4.5500 1.5000 0.0000
3         MOY
15        M:entropy_avail
39        155 3652.0000 3350.2000 848.4657 0.0000
12        M:mem_cached
39        155 1334.7988 1211.0830 461.7662 0.0000
16        M:io_writtendata
31        155 0.3193 0.3388 0.1251 0.0000
11        M:io_writes
31        155 7.0000 6.7900 1.8724 0.0000
6         M:cpu3
31        155 0.5030 0.6454 0.9539 0.0000
6         M:cpu2
31        155 0.3231 0.4795 0.7447 0.0000
6         M:cpu1
31        155 0.5199 0.5004 0.4890 0.0000
6         M:cpu0
31        155 1.3187 1.3763 1.9682 0.0000
5         M:cpu
31        155 0.6679 0.7515 1.0018 0.0000
10        M:messages
37        155 330.0000 957.9150 581.6704 0.0000
8         M:ssh_in
31        155 2.0000 1.8200 0.6000 0.0000
13        M:cfengine_in
31        155 1.0000 0.9100 0.3000 0.0000
9         M:loadavg
31        155 0.0350 0.0350 0.0597 0.0000
10        M:diskfree
34        155 80.5000 73.2550 24.2063 0.0000
12        M:otherprocs
31        155 4.0000 3.6400 1.2000 0.0000
11        M:rootprocs
36        155 113.0000 102.8300 33.9013 0.0000
7         M:users
31        155 5.0000 4.5500 1.5000 0.0000
3         PLG
383       1679692958,030af61435314cad426651482c8a49015b483aa4ab0b32a0f6f4f6829dbfe915,/var/cfengine/inputs/services/cfbs/churn_local_users.cf,35918a18f3f028e3a16776f9d73c3e66ccce4a02,114,default,churn_local_users,users,jarjarbinks,/default/churn_local_users/users/'jarjarbinks'[2],,[],"[""Removed user 'jarjarbinks'""]",10,SHA=66aec41141537e4570d6a74066d87b0a9129cc05975edb37015fa542e617fbd4

# send QUERY complete successful
