# delta from 1679756363 to 1679756424 at 1679756424
22        CFR: 0 1679756423 1777
3         PRD
60        Packing reports: delta,0.020749,0.043051,0.042661,1679756364
83        Sample(/proc/sys/kernel/random/entropy_avail),0.004986,0.002486,0.002443,1679756371
3         EXS
16        f,112,1679756002
3         MOM
15        M:entropy_avail
41        1619 4036.0000 3619.0000 1162.9574 0.0000
12        M:mem_cached
40        1619 2281.5156 2074.3105 690.6836 0.0000
10        M:mem_free
40        1619 12131.6992 11041.8921 0.0000 0.0000
11        M:mem_total
40        1619 14863.5820 13525.8596 0.0000 0.0000
16        M:io_writtendata
32        1619 0.0830 0.0655 0.0514 0.0000
11        M:io_writes
32        1619 4.0000 3.2200 2.3605 0.0000
6         M:cpu3
32        1619 0.1932 0.3761 0.6095 0.0000
6         M:cpu2
32        1619 0.4596 0.4350 0.0820 0.0000
6         M:cpu1
32        1619 0.2265 0.3669 0.4680 0.0000
6         M:cpu0
32        1619 0.9129 0.7523 0.5116 0.0000
5         M:cpu
32        1619 0.4513 0.4841 0.1093 0.0000
10        M:messages
39        1619 169.0000 652.9600 1784.0780 0.0000
8         M:ssh_in
32        1619 2.0000 1.8200 0.6000 0.0000
14        M:cfengine_out
32        1619 0.0000 0.2100 0.7436 0.0000
13        M:cfengine_in
32        1619 1.0000 0.9100 0.3000 0.0000
9         M:loadavg
32        1619 0.0500 0.0350 0.0418 0.0000
10        M:diskfree
35        1619 72.0000 65.5200 21.6000 0.0000
12        M:otherprocs
32        1619 4.0000 3.6400 1.2000 0.0000
11        M:rootprocs
37        1619 112.0000 102.1300 32.9000 0.0000
7         M:users
32        1619 5.0000 4.5500 1.5000 0.0000
3         MOY
15        M:entropy_avail
39        155 3652.0000 3350.2000 848.4657 0.0000
12        M:mem_cached
39        155 1334.7988 1211.0830 461.7662 0.0000
16        M:io_writtendata
31        155 0.3193 0.3388 0.1251 0.0000
11        M:io_writes
31        155 7.0000 6.7900 1.8724 0.0000
6         M:cpu3
31        155 0.5030 0.6454 0.9539 0.0000
6         M:cpu2
31        155 0.3231 0.4795 0.7447 0.0000
6         M:cpu1
31        155 0.5199 0.5004 0.4890 0.0000
6         M:cpu0
31        155 1.3187 1.3763 1.9682 0.0000
5         M:cpu
31        155 0.6679 0.7515 1.0018 0.0000
10        M:messages
37        155 330.0000 957.9150 581.6704 0.0000
8         M:ssh_in
31        155 2.0000 1.8200 0.6000 0.0000
13        M:cfengine_in
31        155 1.0000 0.9100 0.3000 0.0000
9         M:loadavg
31        155 0.0350 0.0350 0.0597 0.0000
10        M:diskfree
34        155 80.5000 73.2550 24.2063 0.0000
12        M:otherprocs
31        155 4.0000 3.6400 1.2000 0.0000
11        M:rootprocs
36        155 113.0000 102.8300 33.9013 0.0000
7         M:users
31        155 5.0000 4.5500 1.5000 0.0000
# send QUERY complete successful
