# delta from 1679748978 to 1679749039 at 1679749039
22        CFR: 0 1679749038 1837
3         PRD
108       CFEngine Execution (policy filename: '/var/cfengine/inputs/update.cf'),0.048587,0.337754,0.340531,1679749018
60        Packing reports: delta,0.013206,0.017441,0.022467,1679748979
83        Sample(/proc/sys/kernel/random/entropy_avail),0.004966,0.002466,0.002260,1679749007
3         EXS
16        f,107,1679748976
3         MOM
15        M:entropy_avail
38        1595 3780.0000 2646.0000 0.0000 0.0000
12        M:mem_cached
41        1595 2257.2617 1580.0832 1888.5606 0.0000
10        M:mem_free
39        1595 12204.0156 8542.8109 0.0000 0.0000
11        M:mem_total
40        1595 14863.5820 10404.5074 0.0000 0.0000
16        M:io_writtendata
32        1595 1.6865 1.1806 1.4110 0.0000
11        M:io_writes
35        1595 22.0000 15.4000 18.4065 0.0000
6         M:cpu3
32        1595 2.3468 1.6428 1.9635 0.0000
6         M:cpu2
32        1595 1.4254 0.9978 1.1926 0.0000
6         M:cpu1
32        1595 3.2922 2.3046 2.7545 0.0000
6         M:cpu0
32        1595 3.3280 2.3296 2.7844 0.0000
5         M:cpu
32        1595 2.6011 1.8208 2.1762 0.0000
10        M:messages
38        1595 4722.0000 3305.4000 0.0000 0.0000
8         M:ssh_in
32        1595 2.0000 1.4000 1.6733 0.0000
13        M:cfengine_in
32        1595 1.0000 0.7000 0.8367 0.0000
9         M:loadavg
32        1595 0.0900 0.0630 0.0753 0.0000
10        M:diskfree
35        1595 72.0000 50.4000 60.2395 0.0000
12        M:otherprocs
32        1595 4.0000 2.8000 3.3466 0.0000
11        M:rootprocs
36        1595 105.0000 73.5000 87.8493 0.0000
7         M:users
32        1595 5.0000 3.5000 4.1833 0.0000
3         MOY
15        M:entropy_avail
39        155 3652.0000 3350.2000 848.4657 0.0000
12        M:mem_cached
39        155 1334.7988 1211.0830 461.7662 0.0000
16        M:io_writtendata
31        155 0.3193 0.3388 0.1251 0.0000
11        M:io_writes
31        155 7.0000 6.7900 1.8724 0.0000
6         M:cpu3
31        155 0.5030 0.6454 0.9539 0.0000
6         M:cpu2
31        155 0.3231 0.4795 0.7447 0.0000
6         M:cpu1
31        155 0.5199 0.5004 0.4890 0.0000
6         M:cpu0
31        155 1.3187 1.3763 1.9682 0.0000
5         M:cpu
31        155 0.6679 0.7515 1.0018 0.0000
10        M:messages
37        155 330.0000 957.9150 581.6704 0.0000
8         M:ssh_in
31        155 2.0000 1.8200 0.6000 0.0000
13        M:cfengine_in
31        155 1.0000 0.9100 0.3000 0.0000
9         M:loadavg
31        155 0.0350 0.0350 0.0597 0.0000
10        M:diskfree
34        155 80.5000 73.2550 24.2063 0.0000
12        M:otherprocs
31        155 4.0000 3.6400 1.2000 0.0000
11        M:rootprocs
36        155 113.0000 102.8300 33.9013 0.0000
7         M:users
31        155 5.0000 4.5500 1.5000 0.0000
# send QUERY complete successful
