# delta from 1679699058 to 1679699119 at 1679699119
22        CFR: 0 1679699118 2386
3         PRD
60        Packing reports: delta,0.011641,0.013550,0.012270,1679699059
83        Sample(/proc/sys/kernel/random/entropy_avail),0.004862,0.002364,0.002410,1679699117
3         EXS
15        f,69,1679698974
3         MOM
15        M:entropy_avail
41        1428 4036.0000 3619.0000 1162.9574 0.0000
38        1429 3780.0000 2646.0000 0.0000 0.0000
12        M:mem_cached
40        1428 2083.0430 1902.5943 601.4957 0.0000
41        1429 2083.9180 1458.7426 1743.5309 0.0000
10        M:mem_free
40        1428 12335.1133 11213.2809 0.0000 0.0000
39        1429 12360.4141 8652.2898 0.0000 0.0000
11        M:mem_total
40        1428 14863.5820 13525.8596 0.0000 0.0000
40        1429 14863.5820 10404.5074 0.0000 0.0000
16        M:io_writtendata
32        1428 0.9883 1.0542 0.2196 0.0000
32        1429 0.5430 0.3801 0.4543 0.0000
11        M:io_writes
34        1428 16.0000 15.4000 2.0000 0.0000
32        1429 8.0000 5.6000 6.6933 0.0000
6         M:cpu3
32        1428 1.4667 1.0785 1.0885 0.0000
32        1429 0.5466 0.3826 0.4573 0.0000
6         M:cpu2
32        1428 2.7657 2.0270 2.0699 0.0000
32        1429 0.1066 0.0746 0.0892 0.0000
6         M:cpu1
32        1428 6.6507 4.7114 5.4096 0.0000
32        1429 0.4196 0.2937 0.3510 0.0000
6         M:cpu0
32        1428 2.2946 1.6748 1.7350 0.0000
32        1429 0.2598 0.1819 0.2174 0.0000
5         M:cpu
32        1428 3.2939 2.3729 2.5727 0.0000
32        1429 0.3298 0.2309 0.2760 0.0000
10        M:messages
39        1428 2618.0000 2631.6500 38.0680 0.0000
41        1429 3081.0000 2156.7000 2577.7495 0.0000
8         M:ssh_in
32        1428 2.0000 1.8200 0.6000 0.0000
32        1429 2.0000 1.4000 1.6733 0.0000
13        M:cfengine_in
32        1428 1.0000 0.9100 0.3000 0.0000
32        1429 1.0000 0.7000 0.8367 0.0000
9         M:loadavg
32        1428 0.2300 0.1631 0.1866 0.0000
32        1429 0.0400 0.0280 0.0335 0.0000
10        M:diskfree
35        1428 74.0000 67.3400 22.2000 0.0000
35        1429 74.0000 51.8000 61.9128 0.0000
12        M:otherprocs
32        1428 4.0000 3.6400 1.2000 0.0000
32        1429 4.0000 2.8000 3.3466 0.0000
11        M:rootprocs
37        1428 112.0000 103.6000 28.0000 0.0000
36        1429 111.0000 77.7000 92.8693 0.0000
7         M:users
32        1428 5.0000 4.5500 1.5000 0.0000
32        1429 5.0000 3.5000 4.1833 0.0000
3         MOY
15        M:entropy_avail
39        155 3652.0000 3350.2000 848.4657 0.0000
12        M:mem_cached
39        155 1334.7988 1211.0830 461.7662 0.0000
16        M:io_writtendata
31        155 0.3193 0.3388 0.1251 0.0000
11        M:io_writes
31        155 7.0000 6.7900 1.8724 0.0000
6         M:cpu3
31        155 0.5030 0.6454 0.9539 0.0000
6         M:cpu2
31        155 0.3231 0.4795 0.7447 0.0000
6         M:cpu1
31        155 0.5199 0.5004 0.4890 0.0000
6         M:cpu0
31        155 1.3187 1.3763 1.9682 0.0000
5         M:cpu
31        155 0.6679 0.7515 1.0018 0.0000
10        M:messages
37        155 330.0000 957.9150 581.6704 0.0000
8         M:ssh_in
31        155 2.0000 1.8200 0.6000 0.0000
13        M:cfengine_in
31        155 1.0000 0.9100 0.3000 0.0000
9         M:loadavg
31        155 0.0350 0.0350 0.0597 0.0000
10        M:diskfree
34        155 80.5000 73.2550 24.2063 0.0000
12        M:otherprocs
31        155 4.0000 3.6400 1.2000 0.0000
11        M:rootprocs
36        155 113.0000 102.8300 33.9013 0.0000
7         M:users
31        155 5.0000 4.5500 1.5000 0.0000
# send QUERY complete successful
