# delta from 1679731098 to 1679731159 at 1679731159
22        CFR: 0 1679731158 1734
3         PRD
60        Packing reports: delta,0.019915,0.039661,0.040678,1679731099
83        Sample(/proc/sys/kernel/random/entropy_avail),0.004860,0.002362,0.002448,1679731123
3         EXS
16        f,323,1679731096
3         MOM
15        M:entropy_avail
41        1535 4036.0000 3619.0000 1162.9574 0.0000
12        M:mem_cached
40        1535 2214.6016 2012.7445 672.8570 0.0000
10        M:mem_free
40        1535 12201.1914 11105.7633 0.0000 0.0000
11        M:mem_total
40        1535 14863.5820 13525.8596 0.0000 0.0000
16        M:io_writtendata
32        1535 1.5234 1.1751 1.0000 0.0000
11        M:io_writes
35        1535 20.0000 15.6800 12.5933 0.0000
6         M:cpu3
32        1535 2.0395 1.5158 1.4729 0.0000
6         M:cpu2
32        1535 2.2055 1.5970 1.7009 0.0000
6         M:cpu1
32        1535 4.9650 3.5538 3.9393 0.0000
6         M:cpu0
32        1535 3.0681 2.1896 2.4516 0.0000
5         M:cpu
32        1535 3.0695 2.2137 2.3909 0.0000
10        M:messages
39        1535 1736.0000 1749.8600 46.2000 0.0000
8         M:ssh_in
32        1535 2.0000 1.8200 0.6000 0.0000
13        M:cfengine_in
32        1535 1.0000 0.9100 0.3000 0.0000
9         M:loadavg
32        1535 0.1800 0.1302 0.1392 0.0000
10        M:diskfree
35        1535 73.0000 66.4300 21.9000 0.0000
12        M:otherprocs
32        1535 4.0000 3.6400 1.2000 0.0000
11        M:rootprocs
37        1535 113.0000 102.4100 35.3000 0.0000
7         M:users
32        1535 5.0000 4.5500 1.5000 0.0000
3         MOY
15        M:entropy_avail
39        155 3652.0000 3350.2000 848.4657 0.0000
12        M:mem_cached
39        155 1334.7988 1211.0830 461.7662 0.0000
16        M:io_writtendata
31        155 0.3193 0.3388 0.1251 0.0000
11        M:io_writes
31        155 7.0000 6.7900 1.8724 0.0000
6         M:cpu3
31        155 0.5030 0.6454 0.9539 0.0000
6         M:cpu2
31        155 0.3231 0.4795 0.7447 0.0000
6         M:cpu1
31        155 0.5199 0.5004 0.4890 0.0000
6         M:cpu0
31        155 1.3187 1.3763 1.9682 0.0000
5         M:cpu
31        155 0.6679 0.7515 1.0018 0.0000
10        M:messages
37        155 330.0000 957.9150 581.6704 0.0000
8         M:ssh_in
31        155 2.0000 1.8200 0.6000 0.0000
13        M:cfengine_in
31        155 1.0000 0.9100 0.3000 0.0000
9         M:loadavg
31        155 0.0350 0.0350 0.0597 0.0000
10        M:diskfree
34        155 80.5000 73.2550 24.2063 0.0000
12        M:otherprocs
31        155 4.0000 3.6400 1.2000 0.0000
11        M:rootprocs
36        155 113.0000 102.8300 33.9013 0.0000
7         M:users
31        155 5.0000 4.5500 1.5000 0.0000
# send QUERY complete successful
