# delta from 1679695278 to 1679695339 at 1679695339
22        CFR: 0 1679695338 1714
3         PRD
108       CFEngine Execution (policy filename: '/var/cfengine/inputs/update.cf'),0.057674,0.332625,0.325758,1679695286
60        Packing reports: delta,0.029740,0.088447,0.090288,1679695279
3         EXS
16        f,130,1679695279
3         MOM
15        M:entropy_avail
38        1416 3780.0000 2646.0000 0.0000 0.0000
12        M:mem_cached
41        1416 2101.7227 1471.2059 1758.4273 0.0000
10        M:mem_free
39        1416 12294.1836 8605.9285 0.0000 0.0000
11        M:mem_total
40        1416 14863.5820 10404.5074 0.0000 0.0000
16        M:io_writtendata
32        1416 1.1748 0.8224 0.9829 0.0000
11        M:io_writes
35        1416 16.0000 11.2000 13.3866 0.0000
6         M:cpu3
32        1416 0.5936 0.4155 0.4967 0.0000
6         M:cpu2
32        1416 0.4331 0.3032 0.3624 0.0000
6         M:cpu1
32        1416 1.1591 0.8114 0.9698 0.0000
6         M:cpu0
32        1416 0.5533 0.3873 0.4629 0.0000
5         M:cpu
32        1416 0.6832 0.4782 0.5716 0.0000
10        M:messages
38        1416 3690.0000 2583.0000 0.0000 0.0000
8         M:ssh_in
32        1416 2.0000 1.4000 1.6733 0.0000
13        M:cfengine_in
32        1416 1.0000 0.7000 0.8367 0.0000
10        M:diskfree
35        1416 74.0000 51.8000 61.9128 0.0000
12        M:otherprocs
32        1416 4.0000 2.8000 3.3466 0.0000
11        M:rootprocs
37        1416 121.0000 84.7000 101.2359 0.0000
7         M:users
32        1416 5.0000 3.5000 4.1833 0.0000
3         MOY
15        M:entropy_avail
39        155 3652.0000 3350.2000 848.4657 0.0000
12        M:mem_cached
39        155 1334.7988 1211.0830 461.7662 0.0000
16        M:io_writtendata
31        155 0.3193 0.3388 0.1251 0.0000
11        M:io_writes
31        155 7.0000 6.7900 1.8724 0.0000
6         M:cpu3
31        155 0.5030 0.6454 0.9539 0.0000
6         M:cpu2
31        155 0.3231 0.4795 0.7447 0.0000
6         M:cpu1
31        155 0.5199 0.5004 0.4890 0.0000
6         M:cpu0
31        155 1.3187 1.3763 1.9682 0.0000
5         M:cpu
31        155 0.6679 0.7515 1.0018 0.0000
10        M:messages
37        155 330.0000 957.9150 581.6704 0.0000
8         M:ssh_in
31        155 2.0000 1.8200 0.6000 0.0000
13        M:cfengine_in
31        155 1.0000 0.9100 0.3000 0.0000
9         M:loadavg
31        155 0.0350 0.0350 0.0597 0.0000
10        M:diskfree
34        155 80.5000 73.2550 24.2063 0.0000
12        M:otherprocs
31        155 4.0000 3.6400 1.2000 0.0000
11        M:rootprocs
36        155 113.0000 102.8300 33.9013 0.0000
7         M:users
31        155 5.0000 4.5500 1.5000 0.0000
# send QUERY complete successful
