# delta from 1679719999 to 1679720059 at 1679720059
22        CFR: 0 1679720058 2100
3         PRD
60        Packing reports: delta,0.029833,0.089001,0.089989,1679720000
83        Sample(/proc/sys/kernel/random/entropy_avail),0.004755,0.002261,0.002251,1679720003
3         EXS
16        f,135,1679719335
3         MOM
15        M:entropy_avail
41        1498 4036.0000 3619.0000 1162.9574 0.0000
12        M:mem_cached
40        1498 2204.6094 2001.0643 678.4836 0.0000
10        M:mem_free
40        1498 12189.1094 11102.3951 0.0000 0.0000
11        M:mem_total
40        1498 14863.5820 13525.8596 0.0000 0.0000
16        M:io_writtendata
32        1498 0.8359 0.6953 0.4600 0.0000
11        M:io_writes
34        1498 12.0000 10.0800 6.4894 0.0000
6         M:cpu3
32        1498 0.7400 0.5866 0.4533 0.0000
6         M:cpu2
32        1498 0.9728 0.7342 0.6756 0.0000
6         M:cpu1
32        1498 2.1787 1.6188 1.5748 0.0000
6         M:cpu0
32        1498 1.1470 0.8798 0.7637 0.0000
5         M:cpu
32        1498 1.2597 0.9549 0.8649 0.0000
10        M:messages
39        1498 169.0000 652.9600 1784.0780 0.0000
8         M:ssh_in
33        1498 2.0000 5.1800 10.6000 0.0000
13        M:cfengine_in
32        1498 1.0000 0.9100 0.3000 0.0000
9         M:loadavg
32        1498 0.0400 0.0280 0.0335 0.0000
10        M:diskfree
35        1498 73.0000 66.4300 21.9000 0.0000
12        M:otherprocs
32        1498 4.0000 3.6400 1.2000 0.0000
11        M:rootprocs
37        1498 115.0000 103.8100 37.3000 0.0000
7         M:users
32        1498 5.0000 4.5500 1.5000 0.0000
3         MOY
15        M:entropy_avail
39        155 3652.0000 3350.2000 848.4657 0.0000
12        M:mem_cached
39        155 1334.7988 1211.0830 461.7662 0.0000
16        M:io_writtendata
31        155 0.3193 0.3388 0.1251 0.0000
11        M:io_writes
31        155 7.0000 6.7900 1.8724 0.0000
6         M:cpu3
31        155 0.5030 0.6454 0.9539 0.0000
6         M:cpu2
31        155 0.3231 0.4795 0.7447 0.0000
6         M:cpu1
31        155 0.5199 0.5004 0.4890 0.0000
6         M:cpu0
31        155 1.3187 1.3763 1.9682 0.0000
5         M:cpu
31        155 0.6679 0.7515 1.0018 0.0000
10        M:messages
37        155 330.0000 957.9150 581.6704 0.0000
8         M:ssh_in
31        155 2.0000 1.8200 0.6000 0.0000
13        M:cfengine_in
31        155 1.0000 0.9100 0.3000 0.0000
9         M:loadavg
31        155 0.0350 0.0350 0.0597 0.0000
10        M:diskfree
34        155 80.5000 73.2550 24.2063 0.0000
12        M:otherprocs
31        155 4.0000 3.6400 1.2000 0.0000
11        M:rootprocs
36        155 113.0000 102.8300 33.9013 0.0000
7         M:users
31        155 5.0000 4.5500 1.5000 0.0000
3         PLG
363       1679720020,369729ef797e65207cc29c1cf07f54d4a76677334810dd2800afa496927bb5e0,/var/cfengine/inputs/services/cfbs/churn_local_users.cf,35918a18f3f028e3a16776f9d73c3e66ccce4a02,114,default,churn_local_users,users,c3po,/default/churn_local_users/users/'c3po'[13],,[],"[""Removed user 'c3po'""]",10,SHA=66aec41141537e4570d6a74066d87b0a9129cc05975edb37015fa542e617fbd4

# send QUERY complete successful
