# delta from 1679728758 to 1679728819 at 1679728819
22        CFR: 0 1679728818 1651
3         PRD
60        Packing reports: delta,0.017607,0.031002,0.031608,1679728759
3         EXS
16        f,332,1679728598
3         MOM
15        M:entropy_avail
41        1527 4036.0000 3619.0000 1162.9574 0.0000
12        M:mem_cached
40        1527 2194.6445 2001.0698 645.2492 0.0000
10        M:mem_free
40        1527 12223.4727 11118.3431 0.0000 0.0000
11        M:mem_total
40        1527 14863.5820 13525.8596 0.0000 0.0000
16        M:io_writtendata
32        1527 0.7363 0.6957 0.1354 0.0000
11        M:io_writes
34        1527 12.0000 10.9200 3.6000 0.0000
6         M:cpu3
32        1527 1.5132 1.1111 1.1273 0.0000
6         M:cpu2
32        1527 3.4724 2.5048 2.7034 0.0000
6         M:cpu1
32        1527 3.4104 2.4949 2.5638 0.0000
6         M:cpu0
32        1527 3.2473 2.3557 2.4931 0.0000
5         M:cpu
32        1527 2.9126 2.1171 2.2249 0.0000
10        M:messages
40        1527 1258.0000 1516.4800 861.6000 0.0000
8         M:ssh_in
32        1527 2.0000 1.8200 0.6000 0.0000
13        M:cfengine_in
32        1527 1.0000 0.9100 0.3000 0.0000
9         M:loadavg
32        1527 0.0600 0.0420 0.0502 0.0000
10        M:diskfree
35        1527 73.0000 66.4300 21.9000 0.0000
12        M:otherprocs
32        1527 4.0000 3.6400 1.2000 0.0000
11        M:rootprocs
37        1527 112.0000 102.3400 32.2000 0.0000
7         M:users
32        1527 5.0000 4.5500 1.5000 0.0000
3         MOY
15        M:entropy_avail
39        155 3652.0000 3350.2000 848.4657 0.0000
12        M:mem_cached
39        155 1334.7988 1211.0830 461.7662 0.0000
16        M:io_writtendata
31        155 0.3193 0.3388 0.1251 0.0000
11        M:io_writes
31        155 7.0000 6.7900 1.8724 0.0000
6         M:cpu3
31        155 0.5030 0.6454 0.9539 0.0000
6         M:cpu2
31        155 0.3231 0.4795 0.7447 0.0000
6         M:cpu1
31        155 0.5199 0.5004 0.4890 0.0000
6         M:cpu0
31        155 1.3187 1.3763 1.9682 0.0000
5         M:cpu
31        155 0.6679 0.7515 1.0018 0.0000
10        M:messages
37        155 330.0000 957.9150 581.6704 0.0000
8         M:ssh_in
31        155 2.0000 1.8200 0.6000 0.0000
13        M:cfengine_in
31        155 1.0000 0.9100 0.3000 0.0000
9         M:loadavg
31        155 0.0350 0.0350 0.0597 0.0000
10        M:diskfree
34        155 80.5000 73.2550 24.2063 0.0000
12        M:otherprocs
31        155 4.0000 3.6400 1.2000 0.0000
11        M:rootprocs
36        155 113.0000 102.8300 33.9013 0.0000
7         M:users
31        155 5.0000 4.5500 1.5000 0.0000
# send QUERY complete successful
