# delta from 1679675658 to 1679675720 at 1679675720
22        CFR: 0 1679675719 2169
3         PRD
60        Packing reports: delta,0.012821,0.016438,0.017219,1679675659
83        Sample(/proc/sys/kernel/random/entropy_avail),0.004860,0.002362,0.002295,1679675677
3         EXS
16        f,241,1679675597
3         MOM
15        M:entropy_avail
40        1350 3780.0000 3439.8000 948.7725 0.0000
12        M:mem_cached
40        1350 2027.7305 1843.1905 615.1332 0.0000
10        M:mem_free
40        1350 12401.7344 11284.5430 0.0000 0.0000
11        M:mem_total
40        1350 14863.5820 13525.8596 0.0000 0.0000
16        M:io_writtendata
32        1350 1.1523 0.9992 0.5104 0.0000
11        M:io_writes
34        1350 14.0000 12.3200 5.6000 0.0000
6         M:cpu3
32        1350 1.6138 1.2276 1.0979 0.0000
6         M:cpu2
32        1350 2.3315 1.6964 1.7767 0.0000
6         M:cpu1
32        1350 0.7064 0.5994 0.3762 0.0000
6         M:cpu0
32        1350 1.0601 0.8583 0.6174 0.0000
5         M:cpu
32        1350 1.4265 1.0940 0.9502 0.0000
10        M:messages
40        1350 1484.0000 1573.4600 298.2000 0.0000
8         M:ssh_in
32        1350 3.0000 2.5200 1.6223 0.0000
14        M:cfengine_out
32        1350 0.0000 0.2100 0.7436 0.0000
13        M:cfengine_in
32        1350 1.0000 0.9100 0.3000 0.0000
9         M:loadavg
32        1350 0.0100 0.0070 0.0084 0.0000
10        M:diskfree
35        1350 74.0000 67.5500 21.5000 0.0000
12        M:otherprocs
32        1350 4.0000 3.6400 1.2000 0.0000
11        M:rootprocs
37        1350 113.0000 103.6700 31.1000 0.0000
7         M:users
32        1350 5.0000 4.5500 1.5000 0.0000
3         MOY
15        M:entropy_avail
39        155 3652.0000 3350.2000 848.4657 0.0000
12        M:mem_cached
39        155 1331.8730 1210.5062 451.2640 0.0000
16        M:io_writtendata
31        155 0.5679 0.6512 0.2969 0.0000
11        M:io_writes
31        155 9.0000 9.6600 2.4166 0.0000
6         M:cpu3
31        155 0.6997 0.8405 0.9600 0.0000
6         M:cpu2
31        155 0.4731 0.7621 0.9676 0.0000
6         M:cpu1
31        155 0.9361 0.8967 0.6122 0.0000
6         M:cpu0
31        155 0.5063 1.2690 2.7596 0.0000
5         M:cpu
31        155 0.6555 0.9427 1.0087 0.0000
10        M:messages
38        155 330.0000 1123.5000 581.6704 0.0000
8         M:ssh_in
31        155 2.0000 1.8200 0.6000 0.0000
13        M:cfengine_in
31        155 1.0000 0.9100 0.3000 0.0000
9         M:loadavg
31        155 0.0100 0.0227 0.0512 0.0000
10        M:diskfree
34        155 80.5000 73.2550 24.2063 0.0000
12        M:otherprocs
31        155 4.0000 3.6400 1.2000 0.0000
11        M:rootprocs
36        155 114.0000 103.8450 33.8518 0.0000
7         M:users
31        155 5.0000 4.5500 1.5000 0.0000
3         PLG
386       1679675667,099df3409e18fad93b89edb3338c630537071075283589121476fdc39daefb75,/var/cfengine/inputs/services/cfbs/churn_local_users.cf,35918a18f3f028e3a16776f9d73c3e66ccce4a02,114,default,churn_local_users,users,cassianandor,/default/churn_local_users/users/'cassianandor'[1],,[],"[""Created user 'cassianandor'""]",10,SHA=66aec41141537e4570d6a74066d87b0a9129cc05975edb37015fa542e617fbd4

# send QUERY complete successful
