# delta from 1679706978 to 1679707039 at 1679707039
22        CFR: 0 1679707038 2090
3         PRD
108       CFEngine Execution (policy filename: '/var/cfengine/inputs/update.cf'),0.034471,0.334517,0.332937,1679707019
60        Packing reports: delta,0.020342,0.041378,0.041583,1679706979
3         EXS
16        f,207,1679706701
3         MOM
15        M:entropy_avail
38        1455 3780.0000 2646.0000 0.0000 0.0000
12        M:mem_cached
41        1455 2115.3867 1480.7707 1769.8595 0.0000
10        M:mem_free
39        1455 12306.9961 8614.8973 0.0000 0.0000
11        M:mem_total
40        1455 14863.5820 10404.5074 0.0000 0.0000
16        M:io_writtendata
32        1455 0.5322 0.3726 0.4453 0.0000
11        M:io_writes
32        1455 8.0000 5.6000 6.6933 0.0000
6         M:cpu3
32        1455 0.1133 0.0793 0.0948 0.0000
6         M:cpu2
32        1455 0.2930 0.2051 0.2452 0.0000
6         M:cpu1
32        1455 0.2265 0.1586 0.1895 0.0000
6         M:cpu0
32        1455 0.1133 0.0793 0.0948 0.0000
5         M:cpu
32        1455 0.1866 0.1306 0.1561 0.0000
10        M:messages
41        1455 2546.0000 1782.2000 2130.1364 0.0000
8         M:ssh_in
32        1455 2.0000 1.4000 1.6733 0.0000
13        M:cfengine_in
32        1455 1.0000 0.7000 0.8367 0.0000
10        M:diskfree
35        1455 74.0000 51.8000 61.9128 0.0000
12        M:otherprocs
32        1455 4.0000 2.8000 3.3466 0.0000
11        M:rootprocs
36        1455 114.0000 79.8000 95.3792 0.0000
7         M:users
32        1455 5.0000 3.5000 4.1833 0.0000
3         MOY
15        M:entropy_avail
39        155 3652.0000 3350.2000 848.4657 0.0000
12        M:mem_cached
39        155 1334.7988 1211.0830 461.7662 0.0000
16        M:io_writtendata
31        155 0.3193 0.3388 0.1251 0.0000
11        M:io_writes
31        155 7.0000 6.7900 1.8724 0.0000
6         M:cpu3
31        155 0.5030 0.6454 0.9539 0.0000
6         M:cpu2
31        155 0.3231 0.4795 0.7447 0.0000
6         M:cpu1
31        155 0.5199 0.5004 0.4890 0.0000
6         M:cpu0
31        155 1.3187 1.3763 1.9682 0.0000
5         M:cpu
31        155 0.6679 0.7515 1.0018 0.0000
10        M:messages
37        155 330.0000 957.9150 581.6704 0.0000
8         M:ssh_in
31        155 2.0000 1.8200 0.6000 0.0000
13        M:cfengine_in
31        155 1.0000 0.9100 0.3000 0.0000
9         M:loadavg
31        155 0.0350 0.0350 0.0597 0.0000
10        M:diskfree
34        155 80.5000 73.2550 24.2063 0.0000
12        M:otherprocs
31        155 4.0000 3.6400 1.2000 0.0000
11        M:rootprocs
36        155 113.0000 102.8300 33.9013 0.0000
7         M:users
31        155 5.0000 4.5500 1.5000 0.0000
3         PLG
374       1679706986,ad252c73d4c3ae487396792116aed12668e52a7ba42d02ddf6b64cf49dcd29cb,/var/cfengine/inputs/services/cfbs/churn_local_users.cf,35918a18f3f028e3a16776f9d73c3e66ccce4a02,114,default,churn_local_users,users,bobafett,/default/churn_local_users/users/'bobafett'[4],,[],"[""Removed user 'bobafett'""]",10,SHA=66aec41141537e4570d6a74066d87b0a9129cc05975edb37015fa542e617fbd4

# send QUERY complete successful
