# delta from 1679667318 to 1679667379 at 1679667379
21        CFR: 0 1679667378 809
3         PRD
60        Packing reports: delta,0.035418,0.125442,0.125119,1679667319
3         EXS
16        f,102,1679667216
3         MOY
15        M:entropy_avail
39        155 3652.0000 3350.2000 848.4657 0.0000
12        M:mem_cached
39        155 1315.7734 1198.4567 433.2226 0.0000
16        M:io_writtendata
31        155 0.7695 0.8305 0.2055 0.0000
11        M:io_writes
33        155 13.0000 12.6700 2.5495 0.0000
6         M:cpu3
31        155 1.0967 1.1038 1.2109 0.0000
6         M:cpu2
31        155 0.5861 0.7020 0.7706 0.0000
6         M:cpu1
31        155 3.5019 2.7815 3.2061 0.0000
6         M:cpu0
31        155 0.9457 1.1279 1.7377 0.0000
5         M:cpu
31        155 1.5341 1.4295 1.5096 0.0000
10        M:messages
39        155 927.0000 1573.2150 1356.1705 0.0000
8         M:ssh_in
31        155 2.0000 1.8200 0.6000 0.0000
13        M:cfengine_in
31        155 1.0000 0.9100 0.3000 0.0000
9         M:loadavg
31        155 0.0200 0.0329 0.0515 0.0000
10        M:diskfree
34        155 80.5000 73.2550 24.2063 0.0000
12        M:otherprocs
31        155 4.0000 3.6400 1.2000 0.0000
11        M:rootprocs
36        155 111.5000 102.8300 29.3820 0.0000
7         M:users
31        155 5.0000 4.5500 1.5000 0.0000
# send QUERY complete successful
