# delta from 1679703918 to 1679703980 at 1679703980
22        CFR: 0 1679703979 2216
3         PRD
108       CFEngine Execution (policy filename: '/var/cfengine/inputs/update.cf'),0.048569,0.336315,0.335052,1679703977
60        Packing reports: delta,0.019526,0.038127,0.038985,1679703919
83        Sample(/proc/sys/kernel/random/entropy_avail),0.004956,0.002456,0.002616,1679703925
3         EXS
15        f,90,1679703864
3         MOM
15        M:entropy_avail
38        1445 3780.0000 2646.0000 0.0000 0.0000
12        M:mem_cached
41        1445 2097.0078 1467.9055 1754.4826 0.0000
10        M:mem_free
39        1445 12349.4727 8644.6309 0.0000 0.0000
11        M:mem_total
40        1445 14863.5820 10404.5074 0.0000 0.0000
16        M:io_writtendata
32        1445 1.7900 1.2530 1.4977 0.0000
11        M:io_writes
35        1445 22.0000 15.4000 18.4065 0.0000
6         M:cpu3
32        1445 1.7667 1.2367 1.4781 0.0000
6         M:cpu2
32        1445 1.6119 1.1284 1.3486 0.0000
6         M:cpu1
32        1445 5.9020 4.1314 4.9379 0.0000
6         M:cpu0
32        1445 1.7952 1.2567 1.5020 0.0000
5         M:cpu
32        1445 2.7655 1.9358 2.3138 0.0000
10        M:messages
38        1445 4324.0000 3026.8000 0.0000 0.0000
8         M:ssh_in
32        1445 2.0000 1.4000 1.6733 0.0000
13        M:cfengine_in
32        1445 1.0000 0.7000 0.8367 0.0000
9         M:loadavg
32        1445 0.0800 0.0560 0.0669 0.0000
10        M:diskfree
35        1445 74.0000 51.8000 61.9128 0.0000
12        M:otherprocs
32        1445 4.0000 2.8000 3.3466 0.0000
11        M:rootprocs
36        1445 108.0000 75.6000 90.3593 0.0000
7         M:users
32        1445 5.0000 3.5000 4.1833 0.0000
3         MOY
15        M:entropy_avail
39        155 3652.0000 3350.2000 848.4657 0.0000
12        M:mem_cached
39        155 1334.7988 1211.0830 461.7662 0.0000
16        M:io_writtendata
31        155 0.3193 0.3388 0.1251 0.0000
11        M:io_writes
31        155 7.0000 6.7900 1.8724 0.0000
6         M:cpu3
31        155 0.5030 0.6454 0.9539 0.0000
6         M:cpu2
31        155 0.3231 0.4795 0.7447 0.0000
6         M:cpu1
31        155 0.5199 0.5004 0.4890 0.0000
6         M:cpu0
31        155 1.3187 1.3763 1.9682 0.0000
5         M:cpu
31        155 0.6679 0.7515 1.0018 0.0000
10        M:messages
37        155 330.0000 957.9150 581.6704 0.0000
8         M:ssh_in
31        155 2.0000 1.8200 0.6000 0.0000
13        M:cfengine_in
31        155 1.0000 0.9100 0.3000 0.0000
9         M:loadavg
31        155 0.0350 0.0350 0.0597 0.0000
10        M:diskfree
34        155 80.5000 73.2550 24.2063 0.0000
12        M:otherprocs
31        155 4.0000 3.6400 1.2000 0.0000
11        M:rootprocs
36        155 113.0000 102.8300 33.9013 0.0000
7         M:users
31        155 5.0000 4.5500 1.5000 0.0000
3         PLG
377       1679703928,45515e325a9f698dee71cac8560404b967e6137a743cd402b784217f28fc6729,/var/cfengine/inputs/services/cfbs/churn_local_users.cf,35918a18f3f028e3a16776f9d73c3e66ccce4a02,114,default,churn_local_users,users,chewbacca,/default/churn_local_users/users/'chewbacca'[3],,[],"[""Created user 'chewbacca'""]",10,SHA=66aec41141537e4570d6a74066d87b0a9129cc05975edb37015fa542e617fbd4

# send QUERY complete successful
