# delta from 1679692158 to 1679692219 at 1679692219
22        CFR: 0 1679692218 2350
3         PRD
60        Packing reports: delta,0.028586,0.081716,0.076059,1679692159
83        Sample(/proc/sys/kernel/random/entropy_avail),0.005117,0.002618,0.002566,1679692205
3         EXS
16        f,233,1679691810
3         MOM
15        M:entropy_avail
41        1405 4036.0000 3619.0000 1162.9574 0.0000
38        1406 3780.0000 2646.0000 0.0000 0.0000
12        M:mem_cached
40        1405 2042.1523 1860.1855 606.5563 0.0000
41        1406 2050.8945 1435.6262 1715.9015 0.0000
10        M:mem_free
40        1405 12381.1172 11269.5680 0.0000 0.0000
39        1406 12372.2773 8660.5941 0.0000 0.0000
11        M:mem_total
40        1405 14863.5820 13525.8596 0.0000 0.0000
40        1406 14863.5820 10404.5074 0.0000 0.0000
16        M:io_writtendata
32        1405 0.0596 0.2515 0.7043 0.0000
32        1406 0.5156 0.3609 0.4314 0.0000
11        M:io_writes
32        1405 4.0000 5.3200 4.4000 0.0000
32        1406 8.0000 5.6000 6.6933 0.0000
6         M:cpu3
32        1405 0.9995 0.9025 0.3231 0.0000
32        1406 0.2732 0.1912 0.2285 0.0000
6         M:cpu2
32        1405 0.8394 0.7583 0.2702 0.0000
32        1406 0.1798 0.1259 0.1505 0.0000
6         M:cpu1
32        1405 1.3594 2.5005 3.8037 0.0000
32        1406 0.1799 0.1260 0.1505 0.0000
6         M:cpu0
32        1405 1.1990 1.0548 0.4806 0.0000
32        1406 0.2332 0.1632 0.1951 0.0000
5         M:cpu
32        1405 1.1026 1.3062 0.6785 0.0000
32        1406 0.2115 0.1481 0.1770 0.0000
10        M:messages
39        1405 169.0000 931.6300 2126.8735 0.0000
38        1406 6938.0000 4856.6000 0.0000 0.0000
8         M:ssh_in
32        1405 2.0000 1.8200 0.6000 0.0000
32        1406 2.0000 1.4000 1.6733 0.0000
13        M:cfengine_in
32        1405 1.0000 0.9100 0.3000 0.0000
32        1406 1.0000 0.7000 0.8367 0.0000
9         M:loadavg
32        1405 0.0400 0.0343 0.0210 0.0000
10        M:diskfree
35        1405 74.0000 67.3400 22.2000 0.0000
35        1406 74.0000 51.8000 61.9128 0.0000
12        M:otherprocs
32        1405 4.0000 3.6400 1.2000 0.0000
32        1406 4.0000 2.8000 3.3466 0.0000
11        M:rootprocs
37        1405 111.0000 100.8000 34.0000 0.0000
36        1406 114.0000 79.8000 95.3792 0.0000
7         M:users
32        1405 5.0000 4.5500 1.5000 0.0000
32        1406 5.0000 3.5000 4.1833 0.0000
3         MOY
15        M:entropy_avail
39        155 3652.0000 3350.2000 848.4657 0.0000
12        M:mem_cached
39        155 1334.7988 1211.0830 461.7662 0.0000
16        M:io_writtendata
31        155 0.3193 0.3388 0.1251 0.0000
11        M:io_writes
31        155 7.0000 6.7900 1.8724 0.0000
6         M:cpu3
31        155 0.5030 0.6454 0.9539 0.0000
6         M:cpu2
31        155 0.3231 0.4795 0.7447 0.0000
6         M:cpu1
31        155 0.5199 0.5004 0.4890 0.0000
6         M:cpu0
31        155 1.3187 1.3763 1.9682 0.0000
5         M:cpu
31        155 0.6679 0.7515 1.0018 0.0000
10        M:messages
37        155 330.0000 957.9150 581.6704 0.0000
8         M:ssh_in
31        155 2.0000 1.8200 0.6000 0.0000
13        M:cfengine_in
31        155 1.0000 0.9100 0.3000 0.0000
9         M:loadavg
31        155 0.0350 0.0350 0.0597 0.0000
10        M:diskfree
34        155 80.5000 73.2550 24.2063 0.0000
12        M:otherprocs
31        155 4.0000 3.6400 1.2000 0.0000
11        M:rootprocs
36        155 113.0000 102.8300 33.9013 0.0000
7         M:users
31        155 5.0000 4.5500 1.5000 0.0000
# send QUERY complete successful
