# delta from 1679709679 to 1679709739 at 1679709739
22        CFR: 0 1679709738 2142
3         PRD
108       CFEngine Execution (policy filename: '/var/cfengine/inputs/update.cf'),0.058137,0.337988,0.336123,1679709685
60        Packing reports: delta,0.022502,0.050634,0.050959,1679709680
3         EXS
15        f,87,1679709147
3         MOM
15        M:entropy_avail
38        1464 3780.0000 2646.0000 0.0000 0.0000
12        M:mem_cached
41        1464 2124.8242 1487.3770 1777.7555 0.0000
10        M:mem_free
39        1464 12294.3984 8606.0789 0.0000 0.0000
11        M:mem_total
40        1464 14863.5820 10404.5074 0.0000 0.0000
16        M:io_writtendata
32        1464 0.4541 0.3179 0.3799 0.0000
11        M:io_writes
32        1464 8.0000 5.6000 6.6933 0.0000
6         M:cpu3
32        1464 0.3001 0.2100 0.2510 0.0000
6         M:cpu2
32        1464 0.5599 0.3919 0.4684 0.0000
6         M:cpu1
32        1464 0.3796 0.2657 0.3176 0.0000
6         M:cpu0
32        1464 0.3398 0.2379 0.2843 0.0000
5         M:cpu
32        1464 0.3965 0.2776 0.3317 0.0000
10        M:messages
41        1464 2715.0000 1900.5000 2271.5320 0.0000
8         M:ssh_in
32        1464 2.0000 1.4000 1.6733 0.0000
13        M:cfengine_in
32        1464 1.0000 0.7000 0.8367 0.0000
9         M:loadavg
32        1464 0.0100 0.0070 0.0084 0.0000
10        M:diskfree
35        1464 74.0000 51.8000 61.9128 0.0000
12        M:otherprocs
32        1464 4.0000 2.8000 3.3466 0.0000
11        M:rootprocs
36        1464 114.0000 79.8000 95.3792 0.0000
7         M:users
32        1464 5.0000 3.5000 4.1833 0.0000
3         MOY
15        M:entropy_avail
39        155 3652.0000 3350.2000 848.4657 0.0000
12        M:mem_cached
39        155 1334.7988 1211.0830 461.7662 0.0000
16        M:io_writtendata
31        155 0.3193 0.3388 0.1251 0.0000
11        M:io_writes
31        155 7.0000 6.7900 1.8724 0.0000
6         M:cpu3
31        155 0.5030 0.6454 0.9539 0.0000
6         M:cpu2
31        155 0.3231 0.4795 0.7447 0.0000
6         M:cpu1
31        155 0.5199 0.5004 0.4890 0.0000
6         M:cpu0
31        155 1.3187 1.3763 1.9682 0.0000
5         M:cpu
31        155 0.6679 0.7515 1.0018 0.0000
10        M:messages
37        155 330.0000 957.9150 581.6704 0.0000
8         M:ssh_in
31        155 2.0000 1.8200 0.6000 0.0000
13        M:cfengine_in
31        155 1.0000 0.9100 0.3000 0.0000
9         M:loadavg
31        155 0.0350 0.0350 0.0597 0.0000
10        M:diskfree
34        155 80.5000 73.2550 24.2063 0.0000
12        M:otherprocs
31        155 4.0000 3.6400 1.2000 0.0000
11        M:rootprocs
36        155 113.0000 102.8300 33.9013 0.0000
7         M:users
31        155 5.0000 4.5500 1.5000 0.0000
3         PLG
386       1679709712,4e266614f38ae754839a35e7fc574b6b752029e43ed511fc912b5e826bb3b01b,/var/cfengine/inputs/services/cfbs/churn_local_users.cf,35918a18f3f028e3a16776f9d73c3e66ccce4a02,114,default,churn_local_users,users,obiwankenobi,/default/churn_local_users/users/'obiwankenobi'[6],,[],"[""Created user 'obiwankenobi'""]",10,SHA=66aec41141537e4570d6a74066d87b0a9129cc05975edb37015fa542e617fbd4

# send QUERY complete successful
