# delta from 1679704218 to 1679704279 at 1679704279
22        CFR: 0 1679704278 2071
3         PRD
60        Packing reports: delta,0.019813,0.039255,0.039222,1679704219
83        Sample(/proc/sys/kernel/random/entropy_avail),0.004938,0.002438,0.002310,1679704226
3         EXS
15        f,90,1679703864
3         MOM
15        M:entropy_avail
38        1446 3780.0000 2646.0000 0.0000 0.0000
12        M:mem_cached
41        1446 2105.9727 1474.1809 1761.9831 0.0000
10        M:mem_free
39        1446 12316.2734 8621.3914 0.0000 0.0000
11        M:mem_total
40        1446 14863.5820 10404.5074 0.0000 0.0000
16        M:io_writtendata
32        1446 0.8652 0.6057 0.7239 0.0000
11        M:io_writes
33        1446 10.0000 7.0000 8.3666 0.0000
6         M:cpu3
32        1446 0.2067 0.1447 0.1730 0.0000
6         M:cpu2
32        1446 0.1665 0.1166 0.1393 0.0000
6         M:cpu1
32        1446 0.2530 0.1771 0.2117 0.0000
6         M:cpu0
32        1446 0.2067 0.1447 0.1729 0.0000
5         M:cpu
32        1446 0.2066 0.1446 0.1728 0.0000
10        M:messages
41        1446 2546.0000 1782.2000 2130.1364 0.0000
8         M:ssh_in
32        1446 2.0000 1.4000 1.6733 0.0000
13        M:cfengine_in
32        1446 1.0000 0.7000 0.8367 0.0000
10        M:diskfree
35        1446 74.0000 51.8000 61.9128 0.0000
12        M:otherprocs
32        1446 4.0000 2.8000 3.3466 0.0000
11        M:rootprocs
36        1446 112.0000 78.4000 93.7059 0.0000
7         M:users
32        1446 5.0000 3.5000 4.1833 0.0000
3         MOY
15        M:entropy_avail
39        155 3652.0000 3350.2000 848.4657 0.0000
12        M:mem_cached
39        155 1334.7988 1211.0830 461.7662 0.0000
16        M:io_writtendata
31        155 0.3193 0.3388 0.1251 0.0000
11        M:io_writes
31        155 7.0000 6.7900 1.8724 0.0000
6         M:cpu3
31        155 0.5030 0.6454 0.9539 0.0000
6         M:cpu2
31        155 0.3231 0.4795 0.7447 0.0000
6         M:cpu1
31        155 0.5199 0.5004 0.4890 0.0000
6         M:cpu0
31        155 1.3187 1.3763 1.9682 0.0000
5         M:cpu
31        155 0.6679 0.7515 1.0018 0.0000
10        M:messages
37        155 330.0000 957.9150 581.6704 0.0000
8         M:ssh_in
31        155 2.0000 1.8200 0.6000 0.0000
13        M:cfengine_in
31        155 1.0000 0.9100 0.3000 0.0000
9         M:loadavg
31        155 0.0350 0.0350 0.0597 0.0000
10        M:diskfree
34        155 80.5000 73.2550 24.2063 0.0000
12        M:otherprocs
31        155 4.0000 3.6400 1.2000 0.0000
11        M:rootprocs
36        155 113.0000 102.8300 33.9013 0.0000
7         M:users
31        155 5.0000 4.5500 1.5000 0.0000
3         PLG
380       1679704256,e887e0088ce4bdd3d8816948862add187791335771b43d31dd2ff625229bc5b5,/var/cfengine/inputs/services/cfbs/churn_local_users.cf,35918a18f3f028e3a16776f9d73c3e66ccce4a02,114,default,churn_local_users,users,leiaorgana,/default/churn_local_users/users/'leiaorgana'[7],,[],"[""Created user 'leiaorgana'""]",10,SHA=66aec41141537e4570d6a74066d87b0a9129cc05975edb37015fa542e617fbd4

# send QUERY complete successful
