# delta from 1679699958 to 1679700020 at 1679700020
22        CFR: 0 1679700019 2827
3         PRD
60        Packing reports: delta,0.012056,0.014535,0.015588,1679699959
83        Sample(/proc/sys/kernel/random/entropy_avail),0.004943,0.002443,0.002507,1679700019
3         EXS
16        f,692,1679699933
3         MOM
15        M:entropy_avail
41        1431 4036.0000 3619.0000 1162.9574 0.0000
38        1432 3780.0000 2646.0000 0.0000 0.0000
12        M:mem_cached
40        1431 2117.5391 1923.6826 646.1883 0.0000
41        1432 2111.8477 1478.2934 1766.8985 0.0000
10        M:mem_free
40        1431 12255.3789 11161.4962 0.0000 0.0000
39        1432 12288.2188 8601.7531 0.0000 0.0000
11        M:mem_total
40        1431 14863.5820 13525.8596 0.0000 0.0000
40        1432 14863.5820 10404.5074 0.0000 0.0000
16        M:io_writtendata
32        1431 1.6523 1.2772 1.0787 0.0000
32        1432 1.6738 1.1717 1.4004 0.0000
11        M:io_writes
35        1431 22.0000 17.5000 13.3604 0.0000
35        1432 20.0000 14.0000 16.7332 0.0000
6         M:cpu3
32        1431 1.4939 1.1718 0.9396 0.0000
32        1432 0.7331 0.5132 0.6133 0.0000
6         M:cpu2
32        1431 1.2597 0.9364 0.9097 0.0000
32        1432 3.6205 2.5343 3.0291 0.0000
6         M:cpu1
32        1431 1.5657 1.3046 0.8589 0.0000
32        1432 2.9208 2.0445 2.4437 0.0000
6         M:cpu0
32        1431 1.1930 0.9009 0.8273 0.0000
32        1432 1.0131 0.7092 0.8476 0.0000
5         M:cpu
32        1431 1.3781 1.0780 0.8726 0.0000
32        1432 2.0733 1.4513 1.7346 0.0000
10        M:messages
40        1431 1184.0000 1445.1500 870.5000 0.0000
38        1432 4393.0000 3075.1000 0.0000 0.0000
8         M:ssh_in
32        1431 2.0000 1.8200 0.6000 0.0000
32        1432 2.0000 1.4000 1.6733 0.0000
13        M:cfengine_in
32        1431 1.0000 0.9100 0.3000 0.0000
32        1432 1.0000 0.7000 0.8367 0.0000
9         M:loadavg
32        1431 0.0400 0.0301 0.0280 0.0000
32        1432 0.0500 0.0350 0.0418 0.0000
10        M:diskfree
35        1431 74.0000 67.3400 22.2000 0.0000
35        1432 74.0000 51.8000 61.9128 0.0000
12        M:otherprocs
32        1431 4.0000 3.6400 1.2000 0.0000
32        1432 4.0000 2.8000 3.3466 0.0000
11        M:rootprocs
37        1431 122.0000 109.9700 40.1000 0.0000
36        1432 115.0000 80.5000 96.2159 0.0000
7         M:users
32        1431 5.0000 4.5500 1.5000 0.0000
32        1432 5.0000 3.5000 4.1833 0.0000
3         MOY
15        M:entropy_avail
39        155 3652.0000 3350.2000 848.4657 0.0000
12        M:mem_cached
39        155 1334.7988 1211.0830 461.7662 0.0000
16        M:io_writtendata
31        155 0.3193 0.3388 0.1251 0.0000
11        M:io_writes
31        155 7.0000 6.7900 1.8724 0.0000
6         M:cpu3
31        155 0.5030 0.6454 0.9539 0.0000
6         M:cpu2
31        155 0.3231 0.4795 0.7447 0.0000
6         M:cpu1
31        155 0.5199 0.5004 0.4890 0.0000
6         M:cpu0
31        155 1.3187 1.3763 1.9682 0.0000
5         M:cpu
31        155 0.6679 0.7515 1.0018 0.0000
10        M:messages
37        155 330.0000 957.9150 581.6704 0.0000
8         M:ssh_in
31        155 2.0000 1.8200 0.6000 0.0000
13        M:cfengine_in
31        155 1.0000 0.9100 0.3000 0.0000
9         M:loadavg
31        155 0.0350 0.0350 0.0597 0.0000
10        M:diskfree
34        155 80.5000 73.2550 24.2063 0.0000
12        M:otherprocs
31        155 4.0000 3.6400 1.2000 0.0000
11        M:rootprocs
36        155 113.0000 102.8300 33.9013 0.0000
7         M:users
31        155 5.0000 4.5500 1.5000 0.0000
3         PLG
435       1679700002,7ccdf5e8cb0651ffd66f8521ac3add259f2c2cf1ac0e47af83ff782d612ba250,/var/cfengine/inputs/services/cfbs/churn_local_users.cf,35918a18f3f028e3a16776f9d73c3e66ccce4a02,110,default,churn_local_users,users,bobafett,/default/churn_local_users/users/'bobafett'[4],,[],"[""'/sbin/chpasswd -e' returned non-zero status: 1"",""Failed to create user 'bobafett'""]",10,SHA=66aec41141537e4570d6a74066d87b0a9129cc05975edb37015fa542e617fbd4

# send QUERY complete successful
