# delta from 1679746158 to 1679746219 at 1679746219
22        CFR: 0 1679746218 2169
3         PRD
60        Packing reports: delta,0.030907,0.095523,0.098458,1679746159
3         EXS
16        f,248,1679745522
3         MOM
15        M:entropy_avail
41        1585 4036.0000 3619.0000 1162.9574 0.0000
12        M:mem_cached
40        1585 2274.5586 2066.1184 694.8008 0.0000
10        M:mem_free
40        1585 12118.1445 11033.3021 0.0000 0.0000
11        M:mem_total
40        1585 14863.5820 13525.8596 0.0000 0.0000
16        M:io_writtendata
32        1585 1.1348 0.9301 0.6431 0.0000
11        M:io_writes
35        1585 18.0000 14.7000 10.2811 0.0000
6         M:cpu3
32        1585 1.4934 1.1420 1.0025 0.0000
6         M:cpu2
32        1585 0.7998 0.6690 0.4356 0.0000
6         M:cpu1
32        1585 6.5925 4.7001 5.2809 0.0000
6         M:cpu0
32        1585 1.1532 0.9093 0.7156 0.0000
5         M:cpu
32        1585 2.5080 1.8549 1.8342 0.0000
10        M:messages
41        1585 5618.0000 4467.2600 2130.1364 0.0000
8         M:ssh_in
32        1585 2.0000 1.8200 0.6000 0.0000
14        M:cfengine_out
32        1585 0.0000 0.2100 0.7436 0.0000
13        M:cfengine_in
32        1585 1.0000 0.9100 0.3000 0.0000
9         M:loadavg
32        1585 0.0400 0.0280 0.0335 0.0000
10        M:diskfree
35        1585 72.0000 65.5200 21.6000 0.0000
12        M:otherprocs
32        1585 4.0000 3.6400 1.2000 0.0000
11        M:rootprocs
37        1585 117.0000 106.4700 35.1000 0.0000
7         M:users
32        1585 5.0000 4.5500 1.5000 0.0000
3         MOY
15        M:entropy_avail
39        155 3652.0000 3350.2000 848.4657 0.0000
12        M:mem_cached
39        155 1334.7988 1211.0830 461.7662 0.0000
16        M:io_writtendata
31        155 0.3193 0.3388 0.1251 0.0000
11        M:io_writes
31        155 7.0000 6.7900 1.8724 0.0000
6         M:cpu3
31        155 0.5030 0.6454 0.9539 0.0000
6         M:cpu2
31        155 0.3231 0.4795 0.7447 0.0000
6         M:cpu1
31        155 0.5199 0.5004 0.4890 0.0000
6         M:cpu0
31        155 1.3187 1.3763 1.9682 0.0000
5         M:cpu
31        155 0.6679 0.7515 1.0018 0.0000
10        M:messages
37        155 330.0000 957.9150 581.6704 0.0000
8         M:ssh_in
31        155 2.0000 1.8200 0.6000 0.0000
13        M:cfengine_in
31        155 1.0000 0.9100 0.3000 0.0000
9         M:loadavg
31        155 0.0350 0.0350 0.0597 0.0000
10        M:diskfree
34        155 80.5000 73.2550 24.2063 0.0000
12        M:otherprocs
31        155 4.0000 3.6400 1.2000 0.0000
11        M:rootprocs
36        155 113.0000 102.8300 33.9013 0.0000
7         M:users
31        155 5.0000 4.5500 1.5000 0.0000
3         PLG
467       1679746218,cac5f7ab2dec7f87bfe1753d37690ac52aa07a2805e7a074f6822b9e701e47ed,/var/cfengine/inputs/services/cfbs/churn_local_users.cf,35918a18f3f028e3a16776f9d73c3e66ccce4a02,110,default,churn_local_users,users,c3po,/default/churn_local_users/users/'c3po'[13],,[],"[""Command returned error while creating user 'c3po'. (Command line: '/sbin/useradd -M c3po')"",""Failed to create user 'c3po'""]",10,SHA=66aec41141537e4570d6a74066d87b0a9129cc05975edb37015fa542e617fbd4

# send QUERY complete successful
