# delta from 1679711478 to 1679711539 at 1679711539
22        CFR: 0 1679711538 1712
3         PRD
108       CFEngine Execution (policy filename: '/var/cfengine/inputs/update.cf'),0.040547,0.335847,0.335994,1679711523
60        Packing reports: delta,0.023999,0.057593,0.058179,1679711479
3         EXS
16        f,221,1679711477
3         MOM
15        M:entropy_avail
38        1470 3780.0000 2646.0000 0.0000 0.0000
12        M:mem_cached
41        1470 2148.8984 1504.2289 1797.8974 0.0000
10        M:mem_free
39        1470 12267.7969 8587.4578 0.0000 0.0000
11        M:mem_total
40        1470 14863.5820 10404.5074 0.0000 0.0000
16        M:io_writtendata
32        1470 0.6143 0.4300 0.5139 0.0000
11        M:io_writes
34        1470 12.0000 8.4000 10.0399 0.0000
6         M:cpu3
32        1470 0.4667 0.3267 0.3905 0.0000
6         M:cpu2
32        1470 0.6064 0.4245 0.5074 0.0000
6         M:cpu1
32        1470 0.5462 0.3824 0.4570 0.0000
6         M:cpu0
32        1470 0.9139 0.6397 0.7646 0.0000
5         M:cpu
32        1470 0.6333 0.4433 0.5298 0.0000
10        M:messages
38        1470 3325.0000 2327.5000 0.0000 0.0000
8         M:ssh_in
32        1470 7.0000 4.9000 5.8566 0.0000
13        M:cfengine_in
32        1470 1.0000 0.7000 0.8367 0.0000
10        M:diskfree
35        1470 73.0000 51.1000 61.0762 0.0000
12        M:otherprocs
32        1470 4.0000 2.8000 3.3466 0.0000
11        M:rootprocs
36        1470 114.0000 79.8000 95.3792 0.0000
7         M:users
32        1470 5.0000 3.5000 4.1833 0.0000
3         MOY
15        M:entropy_avail
39        155 3652.0000 3350.2000 848.4657 0.0000
12        M:mem_cached
39        155 1334.7988 1211.0830 461.7662 0.0000
16        M:io_writtendata
31        155 0.3193 0.3388 0.1251 0.0000
11        M:io_writes
31        155 7.0000 6.7900 1.8724 0.0000
6         M:cpu3
31        155 0.5030 0.6454 0.9539 0.0000
6         M:cpu2
31        155 0.3231 0.4795 0.7447 0.0000
6         M:cpu1
31        155 0.5199 0.5004 0.4890 0.0000
6         M:cpu0
31        155 1.3187 1.3763 1.9682 0.0000
5         M:cpu
31        155 0.6679 0.7515 1.0018 0.0000
10        M:messages
37        155 330.0000 957.9150 581.6704 0.0000
8         M:ssh_in
31        155 2.0000 1.8200 0.6000 0.0000
13        M:cfengine_in
31        155 1.0000 0.9100 0.3000 0.0000
9         M:loadavg
31        155 0.0350 0.0350 0.0597 0.0000
10        M:diskfree
34        155 80.5000 73.2550 24.2063 0.0000
12        M:otherprocs
31        155 4.0000 3.6400 1.2000 0.0000
11        M:rootprocs
36        155 113.0000 102.8300 33.9013 0.0000
7         M:users
31        155 5.0000 4.5500 1.5000 0.0000
# send QUERY complete successful
