# delta from 1679753183 to 1679753244 at 1679753244
22        CFR: 0 1679753243 1882
3         PRD
108       CFEngine Execution (policy filename: '/var/cfengine/inputs/update.cf'),0.033865,0.334235,0.332861,1679753206
60        Packing reports: delta,0.017685,0.031274,0.030367,1679753184
83        Sample(/proc/sys/kernel/random/entropy_avail),0.004774,0.002279,0.002317,1679753215
3         EXS
16        f,346,1679753158
3         MOM
15        M:entropy_avail
38        1609 3780.0000 2646.0000 0.0000 0.0000
12        M:mem_cached
41        1609 2279.8203 1595.8742 1907.4345 0.0000
10        M:mem_free
39        1609 12143.6758 8500.5730 0.0000 0.0000
11        M:mem_total
40        1609 14863.5820 10404.5074 0.0000 0.0000
16        M:io_writtendata
32        1609 0.9717 0.6802 0.8130 0.0000
11        M:io_writes
34        1609 14.0000 9.8000 11.7132 0.0000
6         M:cpu3
32        1609 1.2067 0.8447 1.0096 0.0000
6         M:cpu2
32        1609 3.9099 2.7370 3.2713 0.0000
6         M:cpu1
32        1609 3.1744 2.2221 2.6559 0.0000
6         M:cpu0
32        1609 0.9465 0.6626 0.7919 0.0000
5         M:cpu
32        1609 2.3097 1.6168 1.9324 0.0000
10        M:messages
38        1609 3875.0000 2712.5000 0.0000 0.0000
8         M:ssh_in
32        1609 2.0000 1.4000 1.6733 0.0000
14        M:cfengine_out
32        1609 1.0000 0.7000 0.8367 0.0000
13        M:cfengine_in
32        1609 1.0000 0.7000 0.8367 0.0000
9         M:loadavg
32        1609 0.1000 0.0700 0.0837 0.0000
10        M:diskfree
35        1609 72.0000 50.4000 60.2395 0.0000
12        M:otherprocs
32        1609 4.0000 2.8000 3.3466 0.0000
11        M:rootprocs
36        1609 113.0000 79.1000 94.5426 0.0000
7         M:users
32        1609 5.0000 3.5000 4.1833 0.0000
3         MOY
15        M:entropy_avail
39        155 3652.0000 3350.2000 848.4657 0.0000
12        M:mem_cached
39        155 1334.7988 1211.0830 461.7662 0.0000
16        M:io_writtendata
31        155 0.3193 0.3388 0.1251 0.0000
11        M:io_writes
31        155 7.0000 6.7900 1.8724 0.0000
6         M:cpu3
31        155 0.5030 0.6454 0.9539 0.0000
6         M:cpu2
31        155 0.3231 0.4795 0.7447 0.0000
6         M:cpu1
31        155 0.5199 0.5004 0.4890 0.0000
6         M:cpu0
31        155 1.3187 1.3763 1.9682 0.0000
5         M:cpu
31        155 0.6679 0.7515 1.0018 0.0000
10        M:messages
37        155 330.0000 957.9150 581.6704 0.0000
8         M:ssh_in
31        155 2.0000 1.8200 0.6000 0.0000
13        M:cfengine_in
31        155 1.0000 0.9100 0.3000 0.0000
9         M:loadavg
31        155 0.0350 0.0350 0.0597 0.0000
10        M:diskfree
34        155 80.5000 73.2550 24.2063 0.0000
12        M:otherprocs
31        155 4.0000 3.6400 1.2000 0.0000
11        M:rootprocs
36        155 113.0000 102.8300 33.9013 0.0000
7         M:users
31        155 5.0000 4.5500 1.5000 0.0000
# send QUERY complete successful
