# delta from 1679746458 to 1679746519 at 1679746519
22        CFR: 0 1679746518 2072
3         PRD
60        Packing reports: delta,0.031087,0.096640,0.096281,1679746459
3         EXS
16        f,216,1679746400
3         MOM
15        M:entropy_avail
41        1586 4036.0000 3619.0000 1162.9574 0.0000
12        M:mem_cached
40        1586 2258.7930 2058.8296 666.5445 0.0000
10        M:mem_free
40        1586 12155.8125 11049.0647 0.0000 0.0000
11        M:mem_total
40        1586 14863.5820 13525.8596 0.0000 0.0000
16        M:io_writtendata
32        1586 1.5332 1.2640 0.8585 0.0000
11        M:io_writes
35        1586 22.0000 17.9200 12.6377 0.0000
6         M:cpu3
32        1586 1.5338 1.1647 1.0485 0.0000
6         M:cpu2
32        1586 1.6666 1.2589 1.1545 0.0000
6         M:cpu1
32        1586 6.4759 4.6828 5.0115 0.0000
6         M:cpu0
32        1586 2.9210 2.2112 2.0125 0.0000
5         M:cpu
32        1586 3.1522 2.3311 2.3060 0.0000
10        M:messages
40        1586 3063.0000 2829.5400 651.0888 0.0000
8         M:ssh_in
32        1586 2.0000 1.8200 0.6000 0.0000
14        M:cfengine_out
32        1586 0.0000 0.2100 0.7436 0.0000
13        M:cfengine_in
32        1586 1.0000 0.9100 0.3000 0.0000
9         M:loadavg
32        1586 0.0700 0.0805 0.0350 0.0000
10        M:diskfree
35        1586 72.0000 65.5200 21.6000 0.0000
12        M:otherprocs
32        1586 4.0000 3.6400 1.2000 0.0000
11        M:rootprocs
37        1586 111.0000 103.1100 26.3000 0.0000
7         M:users
32        1586 5.0000 4.5500 1.5000 0.0000
3         MOY
15        M:entropy_avail
39        155 3652.0000 3350.2000 848.4657 0.0000
12        M:mem_cached
39        155 1334.7988 1211.0830 461.7662 0.0000
16        M:io_writtendata
31        155 0.3193 0.3388 0.1251 0.0000
11        M:io_writes
31        155 7.0000 6.7900 1.8724 0.0000
6         M:cpu3
31        155 0.5030 0.6454 0.9539 0.0000
6         M:cpu2
31        155 0.3231 0.4795 0.7447 0.0000
6         M:cpu1
31        155 0.5199 0.5004 0.4890 0.0000
6         M:cpu0
31        155 1.3187 1.3763 1.9682 0.0000
5         M:cpu
31        155 0.6679 0.7515 1.0018 0.0000
10        M:messages
37        155 330.0000 957.9150 581.6704 0.0000
8         M:ssh_in
31        155 2.0000 1.8200 0.6000 0.0000
13        M:cfengine_in
31        155 1.0000 0.9100 0.3000 0.0000
9         M:loadavg
31        155 0.0350 0.0350 0.0597 0.0000
10        M:diskfree
34        155 80.5000 73.2550 24.2063 0.0000
12        M:otherprocs
31        155 4.0000 3.6400 1.2000 0.0000
11        M:rootprocs
36        155 113.0000 102.8300 33.9013 0.0000
7         M:users
31        155 5.0000 4.5500 1.5000 0.0000
3         PLG
371       1679746500,b5d8f6dc22944432198c454988deeb7524398d1c0ef44b50e3120608932c61f9,/var/cfengine/inputs/services/cfbs/churn_local_users.cf,35918a18f3f028e3a16776f9d73c3e66ccce4a02,114,default,churn_local_users,users,hansolo,/default/churn_local_users/users/'hansolo'[8],,[],"[""Created user 'hansolo'""]",10,SHA=66aec41141537e4570d6a74066d87b0a9129cc05975edb37015fa542e617fbd4

# send QUERY complete successful
