# delta from 1679710878 to 1679710939 at 1679710939
22        CFR: 0 1679710938 2140
3         PRD
108       CFEngine Execution (policy filename: '/var/cfengine/inputs/update.cf'),0.057792,0.333993,0.333177,1679710890
60        Packing reports: delta,0.023600,0.055696,0.055710,1679710879
3         EXS
16        f,178,1679710876
3         MOM
15        M:entropy_avail
38        1468 3780.0000 2646.0000 0.0000 0.0000
12        M:mem_cached
41        1468 2129.1719 1490.4203 1781.3930 0.0000
10        M:mem_free
39        1468 12293.2617 8605.2832 0.0000 0.0000
11        M:mem_total
40        1468 14863.5820 10404.5074 0.0000 0.0000
16        M:io_writtendata
32        1468 1.3086 0.9160 1.0948 0.0000
11        M:io_writes
35        1468 16.0000 11.2000 13.3866 0.0000
6         M:cpu3
32        1468 1.3337 0.9336 1.1158 0.0000
6         M:cpu2
32        1468 0.5130 0.3591 0.4292 0.0000
6         M:cpu1
32        1468 4.8384 3.3869 4.0481 0.0000
6         M:cpu0
32        1468 2.8217 1.9752 2.3608 0.0000
5         M:cpu
32        1468 2.3734 1.6614 1.9857 0.0000
10        M:messages
38        1468 4296.0000 3007.2000 0.0000 0.0000
8         M:ssh_in
32        1468 2.0000 1.4000 1.6733 0.0000
13        M:cfengine_in
32        1468 1.0000 0.7000 0.8367 0.0000
9         M:loadavg
32        1468 0.0800 0.0560 0.0669 0.0000
10        M:diskfree
35        1468 74.0000 51.8000 61.9128 0.0000
12        M:otherprocs
32        1468 4.0000 2.8000 3.3466 0.0000
11        M:rootprocs
36        1468 113.0000 79.1000 94.5426 0.0000
7         M:users
32        1468 5.0000 3.5000 4.1833 0.0000
3         MOY
15        M:entropy_avail
39        155 3652.0000 3350.2000 848.4657 0.0000
12        M:mem_cached
39        155 1334.7988 1211.0830 461.7662 0.0000
16        M:io_writtendata
31        155 0.3193 0.3388 0.1251 0.0000
11        M:io_writes
31        155 7.0000 6.7900 1.8724 0.0000
6         M:cpu3
31        155 0.5030 0.6454 0.9539 0.0000
6         M:cpu2
31        155 0.3231 0.4795 0.7447 0.0000
6         M:cpu1
31        155 0.5199 0.5004 0.4890 0.0000
6         M:cpu0
31        155 1.3187 1.3763 1.9682 0.0000
5         M:cpu
31        155 0.6679 0.7515 1.0018 0.0000
10        M:messages
37        155 330.0000 957.9150 581.6704 0.0000
8         M:ssh_in
31        155 2.0000 1.8200 0.6000 0.0000
13        M:cfengine_in
31        155 1.0000 0.9100 0.3000 0.0000
9         M:loadavg
31        155 0.0350 0.0350 0.0597 0.0000
10        M:diskfree
34        155 80.5000 73.2550 24.2063 0.0000
12        M:otherprocs
31        155 4.0000 3.6400 1.2000 0.0000
11        M:rootprocs
36        155 113.0000 102.8300 33.9013 0.0000
7         M:users
31        155 5.0000 4.5500 1.5000 0.0000
3         PLG
383       1679710911,8f889933d10bb688c85e85dce773c282b796ebe7ebe2528f99dba8fe2cc4d5bb,/var/cfengine/inputs/services/cfbs/churn_local_users.cf,35918a18f3f028e3a16776f9d73c3e66ccce4a02,114,default,churn_local_users,users,jarjarbinks,/default/churn_local_users/users/'jarjarbinks'[2],,[],"[""Created user 'jarjarbinks'""]",10,SHA=66aec41141537e4570d6a74066d87b0a9129cc05975edb37015fa542e617fbd4

# send QUERY complete successful
