# delta from 1679670678 to 1679670740 at 1679670740
22        CFR: 0 1679670739 1889
3         PRD
108       CFEngine Execution (policy filename: '/var/cfengine/inputs/update.cf'),0.040339,0.330662,0.328410,1679670690
60        Packing reports: delta,0.029881,0.089286,0.088554,1679670679
83        Sample(/proc/sys/kernel/random/entropy_avail),0.004829,0.002332,0.002266,1679670718
3         EXS
16        f,162,1679670585
3         MOM
15        M:entropy_avail
38        1334 3780.0000 2646.0000 0.0000 0.0000
12        M:mem_cached
41        1334 1984.5391 1389.1773 1660.3845 0.0000
10        M:mem_free
39        1334 12449.7734 8714.8414 0.0000 0.0000
11        M:mem_total
40        1334 14863.5820 10404.5074 0.0000 0.0000
16        M:io_writtendata
32        1334 0.9229 0.6460 0.7721 0.0000
11        M:io_writes
34        1334 12.0000 8.4000 10.0399 0.0000
6         M:cpu3
32        1334 0.8199 0.5740 0.6860 0.0000
6         M:cpu2
32        1334 2.0388 1.4271 1.7058 0.0000
6         M:cpu1
32        1334 0.7663 0.5364 0.6411 0.0000
6         M:cpu0
32        1334 0.7999 0.5599 0.6692 0.0000
5         M:cpu
32        1334 1.1030 0.7721 0.9229 0.0000
10        M:messages
41        1334 3102.0000 2171.4000 2595.3194 0.0000
8         M:ssh_in
32        1334 2.0000 1.4000 1.6733 0.0000
14        M:cfengine_out
32        1334 1.0000 0.7000 0.8367 0.0000
13        M:cfengine_in
32        1334 1.0000 0.7000 0.8367 0.0000
9         M:loadavg
32        1334 0.0800 0.0560 0.0669 0.0000
10        M:diskfree
35        1334 75.0000 52.5000 62.7495 0.0000
12        M:otherprocs
32        1334 4.0000 2.8000 3.3466 0.0000
11        M:rootprocs
36        1334 113.0000 79.1000 94.5426 0.0000
7         M:users
32        1334 5.0000 3.5000 4.1833 0.0000
3         MOY
15        M:entropy_avail
39        155 3652.0000 3350.2000 848.4657 0.0000
12        M:mem_cached
39        155 1315.7734 1198.4567 433.2226 0.0000
16        M:io_writtendata
31        155 0.7695 0.8305 0.2055 0.0000
11        M:io_writes
33        155 13.0000 12.6700 2.5495 0.0000
6         M:cpu3
31        155 1.0967 1.1038 1.2109 0.0000
6         M:cpu2
31        155 0.5861 0.7020 0.7706 0.0000
6         M:cpu1
31        155 3.5019 2.7815 3.2061 0.0000
6         M:cpu0
31        155 0.9457 1.1279 1.7377 0.0000
5         M:cpu
31        155 1.5341 1.4295 1.5096 0.0000
10        M:messages
39        155 927.0000 1573.2150 1356.1705 0.0000
8         M:ssh_in
31        155 2.0000 1.8200 0.6000 0.0000
13        M:cfengine_in
31        155 1.0000 0.9100 0.3000 0.0000
9         M:loadavg
31        155 0.0200 0.0329 0.0515 0.0000
10        M:diskfree
34        155 80.5000 73.2550 24.2063 0.0000
12        M:otherprocs
31        155 4.0000 3.6400 1.2000 0.0000
11        M:rootprocs
36        155 111.5000 102.8300 29.3820 0.0000
7         M:users
31        155 5.0000 4.5500 1.5000 0.0000
# send QUERY complete successful
