# delta from 1679666478 to 1679666539 at 1679666539
22        CFR: 0 1679666538 1888
3         PRD
108       CFEngine Execution (policy filename: '/var/cfengine/inputs/update.cf'),0.057691,0.332828,0.331999,1679666503
60        Packing reports: delta,0.034851,0.121456,0.121359,1679666479
83        Sample(/proc/sys/kernel/random/entropy_avail),0.004854,0.002357,0.002235,1679666511
3         EXS
16        f,554,1679666350
3         MOM
15        M:entropy_avail
38        1320 3780.0000 2646.0000 0.0000 0.0000
12        M:mem_cached
41        1320 1987.4844 1391.2391 1662.8487 0.0000
10        M:mem_free
39        1320 12427.4258 8699.1980 0.0000 0.0000
11        M:mem_total
40        1320 14863.5820 10404.5074 0.0000 0.0000
16        M:io_writtendata
32        1320 1.0527 0.7369 0.8808 0.0000
11        M:io_writes
34        1320 12.0000 8.4000 10.0399 0.0000
6         M:cpu3
32        1320 0.1868 0.1307 0.1563 0.0000
6         M:cpu2
32        1320 0.7397 0.5178 0.6188 0.0000
6         M:cpu1
32        1320 0.5528 0.3869 0.4625 0.0000
6         M:cpu0
32        1320 0.5066 0.3546 0.4238 0.0000
5         M:cpu
32        1320 0.4965 0.3476 0.4154 0.0000
10        M:messages
41        1320 2546.0000 1782.2000 2130.1364 0.0000
8         M:ssh_in
32        1320 2.0000 1.4000 1.6733 0.0000
14        M:cfengine_out
32        1320 1.0000 0.7000 0.8367 0.0000
13        M:cfengine_in
32        1320 1.0000 0.7000 0.8367 0.0000
9         M:loadavg
32        1320 0.0100 0.0070 0.0084 0.0000
10        M:diskfree
35        1320 75.0000 52.5000 62.7495 0.0000
12        M:otherprocs
32        1320 4.0000 2.8000 3.3466 0.0000
11        M:rootprocs
36        1320 115.0000 80.5000 96.2159 0.0000
7         M:users
32        1320 5.0000 3.5000 4.1833 0.0000
3         MOY
15        M:entropy_avail
39        155 3652.0000 3350.2000 848.4657 0.0000
12        M:mem_cached
39        155 1312.2617 1194.4728 435.3217 0.0000
16        M:io_writtendata
31        155 0.8862 0.8774 0.2043 0.0000
11        M:io_writes
33        155 13.0000 12.6700 2.5495 0.0000
6         M:cpu3
31        155 0.9696 1.1437 0.9299 0.0000
6         M:cpu2
31        155 0.8699 0.9610 0.8088 0.0000
6         M:cpu1
31        155 0.9664 1.3754 1.6324 0.0000
6         M:cpu0
31        155 1.1938 1.4079 1.7498 0.0000
5         M:cpu
31        155 0.9999 1.2220 0.9130 0.0000
10        M:messages
38        155 597.5000 1441.8950 913.5387 0.0000
8         M:ssh_in
31        155 2.0000 1.8200 0.6000 0.0000
13        M:cfengine_in
31        155 1.0000 0.9100 0.3000 0.0000
9         M:loadavg
31        155 0.0250 0.0374 0.0507 0.0000
10        M:diskfree
34        155 80.5000 73.2550 24.2063 0.0000
12        M:otherprocs
31        155 4.0000 3.6400 1.2000 0.0000
11        M:rootprocs
36        155 111.0000 101.3250 32.3089 0.0000
7         M:users
31        155 5.0000 4.5500 1.5000 0.0000
# send QUERY complete successful
