# delta from 1679712919 to 1679712979 at 1679712979
22        CFR: 0 1679712978 1727
3         PRD
60        Packing reports: delta,0.025171,0.063360,0.063966,1679712920
83        Sample(/proc/sys/kernel/random/entropy_avail),0.004893,0.002395,0.002504,1679712941
3         EXS
16        f,177,1679712832
3         MOM
15        M:entropy_avail
38        1475 3780.0000 2646.0000 0.0000 0.0000
12        M:mem_cached
41        1475 2136.6094 1495.6266 1787.6157 0.0000
10        M:mem_free
39        1475 12306.6250 8614.6375 0.0000 0.0000
11        M:mem_total
40        1475 14863.5820 10404.5074 0.0000 0.0000
16        M:io_writtendata
32        1475 0.8506 0.5954 0.7117 0.0000
11        M:io_writes
33        1475 10.0000 7.0000 8.3666 0.0000
6         M:cpu3
32        1475 0.8466 0.5926 0.7083 0.0000
6         M:cpu2
32        1475 2.3719 1.6603 1.9845 0.0000
6         M:cpu1
32        1475 3.8546 2.6982 3.2250 0.0000
6         M:cpu0
32        1475 0.9330 0.6531 0.7806 0.0000
5         M:cpu
32        1475 2.0013 1.4009 1.6744 0.0000
10        M:messages
38        1475 3878.0000 2714.6000 0.0000 0.0000
8         M:ssh_in
32        1475 2.0000 1.4000 1.6733 0.0000
13        M:cfengine_in
32        1475 1.0000 0.7000 0.8367 0.0000
9         M:loadavg
32        1475 0.0400 0.0280 0.0335 0.0000
10        M:diskfree
35        1475 74.0000 51.8000 61.9128 0.0000
12        M:otherprocs
32        1475 4.0000 2.8000 3.3466 0.0000
11        M:rootprocs
36        1475 107.0000 74.9000 89.5226 0.0000
7         M:users
32        1475 5.0000 3.5000 4.1833 0.0000
3         MOY
15        M:entropy_avail
39        155 3652.0000 3350.2000 848.4657 0.0000
12        M:mem_cached
39        155 1334.7988 1211.0830 461.7662 0.0000
16        M:io_writtendata
31        155 0.3193 0.3388 0.1251 0.0000
11        M:io_writes
31        155 7.0000 6.7900 1.8724 0.0000
6         M:cpu3
31        155 0.5030 0.6454 0.9539 0.0000
6         M:cpu2
31        155 0.3231 0.4795 0.7447 0.0000
6         M:cpu1
31        155 0.5199 0.5004 0.4890 0.0000
6         M:cpu0
31        155 1.3187 1.3763 1.9682 0.0000
5         M:cpu
31        155 0.6679 0.7515 1.0018 0.0000
10        M:messages
37        155 330.0000 957.9150 581.6704 0.0000
8         M:ssh_in
31        155 2.0000 1.8200 0.6000 0.0000
13        M:cfengine_in
31        155 1.0000 0.9100 0.3000 0.0000
9         M:loadavg
31        155 0.0350 0.0350 0.0597 0.0000
10        M:diskfree
34        155 80.5000 73.2550 24.2063 0.0000
12        M:otherprocs
31        155 4.0000 3.6400 1.2000 0.0000
11        M:rootprocs
36        155 113.0000 102.8300 33.9013 0.0000
7         M:users
31        155 5.0000 4.5500 1.5000 0.0000
# send QUERY complete successful
