# delta from 1679738478 to 1679738539 at 1679738539
22        CFR: 0 1679738538 1836
3         PRD
108       CFEngine Execution (policy filename: '/var/cfengine/inputs/update.cf'),0.057950,0.335815,0.337586,1679738490
60        Packing reports: delta,0.028431,0.080834,0.087947,1679738479
83        Sample(/proc/sys/kernel/random/entropy_avail),0.004837,0.002339,0.002376,1679738488
3         EXS
15        f,38,1679738421
3         MOM
15        M:entropy_avail
38        1560 3780.0000 2646.0000 0.0000 0.0000
12        M:mem_cached
41        1560 2217.0273 1551.9191 1854.8982 0.0000
10        M:mem_free
39        1560 12244.9961 8571.4973 0.0000 0.0000
11        M:mem_total
40        1560 14863.5820 10404.5074 0.0000 0.0000
16        M:io_writtendata
32        1560 1.1318 0.7923 0.9470 0.0000
11        M:io_writes
35        1560 16.0000 11.2000 13.3866 0.0000
6         M:cpu3
32        1560 0.6487 0.4541 0.5428 0.0000
6         M:cpu2
32        1560 1.8272 1.2790 1.5288 0.0000
6         M:cpu1
32        1560 1.2437 0.8706 1.0406 0.0000
6         M:cpu0
32        1560 1.2592 0.8814 1.0535 0.0000
5         M:cpu
32        1560 1.2496 0.8747 1.0455 0.0000
10        M:messages
38        1560 4985.0000 3489.5000 0.0000 0.0000
8         M:ssh_in
32        1560 2.0000 1.4000 1.6733 0.0000
13        M:cfengine_in
32        1560 1.0000 0.7000 0.8367 0.0000
9         M:loadavg
32        1560 0.0700 0.0490 0.0586 0.0000
10        M:diskfree
35        1560 73.0000 51.1000 61.0762 0.0000
12        M:otherprocs
32        1560 4.0000 2.8000 3.3466 0.0000
11        M:rootprocs
36        1560 102.0000 71.4000 85.3393 0.0000
7         M:users
32        1560 5.0000 3.5000 4.1833 0.0000
3         MOY
15        M:entropy_avail
39        155 3652.0000 3350.2000 848.4657 0.0000
12        M:mem_cached
39        155 1334.7988 1211.0830 461.7662 0.0000
16        M:io_writtendata
31        155 0.3193 0.3388 0.1251 0.0000
11        M:io_writes
31        155 7.0000 6.7900 1.8724 0.0000
6         M:cpu3
31        155 0.5030 0.6454 0.9539 0.0000
6         M:cpu2
31        155 0.3231 0.4795 0.7447 0.0000
6         M:cpu1
31        155 0.5199 0.5004 0.4890 0.0000
6         M:cpu0
31        155 1.3187 1.3763 1.9682 0.0000
5         M:cpu
31        155 0.6679 0.7515 1.0018 0.0000
10        M:messages
37        155 330.0000 957.9150 581.6704 0.0000
8         M:ssh_in
31        155 2.0000 1.8200 0.6000 0.0000
13        M:cfengine_in
31        155 1.0000 0.9100 0.3000 0.0000
9         M:loadavg
31        155 0.0350 0.0350 0.0597 0.0000
10        M:diskfree
34        155 80.5000 73.2550 24.2063 0.0000
12        M:otherprocs
31        155 4.0000 3.6400 1.2000 0.0000
11        M:rootprocs
36        155 113.0000 102.8300 33.9013 0.0000
7         M:users
31        155 5.0000 4.5500 1.5000 0.0000
# send QUERY complete successful
