# delta from 1679718318 to 1679718379 at 1679718379
22        CFR: 0 1679718378 1796
3         PRD
108       CFEngine Execution (policy filename: '/var/cfengine/inputs/update.cf'),0.034004,0.332841,0.330273,1679718376
60        Packing reports: delta,0.028702,0.082379,0.082346,1679718319
83        Sample(/proc/sys/kernel/random/entropy_avail),0.004804,0.002308,0.002305,1679718350
3         EXS
16        f,285,1679717706
3         MOM
15        M:entropy_avail
38        1493 3780.0000 2646.0000 0.0000 0.0000
12        M:mem_cached
41        1493 2180.5703 1526.3992 1824.3960 0.0000
10        M:mem_free
39        1493 12215.5547 8550.8883 0.0000 0.0000
11        M:mem_total
40        1493 14863.5820 10404.5074 0.0000 0.0000
16        M:io_writtendata
32        1493 1.1143 0.7800 0.9323 0.0000
11        M:io_writes
35        1493 16.0000 11.2000 13.3866 0.0000
6         M:cpu3
32        1493 0.3200 0.2240 0.2677 0.0000
6         M:cpu2
32        1493 0.8258 0.5781 0.6909 0.0000
6         M:cpu1
32        1493 2.5513 1.7859 2.1346 0.0000
6         M:cpu0
32        1493 0.2801 0.1961 0.2344 0.0000
5         M:cpu
32        1493 0.9947 0.6963 0.8322 0.0000
10        M:messages
38        1493 3593.0000 2515.1000 0.0000 0.0000
8         M:ssh_in
32        1493 2.0000 1.4000 1.6733 0.0000
13        M:cfengine_in
32        1493 1.0000 0.7000 0.8367 0.0000
10        M:diskfree
35        1493 73.0000 51.1000 61.0762 0.0000
12        M:otherprocs
32        1493 4.0000 2.8000 3.3466 0.0000
11        M:rootprocs
36        1493 115.0000 80.5000 96.2159 0.0000
7         M:users
32        1493 5.0000 3.5000 4.1833 0.0000
3         MOY
15        M:entropy_avail
39        155 3652.0000 3350.2000 848.4657 0.0000
12        M:mem_cached
39        155 1334.7988 1211.0830 461.7662 0.0000
16        M:io_writtendata
31        155 0.3193 0.3388 0.1251 0.0000
11        M:io_writes
31        155 7.0000 6.7900 1.8724 0.0000
6         M:cpu3
31        155 0.5030 0.6454 0.9539 0.0000
6         M:cpu2
31        155 0.3231 0.4795 0.7447 0.0000
6         M:cpu1
31        155 0.5199 0.5004 0.4890 0.0000
6         M:cpu0
31        155 1.3187 1.3763 1.9682 0.0000
5         M:cpu
31        155 0.6679 0.7515 1.0018 0.0000
10        M:messages
37        155 330.0000 957.9150 581.6704 0.0000
8         M:ssh_in
31        155 2.0000 1.8200 0.6000 0.0000
13        M:cfengine_in
31        155 1.0000 0.9100 0.3000 0.0000
9         M:loadavg
31        155 0.0350 0.0350 0.0597 0.0000
10        M:diskfree
34        155 80.5000 73.2550 24.2063 0.0000
12        M:otherprocs
31        155 4.0000 3.6400 1.2000 0.0000
11        M:rootprocs
36        155 113.0000 102.8300 33.9013 0.0000
7         M:users
31        155 5.0000 4.5500 1.5000 0.0000
# send QUERY complete successful
