# delta from 1679682078 to 1679682139 at 1679682139
22        CFR: 0 1679682138 1883
3         PRD
108       CFEngine Execution (policy filename: '/var/cfengine/inputs/update.cf'),0.040693,0.336245,0.334226,1679682091
60        Packing reports: delta,0.021839,0.047694,0.048608,1679682079
83        Sample(/proc/sys/kernel/random/entropy_avail),0.004847,0.002350,0.002316,1679682138
3         EXS
16        f,424,1679681838
3         MOM
15        M:entropy_avail
38        1372 3780.0000 2646.0000 0.0000 0.0000
12        M:mem_cached
41        1372 2026.9453 1418.8617 1695.8641 0.0000
10        M:mem_free
39        1372 12376.2773 8663.3941 0.0000 0.0000
11        M:mem_total
40        1372 14863.5820 10404.5074 0.0000 0.0000
16        M:io_writtendata
32        1372 0.5264 0.3685 0.4404 0.0000
11        M:io_writes
32        1372 8.0000 5.6000 6.6933 0.0000
6         M:cpu3
32        1372 0.9799 0.6860 0.8199 0.0000
6         M:cpu2
32        1372 0.3601 0.2521 0.3013 0.0000
6         M:cpu1
32        1372 1.0057 0.7040 0.8414 0.0000
6         M:cpu0
32        1372 1.1522 0.8065 0.9640 0.0000
5         M:cpu
32        1372 0.8746 0.6122 0.7318 0.0000
10        M:messages
41        1372 2546.0000 1782.2000 2130.1364 0.0000
8         M:ssh_in
32        1372 2.0000 1.4000 1.6733 0.0000
14        M:cfengine_out
32        1372 1.0000 0.7000 0.8367 0.0000
13        M:cfengine_in
32        1372 1.0000 0.7000 0.8367 0.0000
9         M:loadavg
32        1372 0.1400 0.0980 0.1171 0.0000
10        M:diskfree
35        1372 74.0000 51.8000 61.9128 0.0000
12        M:otherprocs
32        1372 4.0000 2.8000 3.3466 0.0000
11        M:rootprocs
36        1372 119.0000 83.3000 99.5625 0.0000
7         M:users
32        1372 5.0000 3.5000 4.1833 0.0000
3         MOY
15        M:entropy_avail
39        155 3652.0000 3350.2000 848.4657 0.0000
12        M:mem_cached
39        155 1334.7988 1211.0830 461.7662 0.0000
16        M:io_writtendata
31        155 0.3193 0.3388 0.1251 0.0000
11        M:io_writes
31        155 7.0000 6.7900 1.8724 0.0000
6         M:cpu3
31        155 0.5030 0.6454 0.9539 0.0000
6         M:cpu2
31        155 0.3231 0.4795 0.7447 0.0000
6         M:cpu1
31        155 0.5199 0.5004 0.4890 0.0000
6         M:cpu0
31        155 1.3187 1.3763 1.9682 0.0000
5         M:cpu
31        155 0.6679 0.7515 1.0018 0.0000
10        M:messages
37        155 330.0000 957.9150 581.6704 0.0000
8         M:ssh_in
31        155 2.0000 1.8200 0.6000 0.0000
13        M:cfengine_in
31        155 1.0000 0.9100 0.3000 0.0000
9         M:loadavg
31        155 0.0350 0.0350 0.0597 0.0000
10        M:diskfree
34        155 80.5000 73.2550 24.2063 0.0000
12        M:otherprocs
31        155 4.0000 3.6400 1.2000 0.0000
11        M:rootprocs
36        155 113.0000 102.8300 33.9013 0.0000
7         M:users
31        155 5.0000 4.5500 1.5000 0.0000
# send QUERY complete successful
