# delta from 1679701158 to 1679701219 at 1679701219
22        CFR: 0 1679701218 1646
3         PRD
60        Packing reports: delta,0.016495,0.027209,0.028039,1679701159
3         EXS
16        f,121,1679700632
3         MOM
15        M:entropy_avail
41        1435 4036.0000 3619.0000 1162.9574 0.0000
12        M:mem_cached
40        1435 2077.4766 1890.4766 623.3332 0.0000
10        M:mem_free
38        1435 8657.3840 8657.3840 0.0000 0.0000
11        M:mem_total
40        1435 10404.5074 10404.5074 0.0000 0.0000
16        M:io_writtendata
32        1435 0.0547 0.0438 0.0326 0.0000
11        M:io_writes
32        1435 2.0000 1.8200 0.6000 0.0000
6         M:cpu3
32        1435 1.3194 0.9502 1.0314 0.0000
6         M:cpu2
32        1435 0.4064 0.3111 0.2721 0.0000
6         M:cpu1
32        1435 1.8454 1.3016 1.5168 0.0000
6         M:cpu0
32        1435 0.7666 0.5772 0.5357 0.0000
5         M:cpu
32        1435 1.0861 0.7869 0.8366 0.0000
10        M:messages
39        1435 169.0000 652.9600 1784.0780 0.0000
8         M:ssh_in
32        1435 2.0000 1.8200 0.6000 0.0000
13        M:cfengine_in
32        1435 1.0000 0.9100 0.3000 0.0000
9         M:loadavg
32        1435 0.0400 0.0280 0.0335 0.0000
10        M:diskfree
35        1435 74.0000 67.3400 22.2000 0.0000
12        M:otherprocs
32        1435 4.0000 3.6400 1.2000 0.0000
11        M:rootprocs
37        1435 111.0000 101.2200 32.6000 0.0000
7         M:users
32        1435 5.0000 4.5500 1.5000 0.0000
3         MOY
15        M:entropy_avail
39        155 3652.0000 3350.2000 848.4657 0.0000
12        M:mem_cached
39        155 1334.7988 1211.0830 461.7662 0.0000
16        M:io_writtendata
31        155 0.3193 0.3388 0.1251 0.0000
11        M:io_writes
31        155 7.0000 6.7900 1.8724 0.0000
6         M:cpu3
31        155 0.5030 0.6454 0.9539 0.0000
6         M:cpu2
31        155 0.3231 0.4795 0.7447 0.0000
6         M:cpu1
31        155 0.5199 0.5004 0.4890 0.0000
6         M:cpu0
31        155 1.3187 1.3763 1.9682 0.0000
5         M:cpu
31        155 0.6679 0.7515 1.0018 0.0000
10        M:messages
37        155 330.0000 957.9150 581.6704 0.0000
8         M:ssh_in
31        155 2.0000 1.8200 0.6000 0.0000
13        M:cfengine_in
31        155 1.0000 0.9100 0.3000 0.0000
9         M:loadavg
31        155 0.0350 0.0350 0.0597 0.0000
10        M:diskfree
34        155 80.5000 73.2550 24.2063 0.0000
12        M:otherprocs
31        155 4.0000 3.6400 1.2000 0.0000
11        M:rootprocs
36        155 113.0000 102.8300 33.9013 0.0000
7         M:users
31        155 5.0000 4.5500 1.5000 0.0000
# send QUERY complete successful
