# delta from 1679673558 to 1679673619 at 1679673619
22        CFR: 0 1679673618 1781
3         PRD
60        Packing reports: delta,0.055959,0.072198,0.009110,1679673559
83        Sample(/proc/sys/kernel/random/entropy_avail),0.005079,0.002579,0.002570,1679673573
3         EXS
16        f,258,1679673470
3         MOM
15        M:entropy_avail
40        1343 3780.0000 3439.8000 948.7725 0.0000
12        M:mem_cached
40        1343 2002.8164 1824.2134 595.3434 0.0000
10        M:mem_free
40        1343 12423.9375 11301.5684 0.0000 0.0000
11        M:mem_total
40        1343 14863.5820 13525.8596 0.0000 0.0000
16        M:io_writtendata
32        1343 1.7568 1.3969 1.0680 0.0000
11        M:io_writes
35        1343 20.0000 16.1000 11.8025 0.0000
6         M:cpu3
32        1343 2.2403 1.6648 1.6187 0.0000
6         M:cpu2
32        1343 3.6314 2.6092 2.8547 0.0000
6         M:cpu1
32        1343 2.0799 1.5678 1.4487 0.0000
6         M:cpu0
32        1343 3.3763 2.5229 2.4053 0.0000
5         M:cpu
32        1343 2.8320 2.0912 2.0796 0.0000
10        M:messages
40        1343 1254.0000 1412.4600 528.2000 0.0000
8         M:ssh_in
32        1343 2.0000 1.8200 0.6000 0.0000
14        M:cfengine_out
32        1343 0.0000 0.2100 0.7436 0.0000
13        M:cfengine_in
32        1343 1.0000 0.9100 0.3000 0.0000
9         M:loadavg
32        1343 0.0400 0.0280 0.0335 0.0000
10        M:diskfree
35        1343 75.0000 68.2500 22.5000 0.0000
12        M:otherprocs
32        1343 4.0000 3.6400 1.2000 0.0000
11        M:rootprocs
37        1343 113.0000 103.4600 31.8000 0.0000
7         M:users
32        1343 5.0000 4.5500 1.5000 0.0000
3         MOY
15        M:entropy_avail
39        155 3652.0000 3350.2000 848.4657 0.0000
12        M:mem_cached
39        155 1325.6133 1202.9637 456.9957 0.0000
16        M:io_writtendata
31        155 0.5635 0.6041 0.1406 0.0000
11        M:io_writes
31        155 9.0000 9.2400 0.8944 0.0000
6         M:cpu3
31        155 0.4633 0.6694 0.9253 0.0000
6         M:cpu2
31        155 0.4062 0.7013 0.9862 0.0000
6         M:cpu1
31        155 0.3499 0.4373 0.3399 0.0000
6         M:cpu0
31        155 0.6230 0.9474 1.6164 0.0000
5         M:cpu
31        155 0.4614 0.6889 0.9174 0.0000
10        M:messages
38        155 367.5000 1042.5450 625.0224 0.0000
8         M:ssh_in
31        155 2.0000 1.8200 0.6000 0.0000
13        M:cfengine_in
31        155 1.0000 0.9100 0.3000 0.0000
9         M:loadavg
31        155 0.0450 0.0504 0.0510 0.0000
10        M:diskfree
34        155 80.5000 73.2550 24.2063 0.0000
12        M:otherprocs
31        155 4.0000 3.6400 1.2000 0.0000
11        M:rootprocs
36        155 112.5000 102.5850 33.0700 0.0000
7         M:users
31        155 5.0000 4.5500 1.5000 0.0000
# send QUERY complete successful
