# delta from 1679707698 to 1679707760 at 1679707760
22        CFR: 0 1679707759 2027
3         PRD
60        Packing reports: delta,0.020975,0.043996,0.044655,1679707699
3         EXS
15        f,66,1679707318
3         MOM
15        M:entropy_avail
41        1457 4036.0000 3619.0000 1162.9574 0.0000
12        M:mem_cached
40        1457 2118.6133 1924.1720 648.1375 0.0000
10        M:mem_free
40        1457 12303.1016 11204.2454 0.0000 0.0000
11        M:mem_total
40        1457 14863.5820 13525.8596 0.0000 0.0000
16        M:io_writtendata
32        1457 0.3115 0.2222 0.2494 0.0000
11        M:io_writes
32        1457 6.0000 4.6200 3.9563 0.0000
6         M:cpu3
32        1457 0.9328 0.6782 0.7123 0.0000
6         M:cpu2
32        1457 0.7660 0.5543 0.5915 0.0000
6         M:cpu1
32        1457 2.6651 1.8921 2.1564 0.0000
6         M:cpu0
32        1457 0.2999 0.2449 0.1713 0.0000
5         M:cpu
32        1457 1.1611 0.8393 0.8992 0.0000
10        M:messages
39        1457 169.0000 652.9600 1784.0780 0.0000
8         M:ssh_in
32        1457 2.0000 1.8200 0.6000 0.0000
13        M:cfengine_in
32        1457 1.0000 0.9100 0.3000 0.0000
9         M:loadavg
32        1457 0.0300 0.0210 0.0251 0.0000
10        M:diskfree
35        1457 74.0000 67.3400 22.2000 0.0000
12        M:otherprocs
32        1457 4.0000 3.6400 1.2000 0.0000
11        M:rootprocs
37        1457 113.0000 101.9900 36.7000 0.0000
7         M:users
32        1457 5.0000 4.5500 1.5000 0.0000
3         MOY
15        M:entropy_avail
39        155 3652.0000 3350.2000 848.4657 0.0000
12        M:mem_cached
39        155 1334.7988 1211.0830 461.7662 0.0000
16        M:io_writtendata
31        155 0.3193 0.3388 0.1251 0.0000
11        M:io_writes
31        155 7.0000 6.7900 1.8724 0.0000
6         M:cpu3
31        155 0.5030 0.6454 0.9539 0.0000
6         M:cpu2
31        155 0.3231 0.4795 0.7447 0.0000
6         M:cpu1
31        155 0.5199 0.5004 0.4890 0.0000
6         M:cpu0
31        155 1.3187 1.3763 1.9682 0.0000
5         M:cpu
31        155 0.6679 0.7515 1.0018 0.0000
10        M:messages
37        155 330.0000 957.9150 581.6704 0.0000
8         M:ssh_in
31        155 2.0000 1.8200 0.6000 0.0000
13        M:cfengine_in
31        155 1.0000 0.9100 0.3000 0.0000
9         M:loadavg
31        155 0.0350 0.0350 0.0597 0.0000
10        M:diskfree
34        155 80.5000 73.2550 24.2063 0.0000
12        M:otherprocs
31        155 4.0000 3.6400 1.2000 0.0000
11        M:rootprocs
36        155 113.0000 102.8300 33.9013 0.0000
7         M:users
31        155 5.0000 4.5500 1.5000 0.0000
3         PLG
377       1679707699,bb30e433c50518e12b4a89114cfa9aae6e780cc296fcc0eb07ebada8781cb2ea,/var/cfengine/inputs/services/cfbs/churn_local_users.cf,35918a18f3f028e3a16776f9d73c3e66ccce4a02,114,default,churn_local_users,users,chewbacca,/default/churn_local_users/users/'chewbacca'[3],,[],"[""Removed user 'chewbacca'""]",10,SHA=66aec41141537e4570d6a74066d87b0a9129cc05975edb37015fa542e617fbd4

# send QUERY complete successful
