# delta from 1679730198 to 1679730259 at 1679730259
22        CFR: 0 1679730258 1732
3         PRD
60        Packing reports: delta,0.019105,0.036499,0.036834,1679730199
83        Sample(/proc/sys/kernel/random/entropy_avail),0.004779,0.002284,0.002439,1679730222
3         EXS
16        f,212,1679730013
3         MOM
15        M:entropy_avail
41        1532 4036.0000 3619.0000 1162.9574 0.0000
12        M:mem_cached
40        1532 2191.3164 1995.9125 651.3465 0.0000
10        M:mem_free
40        1532 12218.4141 11123.0314 0.0000 0.0000
11        M:mem_total
40        1532 14863.5820 13525.8596 0.0000 0.0000
16        M:io_writtendata
32        1532 0.0615 0.2779 0.7916 0.0000
11        M:io_writes
32        1532 4.0000 5.7400 5.8000 0.0000
6         M:cpu3
32        1532 0.8996 0.7306 0.5203 0.0000
6         M:cpu2
32        1532 0.9861 0.8567 0.4314 0.0000
6         M:cpu1
32        1532 1.8927 1.3990 1.3862 0.0000
6         M:cpu0
32        1532 0.6394 0.5106 0.3847 0.0000
5         M:cpu
32        1532 1.1011 0.8726 0.6750 0.0000
10        M:messages
39        1532 169.0000 817.1800 1807.6877 0.0000
8         M:ssh_in
33        1532 13.0000 9.7300 9.2226 0.0000
13        M:cfengine_in
32        1532 1.0000 0.9100 0.3000 0.0000
9         M:loadavg
32        1532 0.0300 0.0210 0.0251 0.0000
10        M:diskfree
35        1532 73.0000 66.4300 21.9000 0.0000
12        M:otherprocs
32        1532 7.0000 5.7400 3.9633 0.0000
11        M:rootprocs
37        1532 115.0000 103.1800 39.4000 0.0000
7         M:users
32        1532 6.0000 5.2500 2.5000 0.0000
3         MOY
15        M:entropy_avail
39        155 3652.0000 3350.2000 848.4657 0.0000
12        M:mem_cached
39        155 1334.7988 1211.0830 461.7662 0.0000
16        M:io_writtendata
31        155 0.3193 0.3388 0.1251 0.0000
11        M:io_writes
31        155 7.0000 6.7900 1.8724 0.0000
6         M:cpu3
31        155 0.5030 0.6454 0.9539 0.0000
6         M:cpu2
31        155 0.3231 0.4795 0.7447 0.0000
6         M:cpu1
31        155 0.5199 0.5004 0.4890 0.0000
6         M:cpu0
31        155 1.3187 1.3763 1.9682 0.0000
5         M:cpu
31        155 0.6679 0.7515 1.0018 0.0000
10        M:messages
37        155 330.0000 957.9150 581.6704 0.0000
8         M:ssh_in
31        155 2.0000 1.8200 0.6000 0.0000
13        M:cfengine_in
31        155 1.0000 0.9100 0.3000 0.0000
9         M:loadavg
31        155 0.0350 0.0350 0.0597 0.0000
10        M:diskfree
34        155 80.5000 73.2550 24.2063 0.0000
12        M:otherprocs
31        155 4.0000 3.6400 1.2000 0.0000
11        M:rootprocs
36        155 113.0000 102.8300 33.9013 0.0000
7         M:users
31        155 5.0000 4.5500 1.5000 0.0000
# send QUERY complete successful
