# delta from 1679757383 to 1679757444 at 1679757444
22        CFR: 0 1679757443 1883
3         PRD
108       CFEngine Execution (policy filename: '/var/cfengine/inputs/update.cf'),0.048167,0.331953,0.333997,1679757393
60        Packing reports: delta,0.021487,0.046169,0.045909,1679757384
83        Sample(/proc/sys/kernel/random/entropy_avail),0.004816,0.002319,0.002303,1679757424
3         EXS
16        f,156,1679757357
3         MOM
15        M:entropy_avail
38        1623 3780.0000 2646.0000 0.0000 0.0000
12        M:mem_cached
41        1623 2294.6055 1606.2238 1919.8047 0.0000
10        M:mem_free
39        1623 12117.4688 8482.2281 0.0000 0.0000
11        M:mem_total
40        1623 14863.5820 10404.5074 0.0000 0.0000
16        M:io_writtendata
32        1623 1.1602 0.8121 0.9707 0.0000
11        M:io_writes
35        1623 16.0000 11.2000 13.3866 0.0000
6         M:cpu3
32        1623 1.4327 1.0029 1.1987 0.0000
6         M:cpu2
32        1623 1.0199 0.7140 0.8533 0.0000
6         M:cpu1
32        1623 1.7056 1.1940 1.4270 0.0000
6         M:cpu0
32        1623 0.6728 0.4710 0.5629 0.0000
5         M:cpu
32        1623 1.2078 0.8455 1.0105 0.0000
10        M:messages
38        1623 3565.0000 2495.5000 0.0000 0.0000
8         M:ssh_in
32        1623 2.0000 1.4000 1.6733 0.0000
14        M:cfengine_out
32        1623 1.0000 0.7000 0.8367 0.0000
13        M:cfengine_in
32        1623 1.0000 0.7000 0.8367 0.0000
9         M:loadavg
32        1623 0.1900 0.1330 0.1590 0.0000
10        M:diskfree
35        1623 72.0000 50.4000 60.2395 0.0000
12        M:otherprocs
32        1623 4.0000 2.8000 3.3466 0.0000
11        M:rootprocs
36        1623 115.0000 80.5000 96.2159 0.0000
7         M:users
32        1623 5.0000 3.5000 4.1833 0.0000
3         MOY
15        M:entropy_avail
39        155 3652.0000 3350.2000 848.4657 0.0000
12        M:mem_cached
39        155 1334.7988 1211.0830 461.7662 0.0000
16        M:io_writtendata
31        155 0.3193 0.3388 0.1251 0.0000
11        M:io_writes
31        155 7.0000 6.7900 1.8724 0.0000
6         M:cpu3
31        155 0.5030 0.6454 0.9539 0.0000
6         M:cpu2
31        155 0.3231 0.4795 0.7447 0.0000
6         M:cpu1
31        155 0.5199 0.5004 0.4890 0.0000
6         M:cpu0
31        155 1.3187 1.3763 1.9682 0.0000
5         M:cpu
31        155 0.6679 0.7515 1.0018 0.0000
10        M:messages
37        155 330.0000 957.9150 581.6704 0.0000
8         M:ssh_in
31        155 2.0000 1.8200 0.6000 0.0000
13        M:cfengine_in
31        155 1.0000 0.9100 0.3000 0.0000
9         M:loadavg
31        155 0.0350 0.0350 0.0597 0.0000
10        M:diskfree
34        155 80.5000 73.2550 24.2063 0.0000
12        M:otherprocs
31        155 4.0000 3.6400 1.2000 0.0000
11        M:rootprocs
36        155 113.0000 102.8300 33.9013 0.0000
7         M:users
31        155 5.0000 4.5500 1.5000 0.0000
# send QUERY complete successful
