# delta from 1679719399 to 1679719459 at 1679719459
22        CFR: 0 1679719458 1734
3         PRD
60        Packing reports: delta,0.029598,0.087605,0.088570,1679719400
83        Sample(/proc/sys/kernel/random/entropy_avail),0.004781,0.002286,0.002224,1679719402
3         EXS
16        f,135,1679719335
3         MOM
15        M:entropy_avail
41        1496 4036.0000 3619.0000 1162.9574 0.0000
12        M:mem_cached
40        1496 2160.0508 1968.6830 637.8926 0.0000
10        M:mem_free
40        1496 12282.0156 11172.8263 0.0000 0.0000
11        M:mem_total
40        1496 14863.5820 13525.8596 0.0000 0.0000
16        M:io_writtendata
32        1496 0.8799 0.8034 0.2551 0.0000
11        M:io_writes
34        1496 12.0000 11.3400 2.2000 0.0000
6         M:cpu3
32        1496 1.3337 1.2471 0.2885 0.0000
6         M:cpu2
32        1496 0.9658 0.9559 0.0327 0.0000
6         M:cpu1
32        1496 1.3859 1.9500 1.8801 0.0000
6         M:cpu0
32        1496 0.9734 0.9348 0.1286 0.0000
5         M:cpu
32        1496 1.1647 1.2716 0.3565 0.0000
10        M:messages
41        1496 1263.0000 1774.0800 1425.3340 0.0000
8         M:ssh_in
32        1496 2.0000 1.8200 0.6000 0.0000
13        M:cfengine_in
32        1496 1.0000 0.9100 0.3000 0.0000
9         M:loadavg
32        1496 0.0600 0.0840 0.0800 0.0000
10        M:diskfree
35        1496 73.0000 66.4300 21.9000 0.0000
12        M:otherprocs
32        1496 4.0000 3.6400 1.2000 0.0000
11        M:rootprocs
36        1496 109.0000 99.8200 30.6000 0.0000
7         M:users
32        1496 5.0000 4.5500 1.5000 0.0000
3         MOY
15        M:entropy_avail
39        155 3652.0000 3350.2000 848.4657 0.0000
12        M:mem_cached
39        155 1334.7988 1211.0830 461.7662 0.0000
16        M:io_writtendata
31        155 0.3193 0.3388 0.1251 0.0000
11        M:io_writes
31        155 7.0000 6.7900 1.8724 0.0000
6         M:cpu3
31        155 0.5030 0.6454 0.9539 0.0000
6         M:cpu2
31        155 0.3231 0.4795 0.7447 0.0000
6         M:cpu1
31        155 0.5199 0.5004 0.4890 0.0000
6         M:cpu0
31        155 1.3187 1.3763 1.9682 0.0000
5         M:cpu
31        155 0.6679 0.7515 1.0018 0.0000
10        M:messages
37        155 330.0000 957.9150 581.6704 0.0000
8         M:ssh_in
31        155 2.0000 1.8200 0.6000 0.0000
13        M:cfengine_in
31        155 1.0000 0.9100 0.3000 0.0000
9         M:loadavg
31        155 0.0350 0.0350 0.0597 0.0000
10        M:diskfree
34        155 80.5000 73.2550 24.2063 0.0000
12        M:otherprocs
31        155 4.0000 3.6400 1.2000 0.0000
11        M:rootprocs
36        155 113.0000 102.8300 33.9013 0.0000
7         M:users
31        155 5.0000 4.5500 1.5000 0.0000
# send QUERY complete successful
