# delta from 1679669958 to 1679670019 at 1679670019
22        CFR: 0 1679670018 1778
3         PRD
60        Packing reports: delta,0.029614,0.087697,0.087035,1679669959
83        Sample(/proc/sys/kernel/random/entropy_avail),0.004995,0.002495,0.002680,1679669967
3         EXS
16        f,195,1679669801
3         MOM
15        M:entropy_avail
40        1331 3780.0000 3439.8000 948.7725 0.0000
12        M:mem_cached
40        1331 2001.3281 1818.8732 608.1832 0.0000
10        M:mem_free
40        1331 12426.5742 11312.8189 0.0000 0.0000
11        M:mem_total
40        1331 14863.5820 13525.8596 0.0000 0.0000
16        M:io_writtendata
32        1331 0.4795 0.4347 0.1493 0.0000
11        M:io_writes
32        1331 8.0000 8.1200 0.4000 0.0000
6         M:cpu3
32        1331 1.5135 1.5301 0.0551 0.0000
6         M:cpu2
32        1331 0.3999 0.8935 1.6452 0.0000
6         M:cpu1
32        1331 1.6183 1.5260 0.3075 0.0000
6         M:cpu0
32        1331 0.6329 1.2191 1.9540 0.0000
5         M:cpu
32        1331 1.0395 1.2910 0.8381 0.0000
10        M:messages
37        1331 468.0000 1508.8500 0.0000 0.0000
8         M:ssh_in
32        1331 2.0000 1.8200 0.6000 0.0000
14        M:cfengine_out
32        1331 0.0000 0.2100 0.7436 0.0000
13        M:cfengine_in
32        1331 1.0000 0.9100 0.3000 0.0000
9         M:loadavg
32        1331 0.0300 0.0609 0.1030 0.0000
10        M:diskfree
35        1331 75.0000 68.2500 22.5000 0.0000
12        M:otherprocs
32        1331 4.0000 3.6400 1.2000 0.0000
11        M:rootprocs
37        1331 114.0000 104.3700 32.1000 0.0000
7         M:users
32        1331 5.0000 4.5500 1.5000 0.0000
3         MOY
15        M:entropy_avail
39        155 3652.0000 3350.2000 848.4657 0.0000
12        M:mem_cached
39        155 1315.7734 1198.4567 433.2226 0.0000
16        M:io_writtendata
31        155 0.7695 0.8305 0.2055 0.0000
11        M:io_writes
33        155 13.0000 12.6700 2.5495 0.0000
6         M:cpu3
31        155 1.0967 1.1038 1.2109 0.0000
6         M:cpu2
31        155 0.5861 0.7020 0.7706 0.0000
6         M:cpu1
31        155 3.5019 2.7815 3.2061 0.0000
6         M:cpu0
31        155 0.9457 1.1279 1.7377 0.0000
5         M:cpu
31        155 1.5341 1.4295 1.5096 0.0000
10        M:messages
39        155 927.0000 1573.2150 1356.1705 0.0000
8         M:ssh_in
31        155 2.0000 1.8200 0.6000 0.0000
13        M:cfengine_in
31        155 1.0000 0.9100 0.3000 0.0000
9         M:loadavg
31        155 0.0200 0.0329 0.0515 0.0000
10        M:diskfree
34        155 80.5000 73.2550 24.2063 0.0000
12        M:otherprocs
31        155 4.0000 3.6400 1.2000 0.0000
11        M:rootprocs
36        155 111.5000 102.8300 29.3820 0.0000
7         M:users
31        155 5.0000 4.5500 1.5000 0.0000
# send QUERY complete successful
