# delta from 1679679558 to 1679679619 at 1679679619
22        CFR: 0 1679679618 1774
3         PRD
60        Packing reports: delta,0.019249,0.037051,0.039668,1679679559
83        Sample(/proc/sys/kernel/random/entropy_avail),0.004939,0.002439,0.002429,1679679584
3         EXS
15        f,78,1679679365
3         MOM
15        M:entropy_avail
40        1363 3780.0000 3439.8000 948.7725 0.0000
12        M:mem_cached
40        1363 2001.5312 1823.2383 594.3098 0.0000
10        M:mem_free
38        1363 8712.9383 8712.9383 0.0000 0.0000
11        M:mem_total
40        1363 10404.5074 10404.5074 0.0000 0.0000
16        M:io_writtendata
32        1363 0.0518 0.2220 0.6244 0.0000
11        M:io_writes
32        1363 2.0000 4.3400 7.8000 0.0000
6         M:cpu3
32        1363 0.6999 0.7393 0.1313 0.0000
6         M:cpu2
32        1363 0.6393 0.7485 0.3640 0.0000
6         M:cpu1
32        1363 0.5995 1.8121 4.5463 0.0000
6         M:cpu0
32        1363 0.6465 0.6904 0.1464 0.0000
5         M:cpu
32        1363 0.6463 0.9976 1.1712 0.0000
10        M:messages
41        1363 4392.0000 3949.8900 1232.9859 0.0000
8         M:ssh_in
32        1363 2.0000 1.8200 0.6000 0.0000
14        M:cfengine_out
32        1363 0.0000 0.2100 0.7436 0.0000
13        M:cfengine_in
32        1363 1.0000 0.9100 0.3000 0.0000
9         M:loadavg
32        1363 0.0100 0.0217 0.0390 0.0000
10        M:diskfree
35        1363 75.0000 68.2500 22.5000 0.0000
12        M:otherprocs
32        1363 4.0000 3.6400 1.2000 0.0000
11        M:rootprocs
36        1363 109.0000 99.1900 32.7000 0.0000
7         M:users
32        1363 5.0000 4.5500 1.5000 0.0000
3         MOY
15        M:entropy_avail
39        155 3652.0000 3350.2000 848.4657 0.0000
12        M:mem_cached
39        155 1334.7988 1211.0830 461.7662 0.0000
16        M:io_writtendata
31        155 0.3193 0.3388 0.1251 0.0000
11        M:io_writes
31        155 7.0000 6.7900 1.8724 0.0000
6         M:cpu3
31        155 0.5030 0.6454 0.9539 0.0000
6         M:cpu2
31        155 0.3231 0.4795 0.7447 0.0000
6         M:cpu1
31        155 0.5199 0.5004 0.4890 0.0000
6         M:cpu0
31        155 1.3187 1.3763 1.9682 0.0000
5         M:cpu
31        155 0.6679 0.7515 1.0018 0.0000
10        M:messages
37        155 330.0000 957.9150 581.6704 0.0000
8         M:ssh_in
31        155 2.0000 1.8200 0.6000 0.0000
13        M:cfengine_in
31        155 1.0000 0.9100 0.3000 0.0000
9         M:loadavg
31        155 0.0350 0.0350 0.0597 0.0000
10        M:diskfree
34        155 80.5000 73.2550 24.2063 0.0000
12        M:otherprocs
31        155 4.0000 3.6400 1.2000 0.0000
11        M:rootprocs
36        155 113.0000 102.8300 33.9013 0.0000
7         M:users
31        155 5.0000 4.5500 1.5000 0.0000
# send QUERY complete successful
