# delta from 1679725518 to 1679725579 at 1679725579
22        CFR: 0 1679725578 1729
3         PRD
60        Packing reports: delta,0.013689,0.018739,0.019256,1679725519
83        Sample(/proc/sys/kernel/random/entropy_avail),0.005009,0.002509,0.002895,1679725563
3         EXS
16        f,439,1679725504
3         MOM
15        M:entropy_avail
38        1517 3780.0000 2646.0000 0.0000 0.0000
12        M:mem_cached
41        1517 2182.7695 1527.9387 1826.2360 0.0000
10        M:mem_free
39        1517 12234.5703 8564.1992 0.0000 0.0000
11        M:mem_total
40        1517 14863.5820 10404.5074 0.0000 0.0000
16        M:io_writtendata
32        1517 1.3145 0.9201 1.0998 0.0000
11        M:io_writes
35        1517 16.0000 11.2000 13.3866 0.0000
6         M:cpu3
32        1517 0.3933 0.2753 0.3290 0.0000
6         M:cpu2
32        1517 0.9260 0.6482 0.7748 0.0000
6         M:cpu1
32        1517 0.3597 0.2518 0.3010 0.0000
6         M:cpu0
32        1517 0.3732 0.2612 0.3122 0.0000
5         M:cpu
32        1517 0.5131 0.3592 0.4293 0.0000
10        M:messages
38        1517 3830.0000 2681.0000 0.0000 0.0000
8         M:ssh_in
32        1517 2.0000 1.4000 1.6733 0.0000
13        M:cfengine_in
32        1517 2.0000 1.4000 1.6733 0.0000
9         M:loadavg
32        1517 0.0300 0.0210 0.0251 0.0000
10        M:diskfree
35        1517 73.0000 51.1000 61.0762 0.0000
12        M:otherprocs
32        1517 4.0000 2.8000 3.3466 0.0000
11        M:rootprocs
36        1517 113.0000 79.1000 94.5426 0.0000
7         M:users
32        1517 5.0000 3.5000 4.1833 0.0000
3         MOY
15        M:entropy_avail
39        155 3652.0000 3350.2000 848.4657 0.0000
12        M:mem_cached
39        155 1334.7988 1211.0830 461.7662 0.0000
16        M:io_writtendata
31        155 0.3193 0.3388 0.1251 0.0000
11        M:io_writes
31        155 7.0000 6.7900 1.8724 0.0000
6         M:cpu3
31        155 0.5030 0.6454 0.9539 0.0000
6         M:cpu2
31        155 0.3231 0.4795 0.7447 0.0000
6         M:cpu1
31        155 0.5199 0.5004 0.4890 0.0000
6         M:cpu0
31        155 1.3187 1.3763 1.9682 0.0000
5         M:cpu
31        155 0.6679 0.7515 1.0018 0.0000
10        M:messages
37        155 330.0000 957.9150 581.6704 0.0000
8         M:ssh_in
31        155 2.0000 1.8200 0.6000 0.0000
13        M:cfengine_in
31        155 1.0000 0.9100 0.3000 0.0000
9         M:loadavg
31        155 0.0350 0.0350 0.0597 0.0000
10        M:diskfree
34        155 80.5000 73.2550 24.2063 0.0000
12        M:otherprocs
31        155 4.0000 3.6400 1.2000 0.0000
11        M:rootprocs
36        155 113.0000 102.8300 33.9013 0.0000
7         M:users
31        155 5.0000 4.5500 1.5000 0.0000
# send QUERY complete successful
