# delta from 1679664558 to 1679664619 at 1679664619
22        CFR: 0 1679664618 1652
3         PRD
60        Packing reports: delta,0.025714,0.066119,0.067144,1679664559
3         EXS
16        f,334,1679664538
3         MOM
15        M:entropy_avail
40        1313 3780.0000 3439.8000 948.7725 0.0000
12        M:mem_cached
40        1313 1967.8633 1792.5111 584.5074 0.0000
10        M:mem_free
40        1313 12462.5156 11339.1780 0.0000 0.0000
11        M:mem_total
40        1313 14863.5820 13525.8596 0.0000 0.0000
16        M:io_writtendata
32        1313 0.3672 0.4857 0.3950 0.0000
11        M:io_writes
33        1313 10.0000 9.9400 0.2000 0.0000
6         M:cpu3
32        1313 1.8213 1.3603 1.2991 0.0000
6         M:cpu2
32        1313 7.1933 5.1137 5.8024 0.0000
6         M:cpu1
32        1313 2.2603 1.6662 1.6670 0.0000
6         M:cpu0
32        1313 1.0799 0.9841 0.3194 0.0000
5         M:cpu
32        1313 3.0874 2.2801 2.2662 0.0000
10        M:messages
40        1313 1189.0000 1544.8300 992.3625 0.0000
8         M:ssh_in
32        1313 2.0000 1.8200 0.6000 0.0000
13        M:cfengine_in
32        1313 1.0000 0.9100 0.3000 0.0000
9         M:loadavg
32        1313 0.1200 0.0903 0.0840 0.0000
10        M:diskfree
35        1313 75.0000 68.2500 22.5000 0.0000
12        M:otherprocs
32        1313 4.0000 3.6400 1.2000 0.0000
11        M:rootprocs
37        1313 115.0000 104.4400 35.2000 0.0000
7         M:users
32        1313 5.0000 4.5500 1.5000 0.0000
3         MOY
15        M:entropy_avail
39        155 3652.0000 3350.2000 848.4657 0.0000
12        M:mem_cached
39        155 1312.2617 1194.4728 435.3217 0.0000
16        M:io_writtendata
31        155 0.8862 0.8774 0.2043 0.0000
11        M:io_writes
33        155 13.0000 12.6700 2.5495 0.0000
6         M:cpu3
31        155 0.9696 1.1437 0.9299 0.0000
6         M:cpu2
31        155 0.8699 0.9610 0.8088 0.0000
6         M:cpu1
31        155 0.9664 1.3754 1.6324 0.0000
6         M:cpu0
31        155 1.1938 1.4079 1.7498 0.0000
5         M:cpu
31        155 0.9999 1.2220 0.9130 0.0000
10        M:messages
38        155 597.5000 1441.8950 913.5387 0.0000
8         M:ssh_in
31        155 2.0000 1.8200 0.6000 0.0000
13        M:cfengine_in
31        155 1.0000 0.9100 0.3000 0.0000
9         M:loadavg
31        155 0.0250 0.0374 0.0507 0.0000
10        M:diskfree
34        155 80.5000 73.2550 24.2063 0.0000
12        M:otherprocs
31        155 4.0000 3.6400 1.2000 0.0000
11        M:rootprocs
36        155 111.0000 101.3250 32.3089 0.0000
7         M:users
31        155 5.0000 4.5500 1.5000 0.0000
# send QUERY complete successful
