# delta from 1679720298 to 1679720359 at 1679720359
22        CFR: 0 1679720358 2095
3         PRD
60        Packing reports: delta,0.029994,0.089965,0.090878,1679720299
83        Sample(/proc/sys/kernel/random/entropy_avail),0.004710,0.002219,0.002200,1679720303
3         EXS
16        f,573,1679720096
3         MOM
15        M:entropy_avail
41        1499 4036.0000 3619.0000 1162.9574 0.0000
12        M:mem_cached
40        1499 2190.2422 1988.9196 671.0754 0.0000
10        M:mem_free
38        1499 8572.0988 8572.0988 0.0000 0.0000
11        M:mem_total
40        1499 10404.5074 10404.5074 0.0000 0.0000
16        M:io_writtendata
32        1499 0.5664 0.6733 0.3564 0.0000
11        M:io_writes
34        1499 10.0000 10.3600 1.2000 0.0000
6         M:cpu3
32        1499 1.3006 0.9818 0.9026 0.0000
6         M:cpu2
32        1499 1.1264 1.6761 1.8323 0.0000
6         M:cpu1
32        1499 1.9121 1.9710 0.1966 0.0000
6         M:cpu0
32        1499 0.7994 0.7261 0.2441 0.0000
5         M:cpu
32        1499 1.2863 1.3396 0.1778 0.0000
10        M:messages
40        1499 443.0000 1130.7800 1918.1268 0.0000
8         M:ssh_in
32        1499 2.0000 1.8200 0.6000 0.0000
13        M:cfengine_in
32        1499 1.0000 0.9100 0.3000 0.0000
9         M:loadavg
32        1499 0.1100 0.0896 0.0632 0.0000
10        M:diskfree
35        1499 73.0000 66.4300 21.9000 0.0000
12        M:otherprocs
32        1499 4.0000 3.6400 1.2000 0.0000
11        M:rootprocs
37        1499 117.0000 105.6300 37.9000 0.0000
7         M:users
32        1499 5.0000 4.5500 1.5000 0.0000
3         MOY
15        M:entropy_avail
39        155 3652.0000 3350.2000 848.4657 0.0000
12        M:mem_cached
39        155 1334.7988 1211.0830 461.7662 0.0000
16        M:io_writtendata
31        155 0.3193 0.3388 0.1251 0.0000
11        M:io_writes
31        155 7.0000 6.7900 1.8724 0.0000
6         M:cpu3
31        155 0.5030 0.6454 0.9539 0.0000
6         M:cpu2
31        155 0.3231 0.4795 0.7447 0.0000
6         M:cpu1
31        155 0.5199 0.5004 0.4890 0.0000
6         M:cpu0
31        155 1.3187 1.3763 1.9682 0.0000
5         M:cpu
31        155 0.6679 0.7515 1.0018 0.0000
10        M:messages
37        155 330.0000 957.9150 581.6704 0.0000
8         M:ssh_in
31        155 2.0000 1.8200 0.6000 0.0000
13        M:cfengine_in
31        155 1.0000 0.9100 0.3000 0.0000
9         M:loadavg
31        155 0.0350 0.0350 0.0597 0.0000
10        M:diskfree
34        155 80.5000 73.2550 24.2063 0.0000
12        M:otherprocs
31        155 4.0000 3.6400 1.2000 0.0000
11        M:rootprocs
36        155 113.0000 102.8300 33.9013 0.0000
7         M:users
31        155 5.0000 4.5500 1.5000 0.0000
3         PLG
360       1679720323,b52cdb7c7447c8cf6201a3bd28ed50d37e9d7b6e5d7cc4192a723e0194d57b50,/var/cfengine/inputs/services/cfbs/churn_local_users.cf,35918a18f3f028e3a16776f9d73c3e66ccce4a02,114,default,churn_local_users,users,rey,/default/churn_local_users/users/'rey'[12],,[],"[""Removed user 'rey'""]",10,SHA=66aec41141537e4570d6a74066d87b0a9129cc05975edb37015fa542e617fbd4

# send QUERY complete successful
