# delta from 1679711838 to 1679711899 at 1679711899
22        CFR: 0 1679711898 1733
3         PRD
60        Packing reports: delta,0.024323,0.059160,0.059786,1679711839
83        Sample(/proc/sys/kernel/random/entropy_avail),0.005567,0.003099,0.002290,1679711889
3         EXS
16        f,221,1679711477
3         MOM
15        M:entropy_avail
41        1471 4036.0000 3619.0000 1162.9574 0.0000
12        M:mem_cached
40        1471 2141.2930 1950.8628 634.7672 0.0000
10        M:mem_free
40        1471 12257.9961 11157.2357 0.0000 0.0000
11        M:mem_total
40        1471 14863.5820 13525.8596 0.0000 0.0000
16        M:io_writtendata
32        1471 1.0205 0.8552 0.5540 0.0000
11        M:io_writes
34        1471 12.0000 10.5000 5.0000 0.0000
6         M:cpu3
32        1471 1.2069 0.8742 0.9300 0.0000
6         M:cpu2
32        1471 0.8996 0.6815 0.6186 0.0000
6         M:cpu1
32        1471 1.2852 0.9542 0.9308 0.0000
6         M:cpu0
32        1471 1.1998 0.9406 0.7556 0.0000
5         M:cpu
32        1471 1.1479 0.8626 0.8059 0.0000
10        M:messages
39        1471 169.0000 652.9600 1784.0780 0.0000
8         M:ssh_in
32        1471 2.0000 1.8200 0.6000 0.0000
13        M:cfengine_in
32        1471 1.0000 0.9100 0.3000 0.0000
9         M:loadavg
32        1471 0.0200 0.0182 0.0060 0.0000
10        M:diskfree
35        1471 73.0000 66.4300 21.9000 0.0000
12        M:otherprocs
32        1471 4.0000 3.6400 1.2000 0.0000
11        M:rootprocs
37        1471 115.0000 103.8100 37.3000 0.0000
7         M:users
32        1471 5.0000 4.5500 1.5000 0.0000
3         MOY
15        M:entropy_avail
39        155 3652.0000 3350.2000 848.4657 0.0000
12        M:mem_cached
39        155 1334.7988 1211.0830 461.7662 0.0000
16        M:io_writtendata
31        155 0.3193 0.3388 0.1251 0.0000
11        M:io_writes
31        155 7.0000 6.7900 1.8724 0.0000
6         M:cpu3
31        155 0.5030 0.6454 0.9539 0.0000
6         M:cpu2
31        155 0.3231 0.4795 0.7447 0.0000
6         M:cpu1
31        155 0.5199 0.5004 0.4890 0.0000
6         M:cpu0
31        155 1.3187 1.3763 1.9682 0.0000
5         M:cpu
31        155 0.6679 0.7515 1.0018 0.0000
10        M:messages
37        155 330.0000 957.9150 581.6704 0.0000
8         M:ssh_in
31        155 2.0000 1.8200 0.6000 0.0000
13        M:cfengine_in
31        155 1.0000 0.9100 0.3000 0.0000
9         M:loadavg
31        155 0.0350 0.0350 0.0597 0.0000
10        M:diskfree
34        155 80.5000 73.2550 24.2063 0.0000
12        M:otherprocs
31        155 4.0000 3.6400 1.2000 0.0000
11        M:rootprocs
36        155 113.0000 102.8300 33.9013 0.0000
7         M:users
31        155 5.0000 4.5500 1.5000 0.0000
# send QUERY complete successful
