# delta from 1679759664 to 1679759724 at 1679759724
22        CFR: 0 1679759723 1777
3         PRD
60        Packing reports: delta,0.023430,0.054896,0.055640,1679759665
83        Sample(/proc/sys/kernel/random/entropy_avail),0.004861,0.002363,0.002297,1679759678
3         EXS
16        f,142,1679759390
3         MOM
15        M:entropy_avail
41        1630 4036.0000 3619.0000 1162.9574 0.0000
12        M:mem_cached
40        1630 2302.1680 2093.1034 696.8820 0.0000
10        M:mem_free
38        1630 8483.9316 8483.9316 0.0000 0.0000
11        M:mem_total
40        1630 10404.5074 10404.5074 0.0000 0.0000
16        M:io_writtendata
32        1630 1.1035 0.8918 0.6453 0.0000
11        M:io_writes
34        1630 14.0000 11.9000 7.4364 0.0000
6         M:cpu3
32        1630 0.5001 0.9341 1.4467 0.0000
6         M:cpu2
32        1630 0.2998 0.5318 0.7731 0.0000
6         M:cpu1
32        1630 1.2453 1.6007 1.1849 0.0000
6         M:cpu0
32        1630 0.2599 0.9070 2.3998 0.0000
5         M:cpu
32        1630 0.5764 0.9931 1.3891 0.0000
10        M:messages
39        1630 169.0000 881.4400 1986.9002 0.0000
8         M:ssh_in
32        1630 2.0000 1.8200 0.6000 0.0000
14        M:cfengine_out
32        1630 0.0000 0.2100 0.7436 0.0000
13        M:cfengine_in
32        1630 1.0000 0.9100 0.3000 0.0000
9         M:loadavg
32        1630 0.0400 0.0469 0.0230 0.0000
10        M:diskfree
35        1630 72.0000 65.5200 21.6000 0.0000
12        M:otherprocs
32        1630 4.0000 3.6400 1.2000 0.0000
11        M:rootprocs
37        1630 111.0000 101.4300 31.9000 0.0000
7         M:users
32        1630 5.0000 4.5500 1.5000 0.0000
3         MOY
15        M:entropy_avail
39        155 3652.0000 3350.2000 848.4657 0.0000
12        M:mem_cached
39        155 1334.7988 1211.0830 461.7662 0.0000
16        M:io_writtendata
31        155 0.3193 0.3388 0.1251 0.0000
11        M:io_writes
31        155 7.0000 6.7900 1.8724 0.0000
6         M:cpu3
31        155 0.5030 0.6454 0.9539 0.0000
6         M:cpu2
31        155 0.3231 0.4795 0.7447 0.0000
6         M:cpu1
31        155 0.5199 0.5004 0.4890 0.0000
6         M:cpu0
31        155 1.3187 1.3763 1.9682 0.0000
5         M:cpu
31        155 0.6679 0.7515 1.0018 0.0000
10        M:messages
37        155 330.0000 957.9150 581.6704 0.0000
8         M:ssh_in
31        155 2.0000 1.8200 0.6000 0.0000
13        M:cfengine_in
31        155 1.0000 0.9100 0.3000 0.0000
9         M:loadavg
31        155 0.0350 0.0350 0.0597 0.0000
10        M:diskfree
34        155 80.5000 73.2550 24.2063 0.0000
12        M:otherprocs
31        155 4.0000 3.6400 1.2000 0.0000
11        M:rootprocs
36        155 113.0000 102.8300 33.9013 0.0000
7         M:users
31        155 5.0000 4.5500 1.5000 0.0000
# send QUERY complete successful
