# delta from 1679706198 to 1679706259 at 1679706259
22        CFR: 0 1679706258 2081
3         PRD
60        Packing reports: delta,0.019520,0.038104,0.038898,1679706199
3         EXS
16        f,122,1679705737
3         MOM
15        M:entropy_avail
41        1452 4036.0000 3619.0000 1162.9574 0.0000
12        M:mem_cached
40        1452 2112.2852 1922.1541 633.7703 0.0000
10        M:mem_free
38        1452 8617.4812 8617.4812 0.0000 0.0000
11        M:mem_total
40        1452 10404.5074 10404.5074 0.0000 0.0000
16        M:io_writtendata
32        1452 0.8789 0.7096 0.5152 0.0000
11        M:io_writes
33        1452 10.0000 9.1000 3.0000 0.0000
6         M:cpu3
32        1452 0.4731 0.3745 0.2907 0.0000
6         M:cpu2
32        1452 0.5199 0.4325 0.2860 0.0000
6         M:cpu1
32        1452 1.5530 1.1907 1.0355 0.0000
6         M:cpu0
32        1452 0.9133 0.7107 0.5862 0.0000
5         M:cpu
32        1452 0.8648 0.6767 0.5471 0.0000
10        M:messages
37        1452 0.0000 534.6600 1893.3067 0.0000
8         M:ssh_in
32        1452 2.0000 1.8200 0.6000 0.0000
14        M:cfengine_out
32        1452 1.0000 0.7000 0.8367 0.0000
13        M:cfengine_in
32        1452 1.0000 0.9100 0.3000 0.0000
9         M:loadavg
32        1452 0.0600 0.0420 0.0502 0.0000
10        M:diskfree
35        1452 74.0000 67.3400 22.2000 0.0000
12        M:otherprocs
32        1452 4.0000 3.6400 1.2000 0.0000
11        M:rootprocs
37        1452 117.0000 105.2100 39.3000 0.0000
7         M:users
32        1452 5.0000 4.5500 1.5000 0.0000
3         MOY
15        M:entropy_avail
39        155 3652.0000 3350.2000 848.4657 0.0000
12        M:mem_cached
39        155 1334.7988 1211.0830 461.7662 0.0000
16        M:io_writtendata
31        155 0.3193 0.3388 0.1251 0.0000
11        M:io_writes
31        155 7.0000 6.7900 1.8724 0.0000
6         M:cpu3
31        155 0.5030 0.6454 0.9539 0.0000
6         M:cpu2
31        155 0.3231 0.4795 0.7447 0.0000
6         M:cpu1
31        155 0.5199 0.5004 0.4890 0.0000
6         M:cpu0
31        155 1.3187 1.3763 1.9682 0.0000
5         M:cpu
31        155 0.6679 0.7515 1.0018 0.0000
10        M:messages
37        155 330.0000 957.9150 581.6704 0.0000
8         M:ssh_in
31        155 2.0000 1.8200 0.6000 0.0000
13        M:cfengine_in
31        155 1.0000 0.9100 0.3000 0.0000
9         M:loadavg
31        155 0.0350 0.0350 0.0597 0.0000
10        M:diskfree
34        155 80.5000 73.2550 24.2063 0.0000
12        M:otherprocs
31        155 4.0000 3.6400 1.2000 0.0000
11        M:rootprocs
36        155 113.0000 102.8300 33.9013 0.0000
7         M:users
31        155 5.0000 4.5500 1.5000 0.0000
3         PLG
387       1679706199,e2e6d4f32f029df22474ec21672b5b657148508abbd7acf549626f197a4966c3,/var/cfengine/inputs/services/cfbs/churn_local_users.cf,35918a18f3f028e3a16776f9d73c3e66ccce4a02,114,default,churn_local_users,users,darthsidious,/default/churn_local_users/users/'darthsidious'[10],,[],"[""Created user 'darthsidious'""]",10,SHA=66aec41141537e4570d6a74066d87b0a9129cc05975edb37015fa542e617fbd4

# send QUERY complete successful
