# delta from 1679671458 to 1679671519 at 1679671519
22        CFR: 0 1679671518 2202
3         PRD
60        Packing reports: delta,0.030169,0.091015,0.091529,1679671459
83        Sample(/proc/sys/kernel/random/entropy_avail),0.005057,0.002558,0.003050,1679671470
3         EXS
16        f,265,1679670894
3         MOM
15        M:entropy_avail
40        1336 3780.0000 3439.8000 948.7725 0.0000
12        M:mem_cached
40        1336 2012.2539 1829.2652 609.9625 0.0000
10        M:mem_free
40        1336 12392.1406 11283.6557 0.0000 0.0000
11        M:mem_total
40        1336 14863.5820 13525.8596 0.0000 0.0000
16        M:io_writtendata
32        1336 0.7959 0.6933 0.3420 0.0000
11        M:io_writes
33        1336 10.0000 8.6800 4.4000 0.0000
6         M:cpu3
32        1336 0.6867 0.5199 0.4730 0.0000
6         M:cpu2
32        1336 1.6396 1.2246 1.1693 0.0000
6         M:cpu1
32        1336 0.8063 0.6176 0.5389 0.0000
6         M:cpu0
32        1336 1.6869 1.2494 1.2292 0.0000
5         M:cpu
32        1336 1.2048 0.9022 0.8538 0.0000
10        M:messages
39        1336 449.0000 848.9600 1333.2000 0.0000
8         M:ssh_in
32        1336 2.0000 1.8200 0.6000 0.0000
13        M:cfengine_in
32        1336 1.0000 0.9100 0.3000 0.0000
9         M:loadavg
32        1336 0.0300 0.0315 0.0050 0.0000
10        M:diskfree
35        1336 75.0000 68.2500 22.5000 0.0000
12        M:otherprocs
32        1336 4.0000 3.6400 1.2000 0.0000
11        M:rootprocs
37        1336 117.0000 105.6300 37.9000 0.0000
7         M:users
32        1336 5.0000 4.5500 1.5000 0.0000
3         MOY
15        M:entropy_avail
39        155 3652.0000 3350.2000 848.4657 0.0000
12        M:mem_cached
39        155 1325.6133 1202.9637 456.9957 0.0000
16        M:io_writtendata
31        155 0.5635 0.6041 0.1406 0.0000
11        M:io_writes
31        155 9.0000 9.2400 0.8944 0.0000
6         M:cpu3
31        155 0.4633 0.6694 0.9253 0.0000
6         M:cpu2
31        155 0.4062 0.7013 0.9862 0.0000
6         M:cpu1
31        155 0.3499 0.4373 0.3399 0.0000
6         M:cpu0
31        155 0.6230 0.9474 1.6164 0.0000
5         M:cpu
31        155 0.4614 0.6889 0.9174 0.0000
10        M:messages
38        155 367.5000 1042.5450 625.0224 0.0000
8         M:ssh_in
31        155 2.0000 1.8200 0.6000 0.0000
13        M:cfengine_in
31        155 1.0000 0.9100 0.3000 0.0000
9         M:loadavg
31        155 0.0450 0.0504 0.0510 0.0000
10        M:diskfree
34        155 80.5000 73.2550 24.2063 0.0000
12        M:otherprocs
31        155 4.0000 3.6400 1.2000 0.0000
11        M:rootprocs
36        155 112.5000 102.5850 33.0700 0.0000
7         M:users
31        155 5.0000 4.5500 1.5000 0.0000
3         PLG
467       1679671509,a07f252e950b0884ca375311460b648661e276e6b0e103a1ff53ebc745ff42af,/var/cfengine/inputs/services/cfbs/churn_local_users.cf,35918a18f3f028e3a16776f9d73c3e66ccce4a02,110,default,churn_local_users,users,r2d2,/default/churn_local_users/users/'r2d2'[14],,[],"[""Command returned error while creating user 'r2d2'. (Command line: '/sbin/useradd -M r2d2')"",""Failed to create user 'r2d2'""]",10,SHA=66aec41141537e4570d6a74066d87b0a9129cc05975edb37015fa542e617fbd4

# send QUERY complete successful
