# delta from 1679699298 to 1679699359 at 1679699359
22        CFR: 0 1679699358 1689
3         PRD
60        Packing reports: delta,0.011296,0.012760,0.012823,1679699299
3         EXS
15        f,69,1679698974
3         MOM
15        M:entropy_avail
41        1429 4036.0000 3619.0000 1162.9574 0.0000
12        M:mem_cached
40        1429 2075.1836 1890.2513 616.4410 0.0000
10        M:mem_free
38        1429 8652.2898 8652.2898 0.0000 0.0000
11        M:mem_total
40        1429 10404.5074 10404.5074 0.0000 0.0000
16        M:io_writtendata
32        1429 0.0312 0.1359 0.3835 0.0000
11        M:io_writes
32        1429 2.0000 3.0800 3.6000 0.0000
6         M:cpu3
32        1429 0.1332 0.2080 0.2494 0.0000
6         M:cpu2
32        1429 1.2527 0.8993 0.9868 0.0000
6         M:cpu1
32        1429 0.5729 0.4892 0.3026 0.0000
6         M:cpu0
32        1429 1.0862 0.8149 0.7659 0.0000
5         M:cpu
32        1429 0.7645 0.6044 0.4713 0.0000
10        M:messages
37        1429 0.0000 647.0100 2291.1539 0.0000
8         M:ssh_in
32        1429 2.0000 1.8200 0.6000 0.0000
14        M:cfengine_out
32        1429 1.0000 0.7000 0.8367 0.0000
13        M:cfengine_in
32        1429 1.0000 0.9100 0.3000 0.0000
9         M:loadavg
32        1429 0.0400 0.0364 0.0120 0.0000
10        M:diskfree
35        1429 74.0000 67.3400 22.2000 0.0000
12        M:otherprocs
32        1429 4.0000 3.6400 1.2000 0.0000
11        M:rootprocs
37        1429 115.0000 103.8100 37.3000 0.0000
7         M:users
32        1429 5.0000 4.5500 1.5000 0.0000
3         MOY
15        M:entropy_avail
39        155 3652.0000 3350.2000 848.4657 0.0000
12        M:mem_cached
39        155 1334.7988 1211.0830 461.7662 0.0000
16        M:io_writtendata
31        155 0.3193 0.3388 0.1251 0.0000
11        M:io_writes
31        155 7.0000 6.7900 1.8724 0.0000
6         M:cpu3
31        155 0.5030 0.6454 0.9539 0.0000
6         M:cpu2
31        155 0.3231 0.4795 0.7447 0.0000
6         M:cpu1
31        155 0.5199 0.5004 0.4890 0.0000
6         M:cpu0
31        155 1.3187 1.3763 1.9682 0.0000
5         M:cpu
31        155 0.6679 0.7515 1.0018 0.0000
10        M:messages
37        155 330.0000 957.9150 581.6704 0.0000
8         M:ssh_in
31        155 2.0000 1.8200 0.6000 0.0000
13        M:cfengine_in
31        155 1.0000 0.9100 0.3000 0.0000
9         M:loadavg
31        155 0.0350 0.0350 0.0597 0.0000
10        M:diskfree
34        155 80.5000 73.2550 24.2063 0.0000
12        M:otherprocs
31        155 4.0000 3.6400 1.2000 0.0000
11        M:rootprocs
36        155 113.0000 102.8300 33.9013 0.0000
7         M:users
31        155 5.0000 4.5500 1.5000 0.0000
# send QUERY complete successful
