# delta from 1679734398 to 1679734459 at 1679734459
22        CFR: 0 1679734458 1732
3         PRD
60        Packing reports: delta,0.022904,0.052461,0.052629,1679734399
83        Sample(/proc/sys/kernel/random/entropy_avail),0.004775,0.002280,0.002318,1679734429
3         EXS
16        f,271,1679734371
3         MOM
15        M:entropy_avail
41        1546 4036.0000 3619.0000 1162.9574 0.0000
12        M:mem_cached
40        1546 2215.4883 2017.7317 659.1887 0.0000
10        M:mem_free
38        1546 8534.7117 8534.7117 0.0000 0.0000
11        M:mem_total
40        1546 10404.5074 10404.5074 0.0000 0.0000
16        M:io_writtendata
32        1546 1.2275 1.1087 0.3963 0.0000
11        M:io_writes
34        1546 16.0000 14.5600 4.8000 0.0000
6         M:cpu3
32        1546 2.5202 1.8496 1.8795 0.0000
6         M:cpu2
32        1546 1.5520 1.1997 1.0132 0.0000
6         M:cpu1
32        1546 2.8263 3.4549 2.0954 0.0000
6         M:cpu0
32        1546 1.3199 1.0485 0.8042 0.0000
5         M:cpu
32        1546 2.0561 1.8893 0.5562 0.0000
10        M:messages
40        1546 942.0000 1480.2900 1501.2191 0.0000
8         M:ssh_in
32        1546 2.0000 1.8200 0.6000 0.0000
13        M:cfengine_in
32        1546 1.0000 0.9100 0.3000 0.0000
9         M:loadavg
32        1546 0.0800 0.0623 0.0512 0.0000
10        M:diskfree
35        1546 73.0000 66.4300 21.9000 0.0000
12        M:otherprocs
32        1546 4.0000 3.6400 1.2000 0.0000
11        M:rootprocs
37        1546 113.0000 102.8300 33.9000 0.0000
7         M:users
32        1546 5.0000 4.5500 1.5000 0.0000
3         MOY
15        M:entropy_avail
39        155 3652.0000 3350.2000 848.4657 0.0000
12        M:mem_cached
39        155 1334.7988 1211.0830 461.7662 0.0000
16        M:io_writtendata
31        155 0.3193 0.3388 0.1251 0.0000
11        M:io_writes
31        155 7.0000 6.7900 1.8724 0.0000
6         M:cpu3
31        155 0.5030 0.6454 0.9539 0.0000
6         M:cpu2
31        155 0.3231 0.4795 0.7447 0.0000
6         M:cpu1
31        155 0.5199 0.5004 0.4890 0.0000
6         M:cpu0
31        155 1.3187 1.3763 1.9682 0.0000
5         M:cpu
31        155 0.6679 0.7515 1.0018 0.0000
10        M:messages
37        155 330.0000 957.9150 581.6704 0.0000
8         M:ssh_in
31        155 2.0000 1.8200 0.6000 0.0000
13        M:cfengine_in
31        155 1.0000 0.9100 0.3000 0.0000
9         M:loadavg
31        155 0.0350 0.0350 0.0597 0.0000
10        M:diskfree
34        155 80.5000 73.2550 24.2063 0.0000
12        M:otherprocs
31        155 4.0000 3.6400 1.2000 0.0000
11        M:rootprocs
36        155 113.0000 102.8300 33.9013 0.0000
7         M:users
31        155 5.0000 4.5500 1.5000 0.0000
# send QUERY complete successful
