# delta from 1679745259 to 1679745319 at 1679745319
22        CFR: 0 1679745318 1695
3         PRD
60        Packing reports: delta,0.030534,0.093232,0.092575,1679745260
3         EXS
16        f,172,1679745241
3         MOM
15        M:entropy_avail
41        1582 4036.0000 3619.0000 1162.9574 0.0000
12        M:mem_cached
40        1582 2255.5508 2052.1845 677.8875 0.0000
10        M:mem_free
38        1582 8503.9828 8503.9828 0.0000 0.0000
11        M:mem_total
40        1582 10404.5074 10404.5074 0.0000 0.0000
16        M:io_writtendata
32        1582 0.7197 0.6728 0.1564 0.0000
11        M:io_writes
34        1582 12.0000 10.9200 3.6000 0.0000
6         M:cpu3
32        1582 1.6264 1.2504 1.0767 0.0000
6         M:cpu2
32        1582 3.1654 2.3319 2.3384 0.0000
6         M:cpu1
32        1582 2.2992 1.7158 1.6435 0.0000
6         M:cpu0
32        1582 2.7350 2.0167 2.0157 0.0000
5         M:cpu
32        1582 3.3034 2.4219 2.4701 0.0000
10        M:messages
40        1582 2349.0000 2178.9600 566.8000 0.0000
8         M:ssh_in
32        1582 2.0000 1.8200 0.6000 0.0000
14        M:cfengine_out
32        1582 0.0000 0.2100 0.7436 0.0000
13        M:cfengine_in
32        1582 1.0000 0.9100 0.3000 0.0000
9         M:loadavg
32        1582 0.1500 0.1197 0.0904 0.0000
10        M:diskfree
35        1582 72.0000 65.5200 21.6000 0.0000
12        M:otherprocs
32        1582 4.0000 3.6400 1.2000 0.0000
11        M:rootprocs
37        1582 109.0000 100.6600 27.8000 0.0000
7         M:users
32        1582 5.0000 4.5500 1.5000 0.0000
3         MOY
15        M:entropy_avail
39        155 3652.0000 3350.2000 848.4657 0.0000
12        M:mem_cached
39        155 1334.7988 1211.0830 461.7662 0.0000
16        M:io_writtendata
31        155 0.3193 0.3388 0.1251 0.0000
11        M:io_writes
31        155 7.0000 6.7900 1.8724 0.0000
6         M:cpu3
31        155 0.5030 0.6454 0.9539 0.0000
6         M:cpu2
31        155 0.3231 0.4795 0.7447 0.0000
6         M:cpu1
31        155 0.5199 0.5004 0.4890 0.0000
6         M:cpu0
31        155 1.3187 1.3763 1.9682 0.0000
5         M:cpu
31        155 0.6679 0.7515 1.0018 0.0000
10        M:messages
37        155 330.0000 957.9150 581.6704 0.0000
8         M:ssh_in
31        155 2.0000 1.8200 0.6000 0.0000
13        M:cfengine_in
31        155 1.0000 0.9100 0.3000 0.0000
9         M:loadavg
31        155 0.0350 0.0350 0.0597 0.0000
10        M:diskfree
34        155 80.5000 73.2550 24.2063 0.0000
12        M:otherprocs
31        155 4.0000 3.6400 1.2000 0.0000
11        M:rootprocs
36        155 113.0000 102.8300 33.9013 0.0000
7         M:users
31        155 5.0000 4.5500 1.5000 0.0000
# send QUERY complete successful
