# delta from 1679691858 to 1679691919 at 1679691919
22        CFR: 0 1679691918 2433
3         PRD
60        Packing reports: delta,0.028932,0.083703,0.084331,1679691859
83        Sample(/proc/sys/kernel/random/entropy_avail),0.005285,0.002794,0.002789,1679691905
3         EXS
16        f,233,1679691810
3         MOM
15        M:entropy_avail
41        1404 4036.0000 3619.0000 1162.9574 0.0000
38        1405 3780.0000 2646.0000 0.0000 0.0000
12        M:mem_cached
40        1404 2060.9570 1874.9886 619.8949 0.0000
41        1405 2050.8516 1435.5961 1715.8655 0.0000
10        M:mem_free
40        1404 12369.2656 11260.1874 0.0000 0.0000
39        1405 12394.2188 8675.9531 0.0000 0.0000
11        M:mem_total
40        1404 14863.5820 13525.8596 0.0000 0.0000
40        1405 14863.5820 10404.5074 0.0000 0.0000
16        M:io_writtendata
32        1404 0.6641 0.7148 0.1692 0.0000
32        1405 0.9990 0.6993 0.8358 0.0000
11        M:io_writes
34        1404 10.0000 10.3600 1.2000 0.0000
34        1405 12.0000 8.4000 10.0399 0.0000
6         M:cpu3
32        1404 0.3868 0.4541 0.2243 0.0000
32        1405 0.9662 0.6764 0.8084 0.0000
6         M:cpu2
32        1404 0.6529 1.0393 1.2879 0.0000
32        1405 0.8132 0.5692 0.6803 0.0000
6         M:cpu1
32        1404 0.5729 0.5550 0.0595 0.0000
32        1405 7.3758 5.1631 6.1710 0.0000
6         M:cpu0
32        1404 0.3664 0.3518 0.0490 0.0000
32        1405 1.0263 0.7184 0.8586 0.0000
5         M:cpu
32        1404 0.4948 0.6001 0.3510 0.0000
32        1405 2.5445 1.7811 2.1289 0.0000
10        M:messages
40        1404 482.0000 1239.9800 2113.9052 0.0000
38        1405 3873.0000 2711.1000 0.0000 0.0000
8         M:ssh_in
32        1404 2.0000 1.8200 0.6000 0.0000
32        1405 2.0000 1.4000 1.6733 0.0000
14        M:cfengine_out
32        1404 1.0000 0.7000 0.8367 0.0000
13        M:cfengine_in
32        1404 1.0000 0.9100 0.3000 0.0000
32        1405 1.0000 0.7000 0.8367 0.0000
9         M:loadavg
32        1404 0.0600 0.0651 0.0170 0.0000
32        1405 0.0300 0.0210 0.0251 0.0000
10        M:diskfree
35        1404 74.0000 67.3400 22.2000 0.0000
35        1405 74.0000 51.8000 61.9128 0.0000
12        M:otherprocs
32        1404 4.0000 3.6400 1.2000 0.0000
32        1405 4.0000 2.8000 3.3466 0.0000
11        M:rootprocs
37        1404 115.0000 103.8100 37.3000 0.0000
36        1405 110.0000 77.0000 92.0326 0.0000
7         M:users
32        1404 5.0000 4.5500 1.5000 0.0000
32        1405 5.0000 3.5000 4.1833 0.0000
3         MOY
15        M:entropy_avail
39        155 3652.0000 3350.2000 848.4657 0.0000
12        M:mem_cached
39        155 1334.7988 1211.0830 461.7662 0.0000
16        M:io_writtendata
31        155 0.3193 0.3388 0.1251 0.0000
11        M:io_writes
31        155 7.0000 6.7900 1.8724 0.0000
6         M:cpu3
31        155 0.5030 0.6454 0.9539 0.0000
6         M:cpu2
31        155 0.3231 0.4795 0.7447 0.0000
6         M:cpu1
31        155 0.5199 0.5004 0.4890 0.0000
6         M:cpu0
31        155 1.3187 1.3763 1.9682 0.0000
5         M:cpu
31        155 0.6679 0.7515 1.0018 0.0000
10        M:messages
37        155 330.0000 957.9150 581.6704 0.0000
8         M:ssh_in
31        155 2.0000 1.8200 0.6000 0.0000
13        M:cfengine_in
31        155 1.0000 0.9100 0.3000 0.0000
9         M:loadavg
31        155 0.0350 0.0350 0.0597 0.0000
10        M:diskfree
34        155 80.5000 73.2550 24.2063 0.0000
12        M:otherprocs
31        155 4.0000 3.6400 1.2000 0.0000
11        M:rootprocs
36        155 113.0000 102.8300 33.9013 0.0000
7         M:users
31        155 5.0000 4.5500 1.5000 0.0000
# send QUERY complete successful
