# delta from 1679662818 to 1679662879 at 1679662879
21        CFR: 0 1679662878 811
3         PRD
60        Packing reports: delta,0.024517,0.060108,0.060680,1679662819
3         EXS
16        f,477,1679662660
3         MOY
15        M:entropy_avail
39        155 3652.0000 3350.2000 848.4657 0.0000
12        M:mem_cached
39        155 1310.7129 1191.0076 443.8518 0.0000
16        M:io_writtendata
31        155 0.8184 1.1056 1.2381 0.0000
11        M:io_writes
33        155 12.0000 14.2800 9.9358 0.0000
6         M:cpu3
31        155 1.3939 1.4675 1.0897 0.0000
6         M:cpu2
31        155 0.9462 1.5089 2.0483 0.0000
6         M:cpu1
31        155 0.8632 2.5510 8.5374 0.0000
6         M:cpu0
31        155 1.0199 1.5628 1.8705 0.0000
5         M:cpu
31        155 1.0566 1.7731 2.6353 0.0000
10        M:messages
41        155 13839.5000 10865.3300 347.1894 0.0000
8         M:ssh_in
31        155 2.0000 1.8200 0.6000 0.0000
13        M:cfengine_in
31        155 1.0000 0.9100 0.3000 0.0000
9         M:loadavg
31        155 0.0300 0.0546 0.0879 0.0000
10        M:diskfree
34        155 80.5000 73.2550 24.2063 0.0000
12        M:otherprocs
31        155 4.0000 3.6400 1.2000 0.0000
11        M:rootprocs
36        155 113.0000 102.8300 33.9013 0.0000
7         M:users
31        155 5.0000 4.5500 1.5000 0.0000
# send QUERY complete successful
