# delta from 1679666358 to 1679666419 at 1679666419
22        CFR: 0 1679666418 2171
3         PRD
60        Packing reports: delta,0.034822,0.121258,0.121945,1679666359
83        Sample(/proc/sys/kernel/random/entropy_avail),0.004908,0.002409,0.002363,1679666361
3         EXS
16        f,554,1679666350
3         MOM
15        M:entropy_avail
40        1319 3780.0000 3439.8000 948.7725 0.0000
12        M:mem_cached
40        1319 1987.4219 1806.4900 603.1063 0.0000
10        M:mem_free
40        1319 12440.3242 11320.2217 0.0000 0.0000
11        M:mem_total
40        1319 14863.5820 13525.8596 0.0000 0.0000
16        M:io_writtendata
32        1319 1.2871 1.0148 0.7990 0.0000
11        M:io_writes
34        1319 16.0000 12.8800 9.4420 0.0000
6         M:cpu3
32        1319 2.4148 1.8009 1.7290 0.0000
6         M:cpu2
32        1319 1.9203 1.4323 1.3743 0.0000
6         M:cpu1
32        1319 6.4174 4.6182 5.0253 0.0000
6         M:cpu0
32        1319 1.1268 0.8965 0.6839 0.0000
5         M:cpu
32        1319 2.9704 2.1874 2.1964 0.0000
10        M:messages
40        1319 1533.0000 1607.7600 249.2000 0.0000
8         M:ssh_in
32        1319 2.0000 1.8200 0.6000 0.0000
14        M:cfengine_out
32        1319 0.0000 0.2100 0.7436 0.0000
13        M:cfengine_in
32        1319 1.0000 0.9100 0.3000 0.0000
9         M:loadavg
32        1319 0.1500 0.1260 0.0811 0.0000
10        M:diskfree
35        1319 75.0000 68.2500 22.5000 0.0000
12        M:otherprocs
32        1319 4.0000 3.6400 1.2000 0.0000
11        M:rootprocs
37        1319 114.0000 104.1600 32.8000 0.0000
7         M:users
32        1319 5.0000 4.5500 1.5000 0.0000
3         MOY
15        M:entropy_avail
39        155 3652.0000 3350.2000 848.4657 0.0000
12        M:mem_cached
39        155 1312.2617 1194.4728 435.3217 0.0000
16        M:io_writtendata
31        155 0.8862 0.8774 0.2043 0.0000
11        M:io_writes
33        155 13.0000 12.6700 2.5495 0.0000
6         M:cpu3
31        155 0.9696 1.1437 0.9299 0.0000
6         M:cpu2
31        155 0.8699 0.9610 0.8088 0.0000
6         M:cpu1
31        155 0.9664 1.3754 1.6324 0.0000
6         M:cpu0
31        155 1.1938 1.4079 1.7498 0.0000
5         M:cpu
31        155 0.9999 1.2220 0.9130 0.0000
10        M:messages
38        155 597.5000 1441.8950 913.5387 0.0000
8         M:ssh_in
31        155 2.0000 1.8200 0.6000 0.0000
13        M:cfengine_in
31        155 1.0000 0.9100 0.3000 0.0000
9         M:loadavg
31        155 0.0250 0.0374 0.0507 0.0000
10        M:diskfree
34        155 80.5000 73.2550 24.2063 0.0000
12        M:otherprocs
31        155 4.0000 3.6400 1.2000 0.0000
11        M:rootprocs
36        155 111.0000 101.3250 32.3089 0.0000
7         M:users
31        155 5.0000 4.5500 1.5000 0.0000
3         PLG
386       1679666364,bcda38d1967717db7626c980f5a68decdffe2dd5c55862f9b4a5abd4184f0199,/var/cfengine/inputs/services/cfbs/churn_local_users.cf,35918a18f3f028e3a16776f9d73c3e66ccce4a02,114,default,churn_local_users,users,lukeskywaker,/default/churn_local_users/users/'lukeskywaker'[9],,[],"[""Removed user 'lukeskywaker'""]",10,SHA=66aec41141537e4570d6a74066d87b0a9129cc05975edb37015fa542e617fbd4

# send QUERY complete successful
