# delta from 1679668098 to 1679668159 at 1679668159
22        CFR: 0 1679668158 2039
3         PRD
60        Packing reports: delta,0.035689,0.127369,0.128503,1679668099
3         EXS
16        f,225,1679668029
3         MOM
15        M:entropy_avail
38        1325 3780.0000 2646.0000 0.0000 0.0000
12        M:mem_cached
41        1325 1992.6211 1394.8348 1667.1464 0.0000
10        M:mem_free
39        1325 12429.1133 8700.3793 0.0000 0.0000
11        M:mem_total
40        1325 14863.5820 10404.5074 0.0000 0.0000
16        M:io_writtendata
32        1325 1.0049 0.7034 0.8407 0.0000
11        M:io_writes
35        1325 16.0000 11.2000 13.3866 0.0000
6         M:cpu3
32        1325 1.1070 0.7749 0.9262 0.0000
6         M:cpu2
32        1325 1.5059 1.0541 1.2599 0.0000
6         M:cpu1
32        1325 5.6278 3.9395 4.7085 0.0000
6         M:cpu0
32        1325 0.8199 0.5739 0.6860 0.0000
5         M:cpu
32        1325 2.2665 1.5866 1.8963 0.0000
10        M:messages
38        1325 4152.0000 2906.4000 0.0000 0.0000
8         M:ssh_in
32        1325 2.0000 1.4000 1.6733 0.0000
13        M:cfengine_in
32        1325 1.0000 0.7000 0.8367 0.0000
9         M:loadavg
32        1325 0.1100 0.0770 0.0920 0.0000
10        M:diskfree
35        1325 75.0000 52.5000 62.7495 0.0000
12        M:otherprocs
32        1325 4.0000 2.8000 3.3466 0.0000
11        M:rootprocs
36        1325 114.0000 79.8000 95.3792 0.0000
7         M:users
32        1325 5.0000 3.5000 4.1833 0.0000
3         MOY
15        M:entropy_avail
39        155 3652.0000 3350.2000 848.4657 0.0000
12        M:mem_cached
39        155 1315.7734 1198.4567 433.2226 0.0000
16        M:io_writtendata
31        155 0.7695 0.8305 0.2055 0.0000
11        M:io_writes
33        155 13.0000 12.6700 2.5495 0.0000
6         M:cpu3
31        155 1.0967 1.1038 1.2109 0.0000
6         M:cpu2
31        155 0.5861 0.7020 0.7706 0.0000
6         M:cpu1
31        155 3.5019 2.7815 3.2061 0.0000
6         M:cpu0
31        155 0.9457 1.1279 1.7377 0.0000
5         M:cpu
31        155 1.5341 1.4295 1.5096 0.0000
10        M:messages
39        155 927.0000 1573.2150 1356.1705 0.0000
8         M:ssh_in
31        155 2.0000 1.8200 0.6000 0.0000
13        M:cfengine_in
31        155 1.0000 0.9100 0.3000 0.0000
9         M:loadavg
31        155 0.0200 0.0329 0.0515 0.0000
10        M:diskfree
34        155 80.5000 73.2550 24.2063 0.0000
12        M:otherprocs
31        155 4.0000 3.6400 1.2000 0.0000
11        M:rootprocs
36        155 111.5000 102.8300 29.3820 0.0000
7         M:users
31        155 5.0000 4.5500 1.5000 0.0000
3         PLG
386       1679668105,39abe0e6aef9cf7b872cf50126c8b25d5e003d123f12d2c9281df10b52d159d1,/var/cfengine/inputs/services/cfbs/churn_local_users.cf,35918a18f3f028e3a16776f9d73c3e66ccce4a02,114,default,churn_local_users,users,cassianandor,/default/churn_local_users/users/'cassianandor'[1],,[],"[""Removed user 'cassianandor'""]",10,SHA=66aec41141537e4570d6a74066d87b0a9129cc05975edb37015fa542e617fbd4

# send QUERY complete successful
