# delta from 1679662758 to 1679662819 at 1679662819
22        CFR: 0 1679662818 2045
3         PRD
60        Packing reports: delta,0.024467,0.059863,0.060614,1679662759
3         EXS
16        f,477,1679662660
3         MOM
15        M:entropy_avail
40        1307 3780.0000 3439.8000 948.7725 0.0000
12        M:mem_cached
40        1307 1973.5469 1795.8497 592.3238 0.0000
10        M:mem_free
40        1307 12454.4375 11332.7071 0.0000 0.0000
11        M:mem_total
40        1307 14863.5820 13525.8596 0.0000 0.0000
16        M:io_writtendata
32        1307 1.2139 0.9961 0.6862 0.0000
11        M:io_writes
34        1307 14.0000 11.9000 7.4364 0.0000
6         M:cpu3
32        1307 1.4736 1.0932 1.0696 0.0000
6         M:cpu2
32        1307 1.1395 0.8830 0.7392 0.0000
6         M:cpu1
32        1307 6.2525 4.4705 4.9740 0.0000
6         M:cpu0
32        1307 3.3211 2.4270 2.5036 0.0000
5         M:cpu
32        1307 3.0451 2.2173 2.3162 0.0000
10        M:messages
40        1307 1497.0000 1683.3600 621.2000 0.0000
8         M:ssh_in
32        1307 2.0000 1.8200 0.6000 0.0000
13        M:cfengine_in
32        1307 1.0000 0.9100 0.3000 0.0000
9         M:loadavg
32        1307 0.0300 0.0315 0.0050 0.0000
10        M:diskfree
35        1307 75.0000 68.2500 22.5000 0.0000
12        M:otherprocs
32        1307 4.0000 3.6400 1.2000 0.0000
11        M:rootprocs
37        1307 112.0000 102.1300 32.9000 0.0000
7         M:users
32        1307 5.0000 4.5500 1.5000 0.0000
3         MOY
15        M:entropy_avail
39        155 3652.0000 3350.2000 848.4657 0.0000
12        M:mem_cached
39        155 1310.7129 1191.0076 443.8518 0.0000
16        M:io_writtendata
31        155 0.8184 1.1056 1.2381 0.0000
11        M:io_writes
33        155 12.0000 14.2800 9.9358 0.0000
6         M:cpu3
31        155 1.3939 1.4675 1.0897 0.0000
6         M:cpu2
31        155 0.9462 1.5089 2.0483 0.0000
6         M:cpu1
31        155 0.8632 2.5510 8.5374 0.0000
6         M:cpu0
31        155 1.0199 1.5628 1.8705 0.0000
5         M:cpu
31        155 1.0566 1.7731 2.6353 0.0000
10        M:messages
41        155 13839.5000 10865.3300 347.1894 0.0000
8         M:ssh_in
31        155 2.0000 1.8200 0.6000 0.0000
13        M:cfengine_in
31        155 1.0000 0.9100 0.3000 0.0000
9         M:loadavg
31        155 0.0300 0.0546 0.0879 0.0000
10        M:diskfree
34        155 80.5000 73.2550 24.2063 0.0000
12        M:otherprocs
31        155 4.0000 3.6400 1.2000 0.0000
11        M:rootprocs
36        155 113.0000 102.8300 33.9013 0.0000
7         M:users
31        155 5.0000 4.5500 1.5000 0.0000
3         PLG
386       1679662815,4e266614f38ae754839a35e7fc574b6b752029e43ed511fc912b5e826bb3b01b,/var/cfengine/inputs/services/cfbs/churn_local_users.cf,35918a18f3f028e3a16776f9d73c3e66ccce4a02,114,default,churn_local_users,users,obiwankenobi,/default/churn_local_users/users/'obiwankenobi'[6],,[],"[""Created user 'obiwankenobi'""]",10,SHA=66aec41141537e4570d6a74066d87b0a9129cc05975edb37015fa542e617fbd4

# send QUERY complete successful
