# delta from 1679698158 to 1679698219 at 1679698219
22        CFR: 0 1679698218 3200
3         PRD
60        Packing reports: delta,0.031776,0.100974,0.098995,1679698159
83        Sample(/proc/sys/kernel/random/entropy_avail),0.004813,0.002317,0.002291,1679698216
3         EXS
16        f,254,1679698091
3         MOM
15        M:entropy_avail
41        1425 4036.0000 3619.0000 1162.9574 0.0000
38        1426 3780.0000 2646.0000 0.0000 0.0000
12        M:mem_cached
40        1425 2116.4609 1925.3125 637.1613 0.0000
41        1426 2097.5898 1468.3129 1754.9696 0.0000
10        M:mem_free
40        1425 12279.9492 11175.3715 0.0000 0.0000
39        1426 12325.7812 8628.0469 0.0000 0.0000
11        M:mem_total
40        1425 14863.5820 13525.8596 0.0000 0.0000
40        1426 14863.5820 10404.5074 0.0000 0.0000
16        M:io_writtendata
32        1425 1.4746 1.3952 0.2646 0.0000
32        1426 0.8398 0.5879 0.7027 0.0000
11        M:io_writes
34        1425 18.0000 16.8000 4.0000 0.0000
34        1426 12.0000 8.4000 10.0399 0.0000
6         M:cpu3
32        1425 1.2066 0.9202 0.8155 0.0000
32        1426 1.0663 0.7464 0.8921 0.0000
6         M:cpu2
32        1425 0.8996 0.7151 0.5473 0.0000
32        1426 1.0057 0.7040 0.8415 0.0000
6         M:cpu1
32        1425 1.8130 1.3460 1.3130 0.0000
32        1426 6.5288 4.5702 5.4624 0.0000
6         M:cpu0
32        1425 0.7599 0.6173 0.4392 0.0000
32        1426 0.9070 0.6349 0.7588 0.0000
5         M:cpu
32        1425 1.1681 0.8996 0.7700 0.0000
32        1426 2.3715 1.6600 1.9841 0.0000
10        M:messages
41        1425 1012.0000 1388.8000 1050.8450 0.0000
38        1426 3800.0000 2660.0000 0.0000 0.0000
8         M:ssh_in
32        1425 2.0000 1.8200 0.6000 0.0000
32        1426 2.0000 1.4000 1.6733 0.0000
14        M:cfengine_out
32        1425 1.0000 0.7000 0.8367 0.0000
13        M:cfengine_in
32        1425 1.0000 0.9100 0.3000 0.0000
32        1426 1.0000 0.7000 0.8367 0.0000
9         M:loadavg
32        1425 0.0500 0.0371 0.0363 0.0000
32        1426 0.0300 0.0210 0.0251 0.0000
10        M:diskfree
35        1425 74.0000 67.3400 22.2000 0.0000
35        1426 74.0000 51.8000 61.9128 0.0000
12        M:otherprocs
32        1425 4.0000 3.6400 1.2000 0.0000
32        1426 4.0000 2.8000 3.3466 0.0000
11        M:rootprocs
37        1425 119.0000 107.8700 37.1000 0.0000
36        1426 113.0000 79.1000 94.5426 0.0000
7         M:users
32        1425 5.0000 4.5500 1.5000 0.0000
32        1426 5.0000 3.5000 4.1833 0.0000
3         MOY
15        M:entropy_avail
39        155 3652.0000 3350.2000 848.4657 0.0000
12        M:mem_cached
39        155 1334.7988 1211.0830 461.7662 0.0000
16        M:io_writtendata
31        155 0.3193 0.3388 0.1251 0.0000
11        M:io_writes
31        155 7.0000 6.7900 1.8724 0.0000
6         M:cpu3
31        155 0.5030 0.6454 0.9539 0.0000
6         M:cpu2
31        155 0.3231 0.4795 0.7447 0.0000
6         M:cpu1
31        155 0.5199 0.5004 0.4890 0.0000
6         M:cpu0
31        155 1.3187 1.3763 1.9682 0.0000
5         M:cpu
31        155 0.6679 0.7515 1.0018 0.0000
10        M:messages
37        155 330.0000 957.9150 581.6704 0.0000
8         M:ssh_in
31        155 2.0000 1.8200 0.6000 0.0000
13        M:cfengine_in
31        155 1.0000 0.9100 0.3000 0.0000
9         M:loadavg
31        155 0.0350 0.0350 0.0597 0.0000
10        M:diskfree
34        155 80.5000 73.2550 24.2063 0.0000
12        M:otherprocs
31        155 4.0000 3.6400 1.2000 0.0000
11        M:rootprocs
36        155 113.0000 102.8300 33.9013 0.0000
7         M:users
31        155 5.0000 4.5500 1.5000 0.0000
3         PLG
377       1679698169,45515e325a9f698dee71cac8560404b967e6137a743cd402b784217f28fc6729,/var/cfengine/inputs/services/cfbs/churn_local_users.cf,35918a18f3f028e3a16776f9d73c3e66ccce4a02,114,default,churn_local_users,users,chewbacca,/default/churn_local_users/users/'chewbacca'[3],,[],"[""Created user 'chewbacca'""]",10,SHA=66aec41141537e4570d6a74066d87b0a9129cc05975edb37015fa542e617fbd4

386       1679698195,b1cb3a2db6ecbc8395b7ee2ef55bc2bd65f99db85212672546380f8e3969cfce,/var/cfengine/inputs/services/cfbs/churn_local_users.cf,35918a18f3f028e3a16776f9d73c3e66ccce4a02,114,default,churn_local_users,users,obiwankenobi,/default/churn_local_users/users/'obiwankenobi'[6],,[],"[""Removed user 'obiwankenobi'""]",10,SHA=66aec41141537e4570d6a74066d87b0a9129cc05975edb37015fa542e617fbd4

# send QUERY complete successful
