# delta from 1679753903 to 1679753964 at 1679753964
22        CFR: 0 1679753963 2058
3         PRD
60        Packing reports: delta,0.018371,0.033748,0.035383,1679753904
3         EXS
16        f,388,1679753565
3         MOM
15        M:entropy_avail
38        1611 3780.0000 2646.0000 0.0000 0.0000
12        M:mem_cached
41        1611 2289.8945 1602.9262 1915.8632 0.0000
10        M:mem_free
39        1611 12101.8125 8471.2687 0.0000 0.0000
11        M:mem_total
40        1611 14863.5820 10404.5074 0.0000 0.0000
16        M:io_writtendata
32        1611 0.6719 0.4703 0.5621 0.0000
11        M:io_writes
34        1611 12.0000 8.4000 10.0399 0.0000
6         M:cpu3
32        1611 0.7866 0.5506 0.6581 0.0000
6         M:cpu2
32        1611 0.9729 0.6810 0.8140 0.0000
6         M:cpu1
32        1611 3.9105 2.7373 3.2717 0.0000
6         M:cpu0
32        1611 0.7800 0.5460 0.6526 0.0000
5         M:cpu
32        1611 1.6144 1.1301 1.3507 0.0000
10        M:messages
38        1611 3322.0000 2325.4000 0.0000 0.0000
8         M:ssh_in
32        1611 2.0000 1.4000 1.6733 0.0000
14        M:cfengine_out
32        1611 1.0000 0.7000 0.8367 0.0000
13        M:cfengine_in
32        1611 1.0000 0.7000 0.8367 0.0000
9         M:loadavg
32        1611 0.0600 0.0420 0.0502 0.0000
10        M:diskfree
35        1611 72.0000 50.4000 60.2395 0.0000
12        M:otherprocs
32        1611 4.0000 2.8000 3.3466 0.0000
11        M:rootprocs
37        1611 120.0000 84.0000 100.3992 0.0000
7         M:users
32        1611 5.0000 3.5000 4.1833 0.0000
3         MOY
15        M:entropy_avail
39        155 3652.0000 3350.2000 848.4657 0.0000
12        M:mem_cached
39        155 1334.7988 1211.0830 461.7662 0.0000
16        M:io_writtendata
31        155 0.3193 0.3388 0.1251 0.0000
11        M:io_writes
31        155 7.0000 6.7900 1.8724 0.0000
6         M:cpu3
31        155 0.5030 0.6454 0.9539 0.0000
6         M:cpu2
31        155 0.3231 0.4795 0.7447 0.0000
6         M:cpu1
31        155 0.5199 0.5004 0.4890 0.0000
6         M:cpu0
31        155 1.3187 1.3763 1.9682 0.0000
5         M:cpu
31        155 0.6679 0.7515 1.0018 0.0000
10        M:messages
37        155 330.0000 957.9150 581.6704 0.0000
8         M:ssh_in
31        155 2.0000 1.8200 0.6000 0.0000
13        M:cfengine_in
31        155 1.0000 0.9100 0.3000 0.0000
9         M:loadavg
31        155 0.0350 0.0350 0.0597 0.0000
10        M:diskfree
34        155 80.5000 73.2550 24.2063 0.0000
12        M:otherprocs
31        155 4.0000 3.6400 1.2000 0.0000
11        M:rootprocs
36        155 113.0000 102.8300 33.9013 0.0000
7         M:users
31        155 5.0000 4.5500 1.5000 0.0000
3         PLG
363       1679753931,cac5f7ab2dec7f87bfe1753d37690ac52aa07a2805e7a074f6822b9e701e47ed,/var/cfengine/inputs/services/cfbs/churn_local_users.cf,35918a18f3f028e3a16776f9d73c3e66ccce4a02,114,default,churn_local_users,users,c3po,/default/churn_local_users/users/'c3po'[13],,[],"[""Created user 'c3po'""]",10,SHA=66aec41141537e4570d6a74066d87b0a9129cc05975edb37015fa542e617fbd4

# send QUERY complete successful
