# delta from 1679685198 to 1679685259 at 1679685259
22        CFR: 0 1679685258 1652
3         PRD
60        Packing reports: delta,0.022393,0.050145,0.051279,1679685199
3         EXS
16        f,305,1679685012
3         MOM
15        M:entropy_avail
38        1382 3780.0000 2646.0000 0.0000 0.0000
12        M:mem_cached
41        1382 2029.5352 1420.6746 1698.0309 0.0000
10        M:mem_free
39        1382 12403.7969 8682.6578 0.0000 0.0000
11        M:mem_total
40        1382 14863.5820 10404.5074 0.0000 0.0000
16        M:io_writtendata
32        1382 0.7852 0.5496 0.6569 0.0000
11        M:io_writes
33        1382 10.0000 7.0000 8.3666 0.0000
6         M:cpu3
32        1382 0.5535 0.3875 0.4631 0.0000
6         M:cpu2
32        1382 0.9928 0.6950 0.8306 0.0000
6         M:cpu1
32        1382 0.3731 0.2612 0.3122 0.0000
6         M:cpu0
32        1382 0.3796 0.2657 0.3176 0.0000
5         M:cpu
32        1382 0.5747 0.4023 0.4809 0.0000
10        M:messages
41        1382 3080.0000 2156.0000 2576.9129 0.0000
8         M:ssh_in
32        1382 3.0000 2.1000 2.5100 0.0000
14        M:cfengine_out
32        1382 1.0000 0.7000 0.8367 0.0000
13        M:cfengine_in
32        1382 1.0000 0.7000 0.8367 0.0000
10        M:diskfree
35        1382 74.0000 51.8000 61.9128 0.0000
12        M:otherprocs
32        1382 4.0000 2.8000 3.3466 0.0000
11        M:rootprocs
36        1382 113.0000 79.1000 94.5426 0.0000
7         M:users
32        1382 5.0000 3.5000 4.1833 0.0000
3         MOY
15        M:entropy_avail
39        155 3652.0000 3350.2000 848.4657 0.0000
12        M:mem_cached
39        155 1334.7988 1211.0830 461.7662 0.0000
16        M:io_writtendata
31        155 0.3193 0.3388 0.1251 0.0000
11        M:io_writes
31        155 7.0000 6.7900 1.8724 0.0000
6         M:cpu3
31        155 0.5030 0.6454 0.9539 0.0000
6         M:cpu2
31        155 0.3231 0.4795 0.7447 0.0000
6         M:cpu1
31        155 0.5199 0.5004 0.4890 0.0000
6         M:cpu0
31        155 1.3187 1.3763 1.9682 0.0000
5         M:cpu
31        155 0.6679 0.7515 1.0018 0.0000
10        M:messages
37        155 330.0000 957.9150 581.6704 0.0000
8         M:ssh_in
31        155 2.0000 1.8200 0.6000 0.0000
13        M:cfengine_in
31        155 1.0000 0.9100 0.3000 0.0000
9         M:loadavg
31        155 0.0350 0.0350 0.0597 0.0000
10        M:diskfree
34        155 80.5000 73.2550 24.2063 0.0000
12        M:otherprocs
31        155 4.0000 3.6400 1.2000 0.0000
11        M:rootprocs
36        155 113.0000 102.8300 33.9013 0.0000
7         M:users
31        155 5.0000 4.5500 1.5000 0.0000
# send QUERY complete successful
