# delta from 1679679798 to 1679679860 at 1679679860
22        CFR: 0 1679679859 2071
3         PRD
60        Packing reports: delta,0.019853,0.039414,0.039713,1679679799
3         EXS
15        f,78,1679679365
3         MOM
15        M:entropy_avail
38        1364 3780.0000 2646.0000 0.0000 0.0000
12        M:mem_cached
41        1364 2001.6211 1401.1348 1674.6764 0.0000
10        M:mem_free
39        1364 12421.4023 8694.9816 0.0000 0.0000
11        M:mem_total
40        1364 14863.5820 10404.5074 0.0000 0.0000
16        M:io_writtendata
32        1364 0.0312 0.0219 0.0261 0.0000
11        M:io_writes
32        1364 2.0000 1.4000 1.6733 0.0000
6         M:cpu3
32        1364 0.3934 0.2754 0.3291 0.0000
6         M:cpu2
32        1364 1.0928 0.7649 0.9143 0.0000
6         M:cpu1
32        1364 1.2254 0.8578 1.0252 0.0000
6         M:cpu0
32        1364 0.6198 0.4338 0.5185 0.0000
5         M:cpu
32        1364 0.8313 0.5819 0.6955 0.0000
10        M:messages
41        1364 2546.0000 1782.2000 2130.1364 0.0000
8         M:ssh_in
32        1364 2.0000 1.4000 1.6733 0.0000
14        M:cfengine_out
32        1364 1.0000 0.7000 0.8367 0.0000
13        M:cfengine_in
32        1364 1.0000 0.7000 0.8367 0.0000
9         M:loadavg
32        1364 0.0600 0.0420 0.0502 0.0000
10        M:diskfree
35        1364 75.0000 52.5000 62.7495 0.0000
12        M:otherprocs
32        1364 4.0000 2.8000 3.3466 0.0000
11        M:rootprocs
36        1364 116.0000 81.2000 97.0526 0.0000
7         M:users
32        1364 5.0000 3.5000 4.1833 0.0000
3         MOY
15        M:entropy_avail
39        155 3652.0000 3350.2000 848.4657 0.0000
12        M:mem_cached
39        155 1334.7988 1211.0830 461.7662 0.0000
16        M:io_writtendata
31        155 0.3193 0.3388 0.1251 0.0000
11        M:io_writes
31        155 7.0000 6.7900 1.8724 0.0000
6         M:cpu3
31        155 0.5030 0.6454 0.9539 0.0000
6         M:cpu2
31        155 0.3231 0.4795 0.7447 0.0000
6         M:cpu1
31        155 0.5199 0.5004 0.4890 0.0000
6         M:cpu0
31        155 1.3187 1.3763 1.9682 0.0000
5         M:cpu
31        155 0.6679 0.7515 1.0018 0.0000
10        M:messages
37        155 330.0000 957.9150 581.6704 0.0000
8         M:ssh_in
31        155 2.0000 1.8200 0.6000 0.0000
13        M:cfengine_in
31        155 1.0000 0.9100 0.3000 0.0000
9         M:loadavg
31        155 0.0350 0.0350 0.0597 0.0000
10        M:diskfree
34        155 80.5000 73.2550 24.2063 0.0000
12        M:otherprocs
31        155 4.0000 3.6400 1.2000 0.0000
11        M:rootprocs
36        155 113.0000 102.8300 33.9013 0.0000
7         M:users
31        155 5.0000 4.5500 1.5000 0.0000
3         PLG
377       1679679838,45515e325a9f698dee71cac8560404b967e6137a743cd402b784217f28fc6729,/var/cfengine/inputs/services/cfbs/churn_local_users.cf,35918a18f3f028e3a16776f9d73c3e66ccce4a02,114,default,churn_local_users,users,chewbacca,/default/churn_local_users/users/'chewbacca'[3],,[],"[""Created user 'chewbacca'""]",10,SHA=66aec41141537e4570d6a74066d87b0a9129cc05975edb37015fa542e617fbd4

# send QUERY complete successful
