# delta from 1679737758 to 1679737819 at 1679737819
22        CFR: 0 1679737818 2034
3         PRD
60        Packing reports: delta,0.027491,0.075578,0.076030,1679737759
3         EXS
16        f,266,1679737544
3         MOM
15        M:entropy_avail
41        1557 4036.0000 3619.0000 1162.9574 0.0000
12        M:mem_cached
40        1557 2214.0430 2016.6002 658.1426 0.0000
10        M:mem_free
40        1557 12200.9766 11105.6769 0.0000 0.0000
11        M:mem_total
40        1557 14863.5820 13525.8596 0.0000 0.0000
16        M:io_writtendata
32        1557 0.0684 0.2978 0.8409 0.0000
11        M:io_writes
32        1557 4.0000 6.1600 7.2000 0.0000
6         M:cpu3
32        1557 0.8863 0.8149 0.2380 0.0000
6         M:cpu2
32        1557 1.0596 0.8662 0.6038 0.0000
6         M:cpu1
32        1557 0.9660 0.7783 0.5688 0.0000
6         M:cpu0
32        1557 1.4985 1.1105 1.0903 0.0000
5         M:cpu
32        1557 1.1010 0.8907 0.6423 0.0000
10        M:messages
39        1557 169.0000 815.2900 1802.4167 0.0000
8         M:ssh_in
32        1557 2.0000 1.8200 0.6000 0.0000
13        M:cfengine_in
32        1557 1.0000 0.9100 0.3000 0.0000
9         M:loadavg
32        1557 0.0200 0.0140 0.0167 0.0000
10        M:diskfree
35        1557 73.0000 66.4300 21.9000 0.0000
12        M:otherprocs
32        1557 4.0000 3.6400 1.2000 0.0000
11        M:rootprocs
37        1557 113.0000 102.2000 36.0000 0.0000
7         M:users
32        1557 5.0000 4.5500 1.5000 0.0000
3         MOY
15        M:entropy_avail
39        155 3652.0000 3350.2000 848.4657 0.0000
12        M:mem_cached
39        155 1334.7988 1211.0830 461.7662 0.0000
16        M:io_writtendata
31        155 0.3193 0.3388 0.1251 0.0000
11        M:io_writes
31        155 7.0000 6.7900 1.8724 0.0000
6         M:cpu3
31        155 0.5030 0.6454 0.9539 0.0000
6         M:cpu2
31        155 0.3231 0.4795 0.7447 0.0000
6         M:cpu1
31        155 0.5199 0.5004 0.4890 0.0000
6         M:cpu0
31        155 1.3187 1.3763 1.9682 0.0000
5         M:cpu
31        155 0.6679 0.7515 1.0018 0.0000
10        M:messages
37        155 330.0000 957.9150 581.6704 0.0000
8         M:ssh_in
31        155 2.0000 1.8200 0.6000 0.0000
13        M:cfengine_in
31        155 1.0000 0.9100 0.3000 0.0000
9         M:loadavg
31        155 0.0350 0.0350 0.0597 0.0000
10        M:diskfree
34        155 80.5000 73.2550 24.2063 0.0000
12        M:otherprocs
31        155 4.0000 3.6400 1.2000 0.0000
11        M:rootprocs
36        155 113.0000 102.8300 33.9013 0.0000
7         M:users
31        155 5.0000 4.5500 1.5000 0.0000
3         PLG
383       1679737783,030af61435314cad426651482c8a49015b483aa4ab0b32a0f6f4f6829dbfe915,/var/cfengine/inputs/services/cfbs/churn_local_users.cf,35918a18f3f028e3a16776f9d73c3e66ccce4a02,114,default,churn_local_users,users,jarjarbinks,/default/churn_local_users/users/'jarjarbinks'[2],,[],"[""Removed user 'jarjarbinks'""]",10,SHA=66aec41141537e4570d6a74066d87b0a9129cc05975edb37015fa542e617fbd4

# send QUERY complete successful
