# delta from 1679676678 to 1679676739 at 1679676739
22        CFR: 0 1679676738 2231
3         PRD
108       CFEngine Execution (policy filename: '/var/cfengine/inputs/update.cf'),0.040663,0.332273,0.328046,1679676715
60        Packing reports: delta,0.014043,0.019719,0.019188,1679676679
83        Sample(/proc/sys/kernel/random/entropy_avail),0.004819,0.002322,0.002324,1679676729
3         EXS
16        f,254,1679676365
3         MOM
15        M:entropy_avail
38        1354 3780.0000 2646.0000 0.0000 0.0000
12        M:mem_cached
41        1354 2022.0859 1415.4602 1691.7985 0.0000
10        M:mem_free
39        1354 12393.0508 8675.1355 0.0000 0.0000
11        M:mem_total
40        1354 14863.5820 10404.5074 0.0000 0.0000
16        M:io_writtendata
32        1354 0.9990 0.6993 0.8358 0.0000
11        M:io_writes
34        1354 12.0000 8.4000 10.0399 0.0000
6         M:cpu3
32        1354 0.3931 0.2752 0.3289 0.0000
6         M:cpu2
32        1354 0.3266 0.2287 0.2733 0.0000
6         M:cpu1
32        1354 0.5532 0.3872 0.4628 0.0000
6         M:cpu0
32        1354 0.5262 0.3684 0.4403 0.0000
5         M:cpu
32        1354 0.4498 0.3149 0.3764 0.0000
10        M:messages
41        1354 2546.0000 1782.2000 2130.1364 0.0000
8         M:ssh_in
32        1354 2.0000 1.4000 1.6733 0.0000
14        M:cfengine_out
32        1354 1.0000 0.7000 0.8367 0.0000
13        M:cfengine_in
32        1354 2.0000 1.4000 1.6733 0.0000
10        M:diskfree
35        1354 75.0000 52.5000 62.7495 0.0000
12        M:otherprocs
32        1354 4.0000 2.8000 3.3466 0.0000
11        M:rootprocs
36        1354 113.0000 79.1000 94.5426 0.0000
7         M:users
32        1354 5.0000 3.5000 4.1833 0.0000
3         MOY
15        M:entropy_avail
39        155 3652.0000 3350.2000 848.4657 0.0000
12        M:mem_cached
39        155 1331.8730 1210.5062 451.2640 0.0000
16        M:io_writtendata
31        155 0.5679 0.6512 0.2969 0.0000
11        M:io_writes
31        155 9.0000 9.6600 2.4166 0.0000
6         M:cpu3
31        155 0.6997 0.8405 0.9600 0.0000
6         M:cpu2
31        155 0.4731 0.7621 0.9676 0.0000
6         M:cpu1
31        155 0.9361 0.8967 0.6122 0.0000
6         M:cpu0
31        155 0.5063 1.2690 2.7596 0.0000
5         M:cpu
31        155 0.6555 0.9427 1.0087 0.0000
10        M:messages
38        155 330.0000 1123.5000 581.6704 0.0000
8         M:ssh_in
31        155 2.0000 1.8200 0.6000 0.0000
13        M:cfengine_in
31        155 1.0000 0.9100 0.3000 0.0000
9         M:loadavg
31        155 0.0100 0.0227 0.0512 0.0000
10        M:diskfree
34        155 80.5000 73.2550 24.2063 0.0000
12        M:otherprocs
31        155 4.0000 3.6400 1.2000 0.0000
11        M:rootprocs
36        155 114.0000 103.8450 33.8518 0.0000
7         M:users
31        155 5.0000 4.5500 1.5000 0.0000
3         PLG
383       1679676681,3eb6d6e0e7283e9db0394128962964abb39fd6451b29b7645280e9d2aec86c08,/var/cfengine/inputs/services/cfbs/churn_local_users.cf,35918a18f3f028e3a16776f9d73c3e66ccce4a02,114,default,churn_local_users,users,jabbathehut,/default/churn_local_users/users/'jabbathehut'[5],,[],"[""Created user 'jabbathehut'""]",10,SHA=66aec41141537e4570d6a74066d87b0a9129cc05975edb37015fa542e617fbd4

# send QUERY complete successful
