# delta from 1679686098 to 1679686159 at 1679686159
22        CFR: 0 1679686158 2036
3         PRD
60        Packing reports: delta,0.023089,0.053310,0.054951,1679686099
3         EXS
16        f,162,1679686096
3         MOM
15        M:entropy_avail
38        1385 3780.0000 2646.0000 0.0000 0.0000
12        M:mem_cached
41        1385 2069.3945 1448.5762 1731.3797 0.0000
10        M:mem_free
39        1385 12336.6133 8635.6293 0.0000 0.0000
11        M:mem_total
40        1385 14863.5820 10404.5074 0.0000 0.0000
16        M:io_writtendata
32        1385 0.9141 0.6398 0.7648 0.0000
11        M:io_writes
34        1385 14.0000 9.8000 11.7132 0.0000
6         M:cpu3
32        1385 1.1406 0.7984 0.9543 0.0000
6         M:cpu2
32        1385 0.7530 0.5271 0.6300 0.0000
6         M:cpu1
32        1385 0.6660 0.4662 0.5573 0.0000
6         M:cpu0
32        1385 0.6069 0.4248 0.5078 0.0000
5         M:cpu
32        1385 0.7966 0.5576 0.6665 0.0000
10        M:messages
38        1385 3620.0000 2534.0000 0.0000 0.0000
8         M:ssh_in
32        1385 2.0000 1.4000 1.6733 0.0000
14        M:cfengine_out
32        1385 1.0000 0.7000 0.8367 0.0000
13        M:cfengine_in
32        1385 1.0000 0.7000 0.8367 0.0000
10        M:diskfree
35        1385 74.0000 51.8000 61.9128 0.0000
12        M:otherprocs
32        1385 4.0000 2.8000 3.3466 0.0000
11        M:rootprocs
36        1385 119.0000 83.3000 99.5625 0.0000
7         M:users
32        1385 5.0000 3.5000 4.1833 0.0000
3         MOY
15        M:entropy_avail
39        155 3652.0000 3350.2000 848.4657 0.0000
12        M:mem_cached
39        155 1334.7988 1211.0830 461.7662 0.0000
16        M:io_writtendata
31        155 0.3193 0.3388 0.1251 0.0000
11        M:io_writes
31        155 7.0000 6.7900 1.8724 0.0000
6         M:cpu3
31        155 0.5030 0.6454 0.9539 0.0000
6         M:cpu2
31        155 0.3231 0.4795 0.7447 0.0000
6         M:cpu1
31        155 0.5199 0.5004 0.4890 0.0000
6         M:cpu0
31        155 1.3187 1.3763 1.9682 0.0000
5         M:cpu
31        155 0.6679 0.7515 1.0018 0.0000
10        M:messages
37        155 330.0000 957.9150 581.6704 0.0000
8         M:ssh_in
31        155 2.0000 1.8200 0.6000 0.0000
13        M:cfengine_in
31        155 1.0000 0.9100 0.3000 0.0000
9         M:loadavg
31        155 0.0350 0.0350 0.0597 0.0000
10        M:diskfree
34        155 80.5000 73.2550 24.2063 0.0000
12        M:otherprocs
31        155 4.0000 3.6400 1.2000 0.0000
11        M:rootprocs
36        155 113.0000 102.8300 33.9013 0.0000
7         M:users
31        155 5.0000 4.5500 1.5000 0.0000
3         PLG
383       1679686104,56723c45f5504109a2fc211242b200ead91addfe7d156ca9482e66e0538a9d50,/var/cfengine/inputs/services/cfbs/churn_local_users.cf,35918a18f3f028e3a16776f9d73c3e66ccce4a02,114,default,churn_local_users,users,jabbathehut,/default/churn_local_users/users/'jabbathehut'[5],,[],"[""Removed user 'jabbathehut'""]",10,SHA=66aec41141537e4570d6a74066d87b0a9129cc05975edb37015fa542e617fbd4

# send QUERY complete successful
