# delta from 1679695458 to 1679695519 at 1679695519
22        CFR: 0 1679695518 3129
3         PRD
60        Packing reports: delta,0.029755,0.088539,0.088729,1679695459
83        Sample(/proc/sys/kernel/random/entropy_avail),0.004918,0.002418,0.002277,1679695511
3         EXS
16        f,130,1679695279
3         MOM
15        M:entropy_avail
41        1416 4036.0000 3619.0000 1162.9574 0.0000
38        1417 3780.0000 2646.0000 0.0000 0.0000
12        M:mem_cached
40        1416 2090.2812 1904.5586 619.0754 0.0000
41        1417 2088.0938 1461.6656 1747.0246 0.0000
10        M:mem_free
40        1416 12333.2422 11215.0481 0.0000 0.0000
39        1417 12329.1367 8630.3957 0.0000 0.0000
11        M:mem_total
40        1416 14863.5820 13525.8596 0.0000 0.0000
40        1417 14863.5820 10404.5074 0.0000 0.0000
16        M:io_writtendata
32        1416 1.3291 1.1771 0.5067 0.0000
32        1417 0.9492 0.6645 0.7942 0.0000
11        M:io_writes
34        1416 18.0000 15.9600 6.8000 0.0000
34        1417 12.0000 8.4000 10.0399 0.0000
6         M:cpu3
32        1416 1.3530 1.0717 0.8302 0.0000
32        1417 0.2266 0.1586 0.1896 0.0000
6         M:cpu2
32        1416 0.8530 0.6881 0.5010 0.0000
32        1417 0.3265 0.2286 0.2732 0.0000
6         M:cpu1
32        1416 3.0454 2.3752 1.9431 0.0000
32        1417 0.2999 0.2099 0.2509 0.0000
6         M:cpu0
32        1416 1.1339 0.9099 0.6742 0.0000
32        1417 0.3597 0.2518 0.3009 0.0000
5         M:cpu
32        1416 1.5998 1.2633 0.9892 0.0000
32        1417 0.3032 0.2122 0.2537 0.0000
10        M:messages
41        1416 1115.0000 1555.4000 1228.2169 0.0000
41        1417 2546.0000 1782.2000 2130.1364 0.0000
8         M:ssh_in
32        1416 2.0000 1.8200 0.6000 0.0000
32        1417 2.0000 1.4000 1.6733 0.0000
13        M:cfengine_in
32        1416 1.0000 0.9100 0.3000 0.0000
32        1417 1.0000 0.7000 0.8367 0.0000
9         M:loadavg
32        1416 0.1000 0.0700 0.0837 0.0000
10        M:diskfree
35        1416 74.0000 67.3400 22.2000 0.0000
35        1417 74.0000 51.8000 61.9128 0.0000
12        M:otherprocs
32        1416 4.0000 3.6400 1.2000 0.0000
32        1417 4.0000 2.8000 3.3466 0.0000
11        M:rootprocs
37        1416 113.0000 104.5100 28.3000 0.0000
36        1417 116.0000 81.2000 97.0526 0.0000
7         M:users
32        1416 5.0000 4.5500 1.5000 0.0000
32        1417 5.0000 3.5000 4.1833 0.0000
3         MOY
15        M:entropy_avail
39        155 3652.0000 3350.2000 848.4657 0.0000
12        M:mem_cached
39        155 1334.7988 1211.0830 461.7662 0.0000
16        M:io_writtendata
31        155 0.3193 0.3388 0.1251 0.0000
11        M:io_writes
31        155 7.0000 6.7900 1.8724 0.0000
6         M:cpu3
31        155 0.5030 0.6454 0.9539 0.0000
6         M:cpu2
31        155 0.3231 0.4795 0.7447 0.0000
6         M:cpu1
31        155 0.5199 0.5004 0.4890 0.0000
6         M:cpu0
31        155 1.3187 1.3763 1.9682 0.0000
5         M:cpu
31        155 0.6679 0.7515 1.0018 0.0000
10        M:messages
37        155 330.0000 957.9150 581.6704 0.0000
8         M:ssh_in
31        155 2.0000 1.8200 0.6000 0.0000
13        M:cfengine_in
31        155 1.0000 0.9100 0.3000 0.0000
9         M:loadavg
31        155 0.0350 0.0350 0.0597 0.0000
10        M:diskfree
34        155 80.5000 73.2550 24.2063 0.0000
12        M:otherprocs
31        155 4.0000 3.6400 1.2000 0.0000
11        M:rootprocs
36        155 113.0000 102.8300 33.9013 0.0000
7         M:users
31        155 5.0000 4.5500 1.5000 0.0000
3         PLG
371       1679695469,b5d8f6dc22944432198c454988deeb7524398d1c0ef44b50e3120608932c61f9,/var/cfengine/inputs/services/cfbs/churn_local_users.cf,35918a18f3f028e3a16776f9d73c3e66ccce4a02,114,default,churn_local_users,users,hansolo,/default/churn_local_users/users/'hansolo'[8],,[],"[""Created user 'hansolo'""]",10,SHA=66aec41141537e4570d6a74066d87b0a9129cc05975edb37015fa542e617fbd4

396       1679695494,7b5a2f747dc067c2d9f4f900aa40ed28ec2371a0fdb3fdd4c018efc694991ed0,/var/cfengine/inputs/services/cfbs/churn_local_users.cf,35918a18f3f028e3a16776f9d73c3e66ccce4a02,114,default,churn_local_users,users,anakinskywalker,/default/churn_local_users/users/'anakinskywalker'[15],,[],"[""Removed user 'anakinskywalker'""]",10,SHA=66aec41141537e4570d6a74066d87b0a9129cc05975edb37015fa542e617fbd4

# send QUERY complete successful
