# delta from 1679745378 to 1679745440 at 1679745440
22        CFR: 0 1679745439 1838
3         PRD
108       CFEngine Execution (policy filename: '/var/cfengine/inputs/update.cf'),0.048848,0.336665,0.331757,1679745403
60        Packing reports: delta,0.030452,0.092731,0.091986,1679745379
83        Sample(/proc/sys/kernel/random/entropy_avail),0.004787,0.002291,0.002157,1679745401
3         EXS
16        f,172,1679745241
3         MOM
15        M:entropy_avail
38        1583 3780.0000 2646.0000 0.0000 0.0000
12        M:mem_cached
41        1583 2246.7539 1572.7277 1879.7692 0.0000
10        M:mem_free
39        1583 12191.0430 8533.7301 0.0000 0.0000
11        M:mem_total
40        1583 14863.5820 10404.5074 0.0000 0.0000
16        M:io_writtendata
32        1583 0.6797 0.4758 0.5687 0.0000
11        M:io_writes
33        1583 10.0000 7.0000 8.3666 0.0000
6         M:cpu3
32        1583 0.2399 0.1680 0.2007 0.0000
6         M:cpu2
32        1583 0.1665 0.1166 0.1393 0.0000
6         M:cpu1
32        1583 0.4995 0.3497 0.4179 0.0000
6         M:cpu0
32        1583 0.1066 0.0746 0.0892 0.0000
5         M:cpu
32        1583 0.2565 0.1795 0.2146 0.0000
10        M:messages
41        1583 2546.0000 1782.2000 2130.1364 0.0000
8         M:ssh_in
32        1583 2.0000 1.4000 1.6733 0.0000
13        M:cfengine_in
32        1583 1.0000 0.7000 0.8367 0.0000
9         M:loadavg
32        1583 0.0100 0.0070 0.0084 0.0000
10        M:diskfree
35        1583 73.0000 51.1000 61.0762 0.0000
12        M:otherprocs
32        1583 4.0000 2.8000 3.3466 0.0000
11        M:rootprocs
36        1583 108.0000 75.6000 90.3593 0.0000
7         M:users
32        1583 5.0000 3.5000 4.1833 0.0000
3         MOY
15        M:entropy_avail
39        155 3652.0000 3350.2000 848.4657 0.0000
12        M:mem_cached
39        155 1334.7988 1211.0830 461.7662 0.0000
16        M:io_writtendata
31        155 0.3193 0.3388 0.1251 0.0000
11        M:io_writes
31        155 7.0000 6.7900 1.8724 0.0000
6         M:cpu3
31        155 0.5030 0.6454 0.9539 0.0000
6         M:cpu2
31        155 0.3231 0.4795 0.7447 0.0000
6         M:cpu1
31        155 0.5199 0.5004 0.4890 0.0000
6         M:cpu0
31        155 1.3187 1.3763 1.9682 0.0000
5         M:cpu
31        155 0.6679 0.7515 1.0018 0.0000
10        M:messages
37        155 330.0000 957.9150 581.6704 0.0000
8         M:ssh_in
31        155 2.0000 1.8200 0.6000 0.0000
13        M:cfengine_in
31        155 1.0000 0.9100 0.3000 0.0000
9         M:loadavg
31        155 0.0350 0.0350 0.0597 0.0000
10        M:diskfree
34        155 80.5000 73.2550 24.2063 0.0000
12        M:otherprocs
31        155 4.0000 3.6400 1.2000 0.0000
11        M:rootprocs
36        155 113.0000 102.8300 33.9013 0.0000
7         M:users
31        155 5.0000 4.5500 1.5000 0.0000
# send QUERY complete successful
