# delta from 1679688978 to 1679689039 at 1679689039
22        CFR: 0 1679689038 2053
3         PRD
108       CFEngine Execution (policy filename: '/var/cfengine/inputs/update.cf'),0.034244,0.336501,0.338876,1679689005
60        Packing reports: delta,0.026848,0.072083,0.072539,1679688979
3         EXS
16        f,132,1679688428
3         MOM
15        M:entropy_avail
38        1395 3780.0000 2646.0000 0.0000 0.0000
12        M:mem_cached
41        1395 2048.3086 1433.8160 1713.7379 0.0000
10        M:mem_free
39        1395 12373.5039 8661.4527 0.0000 0.0000
11        M:mem_total
40        1395 14863.5820 10404.5074 0.0000 0.0000
16        M:io_writtendata
32        1395 0.8779 0.6146 0.7345 0.0000
11        M:io_writes
34        1395 12.0000 8.4000 10.0399 0.0000
6         M:cpu3
32        1395 0.1333 0.0933 0.1115 0.0000
6         M:cpu2
32        1395 0.1866 0.1306 0.1561 0.0000
6         M:cpu1
32        1395 0.2465 0.1725 0.2062 0.0000
6         M:cpu0
32        1395 0.1999 0.1400 0.1673 0.0000
5         M:cpu
32        1395 0.1916 0.1341 0.1603 0.0000
8         M:ssh_in
32        1395 2.0000 1.4000 1.6733 0.0000
13        M:cfengine_in
32        1395 1.0000 0.7000 0.8367 0.0000
10        M:diskfree
35        1395 74.0000 51.8000 61.9128 0.0000
12        M:otherprocs
32        1395 4.0000 2.8000 3.3466 0.0000
11        M:rootprocs
36        1395 115.0000 80.5000 96.2159 0.0000
7         M:users
32        1395 5.0000 3.5000 4.1833 0.0000
3         MOY
15        M:entropy_avail
39        155 3652.0000 3350.2000 848.4657 0.0000
12        M:mem_cached
39        155 1334.7988 1211.0830 461.7662 0.0000
16        M:io_writtendata
31        155 0.3193 0.3388 0.1251 0.0000
11        M:io_writes
31        155 7.0000 6.7900 1.8724 0.0000
6         M:cpu3
31        155 0.5030 0.6454 0.9539 0.0000
6         M:cpu2
31        155 0.3231 0.4795 0.7447 0.0000
6         M:cpu1
31        155 0.5199 0.5004 0.4890 0.0000
6         M:cpu0
31        155 1.3187 1.3763 1.9682 0.0000
5         M:cpu
31        155 0.6679 0.7515 1.0018 0.0000
10        M:messages
37        155 330.0000 957.9150 581.6704 0.0000
8         M:ssh_in
31        155 2.0000 1.8200 0.6000 0.0000
13        M:cfengine_in
31        155 1.0000 0.9100 0.3000 0.0000
9         M:loadavg
31        155 0.0350 0.0350 0.0597 0.0000
10        M:diskfree
34        155 80.5000 73.2550 24.2063 0.0000
12        M:otherprocs
31        155 4.0000 3.6400 1.2000 0.0000
11        M:rootprocs
36        155 113.0000 102.8300 33.9013 0.0000
7         M:users
31        155 5.0000 4.5500 1.5000 0.0000
3         PLG
386       1679688997,bcda38d1967717db7626c980f5a68decdffe2dd5c55862f9b4a5abd4184f0199,/var/cfengine/inputs/services/cfbs/churn_local_users.cf,35918a18f3f028e3a16776f9d73c3e66ccce4a02,114,default,churn_local_users,users,lukeskywaker,/default/churn_local_users/users/'lukeskywaker'[9],,[],"[""Removed user 'lukeskywaker'""]",10,SHA=66aec41141537e4570d6a74066d87b0a9129cc05975edb37015fa542e617fbd4

# send QUERY complete successful
