# delta from 1679681358 to 1679681419 at 1679681419
22        CFR: 0 1679681418 1778
3         PRD
60        Packing reports: delta,0.021500,0.046226,0.046112,1679681359
83        Sample(/proc/sys/kernel/random/entropy_avail),0.005134,0.002636,0.002273,1679681387
3         EXS
16        f,218,1679681326
3         MOM
15        M:entropy_avail
40        1369 3780.0000 3439.8000 948.7725 0.0000
12        M:mem_cached
40        1369 2016.7500 1835.0489 605.6703 0.0000
10        M:mem_free
38        1369 8688.3809 8688.3809 0.0000 0.0000
11        M:mem_total
40        1369 10404.5074 10404.5074 0.0000 0.0000
16        M:io_writtendata
32        1369 0.9834 0.9054 0.2602 0.0000
11        M:io_writes
34        1369 12.0000 10.9200 3.6000 0.0000
6         M:cpu3
32        1369 0.3134 0.3104 0.0100 0.0000
6         M:cpu2
32        1369 0.7926 0.8823 0.2988 0.0000
6         M:cpu1
32        1369 0.3199 0.3834 0.2116 0.0000
6         M:cpu0
32        1369 0.5797 0.5737 0.0197 0.0000
5         M:cpu
32        1369 0.5031 0.5387 0.1185 0.0000
10        M:messages
41        1369 5168.0000 4152.2600 2130.1364 0.0000
8         M:ssh_in
32        1369 3.0000 2.5200 1.6223 0.0000
14        M:cfengine_out
32        1369 0.0000 0.2100 0.7436 0.0000
13        M:cfengine_in
32        1369 1.0000 0.9100 0.3000 0.0000
9         M:loadavg
32        1369 0.0600 0.0588 0.0040 0.0000
10        M:diskfree
35        1369 75.0000 68.2500 22.5000 0.0000
12        M:otherprocs
32        1369 4.0000 3.6400 1.2000 0.0000
11        M:rootprocs
37        1369 109.0000 100.2400 29.2000 0.0000
7         M:users
32        1369 5.0000 4.5500 1.5000 0.0000
3         MOY
15        M:entropy_avail
39        155 3652.0000 3350.2000 848.4657 0.0000
12        M:mem_cached
39        155 1334.7988 1211.0830 461.7662 0.0000
16        M:io_writtendata
31        155 0.3193 0.3388 0.1251 0.0000
11        M:io_writes
31        155 7.0000 6.7900 1.8724 0.0000
6         M:cpu3
31        155 0.5030 0.6454 0.9539 0.0000
6         M:cpu2
31        155 0.3231 0.4795 0.7447 0.0000
6         M:cpu1
31        155 0.5199 0.5004 0.4890 0.0000
6         M:cpu0
31        155 1.3187 1.3763 1.9682 0.0000
5         M:cpu
31        155 0.6679 0.7515 1.0018 0.0000
10        M:messages
37        155 330.0000 957.9150 581.6704 0.0000
8         M:ssh_in
31        155 2.0000 1.8200 0.6000 0.0000
13        M:cfengine_in
31        155 1.0000 0.9100 0.3000 0.0000
9         M:loadavg
31        155 0.0350 0.0350 0.0597 0.0000
10        M:diskfree
34        155 80.5000 73.2550 24.2063 0.0000
12        M:otherprocs
31        155 4.0000 3.6400 1.2000 0.0000
11        M:rootprocs
36        155 113.0000 102.8300 33.9013 0.0000
7         M:users
31        155 5.0000 4.5500 1.5000 0.0000
# send QUERY complete successful
