# delta from 1679699178 to 1679699239 at 1679699239
22        CFR: 0 1679699238 1753
3         PRD
108       CFEngine Execution (policy filename: '/var/cfengine/inputs/update.cf'),0.048163,0.330385,0.328654,1679699218
60        Packing reports: delta,0.011396,0.012987,0.012268,1679699179
3         EXS
15        f,69,1679698974
3         MOM
15        M:entropy_avail
38        1429 3780.0000 2646.0000 0.0000 0.0000
12        M:mem_cached
41        1429 2083.9180 1458.7426 1743.5309 0.0000
10        M:mem_free
39        1429 12360.4141 8652.2898 0.0000 0.0000
11        M:mem_total
40        1429 14863.5820 10404.5074 0.0000 0.0000
16        M:io_writtendata
32        1429 0.5430 0.3801 0.4543 0.0000
11        M:io_writes
32        1429 8.0000 5.6000 6.6933 0.0000
6         M:cpu3
32        1429 0.5466 0.3826 0.4573 0.0000
6         M:cpu2
32        1429 0.1066 0.0746 0.0892 0.0000
6         M:cpu1
32        1429 0.4196 0.2937 0.3510 0.0000
6         M:cpu0
32        1429 0.2598 0.1819 0.2174 0.0000
5         M:cpu
32        1429 0.3298 0.2309 0.2760 0.0000
10        M:messages
41        1429 3081.0000 2156.7000 2577.7495 0.0000
8         M:ssh_in
32        1429 2.0000 1.4000 1.6733 0.0000
13        M:cfengine_in
32        1429 1.0000 0.7000 0.8367 0.0000
9         M:loadavg
32        1429 0.0400 0.0280 0.0335 0.0000
10        M:diskfree
35        1429 74.0000 51.8000 61.9128 0.0000
12        M:otherprocs
32        1429 4.0000 2.8000 3.3466 0.0000
11        M:rootprocs
36        1429 111.0000 77.7000 92.8693 0.0000
7         M:users
32        1429 5.0000 3.5000 4.1833 0.0000
3         MOY
15        M:entropy_avail
39        155 3652.0000 3350.2000 848.4657 0.0000
12        M:mem_cached
39        155 1334.7988 1211.0830 461.7662 0.0000
16        M:io_writtendata
31        155 0.3193 0.3388 0.1251 0.0000
11        M:io_writes
31        155 7.0000 6.7900 1.8724 0.0000
6         M:cpu3
31        155 0.5030 0.6454 0.9539 0.0000
6         M:cpu2
31        155 0.3231 0.4795 0.7447 0.0000
6         M:cpu1
31        155 0.5199 0.5004 0.4890 0.0000
6         M:cpu0
31        155 1.3187 1.3763 1.9682 0.0000
5         M:cpu
31        155 0.6679 0.7515 1.0018 0.0000
10        M:messages
37        155 330.0000 957.9150 581.6704 0.0000
8         M:ssh_in
31        155 2.0000 1.8200 0.6000 0.0000
13        M:cfengine_in
31        155 1.0000 0.9100 0.3000 0.0000
9         M:loadavg
31        155 0.0350 0.0350 0.0597 0.0000
10        M:diskfree
34        155 80.5000 73.2550 24.2063 0.0000
12        M:otherprocs
31        155 4.0000 3.6400 1.2000 0.0000
11        M:rootprocs
36        155 113.0000 102.8300 33.9013 0.0000
7         M:users
31        155 5.0000 4.5500 1.5000 0.0000
# send QUERY complete successful
