# delta from 1679693658 to 1679693719 at 1679693719
22        CFR: 0 1679693718 2405
3         PRD
60        Packing reports: delta,0.028713,0.082446,0.082901,1679693659
83        Sample(/proc/sys/kernel/random/entropy_avail),0.005094,0.002595,0.002408,1679693708
3         EXS
16        f,186,1679693615
3         MOM
15        M:entropy_avail
41        1410 4036.0000 3619.0000 1162.9574 0.0000
38        1411 3780.0000 2646.0000 0.0000 0.0000
12        M:mem_cached
40        1410 2081.7891 1894.2189 625.2340 0.0000
41        1411 2065.0156 1445.5109 1727.7160 0.0000
10        M:mem_free
40        1410 12343.0352 11231.0521 0.0000 0.0000
39        1411 12380.6484 8666.4539 0.0000 0.0000
11        M:mem_total
40        1410 14863.5820 13525.8596 0.0000 0.0000
40        1411 14863.5820 10404.5074 0.0000 0.0000
16        M:io_writtendata
32        1410 0.8301 0.7301 0.3331 0.0000
32        1411 0.8574 0.6002 0.7174 0.0000
11        M:io_writes
34        1410 14.0000 12.3200 5.6000 0.0000
34        1411 12.0000 8.4000 10.0399 0.0000
6         M:cpu3
32        1410 1.4597 1.1366 0.9353 0.0000
32        1411 0.8866 0.6206 0.7418 0.0000
6         M:cpu2
32        1410 2.6477 2.0676 1.6840 0.0000
32        1411 0.3598 0.2519 0.3010 0.0000
6         M:cpu1
32        1410 3.6178 2.7102 2.5608 0.0000
32        1411 0.3863 0.2704 0.3232 0.0000
6         M:cpu0
32        1410 3.4064 2.5007 2.5388 0.0000
32        1411 0.3266 0.2286 0.2733 0.0000
5         M:cpu
32        1410 2.7798 2.1016 1.9217 0.0000
32        1411 0.4898 0.3429 0.4098 0.0000
10        M:messages
41        1410 1088.0000 1559.3900 1314.6439 0.0000
41        1411 3078.0000 2154.6000 2575.2396 0.0000
8         M:ssh_in
32        1410 2.0000 1.8200 0.6000 0.0000
32        1411 2.0000 1.4000 1.6733 0.0000
14        M:cfengine_out
32        1410 1.0000 0.7000 0.8367 0.0000
13        M:cfengine_in
32        1410 1.0000 0.9100 0.3000 0.0000
32        1411 1.0000 0.7000 0.8367 0.0000
9         M:loadavg
32        1410 0.0800 0.0581 0.0612 0.0000
10        M:diskfree
35        1410 74.0000 67.3400 22.2000 0.0000
35        1411 74.0000 51.8000 61.9128 0.0000
12        M:otherprocs
32        1410 4.0000 3.6400 1.2000 0.0000
32        1411 4.0000 2.8000 3.3466 0.0000
11        M:rootprocs
37        1410 113.0000 103.2500 32.5000 0.0000
36        1411 112.0000 78.4000 93.7059 0.0000
7         M:users
32        1410 5.0000 4.5500 1.5000 0.0000
32        1411 5.0000 3.5000 4.1833 0.0000
3         MOY
15        M:entropy_avail
39        155 3652.0000 3350.2000 848.4657 0.0000
12        M:mem_cached
39        155 1334.7988 1211.0830 461.7662 0.0000
16        M:io_writtendata
31        155 0.3193 0.3388 0.1251 0.0000
11        M:io_writes
31        155 7.0000 6.7900 1.8724 0.0000
6         M:cpu3
31        155 0.5030 0.6454 0.9539 0.0000
6         M:cpu2
31        155 0.3231 0.4795 0.7447 0.0000
6         M:cpu1
31        155 0.5199 0.5004 0.4890 0.0000
6         M:cpu0
31        155 1.3187 1.3763 1.9682 0.0000
5         M:cpu
31        155 0.6679 0.7515 1.0018 0.0000
10        M:messages
37        155 330.0000 957.9150 581.6704 0.0000
8         M:ssh_in
31        155 2.0000 1.8200 0.6000 0.0000
13        M:cfengine_in
31        155 1.0000 0.9100 0.3000 0.0000
9         M:loadavg
31        155 0.0350 0.0350 0.0597 0.0000
10        M:diskfree
34        155 80.5000 73.2550 24.2063 0.0000
12        M:otherprocs
31        155 4.0000 3.6400 1.2000 0.0000
11        M:rootprocs
36        155 113.0000 102.8300 33.9013 0.0000
7         M:users
31        155 5.0000 4.5500 1.5000 0.0000
# send QUERY complete successful
