# delta from 1679672298 to 1679672359 at 1679672359
22        CFR: 0 1679672358 2419
3         PRD
60        Packing reports: delta,0.030761,0.094624,0.095718,1679672299
3         EXS
15        f,85,1679672063
3         MOM
15        M:entropy_avail
38        1339 3780.0000 2646.0000 0.0000 0.0000
12        M:mem_cached
41        1339 1989.7148 1392.8004 1664.7149 0.0000
10        M:mem_free
39        1339 12449.0469 8714.3328 0.0000 0.0000
11        M:mem_total
40        1339 14863.5820 10404.5074 0.0000 0.0000
16        M:io_writtendata
32        1339 0.6953 0.4867 0.5817 0.0000
11        M:io_writes
33        1339 10.0000 7.0000 8.3666 0.0000
6         M:cpu3
32        1339 0.4801 0.3360 0.4017 0.0000
6         M:cpu2
32        1339 0.7395 0.5177 0.6187 0.0000
6         M:cpu1
32        1339 0.3800 0.2660 0.3180 0.0000
6         M:cpu0
32        1339 0.3863 0.2704 0.3232 0.0000
5         M:cpu
32        1339 0.4948 0.3464 0.4140 0.0000
10        M:messages
41        1339 2546.0000 1782.2000 2130.1364 0.0000
8         M:ssh_in
32        1339 2.0000 1.4000 1.6733 0.0000
14        M:cfengine_out
32        1339 1.0000 0.7000 0.8367 0.0000
13        M:cfengine_in
32        1339 1.0000 0.7000 0.8367 0.0000
9         M:loadavg
32        1339 0.0400 0.0280 0.0335 0.0000
10        M:diskfree
35        1339 75.0000 52.5000 62.7495 0.0000
12        M:otherprocs
32        1339 4.0000 2.8000 3.3466 0.0000
11        M:rootprocs
36        1339 112.0000 78.4000 93.7059 0.0000
7         M:users
32        1339 5.0000 3.5000 4.1833 0.0000
3         MOY
15        M:entropy_avail
39        155 3652.0000 3350.2000 848.4657 0.0000
12        M:mem_cached
39        155 1325.6133 1202.9637 456.9957 0.0000
16        M:io_writtendata
31        155 0.5635 0.6041 0.1406 0.0000
11        M:io_writes
31        155 9.0000 9.2400 0.8944 0.0000
6         M:cpu3
31        155 0.4633 0.6694 0.9253 0.0000
6         M:cpu2
31        155 0.4062 0.7013 0.9862 0.0000
6         M:cpu1
31        155 0.3499 0.4373 0.3399 0.0000
6         M:cpu0
31        155 0.6230 0.9474 1.6164 0.0000
5         M:cpu
31        155 0.4614 0.6889 0.9174 0.0000
10        M:messages
38        155 367.5000 1042.5450 625.0224 0.0000
8         M:ssh_in
31        155 2.0000 1.8200 0.6000 0.0000
13        M:cfengine_in
31        155 1.0000 0.9100 0.3000 0.0000
9         M:loadavg
31        155 0.0450 0.0504 0.0510 0.0000
10        M:diskfree
34        155 80.5000 73.2550 24.2063 0.0000
12        M:otherprocs
31        155 4.0000 3.6400 1.2000 0.0000
11        M:rootprocs
36        155 112.5000 102.5850 33.0700 0.0000
7         M:users
31        155 5.0000 4.5500 1.5000 0.0000
3         PLG
360       1679672329,5820946305f58f0ceb4dd427ba58a6bdff713a12bc3cbc4169caacb3cf1110f1,/var/cfengine/inputs/services/cfbs/churn_local_users.cf,35918a18f3f028e3a16776f9d73c3e66ccce4a02,114,default,churn_local_users,users,rey,/default/churn_local_users/users/'rey'[12],,[],"[""Created user 'rey'""]",10,SHA=66aec41141537e4570d6a74066d87b0a9129cc05975edb37015fa542e617fbd4

363       1679672354,369729ef797e65207cc29c1cf07f54d4a76677334810dd2800afa496927bb5e0,/var/cfengine/inputs/services/cfbs/churn_local_users.cf,35918a18f3f028e3a16776f9d73c3e66ccce4a02,114,default,churn_local_users,users,c3po,/default/churn_local_users/users/'c3po'[13],,[],"[""Removed user 'c3po'""]",10,SHA=66aec41141537e4570d6a74066d87b0a9129cc05975edb37015fa542e617fbd4

# send QUERY complete successful
