# delta from 1679673858 to 1679673919 at 1679673919
22        CFR: 0 1679673918 2121
3         PRD
60        Packing reports: delta,0.036180,0.020139,0.010131,1679673859
83        Sample(/proc/sys/kernel/random/entropy_avail),0.005123,0.002625,0.002468,1679673874
3         EXS
16        f,327,1679673827
3         MOM
15        M:entropy_avail
40        1344 3780.0000 3439.8000 948.7725 0.0000
12        M:mem_cached
40        1344 2003.8633 1823.3007 601.8754 0.0000
10        M:mem_free
40        1344 12422.8320 11304.9970 0.0000 0.0000
11        M:mem_total
40        1344 14863.5820 13525.8596 0.0000 0.0000
16        M:io_writtendata
32        1344 1.3652 1.0625 0.8759 0.0000
11        M:io_writes
35        1344 18.0000 13.8600 11.8688 0.0000
6         M:cpu3
32        1344 1.2333 0.8885 0.9631 0.0000
6         M:cpu2
32        1344 1.5994 1.1685 1.2063 0.0000
6         M:cpu1
32        1344 2.4795 1.7734 1.9709 0.0000
6         M:cpu0
32        1344 0.7205 0.5393 0.5111 0.0000
5         M:cpu
32        1344 1.5100 1.0934 1.1646 0.0000
10        M:messages
40        1344 1183.0000 1362.7600 599.2000 0.0000
8         M:ssh_in
32        1344 2.0000 1.8200 0.6000 0.0000
13        M:cfengine_in
32        1344 1.0000 0.9100 0.3000 0.0000
9         M:loadavg
32        1344 0.0200 0.0161 0.0118 0.0000
10        M:diskfree
35        1344 75.0000 68.2500 22.5000 0.0000
12        M:otherprocs
32        1344 4.0000 3.6400 1.2000 0.0000
11        M:rootprocs
37        1344 113.0000 103.0400 33.2000 0.0000
7         M:users
32        1344 5.0000 4.5500 1.5000 0.0000
3         MOY
15        M:entropy_avail
39        155 3652.0000 3350.2000 848.4657 0.0000
12        M:mem_cached
39        155 1325.6133 1202.9637 456.9957 0.0000
16        M:io_writtendata
31        155 0.5635 0.6041 0.1406 0.0000
11        M:io_writes
31        155 9.0000 9.2400 0.8944 0.0000
6         M:cpu3
31        155 0.4633 0.6694 0.9253 0.0000
6         M:cpu2
31        155 0.4062 0.7013 0.9862 0.0000
6         M:cpu1
31        155 0.3499 0.4373 0.3399 0.0000
6         M:cpu0
31        155 0.6230 0.9474 1.6164 0.0000
5         M:cpu
31        155 0.4614 0.6889 0.9174 0.0000
10        M:messages
38        155 367.5000 1042.5450 625.0224 0.0000
8         M:ssh_in
31        155 2.0000 1.8200 0.6000 0.0000
13        M:cfengine_in
31        155 1.0000 0.9100 0.3000 0.0000
9         M:loadavg
31        155 0.0450 0.0504 0.0510 0.0000
10        M:diskfree
34        155 80.5000 73.2550 24.2063 0.0000
12        M:otherprocs
31        155 4.0000 3.6400 1.2000 0.0000
11        M:rootprocs
36        155 112.5000 102.5850 33.0700 0.0000
7         M:users
31        155 5.0000 4.5500 1.5000 0.0000
3         PLG
383       1679673889,8f889933d10bb688c85e85dce773c282b796ebe7ebe2528f99dba8fe2cc4d5bb,/var/cfengine/inputs/services/cfbs/churn_local_users.cf,35918a18f3f028e3a16776f9d73c3e66ccce4a02,114,default,churn_local_users,users,jarjarbinks,/default/churn_local_users/users/'jarjarbinks'[2],,[],"[""Created user 'jarjarbinks'""]",10,SHA=66aec41141537e4570d6a74066d87b0a9129cc05975edb37015fa542e617fbd4

# send QUERY complete successful
