# delta from 1679741058 to 1679741119 at 1679741119
22        CFR: 0 1679741118 1650
3         PRD
60        Packing reports: delta,0.029834,0.089008,0.089716,1679741059
3         EXS
16        f,461,1679740903
3         MOM
15        M:entropy_avail
41        1568 4036.0000 3619.0000 1162.9574 0.0000
12        M:mem_cached
40        1568 2241.4961 2041.4004 666.9855 0.0000
10        M:mem_free
40        1568 12171.3164 11073.0506 0.0000 0.0000
11        M:mem_total
40        1568 14863.5820 13525.8596 0.0000 0.0000
16        M:io_writtendata
32        1568 0.5977 0.5730 0.0822 0.0000
11        M:io_writes
33        1568 10.0000 9.5200 1.6000 0.0000
6         M:cpu3
32        1568 1.5275 1.1742 1.0115 0.0000
6         M:cpu2
32        1568 3.4037 2.4386 2.6945 0.0000
6         M:cpu1
32        1568 3.6980 2.6754 2.8583 0.0000
6         M:cpu0
32        1568 3.1523 2.2920 2.4064 0.0000
5         M:cpu
32        1568 2.9459 2.1454 2.2398 0.0000
10        M:messages
40        1568 1262.0000 1569.4700 857.4929 0.0000
8         M:ssh_in
32        1568 2.0000 1.8200 0.6000 0.0000
13        M:cfengine_in
32        1568 1.0000 0.9100 0.3000 0.0000
9         M:loadavg
32        1568 0.0300 0.0252 0.0162 0.0000
10        M:diskfree
35        1568 73.0000 66.2200 22.6000 0.0000
12        M:otherprocs
32        1568 4.0000 3.6400 1.2000 0.0000
11        M:rootprocs
37        1568 110.0000 100.9400 30.2000 0.0000
7         M:users
32        1568 5.0000 4.5500 1.5000 0.0000
3         MOY
15        M:entropy_avail
39        155 3652.0000 3350.2000 848.4657 0.0000
12        M:mem_cached
39        155 1334.7988 1211.0830 461.7662 0.0000
16        M:io_writtendata
31        155 0.3193 0.3388 0.1251 0.0000
11        M:io_writes
31        155 7.0000 6.7900 1.8724 0.0000
6         M:cpu3
31        155 0.5030 0.6454 0.9539 0.0000
6         M:cpu2
31        155 0.3231 0.4795 0.7447 0.0000
6         M:cpu1
31        155 0.5199 0.5004 0.4890 0.0000
6         M:cpu0
31        155 1.3187 1.3763 1.9682 0.0000
5         M:cpu
31        155 0.6679 0.7515 1.0018 0.0000
10        M:messages
37        155 330.0000 957.9150 581.6704 0.0000
8         M:ssh_in
31        155 2.0000 1.8200 0.6000 0.0000
13        M:cfengine_in
31        155 1.0000 0.9100 0.3000 0.0000
9         M:loadavg
31        155 0.0350 0.0350 0.0597 0.0000
10        M:diskfree
34        155 80.5000 73.2550 24.2063 0.0000
12        M:otherprocs
31        155 4.0000 3.6400 1.2000 0.0000
11        M:rootprocs
36        155 113.0000 102.8300 33.9013 0.0000
7         M:users
31        155 5.0000 4.5500 1.5000 0.0000
# send QUERY complete successful
