# delta from 1679663838 to 1679663899 at 1679663899
22        CFR: 0 1679663898 1654
3         PRD
60        Packing reports: delta,0.025289,0.063952,0.064461,1679663839
3         EXS
16        f,119,1679663607
3         MOM
15        M:entropy_avail
38        1311 3780.0000 2646.0000 0.0000 0.0000
12        M:mem_cached
41        1311 1975.6016 1382.9211 1652.9069 0.0000
10        M:mem_free
39        1311 12457.0859 8719.9602 0.0000 0.0000
11        M:mem_total
40        1311 14863.5820 10404.5074 0.0000 0.0000
16        M:io_writtendata
32        1311 0.5293 0.3705 0.4428 0.0000
11        M:io_writes
32        1311 8.0000 5.6000 6.6933 0.0000
6         M:cpu3
32        1311 1.3396 0.9377 1.1208 0.0000
6         M:cpu2
32        1311 0.6265 0.4386 0.5242 0.0000
6         M:cpu1
32        1311 1.1459 0.8021 0.9587 0.0000
6         M:cpu0
32        1311 0.9866 0.6906 0.8254 0.0000
5         M:cpu
32        1311 1.0230 0.7161 0.8559 0.0000
10        M:messages
41        1311 2546.0000 1782.2000 2130.1364 0.0000
8         M:ssh_in
32        1311 2.0000 1.4000 1.6733 0.0000
14        M:cfengine_out
32        1311 1.0000 0.7000 0.8367 0.0000
13        M:cfengine_in
32        1311 1.0000 0.7000 0.8367 0.0000
10        M:diskfree
35        1311 75.0000 52.5000 62.7495 0.0000
12        M:otherprocs
32        1311 4.0000 2.8000 3.3466 0.0000
11        M:rootprocs
36        1311 111.0000 77.7000 92.8693 0.0000
7         M:users
32        1311 5.0000 3.5000 4.1833 0.0000
3         MOY
15        M:entropy_avail
39        155 3652.0000 3350.2000 848.4657 0.0000
12        M:mem_cached
39        155 1312.2617 1194.4728 435.3217 0.0000
16        M:io_writtendata
31        155 0.8862 0.8774 0.2043 0.0000
11        M:io_writes
33        155 13.0000 12.6700 2.5495 0.0000
6         M:cpu3
31        155 0.9696 1.1437 0.9299 0.0000
6         M:cpu2
31        155 0.8699 0.9610 0.8088 0.0000
6         M:cpu1
31        155 0.9664 1.3754 1.6324 0.0000
6         M:cpu0
31        155 1.1938 1.4079 1.7498 0.0000
5         M:cpu
31        155 0.9999 1.2220 0.9130 0.0000
10        M:messages
38        155 597.5000 1441.8950 913.5387 0.0000
8         M:ssh_in
31        155 2.0000 1.8200 0.6000 0.0000
13        M:cfengine_in
31        155 1.0000 0.9100 0.3000 0.0000
9         M:loadavg
31        155 0.0250 0.0374 0.0507 0.0000
10        M:diskfree
34        155 80.5000 73.2550 24.2063 0.0000
12        M:otherprocs
31        155 4.0000 3.6400 1.2000 0.0000
11        M:rootprocs
36        155 111.0000 101.3250 32.3089 0.0000
7         M:users
31        155 5.0000 4.5500 1.5000 0.0000
# send QUERY complete successful
