# delta from 1679744898 to 1679744960 at 1679744960
22        CFR: 0 1679744959 1729
3         PRD
60        Packing reports: delta,0.030066,0.090399,0.091667,1679744899
83        Sample(/proc/sys/kernel/random/entropy_avail),0.004799,0.002303,0.002345,1679744950
3         EXS
16        f,160,1679744759
3         MOM
15        M:entropy_avail
41        1581 4036.0000 3619.0000 1162.9574 0.0000
12        M:mem_cached
40        1581 2236.0469 2036.6196 664.7574 0.0000
10        M:mem_free
40        1581 12176.3594 11083.1916 0.0000 0.0000
11        M:mem_total
40        1581 14863.5820 13525.8596 0.0000 0.0000
16        M:io_writtendata
32        1581 0.0654 0.2857 0.8073 0.0000
11        M:io_writes
32        1581 4.0000 6.1600 7.2000 0.0000
6         M:cpu3
32        1581 0.6466 0.6178 0.0960 0.0000
6         M:cpu2
32        1581 1.2192 1.5069 0.9590 0.0000
6         M:cpu1
32        1581 1.9185 1.8901 0.0944 0.0000
6         M:cpu0
32        1581 0.6862 1.1136 1.4249 0.0000
5         M:cpu
32        1581 1.1177 1.2822 0.5483 0.0000
10        M:messages
37        1581 169.0000 1144.9900 0.0000 0.0000
8         M:ssh_in
32        1581 4.0000 3.4300 2.1017 0.0000
13        M:cfengine_in
32        1581 1.0000 0.9100 0.3000 0.0000
9         M:loadavg
32        1581 0.0200 0.0329 0.0430 0.0000
10        M:diskfree
35        1581 73.0000 66.4300 21.9000 0.0000
12        M:otherprocs
32        1581 5.0000 4.5500 1.5000 0.0000
11        M:rootprocs
37        1581 112.0000 101.5000 35.0000 0.0000
7         M:users
32        1581 6.0000 5.4600 1.8000 0.0000
3         MOY
15        M:entropy_avail
39        155 3652.0000 3350.2000 848.4657 0.0000
12        M:mem_cached
39        155 1334.7988 1211.0830 461.7662 0.0000
16        M:io_writtendata
31        155 0.3193 0.3388 0.1251 0.0000
11        M:io_writes
31        155 7.0000 6.7900 1.8724 0.0000
6         M:cpu3
31        155 0.5030 0.6454 0.9539 0.0000
6         M:cpu2
31        155 0.3231 0.4795 0.7447 0.0000
6         M:cpu1
31        155 0.5199 0.5004 0.4890 0.0000
6         M:cpu0
31        155 1.3187 1.3763 1.9682 0.0000
5         M:cpu
31        155 0.6679 0.7515 1.0018 0.0000
10        M:messages
37        155 330.0000 957.9150 581.6704 0.0000
8         M:ssh_in
31        155 2.0000 1.8200 0.6000 0.0000
13        M:cfengine_in
31        155 1.0000 0.9100 0.3000 0.0000
9         M:loadavg
31        155 0.0350 0.0350 0.0597 0.0000
10        M:diskfree
34        155 80.5000 73.2550 24.2063 0.0000
12        M:otherprocs
31        155 4.0000 3.6400 1.2000 0.0000
11        M:rootprocs
36        155 113.0000 102.8300 33.9013 0.0000
7         M:users
31        155 5.0000 4.5500 1.5000 0.0000
# send QUERY complete successful
