# delta from 1679723658 to 1679723719 at 1679723719
22        CFR: 0 1679723718 2035
3         PRD
60        Packing reports: delta,0.015615,0.024383,0.023334,1679723659
3         EXS
16        f,289,1679723612
3         MOM
15        M:entropy_avail
41        1510 4036.0000 3619.0000 1162.9574 0.0000
12        M:mem_cached
40        1510 2193.1094 1993.8436 664.2191 0.0000
10        M:mem_free
38        1510 8563.4910 8563.4910 0.0000 0.0000
11        M:mem_total
40        1510 10404.5074 10404.5074 0.0000 0.0000
16        M:io_writtendata
32        1510 0.7686 0.8044 0.1194 0.0000
11        M:io_writes
34        1510 12.0000 11.7600 0.8000 0.0000
6         M:cpu3
32        1510 0.6131 0.5481 0.2167 0.0000
6         M:cpu2
32        1510 1.7856 2.4522 2.2220 0.0000
6         M:cpu1
32        1510 0.8858 0.6984 0.5498 0.0000
6         M:cpu0
32        1510 1.6993 1.4919 0.6915 0.0000
5         M:cpu
32        1510 1.2459 1.2976 0.1721 0.0000
10        M:messages
40        1510 649.0000 1273.7200 1742.2608 0.0000
8         M:ssh_in
32        1510 2.0000 2.0300 0.1000 0.0000
13        M:cfengine_in
32        1510 2.0000 1.6100 1.1803 0.0000
9         M:loadavg
32        1510 0.0600 0.0504 0.0324 0.0000
10        M:diskfree
35        1510 73.0000 66.4300 21.9000 0.0000
12        M:otherprocs
32        1510 4.0000 3.6400 1.2000 0.0000
11        M:rootprocs
37        1510 116.0000 104.5100 38.3000 0.0000
7         M:users
32        1510 5.0000 4.5500 1.5000 0.0000
3         MOY
15        M:entropy_avail
39        155 3652.0000 3350.2000 848.4657 0.0000
12        M:mem_cached
39        155 1334.7988 1211.0830 461.7662 0.0000
16        M:io_writtendata
31        155 0.3193 0.3388 0.1251 0.0000
11        M:io_writes
31        155 7.0000 6.7900 1.8724 0.0000
6         M:cpu3
31        155 0.5030 0.6454 0.9539 0.0000
6         M:cpu2
31        155 0.3231 0.4795 0.7447 0.0000
6         M:cpu1
31        155 0.5199 0.5004 0.4890 0.0000
6         M:cpu0
31        155 1.3187 1.3763 1.9682 0.0000
5         M:cpu
31        155 0.6679 0.7515 1.0018 0.0000
10        M:messages
37        155 330.0000 957.9150 581.6704 0.0000
8         M:ssh_in
31        155 2.0000 1.8200 0.6000 0.0000
13        M:cfengine_in
31        155 1.0000 0.9100 0.3000 0.0000
9         M:loadavg
31        155 0.0350 0.0350 0.0597 0.0000
10        M:diskfree
34        155 80.5000 73.2550 24.2063 0.0000
12        M:otherprocs
31        155 4.0000 3.6400 1.2000 0.0000
11        M:rootprocs
36        155 113.0000 102.8300 33.9013 0.0000
7         M:users
31        155 5.0000 4.5500 1.5000 0.0000
3         PLG
383       1679723674,8f889933d10bb688c85e85dce773c282b796ebe7ebe2528f99dba8fe2cc4d5bb,/var/cfengine/inputs/services/cfbs/churn_local_users.cf,35918a18f3f028e3a16776f9d73c3e66ccce4a02,114,default,churn_local_users,users,jarjarbinks,/default/churn_local_users/users/'jarjarbinks'[2],,[],"[""Created user 'jarjarbinks'""]",10,SHA=66aec41141537e4570d6a74066d87b0a9129cc05975edb37015fa542e617fbd4

# send QUERY complete successful
