# delta from 1679726358 to 1679726419 at 1679726419
22        CFR: 0 1679726418 1651
3         PRD
60        Packing reports: delta,0.014929,0.022288,0.022721,1679726359
3         EXS
16        f,202,1679726297
3         MOM
15        M:entropy_avail
41        1519 4036.0000 3619.0000 1162.9574 0.0000
12        M:mem_cached
40        1519 2178.0430 1981.8066 654.1211 0.0000
10        M:mem_free
40        1519 12262.5234 11159.5312 0.0000 0.0000
11        M:mem_total
40        1519 14863.5820 13525.8596 0.0000 0.0000
16        M:io_writtendata
32        1519 0.8330 0.8532 0.0673 0.0000
11        M:io_writes
34        1519 14.0000 13.1600 2.8000 0.0000
6         M:cpu3
32        1519 1.8332 1.3616 1.3262 0.0000
6         M:cpu2
32        1519 2.8585 2.3128 1.6671 0.0000
6         M:cpu1
32        1519 5.4512 3.9990 4.0694 0.0000
6         M:cpu0
32        1519 1.4002 1.0333 1.0298 0.0000
5         M:cpu
32        1519 2.8861 2.1766 2.0079 0.0000
10        M:messages
41        1519 5485.0000 4600.9600 2465.4698 0.0000
8         M:ssh_in
32        1519 2.0000 1.8200 0.6000 0.0000
13        M:cfengine_in
32        1519 1.0000 0.9100 0.3000 0.0000
9         M:loadavg
32        1519 0.1200 0.0882 0.0892 0.0000
10        M:diskfree
35        1519 73.0000 66.4300 21.9000 0.0000
12        M:otherprocs
32        1519 4.0000 3.6400 1.2000 0.0000
11        M:rootprocs
36        1519 108.0000 98.2800 32.4000 0.0000
7         M:users
32        1519 5.0000 4.5500 1.5000 0.0000
3         MOY
15        M:entropy_avail
39        155 3652.0000 3350.2000 848.4657 0.0000
12        M:mem_cached
39        155 1334.7988 1211.0830 461.7662 0.0000
16        M:io_writtendata
31        155 0.3193 0.3388 0.1251 0.0000
11        M:io_writes
31        155 7.0000 6.7900 1.8724 0.0000
6         M:cpu3
31        155 0.5030 0.6454 0.9539 0.0000
6         M:cpu2
31        155 0.3231 0.4795 0.7447 0.0000
6         M:cpu1
31        155 0.5199 0.5004 0.4890 0.0000
6         M:cpu0
31        155 1.3187 1.3763 1.9682 0.0000
5         M:cpu
31        155 0.6679 0.7515 1.0018 0.0000
10        M:messages
37        155 330.0000 957.9150 581.6704 0.0000
8         M:ssh_in
31        155 2.0000 1.8200 0.6000 0.0000
13        M:cfengine_in
31        155 1.0000 0.9100 0.3000 0.0000
9         M:loadavg
31        155 0.0350 0.0350 0.0597 0.0000
10        M:diskfree
34        155 80.5000 73.2550 24.2063 0.0000
12        M:otherprocs
31        155 4.0000 3.6400 1.2000 0.0000
11        M:rootprocs
36        155 113.0000 102.8300 33.9013 0.0000
7         M:users
31        155 5.0000 4.5500 1.5000 0.0000
# send QUERY complete successful
