# delta from 1679721618 to 1679721679 at 1679721679
22        CFR: 0 1679721678 1729
3         PRD
60        Packing reports: delta,0.032598,0.106266,0.107143,1679721619
83        Sample(/proc/sys/kernel/random/entropy_avail),0.004737,0.002244,0.002222,1679721656
3         EXS
15        f,33,1679721021
3         MOM
15        M:entropy_avail
38        1504 3780.0000 2646.0000 0.0000 0.0000
12        M:mem_cached
41        1504 2159.9062 1511.9344 1807.1072 0.0000
10        M:mem_free
39        1504 12258.8828 8581.2180 0.0000 0.0000
11        M:mem_total
40        1504 14863.5820 10404.5074 0.0000 0.0000
16        M:io_writtendata
32        1504 0.7881 0.5517 0.6594 0.0000
11        M:io_writes
33        1504 10.0000 7.0000 8.3666 0.0000
6         M:cpu3
32        1504 0.2800 0.1960 0.2342 0.0000
6         M:cpu2
32        1504 0.3596 0.2517 0.3009 0.0000
6         M:cpu1
32        1504 0.1467 0.1027 0.1227 0.0000
6         M:cpu0
32        1504 0.2531 0.1772 0.2118 0.0000
5         M:cpu
32        1504 0.2615 0.1831 0.2188 0.0000
10        M:messages
41        1504 2546.0000 1782.2000 2130.1364 0.0000
8         M:ssh_in
32        1504 2.0000 1.4000 1.6733 0.0000
13        M:cfengine_in
32        1504 2.0000 1.4000 1.6733 0.0000
9         M:loadavg
32        1504 0.0100 0.0070 0.0084 0.0000
10        M:diskfree
35        1504 73.0000 51.1000 61.0762 0.0000
12        M:otherprocs
32        1504 4.0000 2.8000 3.3466 0.0000
11        M:rootprocs
36        1504 113.0000 79.1000 94.5426 0.0000
7         M:users
32        1504 5.0000 3.5000 4.1833 0.0000
3         MOY
15        M:entropy_avail
39        155 3652.0000 3350.2000 848.4657 0.0000
12        M:mem_cached
39        155 1334.7988 1211.0830 461.7662 0.0000
16        M:io_writtendata
31        155 0.3193 0.3388 0.1251 0.0000
11        M:io_writes
31        155 7.0000 6.7900 1.8724 0.0000
6         M:cpu3
31        155 0.5030 0.6454 0.9539 0.0000
6         M:cpu2
31        155 0.3231 0.4795 0.7447 0.0000
6         M:cpu1
31        155 0.5199 0.5004 0.4890 0.0000
6         M:cpu0
31        155 1.3187 1.3763 1.9682 0.0000
5         M:cpu
31        155 0.6679 0.7515 1.0018 0.0000
10        M:messages
37        155 330.0000 957.9150 581.6704 0.0000
8         M:ssh_in
31        155 2.0000 1.8200 0.6000 0.0000
13        M:cfengine_in
31        155 1.0000 0.9100 0.3000 0.0000
9         M:loadavg
31        155 0.0350 0.0350 0.0597 0.0000
10        M:diskfree
34        155 80.5000 73.2550 24.2063 0.0000
12        M:otherprocs
31        155 4.0000 3.6400 1.2000 0.0000
11        M:rootprocs
36        155 113.0000 102.8300 33.9013 0.0000
7         M:users
31        155 5.0000 4.5500 1.5000 0.0000
# send QUERY complete successful
