# delta from 1679700198 to 1679700259 at 1679700259
22        CFR: 0 1679700258 2075
3         PRD
60        Packing reports: delta,0.012521,0.015676,0.016545,1679700199
3         EXS
16        f,344,1679700129
3         MOM
15        M:entropy_avail
41        1432 4036.0000 3619.0000 1162.9574 0.0000
12        M:mem_cached
40        1432 2104.0312 1916.3099 625.7379 0.0000
10        M:mem_free
40        1432 12295.0820 11187.0834 0.0000 0.0000
11        M:mem_total
40        1432 14863.5820 13525.8596 0.0000 0.0000
16        M:io_writtendata
32        1432 0.7178 0.8539 0.4539 0.0000
11        M:io_writes
34        1432 12.0000 12.6000 2.0000 0.0000
6         M:cpu3
32        1432 2.2605 1.7363 1.5000 0.0000
6         M:cpu2
32        1432 0.6661 1.2266 1.8682 0.0000
6         M:cpu1
32        1432 2.3651 2.2689 0.3205 0.0000
6         M:cpu0
32        1432 0.8531 0.8099 0.1439 0.0000
5         M:cpu
32        1432 1.5361 1.5106 0.0848 0.0000
10        M:messages
41        1432 1219.0000 1775.8300 1552.9247 0.0000
8         M:ssh_in
32        1432 2.0000 1.8200 0.6000 0.0000
14        M:cfengine_out
32        1432 1.0000 0.7000 0.8367 0.0000
13        M:cfengine_in
32        1432 1.0000 0.9100 0.3000 0.0000
9         M:loadavg
32        1432 0.0500 0.0455 0.0150 0.0000
10        M:diskfree
35        1432 74.0000 67.3400 22.2000 0.0000
12        M:otherprocs
32        1432 4.0000 3.6400 1.2000 0.0000
11        M:rootprocs
37        1432 116.0000 105.3500 35.5000 0.0000
7         M:users
32        1432 5.0000 4.5500 1.5000 0.0000
3         MOY
15        M:entropy_avail
39        155 3652.0000 3350.2000 848.4657 0.0000
12        M:mem_cached
39        155 1334.7988 1211.0830 461.7662 0.0000
16        M:io_writtendata
31        155 0.3193 0.3388 0.1251 0.0000
11        M:io_writes
31        155 7.0000 6.7900 1.8724 0.0000
6         M:cpu3
31        155 0.5030 0.6454 0.9539 0.0000
6         M:cpu2
31        155 0.3231 0.4795 0.7447 0.0000
6         M:cpu1
31        155 0.5199 0.5004 0.4890 0.0000
6         M:cpu0
31        155 1.3187 1.3763 1.9682 0.0000
5         M:cpu
31        155 0.6679 0.7515 1.0018 0.0000
10        M:messages
37        155 330.0000 957.9150 581.6704 0.0000
8         M:ssh_in
31        155 2.0000 1.8200 0.6000 0.0000
13        M:cfengine_in
31        155 1.0000 0.9100 0.3000 0.0000
9         M:loadavg
31        155 0.0350 0.0350 0.0597 0.0000
10        M:diskfree
34        155 80.5000 73.2550 24.2063 0.0000
12        M:otherprocs
31        155 4.0000 3.6400 1.2000 0.0000
11        M:rootprocs
36        155 113.0000 102.8300 33.9013 0.0000
7         M:users
31        155 5.0000 4.5500 1.5000 0.0000
3         PLG
374       1679700213,ad252c73d4c3ae487396792116aed12668e52a7ba42d02ddf6b64cf49dcd29cb,/var/cfengine/inputs/services/cfbs/churn_local_users.cf,35918a18f3f028e3a16776f9d73c3e66ccce4a02,114,default,churn_local_users,users,bobafett,/default/churn_local_users/users/'bobafett'[4],,[],"[""Removed user 'bobafett'""]",10,SHA=66aec41141537e4570d6a74066d87b0a9129cc05975edb37015fa542e617fbd4

# send QUERY complete successful
