# delta from 1679686998 to 1679687059 at 1679687059
22        CFR: 0 1679687058 1651
3         PRD
60        Packing reports: delta,0.023774,0.056518,0.057372,1679686999
3         EXS
16        f,288,1679686715
3         MOM
15        M:entropy_avail
38        1388 3780.0000 2646.0000 0.0000 0.0000
12        M:mem_cached
41        1388 2027.0703 1418.9492 1695.9687 0.0000
10        M:mem_free
39        1388 12398.0625 8678.6437 0.0000 0.0000
11        M:mem_total
40        1388 14863.5820 10404.5074 0.0000 0.0000
16        M:io_writtendata
32        1388 0.0264 0.0185 0.0221 0.0000
11        M:io_writes
32        1388 2.0000 1.4000 1.6733 0.0000
6         M:cpu3
32        1388 0.8535 0.5975 0.7141 0.0000
6         M:cpu2
32        1388 0.7062 0.4943 0.5908 0.0000
6         M:cpu1
32        1388 0.5396 0.3777 0.4515 0.0000
6         M:cpu0
32        1388 1.1526 0.8068 0.9643 0.0000
5         M:cpu
32        1388 0.8113 0.5679 0.6788 0.0000
10        M:messages
41        1388 2546.0000 1782.2000 2130.1364 0.0000
8         M:ssh_in
32        1388 2.0000 1.4000 1.6733 0.0000
14        M:cfengine_out
32        1388 1.0000 0.7000 0.8367 0.0000
13        M:cfengine_in
32        1388 1.0000 0.7000 0.8367 0.0000
10        M:diskfree
35        1388 74.0000 51.8000 61.9128 0.0000
12        M:otherprocs
32        1388 4.0000 2.8000 3.3466 0.0000
11        M:rootprocs
36        1388 115.0000 80.5000 96.2159 0.0000
7         M:users
32        1388 5.0000 3.5000 4.1833 0.0000
3         MOY
15        M:entropy_avail
39        155 3652.0000 3350.2000 848.4657 0.0000
12        M:mem_cached
39        155 1334.7988 1211.0830 461.7662 0.0000
16        M:io_writtendata
31        155 0.3193 0.3388 0.1251 0.0000
11        M:io_writes
31        155 7.0000 6.7900 1.8724 0.0000
6         M:cpu3
31        155 0.5030 0.6454 0.9539 0.0000
6         M:cpu2
31        155 0.3231 0.4795 0.7447 0.0000
6         M:cpu1
31        155 0.5199 0.5004 0.4890 0.0000
6         M:cpu0
31        155 1.3187 1.3763 1.9682 0.0000
5         M:cpu
31        155 0.6679 0.7515 1.0018 0.0000
10        M:messages
37        155 330.0000 957.9150 581.6704 0.0000
8         M:ssh_in
31        155 2.0000 1.8200 0.6000 0.0000
13        M:cfengine_in
31        155 1.0000 0.9100 0.3000 0.0000
9         M:loadavg
31        155 0.0350 0.0350 0.0597 0.0000
10        M:diskfree
34        155 80.5000 73.2550 24.2063 0.0000
12        M:otherprocs
31        155 4.0000 3.6400 1.2000 0.0000
11        M:rootprocs
36        155 113.0000 102.8300 33.9013 0.0000
7         M:users
31        155 5.0000 4.5500 1.5000 0.0000
# send QUERY complete successful
