# delta from 1679684058 to 1679684119 at 1679684119
22        CFR: 0 1679684118 2165
3         PRD
60        Packing reports: delta,0.021586,0.046595,0.047050,1679684059
83        Sample(/proc/sys/kernel/random/entropy_avail),0.004845,0.002348,0.002135,1679684091
3         EXS
16        f,366,1679684021
3         MOM
15        M:entropy_avail
40        1378 3780.0000 3439.8000 948.7725 0.0000
12        M:mem_cached
40        1378 2043.0508 1860.8193 607.4383 0.0000
10        M:mem_free
40        1378 12381.0156 11261.3331 0.0000 0.0000
11        M:mem_total
40        1378 14863.5820 13525.8596 0.0000 0.0000
16        M:io_writtendata
32        1378 1.3730 1.1125 0.7982 0.0000
11        M:io_writes
34        1378 16.0000 13.3000 8.8148 0.0000
6         M:cpu3
32        1378 1.4874 1.1280 1.0200 0.0000
6         M:cpu2
32        1378 0.5601 0.4957 0.2149 0.0000
6         M:cpu1
32        1378 4.9367 3.6333 3.6556 0.0000
6         M:cpu0
32        1378 4.2675 3.0656 3.3563 0.0000
5         M:cpu
32        1378 2.8119 2.0803 2.0550 0.0000
10        M:messages
40        1378 1738.0000 1903.7200 462.1710 0.0000
8         M:ssh_in
32        1378 2.0000 1.8200 0.6000 0.0000
14        M:cfengine_out
32        1378 0.0000 0.2100 0.7436 0.0000
13        M:cfengine_in
32        1378 1.0000 0.9100 0.3000 0.0000
9         M:loadavg
32        1378 0.1000 0.0700 0.0837 0.0000
10        M:diskfree
35        1378 74.0000 67.3400 22.2000 0.0000
12        M:otherprocs
32        1378 4.0000 3.6400 1.2000 0.0000
11        M:rootprocs
37        1378 114.0000 104.7900 30.7000 0.0000
7         M:users
32        1378 5.0000 4.5500 1.5000 0.0000
3         MOY
15        M:entropy_avail
39        155 3652.0000 3350.2000 848.4657 0.0000
12        M:mem_cached
39        155 1334.7988 1211.0830 461.7662 0.0000
16        M:io_writtendata
31        155 0.3193 0.3388 0.1251 0.0000
11        M:io_writes
31        155 7.0000 6.7900 1.8724 0.0000
6         M:cpu3
31        155 0.5030 0.6454 0.9539 0.0000
6         M:cpu2
31        155 0.3231 0.4795 0.7447 0.0000
6         M:cpu1
31        155 0.5199 0.5004 0.4890 0.0000
6         M:cpu0
31        155 1.3187 1.3763 1.9682 0.0000
5         M:cpu
31        155 0.6679 0.7515 1.0018 0.0000
10        M:messages
37        155 330.0000 957.9150 581.6704 0.0000
8         M:ssh_in
31        155 2.0000 1.8200 0.6000 0.0000
13        M:cfengine_in
31        155 1.0000 0.9100 0.3000 0.0000
9         M:loadavg
31        155 0.0350 0.0350 0.0597 0.0000
10        M:diskfree
34        155 80.5000 73.2550 24.2063 0.0000
12        M:otherprocs
31        155 4.0000 3.6400 1.2000 0.0000
11        M:rootprocs
36        155 113.0000 102.8300 33.9013 0.0000
7         M:users
31        155 5.0000 4.5500 1.5000 0.0000
3         PLG
383       1679684111,8f889933d10bb688c85e85dce773c282b796ebe7ebe2528f99dba8fe2cc4d5bb,/var/cfengine/inputs/services/cfbs/churn_local_users.cf,35918a18f3f028e3a16776f9d73c3e66ccce4a02,114,default,churn_local_users,users,jarjarbinks,/default/churn_local_users/users/'jarjarbinks'[2],,[],"[""Created user 'jarjarbinks'""]",10,SHA=66aec41141537e4570d6a74066d87b0a9129cc05975edb37015fa542e617fbd4

# send QUERY complete successful
