# delta from 1679747358 to 1679747419 at 1679747419
22        CFR: 0 1679747418 1694
3         PRD
60        Packing reports: delta,0.031719,0.100607,0.104164,1679747359
3         EXS
16        f,166,1679747052
3         MOM
15        M:entropy_avail
41        1589 4036.0000 3619.0000 1162.9574 0.0000
12        M:mem_cached
40        1589 2270.7695 2066.8547 679.7160 0.0000
10        M:mem_free
40        1589 12143.8555 11053.1479 0.0000 0.0000
11        M:mem_total
40        1589 14863.5820 13525.8596 0.0000 0.0000
16        M:io_writtendata
32        1589 0.9434 0.8552 0.2939 0.0000
11        M:io_writes
34        1589 12.0000 10.9200 3.6000 0.0000
6         M:cpu3
32        1589 0.7932 0.6742 0.4213 0.0000
6         M:cpu2
32        1589 0.6527 0.5729 0.2658 0.0000
6         M:cpu1
32        1589 1.0456 0.8761 0.5678 0.0000
6         M:cpu0
32        1589 0.5998 0.5752 0.0822 0.0000
5         M:cpu
32        1589 0.7712 0.6731 0.3269 0.0000
10        M:messages
37        1589 0.0000 534.6600 1893.3067 0.0000
8         M:ssh_in
32        1589 3.0000 2.5200 1.6223 0.0000
14        M:cfengine_out
32        1589 0.0000 0.2100 0.7436 0.0000
13        M:cfengine_in
32        1589 1.0000 0.9100 0.3000 0.0000
9         M:loadavg
32        1589 0.0700 0.0595 0.0372 0.0000
10        M:diskfree
35        1589 72.0000 65.5200 21.6000 0.0000
12        M:otherprocs
32        1589 4.0000 3.6400 1.2000 0.0000
11        M:rootprocs
37        1589 113.0000 102.8300 33.9000 0.0000
7         M:users
32        1589 5.0000 4.5500 1.5000 0.0000
3         MOY
15        M:entropy_avail
39        155 3652.0000 3350.2000 848.4657 0.0000
12        M:mem_cached
39        155 1334.7988 1211.0830 461.7662 0.0000
16        M:io_writtendata
31        155 0.3193 0.3388 0.1251 0.0000
11        M:io_writes
31        155 7.0000 6.7900 1.8724 0.0000
6         M:cpu3
31        155 0.5030 0.6454 0.9539 0.0000
6         M:cpu2
31        155 0.3231 0.4795 0.7447 0.0000
6         M:cpu1
31        155 0.5199 0.5004 0.4890 0.0000
6         M:cpu0
31        155 1.3187 1.3763 1.9682 0.0000
5         M:cpu
31        155 0.6679 0.7515 1.0018 0.0000
10        M:messages
37        155 330.0000 957.9150 581.6704 0.0000
8         M:ssh_in
31        155 2.0000 1.8200 0.6000 0.0000
13        M:cfengine_in
31        155 1.0000 0.9100 0.3000 0.0000
9         M:loadavg
31        155 0.0350 0.0350 0.0597 0.0000
10        M:diskfree
34        155 80.5000 73.2550 24.2063 0.0000
12        M:otherprocs
31        155 4.0000 3.6400 1.2000 0.0000
11        M:rootprocs
36        155 113.0000 102.8300 33.9013 0.0000
7         M:users
31        155 5.0000 4.5500 1.5000 0.0000
# send QUERY complete successful
