# delta from 1679667558 to 1679667619 at 1679667619
22        CFR: 0 1679667618 2158
3         PRD
60        Packing reports: delta,0.035451,0.125674,0.126004,1679667559
83        Sample(/proc/sys/kernel/random/entropy_avail),0.004883,0.002384,0.002490,1679667563
3         EXS
16        f,102,1679667216
3         MOM
15        M:entropy_avail
40        1323 3780.0000 3439.8000 948.7725 0.0000
12        M:mem_cached
40        1323 1984.9258 1802.0907 609.4504 0.0000
10        M:mem_free
38        1323 8730.5559 8730.5559 0.0000 0.0000
11        M:mem_total
40        1323 10404.5074 10404.5074 0.0000 0.0000
16        M:io_writtendata
32        1323 0.0938 0.0751 0.0560 0.0000
11        M:io_writes
32        1323 4.0000 3.2200 2.3605 0.0000
6         M:cpu3
32        1323 0.4067 0.3281 0.2388 0.0000
6         M:cpu2
32        1323 1.5122 1.1438 1.0441 0.0000
6         M:cpu1
32        1323 1.4254 1.1181 0.8963 0.0000
6         M:cpu0
32        1323 0.7731 0.6125 0.4741 0.0000
5         M:cpu
32        1323 1.0262 0.7984 0.6588 0.0000
10        M:messages
39        1323 169.0000 652.9600 1784.0780 0.0000
8         M:ssh_in
32        1323 2.0000 1.8200 0.6000 0.0000
14        M:cfengine_out
32        1323 0.0000 0.2100 0.7436 0.0000
13        M:cfengine_in
32        1323 1.0000 0.9100 0.3000 0.0000
9         M:loadavg
32        1323 0.0100 0.0196 0.0320 0.0000
10        M:diskfree
35        1323 75.0000 68.2500 22.5000 0.0000
12        M:otherprocs
32        1323 4.0000 3.6400 1.2000 0.0000
11        M:rootprocs
37        1323 112.0000 101.7100 34.3000 0.0000
7         M:users
32        1323 5.0000 4.5500 1.5000 0.0000
3         MOY
15        M:entropy_avail
39        155 3652.0000 3350.2000 848.4657 0.0000
12        M:mem_cached
39        155 1315.7734 1198.4567 433.2226 0.0000
16        M:io_writtendata
31        155 0.7695 0.8305 0.2055 0.0000
11        M:io_writes
33        155 13.0000 12.6700 2.5495 0.0000
6         M:cpu3
31        155 1.0967 1.1038 1.2109 0.0000
6         M:cpu2
31        155 0.5861 0.7020 0.7706 0.0000
6         M:cpu1
31        155 3.5019 2.7815 3.2061 0.0000
6         M:cpu0
31        155 0.9457 1.1279 1.7377 0.0000
5         M:cpu
31        155 1.5341 1.4295 1.5096 0.0000
10        M:messages
39        155 927.0000 1573.2150 1356.1705 0.0000
8         M:ssh_in
31        155 2.0000 1.8200 0.6000 0.0000
13        M:cfengine_in
31        155 1.0000 0.9100 0.3000 0.0000
9         M:loadavg
31        155 0.0200 0.0329 0.0515 0.0000
10        M:diskfree
34        155 80.5000 73.2550 24.2063 0.0000
12        M:otherprocs
31        155 4.0000 3.6400 1.2000 0.0000
11        M:rootprocs
36        155 111.5000 102.8300 29.3820 0.0000
7         M:users
31        155 5.0000 4.5500 1.5000 0.0000
3         PLG
377       1679667573,bb30e433c50518e12b4a89114cfa9aae6e780cc296fcc0eb07ebada8781cb2ea,/var/cfengine/inputs/services/cfbs/churn_local_users.cf,35918a18f3f028e3a16776f9d73c3e66ccce4a02,114,default,churn_local_users,users,chewbacca,/default/churn_local_users/users/'chewbacca'[3],,[],"[""Removed user 'chewbacca'""]",10,SHA=66aec41141537e4570d6a74066d87b0a9129cc05975edb37015fa542e617fbd4

# send QUERY complete successful
