# delta from 1679668998 to 1679669059 at 1679669060
22        CFR: 1 1679669059 1696
3         PRD
60        Packing reports: delta,0.030349,0.131644,0.131798,1679668999
3         EXS
15        f,96,1679668932
3         MOM
15        M:entropy_avail
38        1328 3780.0000 2646.0000 0.0000 0.0000
12        M:mem_cached
41        1328 1987.8633 1391.5043 1663.1657 0.0000
10        M:mem_free
39        1328 12447.4609 8713.2227 0.0000 0.0000
11        M:mem_total
40        1328 14863.5820 10404.5074 0.0000 0.0000
16        M:io_writtendata
32        1328 1.1270 0.7889 0.9429 0.0000
11        M:io_writes
35        1328 16.0000 11.2000 13.3866 0.0000
6         M:cpu3
32        1328 1.5871 1.1110 1.3279 0.0000
6         M:cpu2
32        1328 2.6130 1.8291 2.1862 0.0000
6         M:cpu1
32        1328 3.8867 2.7207 3.2518 0.0000
6         M:cpu0
32        1328 2.4862 1.7403 2.0801 0.0000
5         M:cpu
32        1328 2.6401 1.8481 2.2089 0.0000
10        M:messages
38        1328 4931.0000 3451.7000 0.0000 0.0000
8         M:ssh_in
33        1328 11.0000 7.7000 9.2033 0.0000
14        M:cfengine_out
32        1328 1.0000 0.7000 0.8367 0.0000
13        M:cfengine_in
32        1328 1.0000 0.7000 0.8367 0.0000
9         M:loadavg
32        1328 0.0100 0.0070 0.0084 0.0000
10        M:diskfree
35        1328 75.0000 52.5000 62.7495 0.0000
12        M:otherprocs
32        1328 4.0000 2.8000 3.3466 0.0000
11        M:rootprocs
36        1328 112.0000 78.4000 93.7059 0.0000
7         M:users
32        1328 5.0000 3.5000 4.1833 0.0000
3         MOY
15        M:entropy_avail
39        155 3652.0000 3350.2000 848.4657 0.0000
12        M:mem_cached
39        155 1315.7734 1198.4567 433.2226 0.0000
16        M:io_writtendata
31        155 0.7695 0.8305 0.2055 0.0000
11        M:io_writes
33        155 13.0000 12.6700 2.5495 0.0000
6         M:cpu3
31        155 1.0967 1.1038 1.2109 0.0000
6         M:cpu2
31        155 0.5861 0.7020 0.7706 0.0000
6         M:cpu1
31        155 3.5019 2.7815 3.2061 0.0000
6         M:cpu0
31        155 0.9457 1.1279 1.7377 0.0000
5         M:cpu
31        155 1.5341 1.4295 1.5096 0.0000
10        M:messages
39        155 927.0000 1573.2150 1356.1705 0.0000
8         M:ssh_in
31        155 2.0000 1.8200 0.6000 0.0000
13        M:cfengine_in
31        155 1.0000 0.9100 0.3000 0.0000
9         M:loadavg
31        155 0.0200 0.0329 0.0515 0.0000
10        M:diskfree
34        155 80.5000 73.2550 24.2063 0.0000
12        M:otherprocs
31        155 4.0000 3.6400 1.2000 0.0000
11        M:rootprocs
36        155 111.5000 102.8300 29.3820 0.0000
7         M:users
31        155 5.0000 4.5500 1.5000 0.0000
# send QUERY complete successful
