# delta from 1679664678 to 1679664739 at 1679664739
22        CFR: 0 1679664738 2215
3         PRD
108       CFEngine Execution (policy filename: '/var/cfengine/inputs/update.cf'),0.042409,0.337233,0.332272,1679664725
60        Packing reports: delta,0.025772,0.066420,0.066417,1679664679
83        Sample(/proc/sys/kernel/random/entropy_avail),0.004762,0.002268,0.002201,1679664708
3         EXS
16        f,334,1679664538
3         MOM
15        M:entropy_avail
38        1314 3780.0000 2646.0000 0.0000 0.0000
12        M:mem_cached
41        1314 1976.7422 1383.7195 1653.8612 0.0000
10        M:mem_free
39        1314 12453.1445 8717.2012 0.0000 0.0000
11        M:mem_total
40        1314 14863.5820 10404.5074 0.0000 0.0000
16        M:io_writtendata
32        1314 0.8896 0.6228 0.7443 0.0000
11        M:io_writes
33        1314 10.0000 7.0000 8.3666 0.0000
6         M:cpu3
32        1314 0.1200 0.0840 0.1004 0.0000
6         M:cpu2
32        1314 0.2265 0.1585 0.1895 0.0000
6         M:cpu1
32        1314 0.2066 0.1446 0.1728 0.0000
6         M:cpu0
32        1314 0.2665 0.1866 0.2230 0.0000
5         M:cpu
32        1314 0.2049 0.1434 0.1714 0.0000
10        M:messages
41        1314 2546.0000 1782.2000 2130.1364 0.0000
8         M:ssh_in
32        1314 2.0000 1.4000 1.6733 0.0000
13        M:cfengine_in
32        1314 1.0000 0.7000 0.8367 0.0000
9         M:loadavg
32        1314 0.0100 0.0070 0.0084 0.0000
10        M:diskfree
35        1314 75.0000 52.5000 62.7495 0.0000
12        M:otherprocs
32        1314 4.0000 2.8000 3.3466 0.0000
11        M:rootprocs
36        1314 113.0000 79.1000 94.5426 0.0000
7         M:users
32        1314 5.0000 3.5000 4.1833 0.0000
3         MOY
15        M:entropy_avail
39        155 3652.0000 3350.2000 848.4657 0.0000
12        M:mem_cached
39        155 1312.2617 1194.4728 435.3217 0.0000
16        M:io_writtendata
31        155 0.8862 0.8774 0.2043 0.0000
11        M:io_writes
33        155 13.0000 12.6700 2.5495 0.0000
6         M:cpu3
31        155 0.9696 1.1437 0.9299 0.0000
6         M:cpu2
31        155 0.8699 0.9610 0.8088 0.0000
6         M:cpu1
31        155 0.9664 1.3754 1.6324 0.0000
6         M:cpu0
31        155 1.1938 1.4079 1.7498 0.0000
5         M:cpu
31        155 0.9999 1.2220 0.9130 0.0000
10        M:messages
38        155 597.5000 1441.8950 913.5387 0.0000
8         M:ssh_in
31        155 2.0000 1.8200 0.6000 0.0000
13        M:cfengine_in
31        155 1.0000 0.9100 0.3000 0.0000
9         M:loadavg
31        155 0.0250 0.0374 0.0507 0.0000
10        M:diskfree
34        155 80.5000 73.2550 24.2063 0.0000
12        M:otherprocs
31        155 4.0000 3.6400 1.2000 0.0000
11        M:rootprocs
36        155 111.0000 101.3250 32.3089 0.0000
7         M:users
31        155 5.0000 4.5500 1.5000 0.0000
3         PLG
371       1679664729,b5d8f6dc22944432198c454988deeb7524398d1c0ef44b50e3120608932c61f9,/var/cfengine/inputs/services/cfbs/churn_local_users.cf,35918a18f3f028e3a16776f9d73c3e66ccce4a02,114,default,churn_local_users,users,hansolo,/default/churn_local_users/users/'hansolo'[8],,[],"[""Created user 'hansolo'""]",10,SHA=66aec41141537e4570d6a74066d87b0a9129cc05975edb37015fa542e617fbd4

# send QUERY complete successful
