# delta from 1679715978 to 1679716039 at 1679716039
22        CFR: 0 1679716038 1752
3         PRD
108       CFEngine Execution (policy filename: '/var/cfengine/inputs/update.cf'),0.030214,0.341664,0.353118,1679716027
60        Packing reports: delta,0.027252,0.074267,0.075019,1679715979
3         EXS
16        f,160,1679715964
3         MOM
15        M:entropy_avail
38        1485 3780.0000 2646.0000 0.0000 0.0000
12        M:mem_cached
41        1485 2164.1367 1514.8957 1810.6467 0.0000
10        M:mem_free
39        1485 12250.3242 8575.2270 0.0000 0.0000
11        M:mem_total
40        1485 14863.5820 10404.5074 0.0000 0.0000
16        M:io_writtendata
32        1485 0.4766 0.3336 0.3987 0.0000
11        M:io_writes
33        1485 10.0000 7.0000 8.3666 0.0000
6         M:cpu3
32        1485 0.3400 0.2380 0.2844 0.0000
6         M:cpu2
32        1485 0.4730 0.3311 0.3957 0.0000
6         M:cpu1
32        1485 0.3665 0.2565 0.3066 0.0000
6         M:cpu0
32        1485 0.9999 0.6999 0.8365 0.0000
5         M:cpu
32        1485 0.5481 0.3837 0.4586 0.0000
10        M:messages
38        1485 4103.0000 2872.1000 0.0000 0.0000
8         M:ssh_in
32        1485 2.0000 1.4000 1.6733 0.0000
13        M:cfengine_in
32        1485 1.0000 0.7000 0.8367 0.0000
9         M:loadavg
32        1485 0.1100 0.0770 0.0920 0.0000
10        M:diskfree
35        1485 73.0000 51.1000 61.0762 0.0000
12        M:otherprocs
32        1485 4.0000 2.8000 3.3466 0.0000
11        M:rootprocs
36        1485 112.0000 78.4000 93.7059 0.0000
7         M:users
32        1485 5.0000 3.5000 4.1833 0.0000
3         MOY
15        M:entropy_avail
39        155 3652.0000 3350.2000 848.4657 0.0000
12        M:mem_cached
39        155 1334.7988 1211.0830 461.7662 0.0000
16        M:io_writtendata
31        155 0.3193 0.3388 0.1251 0.0000
11        M:io_writes
31        155 7.0000 6.7900 1.8724 0.0000
6         M:cpu3
31        155 0.5030 0.6454 0.9539 0.0000
6         M:cpu2
31        155 0.3231 0.4795 0.7447 0.0000
6         M:cpu1
31        155 0.5199 0.5004 0.4890 0.0000
6         M:cpu0
31        155 1.3187 1.3763 1.9682 0.0000
5         M:cpu
31        155 0.6679 0.7515 1.0018 0.0000
10        M:messages
37        155 330.0000 957.9150 581.6704 0.0000
8         M:ssh_in
31        155 2.0000 1.8200 0.6000 0.0000
13        M:cfengine_in
31        155 1.0000 0.9100 0.3000 0.0000
9         M:loadavg
31        155 0.0350 0.0350 0.0597 0.0000
10        M:diskfree
34        155 80.5000 73.2550 24.2063 0.0000
12        M:otherprocs
31        155 4.0000 3.6400 1.2000 0.0000
11        M:rootprocs
36        155 113.0000 102.8300 33.9013 0.0000
7         M:users
31        155 5.0000 4.5500 1.5000 0.0000
# send QUERY complete successful
