# delta from 1679753604 to 1679753664 at 1679753664
22        CFR: 0 1679753663 1606
3         PRD
60        Packing reports: delta,0.017890,0.032006,0.032984,1679753605
3         EXS
16        f,388,1679753565
3         MOM
15        M:entropy_avail
38        1610 3780.0000 2646.0000 0.0000 0.0000
12        M:mem_cached
41        1610 2279.9336 1595.9535 1907.5293 0.0000
10        M:mem_free
39        1610 12128.3984 8489.8789 0.0000 0.0000
11        M:mem_total
40        1610 14863.5820 10404.5074 0.0000 0.0000
16        M:io_writtendata
32        1610 0.6484 0.4539 0.5425 0.0000
11        M:io_writes
33        1610 10.0000 7.0000 8.3666 0.0000
6         M:cpu3
32        1610 0.2198 0.1539 0.1839 0.0000
6         M:cpu2
32        1610 0.3863 0.2704 0.3232 0.0000
6         M:cpu1
32        1610 0.2665 0.1866 0.2230 0.0000
6         M:cpu0
32        1610 0.2000 0.1400 0.1673 0.0000
5         M:cpu
32        1610 0.2698 0.1889 0.2258 0.0000
10        M:messages
41        1610 2546.0000 1782.2000 2130.1364 0.0000
8         M:ssh_in
32        1610 2.0000 1.4000 1.6733 0.0000
13        M:cfengine_in
32        1610 2.0000 1.4000 1.6733 0.0000
10        M:diskfree
35        1610 72.0000 50.4000 60.2395 0.0000
12        M:otherprocs
32        1610 4.0000 2.8000 3.3466 0.0000
11        M:rootprocs
36        1610 116.0000 81.2000 97.0526 0.0000
7         M:users
32        1610 5.0000 3.5000 4.1833 0.0000
3         MOY
15        M:entropy_avail
39        155 3652.0000 3350.2000 848.4657 0.0000
12        M:mem_cached
39        155 1334.7988 1211.0830 461.7662 0.0000
16        M:io_writtendata
31        155 0.3193 0.3388 0.1251 0.0000
11        M:io_writes
31        155 7.0000 6.7900 1.8724 0.0000
6         M:cpu3
31        155 0.5030 0.6454 0.9539 0.0000
6         M:cpu2
31        155 0.3231 0.4795 0.7447 0.0000
6         M:cpu1
31        155 0.5199 0.5004 0.4890 0.0000
6         M:cpu0
31        155 1.3187 1.3763 1.9682 0.0000
5         M:cpu
31        155 0.6679 0.7515 1.0018 0.0000
10        M:messages
37        155 330.0000 957.9150 581.6704 0.0000
8         M:ssh_in
31        155 2.0000 1.8200 0.6000 0.0000
13        M:cfengine_in
31        155 1.0000 0.9100 0.3000 0.0000
9         M:loadavg
31        155 0.0350 0.0350 0.0597 0.0000
10        M:diskfree
34        155 80.5000 73.2550 24.2063 0.0000
12        M:otherprocs
31        155 4.0000 3.6400 1.2000 0.0000
11        M:rootprocs
36        155 113.0000 102.8300 33.9013 0.0000
7         M:users
31        155 5.0000 4.5500 1.5000 0.0000
# send QUERY complete successful
