# delta from 1679707998 to 1679708060 at 1679708060
22        CFR: 0 1679708059 1647
3         PRD
60        Packing reports: delta,0.021187,0.044889,0.045939,1679707999
3         EXS
16        f,488,1679707987
3         MOM
15        M:entropy_avail
41        1458 4036.0000 3619.0000 1162.9574 0.0000
12        M:mem_cached
40        1458 2127.4922 1935.9834 638.3625 0.0000
10        M:mem_free
38        1458 8605.8738 8605.8738 0.0000 0.0000
11        M:mem_total
40        1458 10404.5074 10404.5074 0.0000 0.0000
16        M:io_writtendata
32        1458 0.3770 0.4735 0.3217 0.0000
11        M:io_writes
33        1458 10.0000 9.5200 1.6000 0.0000
6         M:cpu3
32        1458 0.9737 0.7166 0.7211 0.0000
6         M:cpu2
32        1458 3.0721 2.1980 2.4399 0.0000
6         M:cpu1
32        1458 1.9659 1.4517 1.4435 0.0000
6         M:cpu0
32        1458 2.9867 2.1271 2.3986 0.0000
5         M:cpu
32        1458 2.2514 1.6250 1.7503 0.0000
10        M:messages
39        1458 961.0000 1207.3600 821.2000 0.0000
8         M:ssh_in
32        1458 2.0000 1.8200 0.6000 0.0000
13        M:cfengine_in
32        1458 1.0000 0.9100 0.3000 0.0000
9         M:loadavg
32        1458 0.1400 0.0980 0.1171 0.0000
10        M:diskfree
35        1458 74.0000 67.3400 22.2000 0.0000
12        M:otherprocs
32        1458 4.0000 3.6400 1.2000 0.0000
11        M:rootprocs
37        1458 119.0000 107.0300 39.9000 0.0000
7         M:users
32        1458 5.0000 4.5500 1.5000 0.0000
3         MOY
15        M:entropy_avail
39        155 3652.0000 3350.2000 848.4657 0.0000
12        M:mem_cached
39        155 1334.7988 1211.0830 461.7662 0.0000
16        M:io_writtendata
31        155 0.3193 0.3388 0.1251 0.0000
11        M:io_writes
31        155 7.0000 6.7900 1.8724 0.0000
6         M:cpu3
31        155 0.5030 0.6454 0.9539 0.0000
6         M:cpu2
31        155 0.3231 0.4795 0.7447 0.0000
6         M:cpu1
31        155 0.5199 0.5004 0.4890 0.0000
6         M:cpu0
31        155 1.3187 1.3763 1.9682 0.0000
5         M:cpu
31        155 0.6679 0.7515 1.0018 0.0000
10        M:messages
37        155 330.0000 957.9150 581.6704 0.0000
8         M:ssh_in
31        155 2.0000 1.8200 0.6000 0.0000
13        M:cfengine_in
31        155 1.0000 0.9100 0.3000 0.0000
9         M:loadavg
31        155 0.0350 0.0350 0.0597 0.0000
10        M:diskfree
34        155 80.5000 73.2550 24.2063 0.0000
12        M:otherprocs
31        155 4.0000 3.6400 1.2000 0.0000
11        M:rootprocs
36        155 113.0000 102.8300 33.9013 0.0000
7         M:users
31        155 5.0000 4.5500 1.5000 0.0000
# send QUERY complete successful
