# delta from 1679707518 to 1679707579 at 1679707579
22        CFR: 0 1679707578 1687
3         PRD
60        Packing reports: delta,0.020875,0.043577,0.043878,1679707519
83        Sample(/proc/sys/kernel/random/entropy_avail),0.004891,0.002392,0.002311,1679707532
3         EXS
15        f,66,1679707318
3         MOM
15        M:entropy_avail
38        1457 3780.0000 2646.0000 0.0000 0.0000
12        M:mem_cached
41        1457 2100.6797 1470.4758 1757.5547 0.0000
10        M:mem_free
39        1457 12343.2109 8640.2477 0.0000 0.0000
11        M:mem_total
40        1457 14863.5820 10404.5074 0.0000 0.0000
16        M:io_writtendata
32        1457 0.0195 0.0137 0.0163 0.0000
11        M:io_writes
32        1457 2.0000 1.4000 1.6733 0.0000
6         M:cpu3
32        1457 0.1200 0.0840 0.1004 0.0000
6         M:cpu2
32        1457 0.0866 0.0606 0.0724 0.0000
6         M:cpu1
32        1457 0.1266 0.0886 0.1059 0.0000
6         M:cpu0
32        1457 0.1665 0.1166 0.1393 0.0000
5         M:cpu
32        1457 0.1266 0.0886 0.1059 0.0000
10        M:messages
41        1457 2546.0000 1782.2000 2130.1364 0.0000
8         M:ssh_in
32        1457 2.0000 1.4000 1.6733 0.0000
13        M:cfengine_in
32        1457 1.0000 0.7000 0.8367 0.0000
10        M:diskfree
35        1457 74.0000 51.8000 61.9128 0.0000
12        M:otherprocs
32        1457 4.0000 2.8000 3.3466 0.0000
11        M:rootprocs
36        1457 109.0000 76.3000 91.1959 0.0000
7         M:users
32        1457 5.0000 3.5000 4.1833 0.0000
3         MOY
15        M:entropy_avail
39        155 3652.0000 3350.2000 848.4657 0.0000
12        M:mem_cached
39        155 1334.7988 1211.0830 461.7662 0.0000
16        M:io_writtendata
31        155 0.3193 0.3388 0.1251 0.0000
11        M:io_writes
31        155 7.0000 6.7900 1.8724 0.0000
6         M:cpu3
31        155 0.5030 0.6454 0.9539 0.0000
6         M:cpu2
31        155 0.3231 0.4795 0.7447 0.0000
6         M:cpu1
31        155 0.5199 0.5004 0.4890 0.0000
6         M:cpu0
31        155 1.3187 1.3763 1.9682 0.0000
5         M:cpu
31        155 0.6679 0.7515 1.0018 0.0000
10        M:messages
37        155 330.0000 957.9150 581.6704 0.0000
8         M:ssh_in
31        155 2.0000 1.8200 0.6000 0.0000
13        M:cfengine_in
31        155 1.0000 0.9100 0.3000 0.0000
9         M:loadavg
31        155 0.0350 0.0350 0.0597 0.0000
10        M:diskfree
34        155 80.5000 73.2550 24.2063 0.0000
12        M:otherprocs
31        155 4.0000 3.6400 1.2000 0.0000
11        M:rootprocs
36        155 113.0000 102.8300 33.9013 0.0000
7         M:users
31        155 5.0000 4.5500 1.5000 0.0000
# send QUERY complete successful
