# delta from 1679750963 to 1679751024 at 1679751024
22        CFR: 0 1679751023 1695
3         PRD
60        Packing reports: delta,0.016854,0.028405,0.028859,1679750964
3         EXS
16        f,166,1679750920
3         MOM
15        M:entropy_avail
41        1601 4036.0000 3619.0000 1162.9574 0.0000
12        M:mem_cached
40        1601 2272.4805 2067.7702 682.3676 0.0000
10        M:mem_free
38        1601 8507.5730 8507.5730 0.0000 0.0000
11        M:mem_total
40        1601 10404.5074 10404.5074 0.0000 0.0000
16        M:io_writtendata
32        1601 1.0938 0.9937 0.3336 0.0000
11        M:io_writes
34        1601 16.0000 14.1400 6.2000 0.0000
6         M:cpu3
32        1601 0.3067 0.3141 0.0246 0.0000
6         M:cpu2
32        1601 1.8193 1.6220 0.6574 0.0000
6         M:cpu1
32        1601 0.8992 1.2926 1.3114 0.0000
6         M:cpu0
32        1601 1.0192 1.4861 1.5565 0.0000
5         M:cpu
32        1601 1.0079 1.1765 0.5621 0.0000
10        M:messages
41        1601 1022.0000 1540.2800 1445.4139 0.0000
8         M:ssh_in
32        1601 2.0000 1.8200 0.6000 0.0000
14        M:cfengine_out
32        1601 0.0000 0.2100 0.7436 0.0000
13        M:cfengine_in
32        1601 1.0000 0.9100 0.3000 0.0000
9         M:loadavg
32        1601 0.0500 0.0476 0.0080 0.0000
10        M:diskfree
35        1601 72.0000 65.5200 21.6000 0.0000
12        M:otherprocs
32        1601 4.0000 3.6400 1.2000 0.0000
11        M:rootprocs
36        1601 108.0000 98.9100 30.3000 0.0000
7         M:users
32        1601 5.0000 4.5500 1.5000 0.0000
3         MOY
15        M:entropy_avail
39        155 3652.0000 3350.2000 848.4657 0.0000
12        M:mem_cached
39        155 1334.7988 1211.0830 461.7662 0.0000
16        M:io_writtendata
31        155 0.3193 0.3388 0.1251 0.0000
11        M:io_writes
31        155 7.0000 6.7900 1.8724 0.0000
6         M:cpu3
31        155 0.5030 0.6454 0.9539 0.0000
6         M:cpu2
31        155 0.3231 0.4795 0.7447 0.0000
6         M:cpu1
31        155 0.5199 0.5004 0.4890 0.0000
6         M:cpu0
31        155 1.3187 1.3763 1.9682 0.0000
5         M:cpu
31        155 0.6679 0.7515 1.0018 0.0000
10        M:messages
37        155 330.0000 957.9150 581.6704 0.0000
8         M:ssh_in
31        155 2.0000 1.8200 0.6000 0.0000
13        M:cfengine_in
31        155 1.0000 0.9100 0.3000 0.0000
9         M:loadavg
31        155 0.0350 0.0350 0.0597 0.0000
10        M:diskfree
34        155 80.5000 73.2550 24.2063 0.0000
12        M:otherprocs
31        155 4.0000 3.6400 1.2000 0.0000
11        M:rootprocs
36        155 113.0000 102.8300 33.9013 0.0000
7         M:users
31        155 5.0000 4.5500 1.5000 0.0000
# send QUERY complete successful
