# delta from 1679730618 to 1679730679 at 1679730679
22        CFR: 0 1679730678 1731
3         PRD
60        Packing reports: delta,0.019484,0.037963,0.038182,1679730619
83        Sample(/proc/sys/kernel/random/entropy_avail),0.004745,0.002251,0.002171,1679730672
3         EXS
16        f,394,1679730485
3         MOM
15        M:entropy_avail
38        1534 3780.0000 2646.0000 0.0000 0.0000
12        M:mem_cached
41        1534 2201.3008 1540.9105 1841.7404 0.0000
10        M:mem_free
39        1534 12212.7109 8548.8977 0.0000 0.0000
11        M:mem_total
40        1534 14863.5820 10404.5074 0.0000 0.0000
16        M:io_writtendata
32        1534 0.9912 0.6938 0.8293 0.0000
11        M:io_writes
34        1534 12.0000 8.4000 10.0399 0.0000
6         M:cpu3
32        1534 0.2000 0.1400 0.1673 0.0000
6         M:cpu2
32        1534 0.1333 0.0933 0.1115 0.0000
6         M:cpu1
32        1534 0.2265 0.1585 0.1895 0.0000
6         M:cpu0
32        1534 0.1865 0.1306 0.1560 0.0000
5         M:cpu
32        1534 0.1866 0.1306 0.1561 0.0000
10        M:messages
41        1534 2546.0000 1782.2000 2130.1364 0.0000
8         M:ssh_in
32        1534 2.0000 1.4000 1.6733 0.0000
13        M:cfengine_in
32        1534 1.0000 0.7000 0.8367 0.0000
9         M:loadavg
32        1534 0.0200 0.0140 0.0167 0.0000
10        M:diskfree
35        1534 73.0000 51.1000 61.0762 0.0000
12        M:otherprocs
32        1534 4.0000 2.8000 3.3466 0.0000
11        M:rootprocs
36        1534 112.0000 78.4000 93.7059 0.0000
7         M:users
32        1534 5.0000 3.5000 4.1833 0.0000
3         MOY
15        M:entropy_avail
39        155 3652.0000 3350.2000 848.4657 0.0000
12        M:mem_cached
39        155 1334.7988 1211.0830 461.7662 0.0000
16        M:io_writtendata
31        155 0.3193 0.3388 0.1251 0.0000
11        M:io_writes
31        155 7.0000 6.7900 1.8724 0.0000
6         M:cpu3
31        155 0.5030 0.6454 0.9539 0.0000
6         M:cpu2
31        155 0.3231 0.4795 0.7447 0.0000
6         M:cpu1
31        155 0.5199 0.5004 0.4890 0.0000
6         M:cpu0
31        155 1.3187 1.3763 1.9682 0.0000
5         M:cpu
31        155 0.6679 0.7515 1.0018 0.0000
10        M:messages
37        155 330.0000 957.9150 581.6704 0.0000
8         M:ssh_in
31        155 2.0000 1.8200 0.6000 0.0000
13        M:cfengine_in
31        155 1.0000 0.9100 0.3000 0.0000
9         M:loadavg
31        155 0.0350 0.0350 0.0597 0.0000
10        M:diskfree
34        155 80.5000 73.2550 24.2063 0.0000
12        M:otherprocs
31        155 4.0000 3.6400 1.2000 0.0000
11        M:rootprocs
36        155 113.0000 102.8300 33.9013 0.0000
7         M:users
31        155 5.0000 4.5500 1.5000 0.0000
# send QUERY complete successful
