# delta from 1679711718 to 1679711779 at 1679711780
22        CFR: 1 1679711779 2215
3         PRD
108       CFEngine Execution (policy filename: '/var/cfengine/inputs/update.cf'),0.034498,0.339278,0.347286,1679711779
60        Packing reports: delta,0.024167,0.058405,0.058852,1679711719
83        Sample(/proc/sys/kernel/random/entropy_avail),0.005870,0.003446,0.002683,1679711739
3         EXS
16        f,221,1679711477
3         MOM
15        M:entropy_avail
38        1471 3780.0000 2646.0000 0.0000 0.0000
12        M:mem_cached
41        1471 2152.1797 1506.5258 1800.6427 0.0000
10        M:mem_free
39        1471 12269.7070 8588.7949 0.0000 0.0000
11        M:mem_total
40        1471 14863.5820 10404.5074 0.0000 0.0000
16        M:io_writtendata
32        1471 0.6709 0.4696 0.5613 0.0000
11        M:io_writes
33        1471 10.0000 7.0000 8.3666 0.0000
6         M:cpu3
32        1471 0.1400 0.0980 0.1171 0.0000
6         M:cpu2
32        1471 0.2467 0.1727 0.2064 0.0000
6         M:cpu1
32        1471 0.2597 0.1818 0.2173 0.0000
6         M:cpu0
32        1471 0.4796 0.3357 0.4013 0.0000
5         M:cpu
32        1471 0.2815 0.1971 0.2355 0.0000
10        M:messages
41        1471 2546.0000 1782.2000 2130.1364 0.0000
8         M:ssh_in
32        1471 2.0000 1.4000 1.6733 0.0000
13        M:cfengine_in
32        1471 1.0000 0.7000 0.8367 0.0000
9         M:loadavg
32        1471 0.0200 0.0140 0.0167 0.0000
10        M:diskfree
35        1471 73.0000 51.1000 61.0762 0.0000
12        M:otherprocs
32        1471 4.0000 2.8000 3.3466 0.0000
11        M:rootprocs
36        1471 111.0000 77.7000 92.8693 0.0000
7         M:users
32        1471 5.0000 3.5000 4.1833 0.0000
3         MOY
15        M:entropy_avail
39        155 3652.0000 3350.2000 848.4657 0.0000
12        M:mem_cached
39        155 1334.7988 1211.0830 461.7662 0.0000
16        M:io_writtendata
31        155 0.3193 0.3388 0.1251 0.0000
11        M:io_writes
31        155 7.0000 6.7900 1.8724 0.0000
6         M:cpu3
31        155 0.5030 0.6454 0.9539 0.0000
6         M:cpu2
31        155 0.3231 0.4795 0.7447 0.0000
6         M:cpu1
31        155 0.5199 0.5004 0.4890 0.0000
6         M:cpu0
31        155 1.3187 1.3763 1.9682 0.0000
5         M:cpu
31        155 0.6679 0.7515 1.0018 0.0000
10        M:messages
37        155 330.0000 957.9150 581.6704 0.0000
8         M:ssh_in
31        155 2.0000 1.8200 0.6000 0.0000
13        M:cfengine_in
31        155 1.0000 0.9100 0.3000 0.0000
9         M:loadavg
31        155 0.0350 0.0350 0.0597 0.0000
10        M:diskfree
34        155 80.5000 73.2550 24.2063 0.0000
12        M:otherprocs
31        155 4.0000 3.6400 1.2000 0.0000
11        M:rootprocs
36        155 113.0000 102.8300 33.9013 0.0000
7         M:users
31        155 5.0000 4.5500 1.5000 0.0000
3         PLG
374       1679711730,7ccdf5e8cb0651ffd66f8521ac3add259f2c2cf1ac0e47af83ff782d612ba250,/var/cfengine/inputs/services/cfbs/churn_local_users.cf,35918a18f3f028e3a16776f9d73c3e66ccce4a02,114,default,churn_local_users,users,bobafett,/default/churn_local_users/users/'bobafett'[4],,[],"[""Created user 'bobafett'""]",10,SHA=66aec41141537e4570d6a74066d87b0a9129cc05975edb37015fa542e617fbd4

# send QUERY complete successful
