# delta from 1679669178 to 1679669239 at 1679669239
22        CFR: 0 1679669238 1799
3         PRD
108       CFEngine Execution (policy filename: '/var/cfengine/inputs/update.cf'),0.048223,0.331484,0.330153,1679669229
60        Packing reports: delta,0.036257,0.131457,0.130704,1679669179
83        Sample(/proc/sys/kernel/random/entropy_avail),0.005012,0.002512,0.002176,1679669216
3         EXS
15        f,96,1679668932
3         MOM
15        M:entropy_avail
38        1329 3780.0000 2646.0000 0.0000 0.0000
12        M:mem_cached
41        1329 1971.1328 1379.7930 1649.1680 0.0000
10        M:mem_free
39        1329 12479.5938 8735.7156 0.0000 0.0000
11        M:mem_total
40        1329 14863.5820 10404.5074 0.0000 0.0000
16        M:io_writtendata
32        1329 0.0381 0.0267 0.0319 0.0000
11        M:io_writes
32        1329 2.0000 1.4000 1.6733 0.0000
6         M:cpu3
32        1329 0.0733 0.0513 0.0614 0.0000
6         M:cpu2
32        1329 0.1466 0.1026 0.1226 0.0000
6         M:cpu1
32        1329 0.1465 0.1025 0.1226 0.0000
6         M:cpu0
32        1329 0.3198 0.2238 0.2675 0.0000
5         M:cpu
32        1329 0.1716 0.1201 0.1435 0.0000
10        M:messages
41        1329 2546.0000 1782.2000 2130.1364 0.0000
8         M:ssh_in
32        1329 2.0000 1.4000 1.6733 0.0000
13        M:cfengine_in
32        1329 1.0000 0.7000 0.8367 0.0000
10        M:diskfree
35        1329 75.0000 52.5000 62.7495 0.0000
12        M:otherprocs
32        1329 4.0000 2.8000 3.3466 0.0000
11        M:rootprocs
36        1329 109.0000 76.3000 91.1959 0.0000
7         M:users
32        1329 5.0000 3.5000 4.1833 0.0000
3         MOY
15        M:entropy_avail
39        155 3652.0000 3350.2000 848.4657 0.0000
12        M:mem_cached
39        155 1315.7734 1198.4567 433.2226 0.0000
16        M:io_writtendata
31        155 0.7695 0.8305 0.2055 0.0000
11        M:io_writes
33        155 13.0000 12.6700 2.5495 0.0000
6         M:cpu3
31        155 1.0967 1.1038 1.2109 0.0000
6         M:cpu2
31        155 0.5861 0.7020 0.7706 0.0000
6         M:cpu1
31        155 3.5019 2.7815 3.2061 0.0000
6         M:cpu0
31        155 0.9457 1.1279 1.7377 0.0000
5         M:cpu
31        155 1.5341 1.4295 1.5096 0.0000
10        M:messages
39        155 927.0000 1573.2150 1356.1705 0.0000
8         M:ssh_in
31        155 2.0000 1.8200 0.6000 0.0000
13        M:cfengine_in
31        155 1.0000 0.9100 0.3000 0.0000
9         M:loadavg
31        155 0.0200 0.0329 0.0515 0.0000
10        M:diskfree
34        155 80.5000 73.2550 24.2063 0.0000
12        M:otherprocs
31        155 4.0000 3.6400 1.2000 0.0000
11        M:rootprocs
36        155 111.5000 102.8300 29.3820 0.0000
7         M:users
31        155 5.0000 4.5500 1.5000 0.0000
# send QUERY complete successful
