# delta from 1679684898 to 1679684959 at 1679684959
22        CFR: 0 1679684958 2083
3         PRD
60        Packing reports: delta,0.022278,0.049630,0.050139,1679684899
3         EXS
15        f,84,1679684612
3         MOM
15        M:entropy_avail
38        1381 3780.0000 2646.0000 0.0000 0.0000
12        M:mem_cached
41        1381 2039.5391 1427.6773 1706.4008 0.0000
10        M:mem_free
39        1381 12396.4922 8677.5445 0.0000 0.0000
11        M:mem_total
40        1381 14863.5820 10404.5074 0.0000 0.0000
16        M:io_writtendata
32        1381 1.1592 0.8114 0.9698 0.0000
11        M:io_writes
34        1381 14.0000 9.8000 11.7132 0.0000
6         M:cpu3
32        1381 0.4664 0.3265 0.3902 0.0000
6         M:cpu2
32        1381 0.3465 0.2426 0.2899 0.0000
6         M:cpu1
32        1381 0.3667 0.2567 0.3068 0.0000
6         M:cpu0
32        1381 0.7931 0.5551 0.6635 0.0000
5         M:cpu
32        1381 0.4898 0.3429 0.4098 0.0000
10        M:messages
41        1381 2546.0000 1782.2000 2130.1364 0.0000
8         M:ssh_in
32        1381 2.0000 1.4000 1.6733 0.0000
14        M:cfengine_out
32        1381 1.0000 0.7000 0.8367 0.0000
13        M:cfengine_in
32        1381 1.0000 0.7000 0.8367 0.0000
9         M:loadavg
32        1381 0.0700 0.0490 0.0586 0.0000
10        M:diskfree
35        1381 74.0000 51.8000 61.9128 0.0000
12        M:otherprocs
32        1381 4.0000 2.8000 3.3466 0.0000
11        M:rootprocs
36        1381 112.0000 78.4000 93.7059 0.0000
7         M:users
32        1381 5.0000 3.5000 4.1833 0.0000
3         MOY
15        M:entropy_avail
39        155 3652.0000 3350.2000 848.4657 0.0000
12        M:mem_cached
39        155 1334.7988 1211.0830 461.7662 0.0000
16        M:io_writtendata
31        155 0.3193 0.3388 0.1251 0.0000
11        M:io_writes
31        155 7.0000 6.7900 1.8724 0.0000
6         M:cpu3
31        155 0.5030 0.6454 0.9539 0.0000
6         M:cpu2
31        155 0.3231 0.4795 0.7447 0.0000
6         M:cpu1
31        155 0.5199 0.5004 0.4890 0.0000
6         M:cpu0
31        155 1.3187 1.3763 1.9682 0.0000
5         M:cpu
31        155 0.6679 0.7515 1.0018 0.0000
10        M:messages
37        155 330.0000 957.9150 581.6704 0.0000
8         M:ssh_in
31        155 2.0000 1.8200 0.6000 0.0000
13        M:cfengine_in
31        155 1.0000 0.9100 0.3000 0.0000
9         M:loadavg
31        155 0.0350 0.0350 0.0597 0.0000
10        M:diskfree
34        155 80.5000 73.2550 24.2063 0.0000
12        M:otherprocs
31        155 4.0000 3.6400 1.2000 0.0000
11        M:rootprocs
36        155 113.0000 102.8300 33.9013 0.0000
7         M:users
31        155 5.0000 4.5500 1.5000 0.0000
3         PLG
387       1679684935,e2e6d4f32f029df22474ec21672b5b657148508abbd7acf549626f197a4966c3,/var/cfengine/inputs/services/cfbs/churn_local_users.cf,35918a18f3f028e3a16776f9d73c3e66ccce4a02,114,default,churn_local_users,users,darthsidious,/default/churn_local_users/users/'darthsidious'[10],,[],"[""Created user 'darthsidious'""]",10,SHA=66aec41141537e4570d6a74066d87b0a9129cc05975edb37015fa542e617fbd4

# send QUERY complete successful
