# delta from 1679665278 to 1679665339 at 1679665339
22        CFR: 0 1679665338 1847
3         PRD
108       CFEngine Execution (policy filename: '/var/cfengine/inputs/update.cf'),0.057841,0.334553,0.333615,1679665298
60        Packing reports: delta,0.026248,0.068898,0.068046,1679665279
83        Sample(/proc/sys/kernel/random/entropy_avail),0.004891,0.002393,0.002211,1679665309
3         EXS
16        f,224,1679665084
3         MOM
15        M:entropy_avail
38        1316 3780.0000 2646.0000 0.0000 0.0000
12        M:mem_cached
41        1316 1986.6875 1390.6812 1662.1820 0.0000
10        M:mem_free
39        1316 12428.9062 8700.2344 0.0000 0.0000
11        M:mem_total
40        1316 14863.5820 10404.5074 0.0000 0.0000
16        M:io_writtendata
32        1316 1.2881 0.9017 1.0777 0.0000
11        M:io_writes
34        1316 14.0000 9.8000 11.7132 0.0000
6         M:cpu3
32        1316 0.4064 0.2845 0.3400 0.0000
6         M:cpu2
32        1316 0.5931 0.4152 0.4962 0.0000
6         M:cpu1
32        1316 0.4602 0.3221 0.3850 0.0000
6         M:cpu0
32        1316 0.4597 0.3218 0.3846 0.0000
5         M:cpu
32        1316 0.4815 0.3370 0.4029 0.0000
10        M:messages
41        1316 2546.0000 1782.2000 2130.1364 0.0000
8         M:ssh_in
32        1316 2.0000 1.4000 1.6733 0.0000
14        M:cfengine_out
32        1316 1.0000 0.7000 0.8367 0.0000
13        M:cfengine_in
32        1316 1.0000 0.7000 0.8367 0.0000
10        M:diskfree
35        1316 75.0000 52.5000 62.7495 0.0000
12        M:otherprocs
32        1316 4.0000 2.8000 3.3466 0.0000
11        M:rootprocs
36        1316 119.0000 83.3000 99.5625 0.0000
7         M:users
32        1316 5.0000 3.5000 4.1833 0.0000
3         MOY
15        M:entropy_avail
39        155 3652.0000 3350.2000 848.4657 0.0000
12        M:mem_cached
39        155 1312.2617 1194.4728 435.3217 0.0000
16        M:io_writtendata
31        155 0.8862 0.8774 0.2043 0.0000
11        M:io_writes
33        155 13.0000 12.6700 2.5495 0.0000
6         M:cpu3
31        155 0.9696 1.1437 0.9299 0.0000
6         M:cpu2
31        155 0.8699 0.9610 0.8088 0.0000
6         M:cpu1
31        155 0.9664 1.3754 1.6324 0.0000
6         M:cpu0
31        155 1.1938 1.4079 1.7498 0.0000
5         M:cpu
31        155 0.9999 1.2220 0.9130 0.0000
10        M:messages
38        155 597.5000 1441.8950 913.5387 0.0000
8         M:ssh_in
31        155 2.0000 1.8200 0.6000 0.0000
13        M:cfengine_in
31        155 1.0000 0.9100 0.3000 0.0000
9         M:loadavg
31        155 0.0250 0.0374 0.0507 0.0000
10        M:diskfree
34        155 80.5000 73.2550 24.2063 0.0000
12        M:otherprocs
31        155 4.0000 3.6400 1.2000 0.0000
11        M:rootprocs
36        155 111.0000 101.3250 32.3089 0.0000
7         M:users
31        155 5.0000 4.5500 1.5000 0.0000
# send QUERY complete successful
