# delta from 1679675118 to 1679675179 at 1679675179
21        CFR: 0 1679675178 806
3         PRD
60        Packing reports: delta,0.011807,0.013941,0.014437,1679675119
3         EXS
16        f,479,1679674835
3         MOY
15        M:entropy_avail
39        155 3652.0000 3350.2000 848.4657 0.0000
12        M:mem_cached
39        155 1331.8730 1210.5062 451.2640 0.0000
16        M:io_writtendata
31        155 0.5679 0.6512 0.2969 0.0000
11        M:io_writes
31        155 9.0000 9.6600 2.4166 0.0000
6         M:cpu3
31        155 0.6997 0.8405 0.9600 0.0000
6         M:cpu2
31        155 0.4731 0.7621 0.9676 0.0000
6         M:cpu1
31        155 0.9361 0.8967 0.6122 0.0000
6         M:cpu0
31        155 0.5063 1.2690 2.7596 0.0000
5         M:cpu
31        155 0.6555 0.9427 1.0087 0.0000
10        M:messages
38        155 330.0000 1123.5000 581.6704 0.0000
8         M:ssh_in
31        155 2.0000 1.8200 0.6000 0.0000
13        M:cfengine_in
31        155 1.0000 0.9100 0.3000 0.0000
9         M:loadavg
31        155 0.0100 0.0227 0.0512 0.0000
10        M:diskfree
34        155 80.5000 73.2550 24.2063 0.0000
12        M:otherprocs
31        155 4.0000 3.6400 1.2000 0.0000
11        M:rootprocs
36        155 114.0000 103.8450 33.8518 0.0000
7         M:users
31        155 5.0000 4.5500 1.5000 0.0000
# send QUERY complete successful
