# delta from 1679714599 to 1679714659 at 1679714659
22        CFR: 0 1679714658 1647
3         PRD
60        Packing reports: delta,0.026270,0.069010,0.069725,1679714600
3         EXS
15        f,78,1679714192
3         MOM
15        M:entropy_avail
41        1480 4036.0000 3619.0000 1162.9574 0.0000
12        M:mem_cached
40        1480 2133.1758 1941.1645 640.0375 0.0000
10        M:mem_free
40        1480 12288.1914 11187.0251 0.0000 0.0000
11        M:mem_total
40        1480 14863.5820 13525.8596 0.0000 0.0000
16        M:io_writtendata
32        1480 0.0703 0.0591 0.0380 0.0000
11        M:io_writes
32        1480 4.0000 3.2200 2.3605 0.0000
6         M:cpu3
32        1480 0.2200 0.1792 0.1264 0.0000
6         M:cpu2
32        1480 1.2592 0.8941 1.0188 0.0000
6         M:cpu1
32        1480 0.6929 0.5353 0.4528 0.0000
6         M:cpu0
32        1480 4.6000 3.2522 3.7595 0.0000
5         M:cpu
32        1480 1.6960 1.2173 1.3367 0.0000
10        M:messages
39        1480 169.0000 652.9600 1784.0780 0.0000
8         M:ssh_in
32        1480 2.0000 1.8200 0.6000 0.0000
13        M:cfengine_in
32        1480 1.0000 0.9100 0.3000 0.0000
9         M:loadavg
32        1480 0.0700 0.0490 0.0586 0.0000
10        M:diskfree
35        1480 74.0000 67.3400 22.2000 0.0000
12        M:otherprocs
32        1480 4.0000 3.6400 1.2000 0.0000
11        M:rootprocs
37        1480 112.0000 101.0800 36.4000 0.0000
7         M:users
32        1480 5.0000 4.5500 1.5000 0.0000
3         MOY
15        M:entropy_avail
39        155 3652.0000 3350.2000 848.4657 0.0000
12        M:mem_cached
39        155 1334.7988 1211.0830 461.7662 0.0000
16        M:io_writtendata
31        155 0.3193 0.3388 0.1251 0.0000
11        M:io_writes
31        155 7.0000 6.7900 1.8724 0.0000
6         M:cpu3
31        155 0.5030 0.6454 0.9539 0.0000
6         M:cpu2
31        155 0.3231 0.4795 0.7447 0.0000
6         M:cpu1
31        155 0.5199 0.5004 0.4890 0.0000
6         M:cpu0
31        155 1.3187 1.3763 1.9682 0.0000
5         M:cpu
31        155 0.6679 0.7515 1.0018 0.0000
10        M:messages
37        155 330.0000 957.9150 581.6704 0.0000
8         M:ssh_in
31        155 2.0000 1.8200 0.6000 0.0000
13        M:cfengine_in
31        155 1.0000 0.9100 0.3000 0.0000
9         M:loadavg
31        155 0.0350 0.0350 0.0597 0.0000
10        M:diskfree
34        155 80.5000 73.2550 24.2063 0.0000
12        M:otherprocs
31        155 4.0000 3.6400 1.2000 0.0000
11        M:rootprocs
36        155 113.0000 102.8300 33.9013 0.0000
7         M:users
31        155 5.0000 4.5500 1.5000 0.0000
# send QUERY complete successful
