# delta from 1679720119 to 1679720179 at 1679720179
22        CFR: 0 1679720178 2115
3         PRD
60        Packing reports: delta,0.029866,0.089198,0.089549,1679720120
83        Sample(/proc/sys/kernel/random/entropy_avail),0.004719,0.002227,0.002146,1679720153
3         EXS
16        f,573,1679720096
3         MOM
15        M:entropy_avail
38        1499 3780.0000 2646.0000 0.0000 0.0000
12        M:mem_cached
41        1499 2170.2383 1519.1668 1815.7516 0.0000
10        M:mem_free
39        1499 12245.8555 8572.0988 0.0000 0.0000
11        M:mem_total
40        1499 14863.5820 10404.5074 0.0000 0.0000
16        M:io_writtendata
32        1499 1.3184 0.9229 1.1030 0.0000
11        M:io_writes
35        1499 16.0000 11.2000 13.3866 0.0000
6         M:cpu3
32        1499 0.3400 0.2380 0.2845 0.0000
6         M:cpu2
32        1499 4.2267 2.9587 3.5363 0.0000
6         M:cpu1
32        1499 3.0123 2.1086 2.5203 0.0000
6         M:cpu0
32        1499 0.7932 0.5553 0.6637 0.0000
5         M:cpu
32        1499 2.0915 1.4641 1.7499 0.0000
10        M:messages
38        1499 3908.0000 2735.6000 0.0000 0.0000
8         M:ssh_in
32        1499 2.0000 1.4000 1.6733 0.0000
13        M:cfengine_in
32        1499 1.0000 0.7000 0.8367 0.0000
9         M:loadavg
32        1499 0.0600 0.0420 0.0502 0.0000
10        M:diskfree
35        1499 73.0000 51.1000 61.0762 0.0000
12        M:otherprocs
32        1499 4.0000 2.8000 3.3466 0.0000
11        M:rootprocs
36        1499 113.0000 79.1000 94.5426 0.0000
7         M:users
32        1499 5.0000 3.5000 4.1833 0.0000
3         MOY
15        M:entropy_avail
39        155 3652.0000 3350.2000 848.4657 0.0000
12        M:mem_cached
39        155 1334.7988 1211.0830 461.7662 0.0000
16        M:io_writtendata
31        155 0.3193 0.3388 0.1251 0.0000
11        M:io_writes
31        155 7.0000 6.7900 1.8724 0.0000
6         M:cpu3
31        155 0.5030 0.6454 0.9539 0.0000
6         M:cpu2
31        155 0.3231 0.4795 0.7447 0.0000
6         M:cpu1
31        155 0.5199 0.5004 0.4890 0.0000
6         M:cpu0
31        155 1.3187 1.3763 1.9682 0.0000
5         M:cpu
31        155 0.6679 0.7515 1.0018 0.0000
10        M:messages
37        155 330.0000 957.9150 581.6704 0.0000
8         M:ssh_in
31        155 2.0000 1.8200 0.6000 0.0000
13        M:cfengine_in
31        155 1.0000 0.9100 0.3000 0.0000
9         M:loadavg
31        155 0.0350 0.0350 0.0597 0.0000
10        M:diskfree
34        155 80.5000 73.2550 24.2063 0.0000
12        M:otherprocs
31        155 4.0000 3.6400 1.2000 0.0000
11        M:rootprocs
36        155 113.0000 102.8300 33.9013 0.0000
7         M:users
31        155 5.0000 4.5500 1.5000 0.0000
3         PLG
383       1679720171,3eb6d6e0e7283e9db0394128962964abb39fd6451b29b7645280e9d2aec86c08,/var/cfengine/inputs/services/cfbs/churn_local_users.cf,35918a18f3f028e3a16776f9d73c3e66ccce4a02,114,default,churn_local_users,users,jabbathehut,/default/churn_local_users/users/'jabbathehut'[5],,[],"[""Created user 'jabbathehut'""]",10,SHA=66aec41141537e4570d6a74066d87b0a9129cc05975edb37015fa542e617fbd4

# send QUERY complete successful
