# delta from 1679670498 to 1679670559 at 1679670559
22        CFR: 0 1679670558 2027
3         PRD
60        Packing reports: delta,0.030001,0.090004,0.089980,1679670499
3         EXS
16        f,165,1679670423
3         MOM
15        M:entropy_avail
38        1333 3780.0000 2646.0000 0.0000 0.0000
12        M:mem_cached
41        1333 2011.2344 1407.8641 1682.7194 0.0000
10        M:mem_free
39        1333 12379.0977 8665.3684 0.0000 0.0000
11        M:mem_total
40        1333 14863.5820 10404.5074 0.0000 0.0000
16        M:io_writtendata
32        1333 1.3633 0.9543 1.1406 0.0000
11        M:io_writes
35        1333 18.0000 12.6000 15.0599 0.0000
6         M:cpu3
32        1333 1.2740 0.8918 1.0659 0.0000
6         M:cpu2
32        1333 0.7197 0.5038 0.6022 0.0000
6         M:cpu1
32        1333 4.1739 2.9217 3.4921 0.0000
6         M:cpu0
32        1333 0.4535 0.3174 0.3794 0.0000
5         M:cpu
32        1333 1.6520 1.1564 1.3821 0.0000
10        M:messages
38        1333 4827.0000 3378.9000 0.0000 0.0000
8         M:ssh_in
32        1333 2.0000 1.4000 1.6733 0.0000
13        M:cfengine_in
32        1333 1.0000 0.7000 0.8367 0.0000
9         M:loadavg
32        1333 0.2000 0.1400 0.1673 0.0000
10        M:diskfree
35        1333 75.0000 52.5000 62.7495 0.0000
12        M:otherprocs
32        1333 4.0000 2.8000 3.3466 0.0000
11        M:rootprocs
36        1333 114.0000 79.8000 95.3792 0.0000
7         M:users
32        1333 5.0000 3.5000 4.1833 0.0000
3         MOY
15        M:entropy_avail
39        155 3652.0000 3350.2000 848.4657 0.0000
12        M:mem_cached
39        155 1315.7734 1198.4567 433.2226 0.0000
16        M:io_writtendata
31        155 0.7695 0.8305 0.2055 0.0000
11        M:io_writes
33        155 13.0000 12.6700 2.5495 0.0000
6         M:cpu3
31        155 1.0967 1.1038 1.2109 0.0000
6         M:cpu2
31        155 0.5861 0.7020 0.7706 0.0000
6         M:cpu1
31        155 3.5019 2.7815 3.2061 0.0000
6         M:cpu0
31        155 0.9457 1.1279 1.7377 0.0000
5         M:cpu
31        155 1.5341 1.4295 1.5096 0.0000
10        M:messages
39        155 927.0000 1573.2150 1356.1705 0.0000
8         M:ssh_in
31        155 2.0000 1.8200 0.6000 0.0000
13        M:cfengine_in
31        155 1.0000 0.9100 0.3000 0.0000
9         M:loadavg
31        155 0.0200 0.0329 0.0515 0.0000
10        M:diskfree
34        155 80.5000 73.2550 24.2063 0.0000
12        M:otherprocs
31        155 4.0000 3.6400 1.2000 0.0000
11        M:rootprocs
36        155 111.5000 102.8300 29.3820 0.0000
7         M:users
31        155 5.0000 4.5500 1.5000 0.0000
3         PLG
374       1679670515,ad252c73d4c3ae487396792116aed12668e52a7ba42d02ddf6b64cf49dcd29cb,/var/cfengine/inputs/services/cfbs/churn_local_users.cf,35918a18f3f028e3a16776f9d73c3e66ccce4a02,114,default,churn_local_users,users,bobafett,/default/churn_local_users/users/'bobafett'[4],,[],"[""Removed user 'bobafett'""]",10,SHA=66aec41141537e4570d6a74066d87b0a9129cc05975edb37015fa542e617fbd4

# send QUERY complete successful
