# delta from 1679662099 to 1679662159 at 1679662159
22        CFR: 0 1679662158 1784
3         PRD
60        Packing reports: delta,0.024204,0.058583,0.061473,1679662100
83        Sample(/proc/sys/kernel/random/entropy_avail),0.004894,0.002395,0.002422,1679662154
3         EXS
16        f,129,1679662033
3         MOM
15        M:entropy_avail
40        1305 3780.0000 3439.8000 948.7725 0.0000
12        M:mem_cached
40        1305 1964.0312 1789.0354 583.3195 0.0000
10        M:mem_free
40        1305 12487.7695 11359.0608 0.0000 0.0000
11        M:mem_total
40        1305 14863.5820 13525.8596 0.0000 0.0000
16        M:io_writtendata
32        1305 0.8115 0.7379 0.2455 0.0000
11        M:io_writes
33        1305 10.0000 9.5200 1.6000 0.0000
6         M:cpu3
32        1305 1.0266 0.8222 0.6132 0.0000
6         M:cpu2
32        1305 0.7663 0.6820 0.2810 0.0000
6         M:cpu1
32        1305 1.2523 1.0557 0.6733 0.0000
6         M:cpu0
32        1305 0.5800 0.6650 0.2832 0.0000
5         M:cpu
32        1305 0.9080 0.8071 0.3365 0.0000
10        M:messages
40        1305 775.0000 1360.2400 1632.1564 0.0000
8         M:ssh_in
32        1305 2.0000 1.8200 0.6000 0.0000
14        M:cfengine_out
32        1305 0.0000 0.2100 0.7436 0.0000
13        M:cfengine_in
32        1305 1.0000 0.9100 0.3000 0.0000
9         M:loadavg
32        1305 0.0100 0.0217 0.0390 0.0000
10        M:diskfree
35        1305 75.0000 68.2500 22.5000 0.0000
12        M:otherprocs
32        1305 4.0000 3.6400 1.2000 0.0000
11        M:rootprocs
37        1305 109.0000 100.4500 28.5000 0.0000
7         M:users
32        1305 5.0000 4.5500 1.5000 0.0000
3         MOY
15        M:entropy_avail
39        155 3652.0000 3350.2000 848.4657 0.0000
12        M:mem_cached
39        155 1310.7129 1191.0076 443.8518 0.0000
16        M:io_writtendata
31        155 0.8184 1.1056 1.2381 0.0000
11        M:io_writes
33        155 12.0000 14.2800 9.9358 0.0000
6         M:cpu3
31        155 1.3939 1.4675 1.0897 0.0000
6         M:cpu2
31        155 0.9462 1.5089 2.0483 0.0000
6         M:cpu1
31        155 0.8632 2.5510 8.5374 0.0000
6         M:cpu0
31        155 1.0199 1.5628 1.8705 0.0000
5         M:cpu
31        155 1.0566 1.7731 2.6353 0.0000
10        M:messages
41        155 13839.5000 10865.3300 347.1894 0.0000
8         M:ssh_in
31        155 2.0000 1.8200 0.6000 0.0000
13        M:cfengine_in
31        155 1.0000 0.9100 0.3000 0.0000
9         M:loadavg
31        155 0.0300 0.0546 0.0879 0.0000
10        M:diskfree
34        155 80.5000 73.2550 24.2063 0.0000
12        M:otherprocs
31        155 4.0000 3.6400 1.2000 0.0000
11        M:rootprocs
36        155 113.0000 102.8300 33.9013 0.0000
7         M:users
31        155 5.0000 4.5500 1.5000 0.0000
# send QUERY complete successful
