# delta from 1679749578 to 1679749639 at 1679749639
22        CFR: 0 1679749638 1843
3         PRD
108       CFEngine Execution (policy filename: '/var/cfengine/inputs/update.cf'),0.034114,0.335507,0.333019,1679749591
60        Packing reports: delta,0.014868,0.022105,0.021721,1679749579
83        Sample(/proc/sys/kernel/random/entropy_avail),0.004824,0.002327,0.002249,1679749609
3         EXS
16        f,107,1679748976
3         MOM
15        M:entropy_avail
38        1597 3780.0000 2646.0000 0.0000 0.0000
12        M:mem_cached
41        1597 2266.4570 1586.5199 1896.2540 0.0000
10        M:mem_free
39        1597 12134.8281 8494.3797 0.0000 0.0000
11        M:mem_total
40        1597 14863.5820 10404.5074 0.0000 0.0000
16        M:io_writtendata
32        1597 0.6611 0.4628 0.5531 0.0000
11        M:io_writes
33        1597 10.0000 7.0000 8.3666 0.0000
6         M:cpu3
32        1597 0.3599 0.2519 0.3011 0.0000
6         M:cpu2
32        1597 0.5064 0.3545 0.4237 0.0000
6         M:cpu1
32        1597 0.5461 0.3823 0.4569 0.0000
6         M:cpu0
32        1597 0.5332 0.3733 0.4461 0.0000
5         M:cpu
32        1597 0.4847 0.3393 0.4056 0.0000
10        M:messages
41        1597 2546.0000 1782.2000 2130.1364 0.0000
8         M:ssh_in
32        1597 2.0000 1.4000 1.6733 0.0000
14        M:cfengine_out
32        1597 1.0000 0.7000 0.8367 0.0000
13        M:cfengine_in
32        1597 1.0000 0.7000 0.8367 0.0000
10        M:diskfree
35        1597 72.0000 50.4000 60.2395 0.0000
12        M:otherprocs
32        1597 4.0000 2.8000 3.3466 0.0000
11        M:rootprocs
36        1597 115.0000 80.5000 96.2159 0.0000
7         M:users
32        1597 5.0000 3.5000 4.1833 0.0000
3         MOY
15        M:entropy_avail
39        155 3652.0000 3350.2000 848.4657 0.0000
12        M:mem_cached
39        155 1334.7988 1211.0830 461.7662 0.0000
16        M:io_writtendata
31        155 0.3193 0.3388 0.1251 0.0000
11        M:io_writes
31        155 7.0000 6.7900 1.8724 0.0000
6         M:cpu3
31        155 0.5030 0.6454 0.9539 0.0000
6         M:cpu2
31        155 0.3231 0.4795 0.7447 0.0000
6         M:cpu1
31        155 0.5199 0.5004 0.4890 0.0000
6         M:cpu0
31        155 1.3187 1.3763 1.9682 0.0000
5         M:cpu
31        155 0.6679 0.7515 1.0018 0.0000
10        M:messages
37        155 330.0000 957.9150 581.6704 0.0000
8         M:ssh_in
31        155 2.0000 1.8200 0.6000 0.0000
13        M:cfengine_in
31        155 1.0000 0.9100 0.3000 0.0000
9         M:loadavg
31        155 0.0350 0.0350 0.0597 0.0000
10        M:diskfree
34        155 80.5000 73.2550 24.2063 0.0000
12        M:otherprocs
31        155 4.0000 3.6400 1.2000 0.0000
11        M:rootprocs
36        155 113.0000 102.8300 33.9013 0.0000
7         M:users
31        155 5.0000 4.5500 1.5000 0.0000
# send QUERY complete successful
