# delta from 1679744178 to 1679744239 at 1679744239
22        CFR: 0 1679744238 2164
3         PRD
108       CFEngine Execution (policy filename: '/var/cfengine/inputs/update.cf'),0.040887,0.339289,0.340743,1679744199
60        Packing reports: delta,0.029792,0.088758,0.086785,1679744179
83        Sample(/proc/sys/kernel/random/entropy_avail),0.004840,0.002343,0.002261,1679744199
3         EXS
16        f,252,1679743705
3         MOM
15        M:entropy_avail
38        1579 3780.0000 2646.0000 0.0000 0.0000
12        M:mem_cached
41        1579 2251.4219 1575.9953 1883.6747 0.0000
10        M:mem_free
39        1579 12159.9805 8511.9863 0.0000 0.0000
11        M:mem_total
40        1579 14863.5820 10404.5074 0.0000 0.0000
16        M:io_writtendata
32        1579 0.9160 0.6412 0.7664 0.0000
11        M:io_writes
34        1579 12.0000 8.4000 10.0399 0.0000
6         M:cpu3
32        1579 0.2667 0.1867 0.2231 0.0000
6         M:cpu2
32        1579 0.2933 0.2053 0.2454 0.0000
6         M:cpu1
32        1579 0.3130 0.2191 0.2619 0.0000
6         M:cpu0
32        1579 0.3864 0.2705 0.3233 0.0000
5         M:cpu
32        1579 0.3099 0.2169 0.2592 0.0000
10        M:messages
41        1579 2546.0000 1782.2000 2130.1364 0.0000
8         M:ssh_in
32        1579 3.0000 2.1000 2.5100 0.0000
13        M:cfengine_in
32        1579 1.0000 0.7000 0.8367 0.0000
10        M:diskfree
35        1579 72.0000 50.4000 60.2395 0.0000
12        M:otherprocs
32        1579 5.0000 3.5000 4.1833 0.0000
11        M:rootprocs
36        1579 116.0000 81.2000 97.0526 0.0000
7         M:users
32        1579 6.0000 4.2000 5.0200 0.0000
3         MOY
15        M:entropy_avail
39        155 3652.0000 3350.2000 848.4657 0.0000
12        M:mem_cached
39        155 1334.7988 1211.0830 461.7662 0.0000
16        M:io_writtendata
31        155 0.3193 0.3388 0.1251 0.0000
11        M:io_writes
31        155 7.0000 6.7900 1.8724 0.0000
6         M:cpu3
31        155 0.5030 0.6454 0.9539 0.0000
6         M:cpu2
31        155 0.3231 0.4795 0.7447 0.0000
6         M:cpu1
31        155 0.5199 0.5004 0.4890 0.0000
6         M:cpu0
31        155 1.3187 1.3763 1.9682 0.0000
5         M:cpu
31        155 0.6679 0.7515 1.0018 0.0000
10        M:messages
37        155 330.0000 957.9150 581.6704 0.0000
8         M:ssh_in
31        155 2.0000 1.8200 0.6000 0.0000
13        M:cfengine_in
31        155 1.0000 0.9100 0.3000 0.0000
9         M:loadavg
31        155 0.0350 0.0350 0.0597 0.0000
10        M:diskfree
34        155 80.5000 73.2550 24.2063 0.0000
12        M:otherprocs
31        155 4.0000 3.6400 1.2000 0.0000
11        M:rootprocs
36        155 113.0000 102.8300 33.9013 0.0000
7         M:users
31        155 5.0000 4.5500 1.5000 0.0000
3         PLG
363       1679744190,76b8ce6dea7da5ec13203d391c64f18d5fa43ac332d09fc0dee99d62a912cacd,/var/cfengine/inputs/services/cfbs/churn_local_users.cf,35918a18f3f028e3a16776f9d73c3e66ccce4a02,114,default,churn_local_users,users,maul,/default/churn_local_users/users/'maul'[11],,[],"[""Removed user 'maul'""]",10,SHA=66aec41141537e4570d6a74066d87b0a9129cc05975edb37015fa542e617fbd4

# send QUERY complete successful
