# delta from 1679662878 to 1679662939 at 1679662939
22        CFR: 0 1679662938 2255
3         PRD
108       CFEngine Execution (policy filename: '/var/cfengine/inputs/update.cf'),0.121438,0.350421,0.328030,1679662888
60        Packing reports: delta,0.024467,0.059865,0.059297,1679662879
83        Sample(/proc/sys/kernel/random/entropy_avail),0.004812,0.002316,0.002387,1679662905
3         EXS
16        f,477,1679662660
3         MOM
15        M:entropy_avail
38        1308 3780.0000 2646.0000 0.0000 0.0000
12        M:mem_cached
41        1308 1973.6758 1381.5730 1651.2956 0.0000
10        M:mem_free
39        1308 12440.7461 8708.5223 0.0000 0.0000
11        M:mem_total
40        1308 14863.5820 10404.5074 0.0000 0.0000
16        M:io_writtendata
32        1308 0.5107 0.3575 0.4273 0.0000
11        M:io_writes
32        1308 6.0000 4.2000 5.0200 0.0000
6         M:cpu3
32        1308 0.5532 0.3873 0.4629 0.0000
6         M:cpu2
32        1308 0.3530 0.2471 0.2953 0.0000
6         M:cpu1
32        1308 0.5462 0.3824 0.4570 0.0000
6         M:cpu0
32        1308 0.2267 0.1587 0.1897 0.0000
5         M:cpu
32        1308 0.4215 0.2950 0.3526 0.0000
10        M:messages
41        1308 2544.0000 1780.8000 2128.4631 0.0000
8         M:ssh_in
32        1308 4.0000 2.8000 3.3466 0.0000
14        M:cfengine_out
32        1308 1.0000 0.7000 0.8367 0.0000
13        M:cfengine_in
32        1308 1.0000 0.7000 0.8367 0.0000
9         M:loadavg
32        1308 0.0300 0.0210 0.0251 0.0000
10        M:diskfree
35        1308 75.0000 52.5000 62.7495 0.0000
12        M:otherprocs
32        1308 5.0000 3.5000 4.1833 0.0000
11        M:rootprocs
36        1308 118.0000 82.6000 98.7259 0.0000
7         M:users
32        1308 6.0000 4.2000 5.0200 0.0000
3         MOY
15        M:entropy_avail
39        155 3652.0000 3350.2000 848.4657 0.0000
12        M:mem_cached
39        155 1310.7129 1191.0076 443.8518 0.0000
16        M:io_writtendata
31        155 0.8184 1.1056 1.2381 0.0000
11        M:io_writes
33        155 12.0000 14.2800 9.9358 0.0000
6         M:cpu3
31        155 1.3939 1.4675 1.0897 0.0000
6         M:cpu2
31        155 0.9462 1.5089 2.0483 0.0000
6         M:cpu1
31        155 0.8632 2.5510 8.5374 0.0000
6         M:cpu0
31        155 1.0199 1.5628 1.8705 0.0000
5         M:cpu
31        155 1.0566 1.7731 2.6353 0.0000
10        M:messages
41        155 13839.5000 10865.3300 347.1894 0.0000
8         M:ssh_in
31        155 2.0000 1.8200 0.6000 0.0000
13        M:cfengine_in
31        155 1.0000 0.9100 0.3000 0.0000
9         M:loadavg
31        155 0.0300 0.0546 0.0879 0.0000
10        M:diskfree
34        155 80.5000 73.2550 24.2063 0.0000
12        M:otherprocs
31        155 4.0000 3.6400 1.2000 0.0000
11        M:rootprocs
36        155 113.0000 102.8300 33.9013 0.0000
7         M:users
31        155 5.0000 4.5500 1.5000 0.0000
3         PLG
363       1679662915,cac5f7ab2dec7f87bfe1753d37690ac52aa07a2805e7a074f6822b9e701e47ed,/var/cfengine/inputs/services/cfbs/churn_local_users.cf,35918a18f3f028e3a16776f9d73c3e66ccce4a02,114,default,churn_local_users,users,c3po,/default/churn_local_users/users/'c3po'[13],,[],"[""Created user 'c3po'""]",10,SHA=66aec41141537e4570d6a74066d87b0a9129cc05975edb37015fa542e617fbd4

# send QUERY complete successful
