# delta from 1679724618 to 1679724680 at 1679724680
22        CFR: 0 1679724679 1727
3         PRD
60        Packing reports: delta,0.016251,0.026410,0.027313,1679724619
83        Sample(/proc/sys/kernel/random/entropy_avail),0.004712,0.002220,0.002095,1679724661
3         EXS
16        f,246,1679724597
3         MOM
15        M:entropy_avail
38        1514 3780.0000 2646.0000 0.0000 0.0000
12        M:mem_cached
41        1514 2171.7305 1520.2113 1817.0001 0.0000
10        M:mem_free
39        1514 12268.0078 8587.6055 0.0000 0.0000
11        M:mem_total
40        1514 14863.5820 10404.5074 0.0000 0.0000
16        M:io_writtendata
32        1514 0.7031 0.4922 0.5883 0.0000
11        M:io_writes
33        1514 10.0000 7.0000 8.3666 0.0000
6         M:cpu3
32        1514 0.4733 0.3313 0.3960 0.0000
6         M:cpu2
32        1514 2.0851 1.4596 1.7446 0.0000
6         M:cpu1
32        1514 0.9791 0.6854 0.8192 0.0000
6         M:cpu0
32        1514 4.5037 3.1526 3.7680 0.0000
5         M:cpu
32        1514 2.0072 1.4050 1.6793 0.0000
10        M:messages
38        1514 4117.0000 2881.9000 0.0000 0.0000
8         M:ssh_in
32        1514 2.0000 1.4000 1.6733 0.0000
13        M:cfengine_in
32        1514 1.0000 0.7000 0.8367 0.0000
9         M:loadavg
32        1514 0.0600 0.0420 0.0502 0.0000
10        M:diskfree
35        1514 73.0000 51.1000 61.0762 0.0000
12        M:otherprocs
32        1514 4.0000 2.8000 3.3466 0.0000
11        M:rootprocs
36        1514 106.0000 74.2000 88.6860 0.0000
7         M:users
32        1514 5.0000 3.5000 4.1833 0.0000
3         MOY
15        M:entropy_avail
39        155 3652.0000 3350.2000 848.4657 0.0000
12        M:mem_cached
39        155 1334.7988 1211.0830 461.7662 0.0000
16        M:io_writtendata
31        155 0.3193 0.3388 0.1251 0.0000
11        M:io_writes
31        155 7.0000 6.7900 1.8724 0.0000
6         M:cpu3
31        155 0.5030 0.6454 0.9539 0.0000
6         M:cpu2
31        155 0.3231 0.4795 0.7447 0.0000
6         M:cpu1
31        155 0.5199 0.5004 0.4890 0.0000
6         M:cpu0
31        155 1.3187 1.3763 1.9682 0.0000
5         M:cpu
31        155 0.6679 0.7515 1.0018 0.0000
10        M:messages
37        155 330.0000 957.9150 581.6704 0.0000
8         M:ssh_in
31        155 2.0000 1.8200 0.6000 0.0000
13        M:cfengine_in
31        155 1.0000 0.9100 0.3000 0.0000
9         M:loadavg
31        155 0.0350 0.0350 0.0597 0.0000
10        M:diskfree
34        155 80.5000 73.2550 24.2063 0.0000
12        M:otherprocs
31        155 4.0000 3.6400 1.2000 0.0000
11        M:rootprocs
36        155 113.0000 102.8300 33.9013 0.0000
7         M:users
31        155 5.0000 4.5500 1.5000 0.0000
# send QUERY complete successful
