# delta from 1679688198 to 1679688259 at 1679688259
22        CFR: 0 1679688258 2079
3         PRD
60        Packing reports: delta,0.024670,0.060860,0.062283,1679688199
3         EXS
16        f,148,1679688193
3         MOM
15        M:entropy_avail
38        1392 3780.0000 2646.0000 0.0000 0.0000
12        M:mem_cached
41        1392 2065.8203 1446.0742 1728.3893 0.0000
10        M:mem_free
39        1392 12336.0117 8635.2082 0.0000 0.0000
11        M:mem_total
40        1392 14863.5820 10404.5074 0.0000 0.0000
16        M:io_writtendata
32        1392 1.6670 1.1669 1.3947 0.0000
11        M:io_writes
35        1392 20.0000 14.0000 16.7332 0.0000
6         M:cpu3
32        1392 1.7481 1.2236 1.4625 0.0000
6         M:cpu2
32        1392 1.0791 0.7554 0.9029 0.0000
6         M:cpu1
32        1392 1.6195 1.1336 1.3549 0.0000
6         M:cpu0
32        1392 1.0269 0.7188 0.8591 0.0000
5         M:cpu
32        1392 1.3683 0.9578 1.1448 0.0000
10        M:messages
38        1392 3929.0000 2750.3000 0.0000 0.0000
8         M:ssh_in
32        1392 2.0000 1.4000 1.6733 0.0000
14        M:cfengine_out
32        1392 1.0000 0.7000 0.8367 0.0000
13        M:cfengine_in
32        1392 1.0000 0.7000 0.8367 0.0000
10        M:diskfree
35        1392 74.0000 51.8000 61.9128 0.0000
12        M:otherprocs
32        1392 4.0000 2.8000 3.3466 0.0000
11        M:rootprocs
37        1392 120.0000 84.0000 100.3992 0.0000
7         M:users
32        1392 5.0000 3.5000 4.1833 0.0000
3         MOY
15        M:entropy_avail
39        155 3652.0000 3350.2000 848.4657 0.0000
12        M:mem_cached
39        155 1334.7988 1211.0830 461.7662 0.0000
16        M:io_writtendata
31        155 0.3193 0.3388 0.1251 0.0000
11        M:io_writes
31        155 7.0000 6.7900 1.8724 0.0000
6         M:cpu3
31        155 0.5030 0.6454 0.9539 0.0000
6         M:cpu2
31        155 0.3231 0.4795 0.7447 0.0000
6         M:cpu1
31        155 0.5199 0.5004 0.4890 0.0000
6         M:cpu0
31        155 1.3187 1.3763 1.9682 0.0000
5         M:cpu
31        155 0.6679 0.7515 1.0018 0.0000
10        M:messages
37        155 330.0000 957.9150 581.6704 0.0000
8         M:ssh_in
31        155 2.0000 1.8200 0.6000 0.0000
13        M:cfengine_in
31        155 1.0000 0.9100 0.3000 0.0000
9         M:loadavg
31        155 0.0350 0.0350 0.0597 0.0000
10        M:diskfree
34        155 80.5000 73.2550 24.2063 0.0000
12        M:otherprocs
31        155 4.0000 3.6400 1.2000 0.0000
11        M:rootprocs
36        155 113.0000 102.8300 33.9013 0.0000
7         M:users
31        155 5.0000 4.5500 1.5000 0.0000
3         PLG
424       1679688239,cac5f7ab2dec7f87bfe1753d37690ac52aa07a2805e7a074f6822b9e701e47ed,/var/cfengine/inputs/services/cfbs/churn_local_users.cf,35918a18f3f028e3a16776f9d73c3e66ccce4a02,110,default,churn_local_users,users,c3po,/default/churn_local_users/users/'c3po'[13],,[],"[""'/sbin/chpasswd -e' returned non-zero status: 1"",""Failed to create user 'c3po'""]",10,SHA=66aec41141537e4570d6a74066d87b0a9129cc05975edb37015fa542e617fbd4

# send QUERY complete successful
