# delta from 1679711658 to 1679711719 at 1679711719
22        CFR: 0 1679711718 1649
3         PRD
60        Packing reports: delta,0.024127,0.058213,0.058614,1679711659
3         EXS
16        f,221,1679711477
3         MOM
15        M:entropy_avail
41        1470 4036.0000 3619.0000 1162.9574 0.0000
12        M:mem_cached
40        1470 2141.1250 1950.0562 636.8961 0.0000
10        M:mem_free
38        1470 8587.4578 8587.4578 0.0000 0.0000
11        M:mem_total
40        1470 10404.5074 10404.5074 0.0000 0.0000
16        M:io_writtendata
32        1470 0.7295 0.6396 0.2995 0.0000
11        M:io_writes
34        1470 12.0000 10.9200 3.6000 0.0000
6         M:cpu3
32        1470 1.9200 1.4420 1.3501 0.0000
6         M:cpu2
32        1470 2.3851 1.7969 1.6637 0.0000
6         M:cpu1
32        1470 3.4147 2.5050 2.5494 0.0000
6         M:cpu0
32        1470 4.1003 3.0621 2.9254 0.0000
5         M:cpu
32        1470 2.9549 2.2014 2.1213 0.0000
10        M:messages
40        1470 1504.0000 1751.0500 688.9895 0.0000
8         M:ssh_in
32        1470 2.0000 2.8700 2.9000 0.0000
13        M:cfengine_in
32        1470 1.0000 0.9100 0.3000 0.0000
9         M:loadavg
32        1470 0.0800 0.0560 0.0669 0.0000
10        M:diskfree
35        1470 73.0000 66.4300 21.9000 0.0000
12        M:otherprocs
32        1470 4.0000 3.6400 1.2000 0.0000
11        M:rootprocs
37        1470 113.0000 103.0400 33.2000 0.0000
7         M:users
32        1470 5.0000 4.5500 1.5000 0.0000
3         MOY
15        M:entropy_avail
39        155 3652.0000 3350.2000 848.4657 0.0000
12        M:mem_cached
39        155 1334.7988 1211.0830 461.7662 0.0000
16        M:io_writtendata
31        155 0.3193 0.3388 0.1251 0.0000
11        M:io_writes
31        155 7.0000 6.7900 1.8724 0.0000
6         M:cpu3
31        155 0.5030 0.6454 0.9539 0.0000
6         M:cpu2
31        155 0.3231 0.4795 0.7447 0.0000
6         M:cpu1
31        155 0.5199 0.5004 0.4890 0.0000
6         M:cpu0
31        155 1.3187 1.3763 1.9682 0.0000
5         M:cpu
31        155 0.6679 0.7515 1.0018 0.0000
10        M:messages
37        155 330.0000 957.9150 581.6704 0.0000
8         M:ssh_in
31        155 2.0000 1.8200 0.6000 0.0000
13        M:cfengine_in
31        155 1.0000 0.9100 0.3000 0.0000
9         M:loadavg
31        155 0.0350 0.0350 0.0597 0.0000
10        M:diskfree
34        155 80.5000 73.2550 24.2063 0.0000
12        M:otherprocs
31        155 4.0000 3.6400 1.2000 0.0000
11        M:rootprocs
36        155 113.0000 102.8300 33.9013 0.0000
7         M:users
31        155 5.0000 4.5500 1.5000 0.0000
# send QUERY complete successful
