# delta from 1679698278 to 1679698339 at 1679698339
22        CFR: 0 1679698338 2116
3         PRD
108       CFEngine Execution (policy filename: '/var/cfengine/inputs/update.cf'),0.040518,0.331645,0.334512,1679698329
60        Packing reports: delta,0.031615,0.099948,0.098650,1679698279
3         EXS
16        f,254,1679698091
3         MOM
15        M:entropy_avail
38        1426 3780.0000 2646.0000 0.0000 0.0000
12        M:mem_cached
41        1426 2097.5898 1468.3129 1754.9696 0.0000
10        M:mem_free
39        1426 12325.7812 8628.0469 0.0000 0.0000
11        M:mem_total
40        1426 14863.5820 10404.5074 0.0000 0.0000
16        M:io_writtendata
32        1426 0.8398 0.5879 0.7027 0.0000
11        M:io_writes
34        1426 12.0000 8.4000 10.0399 0.0000
6         M:cpu3
32        1426 1.0663 0.7464 0.8921 0.0000
6         M:cpu2
32        1426 1.0057 0.7040 0.8415 0.0000
6         M:cpu1
32        1426 6.5288 4.5702 5.4624 0.0000
6         M:cpu0
32        1426 0.9070 0.6349 0.7588 0.0000
5         M:cpu
32        1426 2.3715 1.6600 1.9841 0.0000
10        M:messages
38        1426 3800.0000 2660.0000 0.0000 0.0000
8         M:ssh_in
32        1426 2.0000 1.4000 1.6733 0.0000
13        M:cfengine_in
32        1426 1.0000 0.7000 0.8367 0.0000
9         M:loadavg
32        1426 0.0300 0.0210 0.0251 0.0000
10        M:diskfree
35        1426 74.0000 51.8000 61.9128 0.0000
12        M:otherprocs
32        1426 4.0000 2.8000 3.3466 0.0000
11        M:rootprocs
36        1426 113.0000 79.1000 94.5426 0.0000
7         M:users
32        1426 5.0000 3.5000 4.1833 0.0000
3         MOY
15        M:entropy_avail
39        155 3652.0000 3350.2000 848.4657 0.0000
12        M:mem_cached
39        155 1334.7988 1211.0830 461.7662 0.0000
16        M:io_writtendata
31        155 0.3193 0.3388 0.1251 0.0000
11        M:io_writes
31        155 7.0000 6.7900 1.8724 0.0000
6         M:cpu3
31        155 0.5030 0.6454 0.9539 0.0000
6         M:cpu2
31        155 0.3231 0.4795 0.7447 0.0000
6         M:cpu1
31        155 0.5199 0.5004 0.4890 0.0000
6         M:cpu0
31        155 1.3187 1.3763 1.9682 0.0000
5         M:cpu
31        155 0.6679 0.7515 1.0018 0.0000
10        M:messages
37        155 330.0000 957.9150 581.6704 0.0000
8         M:ssh_in
31        155 2.0000 1.8200 0.6000 0.0000
13        M:cfengine_in
31        155 1.0000 0.9100 0.3000 0.0000
9         M:loadavg
31        155 0.0350 0.0350 0.0597 0.0000
10        M:diskfree
34        155 80.5000 73.2550 24.2063 0.0000
12        M:otherprocs
31        155 4.0000 3.6400 1.2000 0.0000
11        M:rootprocs
36        155 113.0000 102.8300 33.9013 0.0000
7         M:users
31        155 5.0000 4.5500 1.5000 0.0000
3         PLG
360       1679698321,5820946305f58f0ceb4dd427ba58a6bdff713a12bc3cbc4169caacb3cf1110f1,/var/cfengine/inputs/services/cfbs/churn_local_users.cf,35918a18f3f028e3a16776f9d73c3e66ccce4a02,114,default,churn_local_users,users,rey,/default/churn_local_users/users/'rey'[12],,[],"[""Created user 'rey'""]",10,SHA=66aec41141537e4570d6a74066d87b0a9129cc05975edb37015fa542e617fbd4

# send QUERY complete successful
