# delta from 1679692459 to 1679692519 at 1679692519
22        CFR: 0 1679692518 3263
3         PRD
60        Packing reports: delta,0.027824,0.077415,0.076787,1679692460
83        Sample(/proc/sys/kernel/random/entropy_avail),0.007924,0.006279,0.002383,1679692506
3         EXS
16        f,233,1679691810
3         MOM
15        M:entropy_avail
41        1406 4036.0000 3619.0000 1162.9574 0.0000
38        1407 3780.0000 2646.0000 0.0000 0.0000
12        M:mem_cached
40        1406 2079.6719 1886.4582 644.0457 0.0000
41        1407 2095.2109 1466.6477 1752.9792 0.0000
10        M:mem_free
40        1406 12322.2930 11223.7833 0.0000 0.0000
39        1407 12305.8828 8614.1180 0.0000 0.0000
11        M:mem_total
40        1406 14863.5820 13525.8596 0.0000 0.0000
40        1407 14863.5820 10404.5074 0.0000 0.0000
16        M:io_writtendata
32        1406 0.5371 0.4843 0.1762 0.0000
32        1407 1.5029 1.0521 1.2574 0.0000
11        M:io_writes
32        1406 8.0000 7.2800 2.4000 0.0000
35        1407 18.0000 12.6000 15.0599 0.0000
6         M:cpu3
32        1406 0.6331 0.5006 0.3903 0.0000
32        1407 0.6664 0.4665 0.5576 0.0000
6         M:cpu2
32        1406 1.6855 1.2176 1.3075 0.0000
32        1407 0.4994 0.3496 0.4178 0.0000
6         M:cpu1
32        1406 1.0725 0.7885 0.7962 0.0000
32        1407 1.0990 0.7693 0.9195 0.0000
6         M:cpu0
32        1406 0.3400 0.2870 0.1825 0.0000
32        1407 0.1869 0.1308 0.1564 0.0000
5         M:cpu
32        1406 0.9346 0.6986 0.6651 0.0000
32        1407 0.6131 0.4292 0.5130 0.0000
10        M:messages
35        1406 0.0000 1456.9800 0.0000 0.0000
41        1407 2936.0000 2055.2000 2456.4338 0.0000
8         M:ssh_in
32        1406 2.0000 1.8200 0.6000 0.0000
32        1407 2.0000 1.4000 1.6733 0.0000
14        M:cfengine_out
32        1406 1.0000 0.7000 0.8367 0.0000
13        M:cfengine_in
32        1406 1.0000 0.9100 0.3000 0.0000
32        1407 1.0000 0.7000 0.8367 0.0000
9         M:loadavg
32        1406 0.0600 0.0420 0.0502 0.0000
32        1407 0.0600 0.0420 0.0502 0.0000
10        M:diskfree
35        1406 74.0000 67.3400 22.2000 0.0000
35        1407 74.0000 51.8000 61.9128 0.0000
12        M:otherprocs
32        1406 4.0000 3.6400 1.2000 0.0000
32        1407 4.0000 2.8000 3.3466 0.0000
11        M:rootprocs
37        1406 118.0000 106.5400 38.2000 0.0000
36        1407 117.0000 81.9000 97.8892 0.0000
7         M:users
32        1406 5.0000 4.5500 1.5000 0.0000
32        1407 5.0000 3.5000 4.1833 0.0000
3         MOY
15        M:entropy_avail
39        155 3652.0000 3350.2000 848.4657 0.0000
12        M:mem_cached
39        155 1334.7988 1211.0830 461.7662 0.0000
16        M:io_writtendata
31        155 0.3193 0.3388 0.1251 0.0000
11        M:io_writes
31        155 7.0000 6.7900 1.8724 0.0000
6         M:cpu3
31        155 0.5030 0.6454 0.9539 0.0000
6         M:cpu2
31        155 0.3231 0.4795 0.7447 0.0000
6         M:cpu1
31        155 0.5199 0.5004 0.4890 0.0000
6         M:cpu0
31        155 1.3187 1.3763 1.9682 0.0000
5         M:cpu
31        155 0.6679 0.7515 1.0018 0.0000
10        M:messages
37        155 330.0000 957.9150 581.6704 0.0000
8         M:ssh_in
31        155 2.0000 1.8200 0.6000 0.0000
13        M:cfengine_in
31        155 1.0000 0.9100 0.3000 0.0000
9         M:loadavg
31        155 0.0350 0.0350 0.0597 0.0000
10        M:diskfree
34        155 80.5000 73.2550 24.2063 0.0000
12        M:otherprocs
31        155 4.0000 3.6400 1.2000 0.0000
11        M:rootprocs
36        155 113.0000 102.8300 33.9013 0.0000
7         M:users
31        155 5.0000 4.5500 1.5000 0.0000
3         PLG
447       1679692461,4e266614f38ae754839a35e7fc574b6b752029e43ed511fc912b5e826bb3b01b,/var/cfengine/inputs/services/cfbs/churn_local_users.cf,35918a18f3f028e3a16776f9d73c3e66ccce4a02,110,default,churn_local_users,users,obiwankenobi,/default/churn_local_users/users/'obiwankenobi'[6],,[],"[""'/sbin/chpasswd -e' returned non-zero status: 1"",""Failed to create user 'obiwankenobi'""]",10,SHA=66aec41141537e4570d6a74066d87b0a9129cc05975edb37015fa542e617fbd4

383       1679692496,8f889933d10bb688c85e85dce773c282b796ebe7ebe2528f99dba8fe2cc4d5bb,/var/cfengine/inputs/services/cfbs/churn_local_users.cf,35918a18f3f028e3a16776f9d73c3e66ccce4a02,114,default,churn_local_users,users,jarjarbinks,/default/churn_local_users/users/'jarjarbinks'[2],,[],"[""Created user 'jarjarbinks'""]",10,SHA=66aec41141537e4570d6a74066d87b0a9129cc05975edb37015fa542e617fbd4

# send QUERY complete successful
