# delta from 1679745798 to 1679745859 at 1679745859
22        CFR: 0 1679745858 1731
3         PRD
60        Packing reports: delta,0.030631,0.093825,0.094447,1679745799
83        Sample(/proc/sys/kernel/random/entropy_avail),0.005908,0.003490,0.002736,1679745852
3         EXS
16        f,248,1679745522
3         MOM
15        M:entropy_avail
41        1584 4036.0000 3619.0000 1162.9574 0.0000
12        M:mem_cached
40        1584 2239.0508 2037.5034 671.8246 0.0000
10        M:mem_free
40        1584 12175.6367 11084.6225 0.0000 0.0000
11        M:mem_total
40        1584 14863.5820 13525.8596 0.0000 0.0000
16        M:io_writtendata
32        1584 0.1055 0.1639 0.1946 0.0000
11        M:io_writes
32        1584 6.0000 5.4600 1.8000 0.0000
6         M:cpu3
32        1584 1.1332 0.8254 0.8612 0.0000
6         M:cpu2
32        1584 0.4598 0.3442 0.3260 0.0000
6         M:cpu1
32        1584 2.2982 1.6465 1.8192 0.0000
6         M:cpu0
32        1584 0.5527 0.4317 0.3515 0.0000
5         M:cpu
32        1584 1.1094 0.8108 0.8359 0.0000
10        M:messages
39        1584 169.0000 652.9600 1784.0780 0.0000
8         M:ssh_in
32        1584 2.0000 1.8200 0.6000 0.0000
13        M:cfengine_in
32        1584 1.0000 0.9100 0.3000 0.0000
9         M:loadavg
32        1584 0.0100 0.0070 0.0084 0.0000
10        M:diskfree
35        1584 73.0000 66.4300 21.9000 0.0000
12        M:otherprocs
32        1584 4.0000 3.6400 1.2000 0.0000
11        M:rootprocs
37        1584 112.0000 101.0800 36.4000 0.0000
7         M:users
32        1584 5.0000 4.5500 1.5000 0.0000
3         MOY
15        M:entropy_avail
39        155 3652.0000 3350.2000 848.4657 0.0000
12        M:mem_cached
39        155 1334.7988 1211.0830 461.7662 0.0000
16        M:io_writtendata
31        155 0.3193 0.3388 0.1251 0.0000
11        M:io_writes
31        155 7.0000 6.7900 1.8724 0.0000
6         M:cpu3
31        155 0.5030 0.6454 0.9539 0.0000
6         M:cpu2
31        155 0.3231 0.4795 0.7447 0.0000
6         M:cpu1
31        155 0.5199 0.5004 0.4890 0.0000
6         M:cpu0
31        155 1.3187 1.3763 1.9682 0.0000
5         M:cpu
31        155 0.6679 0.7515 1.0018 0.0000
10        M:messages
37        155 330.0000 957.9150 581.6704 0.0000
8         M:ssh_in
31        155 2.0000 1.8200 0.6000 0.0000
13        M:cfengine_in
31        155 1.0000 0.9100 0.3000 0.0000
9         M:loadavg
31        155 0.0350 0.0350 0.0597 0.0000
10        M:diskfree
34        155 80.5000 73.2550 24.2063 0.0000
12        M:otherprocs
31        155 4.0000 3.6400 1.2000 0.0000
11        M:rootprocs
36        155 113.0000 102.8300 33.9013 0.0000
7         M:users
31        155 5.0000 4.5500 1.5000 0.0000
# send QUERY complete successful
