# delta from 1679743458 to 1679743519 at 1679743519
22        CFR: 0 1679743518 2037
3         PRD
60        Packing reports: delta,0.030005,0.090031,0.091022,1679743459
3         EXS
16        f,159,1679743412
3         MOM
15        M:entropy_avail
41        1576 4036.0000 3619.0000 1162.9574 0.0000
12        M:mem_cached
40        1576 2241.5078 2041.4168 666.9699 0.0000
10        M:mem_free
38        1576 8531.4004 8531.4004 0.0000 0.0000
11        M:mem_total
40        1576 10404.5074 10404.5074 0.0000 0.0000
16        M:io_writtendata
32        1576 0.7168 0.7684 0.1719 0.0000
11        M:io_writes
34        1576 12.0000 11.7600 0.8000 0.0000
6         M:cpu3
32        1576 1.7078 1.4166 0.9447 0.0000
6         M:cpu2
32        1576 0.6330 1.1094 1.5882 0.0000
6         M:cpu1
32        1576 2.4978 2.0353 1.4338 0.0000
6         M:cpu0
32        1576 1.5061 1.8497 1.1455 0.0000
5         M:cpu
32        1576 1.5878 1.6032 0.0512 0.0000
10        M:messages
40        1576 954.0000 1708.3500 2103.7816 0.0000
8         M:ssh_in
32        1576 2.0000 1.8200 0.6000 0.0000
13        M:cfengine_in
32        1576 1.0000 0.9100 0.3000 0.0000
9         M:loadavg
32        1576 0.0600 0.0462 0.0396 0.0000
10        M:diskfree
35        1576 73.0000 66.2200 22.6000 0.0000
12        M:otherprocs
32        1576 4.0000 3.6400 1.2000 0.0000
11        M:rootprocs
36        1576 108.0000 98.2800 32.4000 0.0000
7         M:users
32        1576 5.0000 4.5500 1.5000 0.0000
3         MOY
15        M:entropy_avail
39        155 3652.0000 3350.2000 848.4657 0.0000
12        M:mem_cached
39        155 1334.7988 1211.0830 461.7662 0.0000
16        M:io_writtendata
31        155 0.3193 0.3388 0.1251 0.0000
11        M:io_writes
31        155 7.0000 6.7900 1.8724 0.0000
6         M:cpu3
31        155 0.5030 0.6454 0.9539 0.0000
6         M:cpu2
31        155 0.3231 0.4795 0.7447 0.0000
6         M:cpu1
31        155 0.5199 0.5004 0.4890 0.0000
6         M:cpu0
31        155 1.3187 1.3763 1.9682 0.0000
5         M:cpu
31        155 0.6679 0.7515 1.0018 0.0000
10        M:messages
37        155 330.0000 957.9150 581.6704 0.0000
8         M:ssh_in
31        155 2.0000 1.8200 0.6000 0.0000
13        M:cfengine_in
31        155 1.0000 0.9100 0.3000 0.0000
9         M:loadavg
31        155 0.0350 0.0350 0.0597 0.0000
10        M:diskfree
34        155 80.5000 73.2550 24.2063 0.0000
12        M:otherprocs
31        155 4.0000 3.6400 1.2000 0.0000
11        M:rootprocs
36        155 113.0000 102.8300 33.9013 0.0000
7         M:users
31        155 5.0000 4.5500 1.5000 0.0000
3         PLG
386       1679743492,4e266614f38ae754839a35e7fc574b6b752029e43ed511fc912b5e826bb3b01b,/var/cfengine/inputs/services/cfbs/churn_local_users.cf,35918a18f3f028e3a16776f9d73c3e66ccce4a02,114,default,churn_local_users,users,obiwankenobi,/default/churn_local_users/users/'obiwankenobi'[6],,[],"[""Created user 'obiwankenobi'""]",10,SHA=66aec41141537e4570d6a74066d87b0a9129cc05975edb37015fa542e617fbd4

# send QUERY complete successful
