# delta from 1679709858 to 1679709919 at 1679709919
22        CFR: 0 1679709918 2036
3         PRD
60        Packing reports: delta,0.022646,0.051283,0.052181,1679709859
3         EXS
15        f,87,1679709147
3         MOM
15        M:entropy_avail
41        1464 4036.0000 3619.0000 1162.9574 0.0000
12        M:mem_cached
40        1464 2133.8398 1939.9010 646.4629 0.0000
10        M:mem_free
38        1464 8606.0789 8606.0789 0.0000 0.0000
11        M:mem_total
40        1464 10404.5074 10404.5074 0.0000 0.0000
16        M:io_writtendata
32        1464 0.8984 0.7243 0.5284 0.0000
11        M:io_writes
34        1464 12.0000 10.0800 6.4894 0.0000
6         M:cpu3
32        1464 0.7601 0.5950 0.4803 0.0000
6         M:cpu2
32        1464 0.7529 0.6446 0.3963 0.0000
6         M:cpu1
32        1464 2.2986 1.6887 1.7097 0.0000
6         M:cpu0
32        1464 0.9736 0.7529 0.6349 0.0000
5         M:cpu
32        1464 1.1964 0.9208 0.7900 0.0000
10        M:messages
39        1464 169.0000 688.4500 1909.6130 0.0000
8         M:ssh_in
32        1464 4.0000 3.2200 2.3605 0.0000
13        M:cfengine_in
32        1464 1.0000 0.9100 0.3000 0.0000
9         M:loadavg
32        1464 0.0400 0.0301 0.0280 0.0000
10        M:diskfree
35        1464 73.0000 66.6400 21.2000 0.0000
12        M:otherprocs
32        1464 4.0000 3.6400 1.2000 0.0000
11        M:rootprocs
37        1464 118.0000 106.5400 38.2000 0.0000
7         M:users
32        1464 5.0000 4.5500 1.5000 0.0000
3         MOY
15        M:entropy_avail
39        155 3652.0000 3350.2000 848.4657 0.0000
12        M:mem_cached
39        155 1334.7988 1211.0830 461.7662 0.0000
16        M:io_writtendata
31        155 0.3193 0.3388 0.1251 0.0000
11        M:io_writes
31        155 7.0000 6.7900 1.8724 0.0000
6         M:cpu3
31        155 0.5030 0.6454 0.9539 0.0000
6         M:cpu2
31        155 0.3231 0.4795 0.7447 0.0000
6         M:cpu1
31        155 0.5199 0.5004 0.4890 0.0000
6         M:cpu0
31        155 1.3187 1.3763 1.9682 0.0000
5         M:cpu
31        155 0.6679 0.7515 1.0018 0.0000
10        M:messages
37        155 330.0000 957.9150 581.6704 0.0000
8         M:ssh_in
31        155 2.0000 1.8200 0.6000 0.0000
13        M:cfengine_in
31        155 1.0000 0.9100 0.3000 0.0000
9         M:loadavg
31        155 0.0350 0.0350 0.0597 0.0000
10        M:diskfree
34        155 80.5000 73.2550 24.2063 0.0000
12        M:otherprocs
31        155 4.0000 3.6400 1.2000 0.0000
11        M:rootprocs
36        155 113.0000 102.8300 33.9013 0.0000
7         M:users
31        155 5.0000 4.5500 1.5000 0.0000
3         PLG
386       1679709863,bcda38d1967717db7626c980f5a68decdffe2dd5c55862f9b4a5abd4184f0199,/var/cfengine/inputs/services/cfbs/churn_local_users.cf,35918a18f3f028e3a16776f9d73c3e66ccce4a02,114,default,churn_local_users,users,lukeskywaker,/default/churn_local_users/users/'lukeskywaker'[9],,[],"[""Removed user 'lukeskywaker'""]",10,SHA=66aec41141537e4570d6a74066d87b0a9129cc05975edb37015fa542e617fbd4

# send QUERY complete successful
