# delta from 1679699598 to 1679699659 at 1679699660
22        CFR: 1 1679699659 2076
3         PRD
60        Packing reports: delta,0.011444,0.013096,0.013530,1679699599
3         EXS
15        f,69,1679698974
3         MOM
15        M:entropy_avail
41        1430 4036.0000 3619.0000 1162.9574 0.0000
12        M:mem_cached
40        1430 2093.0117 1902.7662 634.1516 0.0000
10        M:mem_free
38        1430 8637.0238 8637.0238 0.0000 0.0000
11        M:mem_total
40        1430 10404.5074 10404.5074 0.0000 0.0000
16        M:io_writtendata
32        1430 0.5420 0.4916 0.1681 0.0000
11        M:io_writes
32        1430 8.0000 7.2800 2.4000 0.0000
6         M:cpu3
32        1430 0.9133 0.7610 0.5009 0.0000
6         M:cpu2
32        1430 0.9130 0.6908 0.6297 0.0000
6         M:cpu1
32        1430 0.6263 0.6259 0.0013 0.0000
6         M:cpu0
32        1430 1.2461 0.9297 0.8913 0.0000
5         M:cpu
32        1430 0.9247 0.7522 0.5327 0.0000
10        M:messages
35        1430 0.0000 1492.4700 0.0000 0.0000
8         M:ssh_in
32        1430 2.0000 1.8200 0.6000 0.0000
14        M:cfengine_out
32        1430 1.0000 0.7000 0.8367 0.0000
13        M:cfengine_in
32        1430 1.0000 0.9100 0.3000 0.0000
9         M:loadavg
32        1430 0.1100 0.0791 0.0863 0.0000
10        M:diskfree
35        1430 74.0000 67.3400 22.2000 0.0000
12        M:otherprocs
32        1430 4.0000 3.6400 1.2000 0.0000
11        M:rootprocs
37        1430 120.0000 107.9400 40.2000 0.0000
7         M:users
32        1430 5.0000 4.5500 1.5000 0.0000
3         MOY
15        M:entropy_avail
39        155 3652.0000 3350.2000 848.4657 0.0000
12        M:mem_cached
39        155 1334.7988 1211.0830 461.7662 0.0000
16        M:io_writtendata
31        155 0.3193 0.3388 0.1251 0.0000
11        M:io_writes
31        155 7.0000 6.7900 1.8724 0.0000
6         M:cpu3
31        155 0.5030 0.6454 0.9539 0.0000
6         M:cpu2
31        155 0.3231 0.4795 0.7447 0.0000
6         M:cpu1
31        155 0.5199 0.5004 0.4890 0.0000
6         M:cpu0
31        155 1.3187 1.3763 1.9682 0.0000
5         M:cpu
31        155 0.6679 0.7515 1.0018 0.0000
10        M:messages
37        155 330.0000 957.9150 581.6704 0.0000
8         M:ssh_in
31        155 2.0000 1.8200 0.6000 0.0000
13        M:cfengine_in
31        155 1.0000 0.9100 0.3000 0.0000
9         M:loadavg
31        155 0.0350 0.0350 0.0597 0.0000
10        M:diskfree
34        155 80.5000 73.2550 24.2063 0.0000
12        M:otherprocs
31        155 4.0000 3.6400 1.2000 0.0000
11        M:rootprocs
36        155 113.0000 102.8300 33.9013 0.0000
7         M:users
31        155 5.0000 4.5500 1.5000 0.0000
3         PLG
386       1679699626,2ea1aeb72b8fa9b635038692e4b7f7f3b82d3317e496aa0abcac9d3dac664df5,/var/cfengine/inputs/services/cfbs/churn_local_users.cf,35918a18f3f028e3a16776f9d73c3e66ccce4a02,114,default,churn_local_users,users,lukeskywaker,/default/churn_local_users/users/'lukeskywaker'[9],,[],"[""Created user 'lukeskywaker'""]",10,SHA=66aec41141537e4570d6a74066d87b0a9129cc05975edb37015fa542e617fbd4

# send QUERY complete successful
