# delta from 1679718918 to 1679718979 at 1679718979
22        CFR: 0 1679718978 2077
3         PRD
60        Packing reports: delta,0.029219,0.085375,0.085295,1679718919
83        Sample(/proc/sys/kernel/random/entropy_avail),0.004820,0.002324,0.002179,1679718951
3         EXS
16        f,107,1679718687
3         MOM
15        M:entropy_avail
38        1495 3780.0000 2646.0000 0.0000 0.0000
12        M:mem_cached
41        1495 2165.9570 1516.1699 1812.1697 0.0000
10        M:mem_free
39        1495 12253.2656 8577.2859 0.0000 0.0000
11        M:mem_total
40        1495 14863.5820 10404.5074 0.0000 0.0000
16        M:io_writtendata
32        1495 0.5107 0.3575 0.4273 0.0000
11        M:io_writes
32        1495 6.0000 4.2000 5.0200 0.0000
6         M:cpu3
32        1495 0.1999 0.1399 0.1672 0.0000
6         M:cpu2
32        1495 0.0933 0.0653 0.0781 0.0000
6         M:cpu1
32        1495 0.2265 0.1585 0.1895 0.0000
6         M:cpu0
32        1495 0.2863 0.2004 0.2396 0.0000
5         M:cpu
32        1495 0.1999 0.1399 0.1672 0.0000
10        M:messages
41        1495 2546.0000 1782.2000 2130.1364 0.0000
8         M:ssh_in
32        1495 3.0000 2.1000 2.5100 0.0000
13        M:cfengine_in
32        1495 1.0000 0.7000 0.8367 0.0000
10        M:diskfree
35        1495 73.0000 51.1000 61.0762 0.0000
12        M:otherprocs
32        1495 4.0000 2.8000 3.3466 0.0000
11        M:rootprocs
36        1495 110.0000 77.0000 92.0326 0.0000
7         M:users
32        1495 5.0000 3.5000 4.1833 0.0000
3         MOY
15        M:entropy_avail
39        155 3652.0000 3350.2000 848.4657 0.0000
12        M:mem_cached
39        155 1334.7988 1211.0830 461.7662 0.0000
16        M:io_writtendata
31        155 0.3193 0.3388 0.1251 0.0000
11        M:io_writes
31        155 7.0000 6.7900 1.8724 0.0000
6         M:cpu3
31        155 0.5030 0.6454 0.9539 0.0000
6         M:cpu2
31        155 0.3231 0.4795 0.7447 0.0000
6         M:cpu1
31        155 0.5199 0.5004 0.4890 0.0000
6         M:cpu0
31        155 1.3187 1.3763 1.9682 0.0000
5         M:cpu
31        155 0.6679 0.7515 1.0018 0.0000
10        M:messages
37        155 330.0000 957.9150 581.6704 0.0000
8         M:ssh_in
31        155 2.0000 1.8200 0.6000 0.0000
13        M:cfengine_in
31        155 1.0000 0.9100 0.3000 0.0000
9         M:loadavg
31        155 0.0350 0.0350 0.0597 0.0000
10        M:diskfree
34        155 80.5000 73.2550 24.2063 0.0000
12        M:otherprocs
31        155 4.0000 3.6400 1.2000 0.0000
11        M:rootprocs
36        155 113.0000 102.8300 33.9013 0.0000
7         M:users
31        155 5.0000 4.5500 1.5000 0.0000
3         PLG
386       1679718955,2ea1aeb72b8fa9b635038692e4b7f7f3b82d3317e496aa0abcac9d3dac664df5,/var/cfengine/inputs/services/cfbs/churn_local_users.cf,35918a18f3f028e3a16776f9d73c3e66ccce4a02,114,default,churn_local_users,users,lukeskywaker,/default/churn_local_users/users/'lukeskywaker'[9],,[],"[""Created user 'lukeskywaker'""]",10,SHA=66aec41141537e4570d6a74066d87b0a9129cc05975edb37015fa542e617fbd4

# send QUERY complete successful
