# delta from 1679735058 to 1679735120 at 1679735120
22        CFR: 0 1679735119 2030
3         PRD
60        Packing reports: delta,0.023401,0.054759,0.055814,1679735059
3         EXS
15        f,90,1679735033
3         MOM
15        M:entropy_avail
41        1548 4036.0000 3619.0000 1162.9574 0.0000
12        M:mem_cached
40        1548 2226.4883 2028.2084 660.9328 0.0000
10        M:mem_free
40        1548 12186.6172 11088.4107 0.0000 0.0000
11        M:mem_total
40        1548 14863.5820 13525.8596 0.0000 0.0000
16        M:io_writtendata
32        1548 1.2285 1.0273 0.6695 0.0000
11        M:io_writes
34        1548 18.0000 15.1200 9.7341 0.0000
6         M:cpu3
32        1548 3.3620 2.4711 2.4980 0.0000
6         M:cpu2
32        1548 1.4121 1.0780 0.9521 0.0000
6         M:cpu1
32        1548 1.1058 1.7382 2.1081 0.0000
6         M:cpu0
32        1548 0.9002 1.2870 1.2894 0.0000
5         M:cpu
32        1548 1.6946 1.6436 0.1700 0.0000
10        M:messages
40        1548 923.0000 1567.1600 1796.4764 0.0000
8         M:ssh_in
32        1548 2.0000 1.8200 0.6000 0.0000
13        M:cfengine_in
32        1548 1.0000 0.9100 0.3000 0.0000
9         M:loadavg
32        1548 0.1200 0.1302 0.0340 0.0000
10        M:diskfree
35        1548 73.0000 66.4300 21.9000 0.0000
12        M:otherprocs
32        1548 4.0000 3.6400 1.2000 0.0000
11        M:rootprocs
37        1548 114.0000 103.5300 34.9000 0.0000
7         M:users
32        1548 5.0000 4.5500 1.5000 0.0000
3         MOY
15        M:entropy_avail
39        155 3652.0000 3350.2000 848.4657 0.0000
12        M:mem_cached
39        155 1334.7988 1211.0830 461.7662 0.0000
16        M:io_writtendata
31        155 0.3193 0.3388 0.1251 0.0000
11        M:io_writes
31        155 7.0000 6.7900 1.8724 0.0000
6         M:cpu3
31        155 0.5030 0.6454 0.9539 0.0000
6         M:cpu2
31        155 0.3231 0.4795 0.7447 0.0000
6         M:cpu1
31        155 0.5199 0.5004 0.4890 0.0000
6         M:cpu0
31        155 1.3187 1.3763 1.9682 0.0000
5         M:cpu
31        155 0.6679 0.7515 1.0018 0.0000
10        M:messages
37        155 330.0000 957.9150 581.6704 0.0000
8         M:ssh_in
31        155 2.0000 1.8200 0.6000 0.0000
13        M:cfengine_in
31        155 1.0000 0.9100 0.3000 0.0000
9         M:loadavg
31        155 0.0350 0.0350 0.0597 0.0000
10        M:diskfree
34        155 80.5000 73.2550 24.2063 0.0000
12        M:otherprocs
31        155 4.0000 3.6400 1.2000 0.0000
11        M:rootprocs
36        155 113.0000 102.8300 33.9013 0.0000
7         M:users
31        155 5.0000 4.5500 1.5000 0.0000
3         PLG
377       1679735117,45515e325a9f698dee71cac8560404b967e6137a743cd402b784217f28fc6729,/var/cfengine/inputs/services/cfbs/churn_local_users.cf,35918a18f3f028e3a16776f9d73c3e66ccce4a02,114,default,churn_local_users,users,chewbacca,/default/churn_local_users/users/'chewbacca'[3],,[],"[""Created user 'chewbacca'""]",10,SHA=66aec41141537e4570d6a74066d87b0a9129cc05975edb37015fa542e617fbd4

# send QUERY complete successful
