# delta from 1679730079 to 1679730139 at 1679730139
22        CFR: 0 1679730138 1712
3         PRD
108       CFEngine Execution (policy filename: '/var/cfengine/inputs/update.cf'),0.057785,0.333912,0.332631,1679730115
60        Packing reports: delta,0.019077,0.036394,0.036304,1679730080
3         EXS
16        f,212,1679730013
3         MOM
15        M:entropy_avail
38        1532 3780.0000 2646.0000 0.0000 0.0000
12        M:mem_cached
41        1532 2199.9570 1539.9699 1840.6161 0.0000
10        M:mem_free
39        1532 12238.7695 8567.1387 0.0000 0.0000
11        M:mem_total
40        1532 14863.5820 10404.5074 0.0000 0.0000
16        M:io_writtendata
32        1532 1.1182 0.7827 0.9355 0.0000
11        M:io_writes
34        1532 14.0000 9.8000 11.7132 0.0000
6         M:cpu3
32        1532 0.4801 0.3360 0.4017 0.0000
6         M:cpu2
32        1532 0.7924 0.5547 0.6630 0.0000
6         M:cpu1
32        1532 0.3531 0.2472 0.2954 0.0000
6         M:cpu0
32        1532 0.2999 0.2099 0.2509 0.0000
5         M:cpu
32        1532 0.4847 0.3393 0.4056 0.0000
10        M:messages
38        1532 3328.0000 2329.6000 0.0000 0.0000
8         M:ssh_in
32        1532 3.0000 2.1000 2.5100 0.0000
13        M:cfengine_in
32        1532 1.0000 0.7000 0.8367 0.0000
10        M:diskfree
35        1532 73.0000 51.1000 61.0762 0.0000
12        M:otherprocs
32        1532 4.0000 2.8000 3.3466 0.0000
11        M:rootprocs
36        1532 108.0000 75.6000 90.3593 0.0000
7         M:users
32        1532 5.0000 3.5000 4.1833 0.0000
3         MOY
15        M:entropy_avail
39        155 3652.0000 3350.2000 848.4657 0.0000
12        M:mem_cached
39        155 1334.7988 1211.0830 461.7662 0.0000
16        M:io_writtendata
31        155 0.3193 0.3388 0.1251 0.0000
11        M:io_writes
31        155 7.0000 6.7900 1.8724 0.0000
6         M:cpu3
31        155 0.5030 0.6454 0.9539 0.0000
6         M:cpu2
31        155 0.3231 0.4795 0.7447 0.0000
6         M:cpu1
31        155 0.5199 0.5004 0.4890 0.0000
6         M:cpu0
31        155 1.3187 1.3763 1.9682 0.0000
5         M:cpu
31        155 0.6679 0.7515 1.0018 0.0000
10        M:messages
37        155 330.0000 957.9150 581.6704 0.0000
8         M:ssh_in
31        155 2.0000 1.8200 0.6000 0.0000
13        M:cfengine_in
31        155 1.0000 0.9100 0.3000 0.0000
9         M:loadavg
31        155 0.0350 0.0350 0.0597 0.0000
10        M:diskfree
34        155 80.5000 73.2550 24.2063 0.0000
12        M:otherprocs
31        155 4.0000 3.6400 1.2000 0.0000
11        M:rootprocs
36        155 113.0000 102.8300 33.9013 0.0000
7         M:users
31        155 5.0000 4.5500 1.5000 0.0000
# send QUERY complete successful
