# delta from 1679668158 to 1679668219 at 1679668219
22        CFR: 0 1679668218 2123
3         PRD
60        Packing reports: delta,0.035720,0.127594,0.128118,1679668159
83        Sample(/proc/sys/kernel/random/entropy_avail),0.004884,0.002385,0.002440,1679668164
3         EXS
16        f,225,1679668029
3         MOM
15        M:entropy_avail
40        1325 3780.0000 3439.8000 948.7725 0.0000
12        M:mem_cached
40        1325 1984.8086 1807.8164 589.9738 0.0000
10        M:mem_free
40        1325 12442.5547 11319.9021 0.0000 0.0000
11        M:mem_total
40        1325 14863.5820 13525.8596 0.0000 0.0000
16        M:io_writtendata
32        1325 1.3252 1.1387 0.6948 0.0000
11        M:io_writes
34        1325 16.0000 14.5600 4.8000 0.0000
6         M:cpu3
32        1325 0.6134 0.6618 0.1616 0.0000
6         M:cpu2
32        1325 1.8194 1.5898 0.7653 0.0000
6         M:cpu1
32        1325 1.8193 2.4553 2.1202 0.0000
6         M:cpu0
32        1325 1.3864 1.1426 0.7767 0.0000
5         M:cpu
32        1325 1.4097 1.4628 0.1769 0.0000
10        M:messages
40        1325 707.0000 1366.8200 1840.1501 0.0000
8         M:ssh_in
32        1325 2.0000 1.8200 0.6000 0.0000
13        M:cfengine_in
32        1325 1.0000 0.9100 0.3000 0.0000
9         M:loadavg
32        1325 0.0700 0.0721 0.0070 0.0000
10        M:diskfree
35        1325 75.0000 68.2500 22.5000 0.0000
12        M:otherprocs
32        1325 4.0000 3.6400 1.2000 0.0000
11        M:rootprocs
37        1325 113.0000 103.0400 33.2000 0.0000
7         M:users
32        1325 5.0000 4.5500 1.5000 0.0000
3         MOY
15        M:entropy_avail
39        155 3652.0000 3350.2000 848.4657 0.0000
12        M:mem_cached
39        155 1315.7734 1198.4567 433.2226 0.0000
16        M:io_writtendata
31        155 0.7695 0.8305 0.2055 0.0000
11        M:io_writes
33        155 13.0000 12.6700 2.5495 0.0000
6         M:cpu3
31        155 1.0967 1.1038 1.2109 0.0000
6         M:cpu2
31        155 0.5861 0.7020 0.7706 0.0000
6         M:cpu1
31        155 3.5019 2.7815 3.2061 0.0000
6         M:cpu0
31        155 0.9457 1.1279 1.7377 0.0000
5         M:cpu
31        155 1.5341 1.4295 1.5096 0.0000
10        M:messages
39        155 927.0000 1573.2150 1356.1705 0.0000
8         M:ssh_in
31        155 2.0000 1.8200 0.6000 0.0000
13        M:cfengine_in
31        155 1.0000 0.9100 0.3000 0.0000
9         M:loadavg
31        155 0.0200 0.0329 0.0515 0.0000
10        M:diskfree
34        155 80.5000 73.2550 24.2063 0.0000
12        M:otherprocs
31        155 4.0000 3.6400 1.2000 0.0000
11        M:rootprocs
36        155 111.5000 102.8300 29.3820 0.0000
7         M:users
31        155 5.0000 4.5500 1.5000 0.0000
3         PLG
383       1679668206,3eb6d6e0e7283e9db0394128962964abb39fd6451b29b7645280e9d2aec86c08,/var/cfengine/inputs/services/cfbs/churn_local_users.cf,35918a18f3f028e3a16776f9d73c3e66ccce4a02,114,default,churn_local_users,users,jabbathehut,/default/churn_local_users/users/'jabbathehut'[5],,[],"[""Created user 'jabbathehut'""]",10,SHA=66aec41141537e4570d6a74066d87b0a9129cc05975edb37015fa542e617fbd4

# send QUERY complete successful
