# delta from 1679694979 to 1679695039 at 1679695039
22        CFR: 0 1679695038 1753
3         PRD
108       CFEngine Execution (policy filename: '/var/cfengine/inputs/update.cf'),0.034110,0.335568,0.341086,1679695030
60        Packing reports: delta,0.029434,0.086636,0.087099,1679694980
3         EXS
16        f,319,1679694894
3         MOM
15        M:entropy_avail
38        1415 3780.0000 2646.0000 0.0000 0.0000
12        M:mem_cached
41        1415 2086.0352 1460.2246 1745.3022 0.0000
10        M:mem_free
39        1415 12337.3086 8636.1160 0.0000 0.0000
11        M:mem_total
40        1415 14863.5820 10404.5074 0.0000 0.0000
16        M:io_writtendata
32        1415 0.7090 0.4963 0.5932 0.0000
11        M:io_writes
34        1415 12.0000 8.4000 10.0399 0.0000
6         M:cpu3
32        1415 0.9531 0.6672 0.7974 0.0000
6         M:cpu2
32        1415 4.1578 2.9104 3.4787 0.0000
6         M:cpu1
32        1415 2.6744 1.8721 2.2376 0.0000
6         M:cpu0
32        1415 4.3617 3.0532 3.6493 0.0000
5         M:cpu
32        1415 3.0399 2.1279 2.5434 0.0000
10        M:messages
38        1415 4075.0000 2852.5000 0.0000 0.0000
8         M:ssh_in
32        1415 3.0000 2.1000 2.5100 0.0000
13        M:cfengine_in
32        1415 1.0000 0.7000 0.8367 0.0000
9         M:loadavg
32        1415 0.1300 0.0910 0.1088 0.0000
10        M:diskfree
35        1415 74.0000 51.8000 61.9128 0.0000
12        M:otherprocs
32        1415 4.0000 2.8000 3.3466 0.0000
11        M:rootprocs
36        1415 113.0000 79.1000 94.5426 0.0000
7         M:users
32        1415 5.0000 3.5000 4.1833 0.0000
3         MOY
15        M:entropy_avail
39        155 3652.0000 3350.2000 848.4657 0.0000
12        M:mem_cached
39        155 1334.7988 1211.0830 461.7662 0.0000
16        M:io_writtendata
31        155 0.3193 0.3388 0.1251 0.0000
11        M:io_writes
31        155 7.0000 6.7900 1.8724 0.0000
6         M:cpu3
31        155 0.5030 0.6454 0.9539 0.0000
6         M:cpu2
31        155 0.3231 0.4795 0.7447 0.0000
6         M:cpu1
31        155 0.5199 0.5004 0.4890 0.0000
6         M:cpu0
31        155 1.3187 1.3763 1.9682 0.0000
5         M:cpu
31        155 0.6679 0.7515 1.0018 0.0000
10        M:messages
37        155 330.0000 957.9150 581.6704 0.0000
8         M:ssh_in
31        155 2.0000 1.8200 0.6000 0.0000
13        M:cfengine_in
31        155 1.0000 0.9100 0.3000 0.0000
9         M:loadavg
31        155 0.0350 0.0350 0.0597 0.0000
10        M:diskfree
34        155 80.5000 73.2550 24.2063 0.0000
12        M:otherprocs
31        155 4.0000 3.6400 1.2000 0.0000
11        M:rootprocs
36        155 113.0000 102.8300 33.9013 0.0000
7         M:users
31        155 5.0000 4.5500 1.5000 0.0000
# send QUERY complete successful
