# delta from 1679738778 to 1679738839 at 1679738839
22        CFR: 0 1679738838 1836
3         PRD
108       CFEngine Execution (policy filename: '/var/cfengine/inputs/update.cf'),0.048559,0.334339,0.330894,1679738806
60        Packing reports: delta,0.029306,0.085882,0.086250,1679738779
83        Sample(/proc/sys/kernel/random/entropy_avail),0.004800,0.002304,0.002248,1679738788
3         EXS
15        f,38,1679738421
3         MOM
15        M:entropy_avail
38        1561 3780.0000 2646.0000 0.0000 0.0000
12        M:mem_cached
41        1561 2208.3164 1545.8215 1847.6101 0.0000
10        M:mem_free
39        1561 12229.6055 8560.7238 0.0000 0.0000
11        M:mem_total
40        1561 14863.5820 10404.5074 0.0000 0.0000
16        M:io_writtendata
32        1561 0.0371 0.0260 0.0310 0.0000
11        M:io_writes
32        1561 2.0000 1.4000 1.6733 0.0000
6         M:cpu3
32        1561 0.2132 0.1493 0.1784 0.0000
6         M:cpu2
32        1561 0.1665 0.1165 0.1393 0.0000
6         M:cpu1
32        1561 0.1465 0.1026 0.1226 0.0000
6         M:cpu0
32        1561 0.1332 0.0933 0.1115 0.0000
5         M:cpu
32        1561 0.1649 0.1154 0.1379 0.0000
10        M:messages
41        1561 2546.0000 1782.2000 2130.1364 0.0000
8         M:ssh_in
32        1561 2.0000 1.4000 1.6733 0.0000
13        M:cfengine_in
32        1561 1.0000 0.7000 0.8367 0.0000
9         M:loadavg
32        1561 0.0200 0.0140 0.0167 0.0000
10        M:diskfree
35        1561 73.0000 51.1000 61.0762 0.0000
12        M:otherprocs
32        1561 4.0000 2.8000 3.3466 0.0000
11        M:rootprocs
36        1561 109.0000 76.3000 91.1959 0.0000
7         M:users
32        1561 5.0000 3.5000 4.1833 0.0000
3         MOY
15        M:entropy_avail
39        155 3652.0000 3350.2000 848.4657 0.0000
12        M:mem_cached
39        155 1334.7988 1211.0830 461.7662 0.0000
16        M:io_writtendata
31        155 0.3193 0.3388 0.1251 0.0000
11        M:io_writes
31        155 7.0000 6.7900 1.8724 0.0000
6         M:cpu3
31        155 0.5030 0.6454 0.9539 0.0000
6         M:cpu2
31        155 0.3231 0.4795 0.7447 0.0000
6         M:cpu1
31        155 0.5199 0.5004 0.4890 0.0000
6         M:cpu0
31        155 1.3187 1.3763 1.9682 0.0000
5         M:cpu
31        155 0.6679 0.7515 1.0018 0.0000
10        M:messages
37        155 330.0000 957.9150 581.6704 0.0000
8         M:ssh_in
31        155 2.0000 1.8200 0.6000 0.0000
13        M:cfengine_in
31        155 1.0000 0.9100 0.3000 0.0000
9         M:loadavg
31        155 0.0350 0.0350 0.0597 0.0000
10        M:diskfree
34        155 80.5000 73.2550 24.2063 0.0000
12        M:otherprocs
31        155 4.0000 3.6400 1.2000 0.0000
11        M:rootprocs
36        155 113.0000 102.8300 33.9013 0.0000
7         M:users
31        155 5.0000 4.5500 1.5000 0.0000
# send QUERY complete successful
