# delta from 1679665998 to 1679666059 at 1679666059
22        CFR: 0 1679666058 1645
3         PRD
60        Packing reports: delta,0.034140,0.116557,0.120690,1679665999
3         EXS
15        f,85,1679665595
3         MOM
15        M:entropy_avail
38        1318 3780.0000 2646.0000 0.0000 0.0000
12        M:mem_cached
41        1318 1959.7188 1371.8031 1639.6183 0.0000
10        M:mem_free
39        1318 12491.0508 8743.7355 0.0000 0.0000
11        M:mem_total
40        1318 14863.5820 10404.5074 0.0000 0.0000
16        M:io_writtendata
32        1318 0.0479 0.0335 0.0400 0.0000
11        M:io_writes
32        1318 2.0000 1.4000 1.6733 0.0000
6         M:cpu3
32        1318 0.2399 0.1679 0.2007 0.0000
6         M:cpu2
32        1318 0.1932 0.1353 0.1617 0.0000
6         M:cpu1
32        1318 0.1333 0.0933 0.1115 0.0000
6         M:cpu0
32        1318 2.5846 1.8092 2.1624 0.0000
5         M:cpu
32        1318 0.7846 0.5492 0.6565 0.0000
10        M:messages
38        1318 3322.0000 2325.4000 0.0000 0.0000
8         M:ssh_in
32        1318 2.0000 1.4000 1.6733 0.0000
13        M:cfengine_in
32        1318 1.0000 0.7000 0.8367 0.0000
9         M:loadavg
32        1318 0.0200 0.0140 0.0167 0.0000
10        M:diskfree
35        1318 75.0000 52.5000 62.7495 0.0000
12        M:otherprocs
32        1318 4.0000 2.8000 3.3466 0.0000
11        M:rootprocs
36        1318 110.0000 77.0000 92.0326 0.0000
7         M:users
32        1318 5.0000 3.5000 4.1833 0.0000
3         MOY
15        M:entropy_avail
39        155 3652.0000 3350.2000 848.4657 0.0000
12        M:mem_cached
39        155 1312.2617 1194.4728 435.3217 0.0000
16        M:io_writtendata
31        155 0.8862 0.8774 0.2043 0.0000
11        M:io_writes
33        155 13.0000 12.6700 2.5495 0.0000
6         M:cpu3
31        155 0.9696 1.1437 0.9299 0.0000
6         M:cpu2
31        155 0.8699 0.9610 0.8088 0.0000
6         M:cpu1
31        155 0.9664 1.3754 1.6324 0.0000
6         M:cpu0
31        155 1.1938 1.4079 1.7498 0.0000
5         M:cpu
31        155 0.9999 1.2220 0.9130 0.0000
10        M:messages
38        155 597.5000 1441.8950 913.5387 0.0000
8         M:ssh_in
31        155 2.0000 1.8200 0.6000 0.0000
13        M:cfengine_in
31        155 1.0000 0.9100 0.3000 0.0000
9         M:loadavg
31        155 0.0250 0.0374 0.0507 0.0000
10        M:diskfree
34        155 80.5000 73.2550 24.2063 0.0000
12        M:otherprocs
31        155 4.0000 3.6400 1.2000 0.0000
11        M:rootprocs
36        155 111.0000 101.3250 32.3089 0.0000
7         M:users
31        155 5.0000 4.5500 1.5000 0.0000
# send QUERY complete successful
