# delta from 1679748678 to 1679748740 at 1679748740
22        CFR: 0 1679748739 1883
3         PRD
108       CFEngine Execution (policy filename: '/var/cfengine/inputs/update.cf'),0.058014,0.336564,0.347585,1679748702
60        Packing reports: delta,0.011789,0.013899,0.013621,1679748679
83        Sample(/proc/sys/kernel/random/entropy_avail),0.004936,0.002436,0.002059,1679748707
3         EXS
16        f,137,1679748616
3         MOM
15        M:entropy_avail
38        1594 3780.0000 2646.0000 0.0000 0.0000
12        M:mem_cached
41        1594 2267.1562 1587.0094 1896.8390 0.0000
10        M:mem_free
39        1594 12157.3633 8510.1543 0.0000 0.0000
11        M:mem_total
40        1594 14863.5820 10404.5074 0.0000 0.0000
16        M:io_writtendata
32        1594 1.1592 0.8114 0.9698 0.0000
11        M:io_writes
35        1594 16.0000 11.2000 13.3866 0.0000
6         M:cpu3
32        1594 1.2536 0.8775 1.0488 0.0000
6         M:cpu2
32        1594 0.9590 0.6713 0.8023 0.0000
6         M:cpu1
32        1594 3.6452 2.5516 3.0498 0.0000
6         M:cpu0
32        1594 3.9757 2.7830 3.3263 0.0000
5         M:cpu
32        1594 2.4578 1.7205 2.0564 0.0000
10        M:messages
38        1594 4657.0000 3259.9000 0.0000 0.0000
8         M:ssh_in
32        1594 2.0000 1.4000 1.6733 0.0000
14        M:cfengine_out
32        1594 1.0000 0.7000 0.8367 0.0000
13        M:cfengine_in
32        1594 1.0000 0.7000 0.8367 0.0000
9         M:loadavg
32        1594 0.1000 0.0700 0.0837 0.0000
10        M:diskfree
35        1594 72.0000 50.4000 60.2395 0.0000
12        M:otherprocs
32        1594 4.0000 2.8000 3.3466 0.0000
11        M:rootprocs
36        1594 113.0000 79.1000 94.5426 0.0000
7         M:users
32        1594 5.0000 3.5000 4.1833 0.0000
3         MOY
15        M:entropy_avail
39        155 3652.0000 3350.2000 848.4657 0.0000
12        M:mem_cached
39        155 1334.7988 1211.0830 461.7662 0.0000
16        M:io_writtendata
31        155 0.3193 0.3388 0.1251 0.0000
11        M:io_writes
31        155 7.0000 6.7900 1.8724 0.0000
6         M:cpu3
31        155 0.5030 0.6454 0.9539 0.0000
6         M:cpu2
31        155 0.3231 0.4795 0.7447 0.0000
6         M:cpu1
31        155 0.5199 0.5004 0.4890 0.0000
6         M:cpu0
31        155 1.3187 1.3763 1.9682 0.0000
5         M:cpu
31        155 0.6679 0.7515 1.0018 0.0000
10        M:messages
37        155 330.0000 957.9150 581.6704 0.0000
8         M:ssh_in
31        155 2.0000 1.8200 0.6000 0.0000
13        M:cfengine_in
31        155 1.0000 0.9100 0.3000 0.0000
9         M:loadavg
31        155 0.0350 0.0350 0.0597 0.0000
10        M:diskfree
34        155 80.5000 73.2550 24.2063 0.0000
12        M:otherprocs
31        155 4.0000 3.6400 1.2000 0.0000
11        M:rootprocs
36        155 113.0000 102.8300 33.9013 0.0000
7         M:users
31        155 5.0000 4.5500 1.5000 0.0000
# send QUERY complete successful
