# delta from 1679736978 to 1679737040 at 1679737040
22        CFR: 0 1679737039 1834
3         PRD
108       CFEngine Execution (policy filename: '/var/cfengine/inputs/update.cf'),0.034833,0.339718,0.349169,1679737029
60        Packing reports: delta,0.027410,0.075133,0.071865,1679736979
83        Sample(/proc/sys/kernel/random/entropy_avail),0.004760,0.002266,0.002259,1679736984
3         EXS
16        f,143,1679736851
3         MOM
15        M:entropy_avail
38        1555 3780.0000 2646.0000 0.0000 0.0000
12        M:mem_cached
41        1555 2211.6016 1548.1211 1850.3586 0.0000
10        M:mem_free
39        1555 12226.2773 8558.3941 0.0000 0.0000
11        M:mem_total
40        1555 14863.5820 10404.5074 0.0000 0.0000
16        M:io_writtendata
32        1555 0.5586 0.3910 0.4674 0.0000
11        M:io_writes
32        1555 8.0000 5.6000 6.6933 0.0000
6         M:cpu3
32        1555 0.5396 0.3777 0.4515 0.0000
6         M:cpu2
32        1555 5.2975 3.7083 4.4322 0.0000
6         M:cpu1
32        1555 0.8664 0.6065 0.7249 0.0000
6         M:cpu0
32        1555 1.3736 0.9615 1.1492 0.0000
5         M:cpu
32        1555 2.0161 1.4112 1.6868 0.0000
10        M:messages
38        1555 3635.0000 2544.5000 0.0000 0.0000
8         M:ssh_in
32        1555 2.0000 1.4000 1.6733 0.0000
13        M:cfengine_in
32        1555 1.0000 0.7000 0.8367 0.0000
9         M:loadavg
32        1555 0.0200 0.0140 0.0167 0.0000
10        M:diskfree
35        1555 73.0000 51.1000 61.0762 0.0000
12        M:otherprocs
32        1555 4.0000 2.8000 3.3466 0.0000
11        M:rootprocs
36        1555 107.0000 74.9000 89.5226 0.0000
7         M:users
32        1555 5.0000 3.5000 4.1833 0.0000
3         MOY
15        M:entropy_avail
39        155 3652.0000 3350.2000 848.4657 0.0000
12        M:mem_cached
39        155 1334.7988 1211.0830 461.7662 0.0000
16        M:io_writtendata
31        155 0.3193 0.3388 0.1251 0.0000
11        M:io_writes
31        155 7.0000 6.7900 1.8724 0.0000
6         M:cpu3
31        155 0.5030 0.6454 0.9539 0.0000
6         M:cpu2
31        155 0.3231 0.4795 0.7447 0.0000
6         M:cpu1
31        155 0.5199 0.5004 0.4890 0.0000
6         M:cpu0
31        155 1.3187 1.3763 1.9682 0.0000
5         M:cpu
31        155 0.6679 0.7515 1.0018 0.0000
10        M:messages
37        155 330.0000 957.9150 581.6704 0.0000
8         M:ssh_in
31        155 2.0000 1.8200 0.6000 0.0000
13        M:cfengine_in
31        155 1.0000 0.9100 0.3000 0.0000
9         M:loadavg
31        155 0.0350 0.0350 0.0597 0.0000
10        M:diskfree
34        155 80.5000 73.2550 24.2063 0.0000
12        M:otherprocs
31        155 4.0000 3.6400 1.2000 0.0000
11        M:rootprocs
36        155 113.0000 102.8300 33.9013 0.0000
7         M:users
31        155 5.0000 4.5500 1.5000 0.0000
# send QUERY complete successful
