# delta from 1679747058 to 1679747119 at 1679747119
22        CFR: 0 1679747118 2028
3         PRD
60        Packing reports: delta,0.031402,0.098606,0.098866,1679747059
3         EXS
16        f,166,1679747052
3         MOM
15        M:entropy_avail
41        1588 4036.0000 3619.0000 1162.9574 0.0000
12        M:mem_cached
40        1588 2270.5430 2068.1153 674.7590 0.0000
10        M:mem_free
38        1588 8489.8078 8489.8078 0.0000 0.0000
11        M:mem_total
40        1588 10404.5074 10404.5074 0.0000 0.0000
16        M:io_writtendata
32        1588 0.6074 0.5509 0.1884 0.0000
11        M:io_writes
34        1588 12.0000 10.5000 5.0000 0.0000
6         M:cpu3
32        1588 1.0801 0.8289 0.7186 0.0000
6         M:cpu2
32        1588 3.1390 2.2658 2.4397 0.0000
6         M:cpu1
32        1588 4.8711 3.5035 3.8194 0.0000
6         M:cpu0
32        1588 4.3617 3.1134 3.4839 0.0000
5         M:cpu
32        1588 3.3679 2.4310 2.6178 0.0000
10        M:messages
40        1588 1769.0000 1874.6000 352.0000 0.0000
8         M:ssh_in
32        1588 2.0000 1.8200 0.6000 0.0000
13        M:cfengine_in
32        1588 1.0000 0.9100 0.3000 0.0000
9         M:loadavg
32        1588 0.1200 0.0840 0.1004 0.0000
10        M:diskfree
35        1588 72.0000 65.5200 21.6000 0.0000
12        M:otherprocs
32        1588 4.0000 3.6400 1.2000 0.0000
11        M:rootprocs
36        1588 107.0000 98.2100 29.3000 0.0000
7         M:users
32        1588 5.0000 4.5500 1.5000 0.0000
3         MOY
15        M:entropy_avail
39        155 3652.0000 3350.2000 848.4657 0.0000
12        M:mem_cached
39        155 1334.7988 1211.0830 461.7662 0.0000
16        M:io_writtendata
31        155 0.3193 0.3388 0.1251 0.0000
11        M:io_writes
31        155 7.0000 6.7900 1.8724 0.0000
6         M:cpu3
31        155 0.5030 0.6454 0.9539 0.0000
6         M:cpu2
31        155 0.3231 0.4795 0.7447 0.0000
6         M:cpu1
31        155 0.5199 0.5004 0.4890 0.0000
6         M:cpu0
31        155 1.3187 1.3763 1.9682 0.0000
5         M:cpu
31        155 0.6679 0.7515 1.0018 0.0000
10        M:messages
37        155 330.0000 957.9150 581.6704 0.0000
8         M:ssh_in
31        155 2.0000 1.8200 0.6000 0.0000
13        M:cfengine_in
31        155 1.0000 0.9100 0.3000 0.0000
9         M:loadavg
31        155 0.0350 0.0350 0.0597 0.0000
10        M:diskfree
34        155 80.5000 73.2550 24.2063 0.0000
12        M:otherprocs
31        155 4.0000 3.6400 1.2000 0.0000
11        M:rootprocs
36        155 113.0000 102.8300 33.9013 0.0000
7         M:users
31        155 5.0000 4.5500 1.5000 0.0000
3         PLG
377       1679747086,45515e325a9f698dee71cac8560404b967e6137a743cd402b784217f28fc6729,/var/cfengine/inputs/services/cfbs/churn_local_users.cf,35918a18f3f028e3a16776f9d73c3e66ccce4a02,114,default,churn_local_users,users,chewbacca,/default/churn_local_users/users/'chewbacca'[3],,[],"[""Created user 'chewbacca'""]",10,SHA=66aec41141537e4570d6a74066d87b0a9129cc05975edb37015fa542e617fbd4

# send QUERY complete successful
