# delta from 1679737578 to 1679737640 at 1679737640
22        CFR: 0 1679737639 1796
3         PRD
108       CFEngine Execution (policy filename: '/var/cfengine/inputs/update.cf'),0.048697,0.335134,0.330691,1679737601
60        Packing reports: delta,0.027328,0.074680,0.074225,1679737579
83        Sample(/proc/sys/kernel/random/entropy_avail),0.004866,0.002368,0.002318,1679737585
3         EXS
16        f,266,1679737544
3         MOM
15        M:entropy_avail
38        1557 3780.0000 2646.0000 0.0000 0.0000
12        M:mem_cached
41        1557 2222.7148 1555.9004 1859.6567 0.0000
10        M:mem_free
39        1557 12214.2539 8549.9777 0.0000 0.0000
11        M:mem_total
40        1557 14863.5820 10404.5074 0.0000 0.0000
16        M:io_writtendata
32        1557 1.1904 0.8333 0.9960 0.0000
11        M:io_writes
35        1557 16.0000 11.2000 13.3866 0.0000
6         M:cpu3
32        1557 0.9261 0.6483 0.7748 0.0000
6         M:cpu2
32        1557 0.5929 0.4151 0.4961 0.0000
6         M:cpu1
32        1557 0.4865 0.3406 0.4071 0.0000
6         M:cpu0
32        1557 0.2933 0.2053 0.2454 0.0000
5         M:cpu
32        1557 0.5714 0.4000 0.4781 0.0000
10        M:messages
38        1557 3319.0000 2323.3000 0.0000 0.0000
8         M:ssh_in
32        1557 2.0000 1.4000 1.6733 0.0000
13        M:cfengine_in
32        1557 1.0000 0.7000 0.8367 0.0000
10        M:diskfree
35        1557 73.0000 51.1000 61.0762 0.0000
12        M:otherprocs
32        1557 4.0000 2.8000 3.3466 0.0000
11        M:rootprocs
36        1557 110.0000 77.0000 92.0326 0.0000
7         M:users
32        1557 5.0000 3.5000 4.1833 0.0000
3         MOY
15        M:entropy_avail
39        155 3652.0000 3350.2000 848.4657 0.0000
12        M:mem_cached
39        155 1334.7988 1211.0830 461.7662 0.0000
16        M:io_writtendata
31        155 0.3193 0.3388 0.1251 0.0000
11        M:io_writes
31        155 7.0000 6.7900 1.8724 0.0000
6         M:cpu3
31        155 0.5030 0.6454 0.9539 0.0000
6         M:cpu2
31        155 0.3231 0.4795 0.7447 0.0000
6         M:cpu1
31        155 0.5199 0.5004 0.4890 0.0000
6         M:cpu0
31        155 1.3187 1.3763 1.9682 0.0000
5         M:cpu
31        155 0.6679 0.7515 1.0018 0.0000
10        M:messages
37        155 330.0000 957.9150 581.6704 0.0000
8         M:ssh_in
31        155 2.0000 1.8200 0.6000 0.0000
13        M:cfengine_in
31        155 1.0000 0.9100 0.3000 0.0000
9         M:loadavg
31        155 0.0350 0.0350 0.0597 0.0000
10        M:diskfree
34        155 80.5000 73.2550 24.2063 0.0000
12        M:otherprocs
31        155 4.0000 3.6400 1.2000 0.0000
11        M:rootprocs
36        155 113.0000 102.8300 33.9013 0.0000
7         M:users
31        155 5.0000 4.5500 1.5000 0.0000
# send QUERY complete successful
