# delta from 1679703198 to 1679703259 at 1679703259
22        CFR: 0 1679703258 2154
3         PRD
60        Packing reports: delta,0.018674,0.034872,0.035729,1679703199
3         EXS
16        f,506,1679703051
3         MOM
15        M:entropy_avail
41        1442 4036.0000 3619.0000 1162.9574 0.0000
12        M:mem_cached
40        1442 2128.3438 1934.7256 645.3938 0.0000
10        M:mem_free
38        1442 8592.1363 8592.1363 0.0000 0.0000
11        M:mem_total
40        1442 10404.5074 10404.5074 0.0000 0.0000
16        M:io_writtendata
32        1442 1.1250 1.0281 0.3231 0.0000
11        M:io_writes
34        1442 16.0000 14.5600 4.8000 0.0000
6         M:cpu3
32        1442 2.1285 1.6427 1.3953 0.0000
6         M:cpu2
32        1442 4.2455 3.0740 3.2749 0.0000
6         M:cpu1
32        1442 4.0475 3.0977 2.7110 0.0000
6         M:cpu0
32        1442 1.8741 1.4085 1.3156 0.0000
5         M:cpu
32        1442 3.0759 2.3064 2.1719 0.0000
10        M:messages
38        1442 1534.0000 2781.9400 0.0000 0.0000
8         M:ssh_in
32        1442 2.0000 1.8200 0.6000 0.0000
13        M:cfengine_in
32        1442 1.0000 0.9100 0.3000 0.0000
9         M:loadavg
32        1442 0.0900 0.0630 0.0753 0.0000
10        M:diskfree
35        1442 74.0000 67.3400 22.2000 0.0000
12        M:otherprocs
32        1442 4.0000 3.6400 1.2000 0.0000
11        M:rootprocs
37        1442 118.0000 107.3800 35.4000 0.0000
7         M:users
32        1442 5.0000 4.5500 1.5000 0.0000
3         MOY
15        M:entropy_avail
39        155 3652.0000 3350.2000 848.4657 0.0000
12        M:mem_cached
39        155 1334.7988 1211.0830 461.7662 0.0000
16        M:io_writtendata
31        155 0.3193 0.3388 0.1251 0.0000
11        M:io_writes
31        155 7.0000 6.7900 1.8724 0.0000
6         M:cpu3
31        155 0.5030 0.6454 0.9539 0.0000
6         M:cpu2
31        155 0.3231 0.4795 0.7447 0.0000
6         M:cpu1
31        155 0.5199 0.5004 0.4890 0.0000
6         M:cpu0
31        155 1.3187 1.3763 1.9682 0.0000
5         M:cpu
31        155 0.6679 0.7515 1.0018 0.0000
10        M:messages
37        155 330.0000 957.9150 581.6704 0.0000
8         M:ssh_in
31        155 2.0000 1.8200 0.6000 0.0000
13        M:cfengine_in
31        155 1.0000 0.9100 0.3000 0.0000
9         M:loadavg
31        155 0.0350 0.0350 0.0597 0.0000
10        M:diskfree
34        155 80.5000 73.2550 24.2063 0.0000
12        M:otherprocs
31        155 4.0000 3.6400 1.2000 0.0000
11        M:rootprocs
36        155 113.0000 102.8300 33.9013 0.0000
7         M:users
31        155 5.0000 4.5500 1.5000 0.0000
3         PLG
504       1679703231,5699c9f4f17a43cc74e8194c877aa6680c39cfd0f5541c854296905bcd5410d3,/var/cfengine/inputs/services/cfbs/churn_local_groups.cf,35918a18f3f028e3a16776f9d73c3e66ccce4a02,110,default,churn_local_groups,groups,thecolonies,/default/churn_local_groups/groups/'thecolonies'[2],,[],"[""Failed to delete group 'thecolonies': configuration error - unknown item 'HOME_MODE' (notify administrator)"",""Promise 'thecolonies' not kept""]",10,SHA=26c2e74b1058db2a7671d789367cc6034561ceb5f7061f2f3a70eaf01749f9ca

# send QUERY complete successful
