# delta from 1679667498 to 1679667559 at 1679667559
22        CFR: 0 1679667558 2082
3         PRD
60        Packing reports: delta,0.035431,0.125533,0.126403,1679667499
3         EXS
16        f,102,1679667216
3         MOM
15        M:entropy_avail
38        1323 3780.0000 2646.0000 0.0000 0.0000
12        M:mem_cached
41        1323 1964.9648 1375.4754 1644.0075 0.0000
10        M:mem_free
39        1323 12472.2227 8730.5559 0.0000 0.0000
11        M:mem_total
40        1323 14863.5820 10404.5074 0.0000 0.0000
16        M:io_writtendata
32        1323 0.0449 0.0314 0.0376 0.0000
11        M:io_writes
32        1323 2.0000 1.4000 1.6733 0.0000
6         M:cpu3
32        1323 0.2067 0.1447 0.1729 0.0000
6         M:cpu2
32        1323 0.4061 0.2843 0.3398 0.0000
6         M:cpu1
32        1323 0.5730 0.4011 0.4794 0.0000
6         M:cpu0
32        1323 0.3399 0.2379 0.2844 0.0000
5         M:cpu
32        1323 0.3814 0.2670 0.3191 0.0000
10        M:messages
41        1323 2546.0000 1782.2000 2130.1364 0.0000
8         M:ssh_in
32        1323 2.0000 1.4000 1.6733 0.0000
14        M:cfengine_out
32        1323 1.0000 0.7000 0.8367 0.0000
13        M:cfengine_in
32        1323 1.0000 0.7000 0.8367 0.0000
9         M:loadavg
32        1323 0.0600 0.0420 0.0502 0.0000
10        M:diskfree
35        1323 75.0000 52.5000 62.7495 0.0000
12        M:otherprocs
32        1323 4.0000 2.8000 3.3466 0.0000
11        M:rootprocs
36        1323 111.0000 77.7000 92.8693 0.0000
7         M:users
32        1323 5.0000 3.5000 4.1833 0.0000
3         MOY
15        M:entropy_avail
39        155 3652.0000 3350.2000 848.4657 0.0000
12        M:mem_cached
39        155 1315.7734 1198.4567 433.2226 0.0000
16        M:io_writtendata
31        155 0.7695 0.8305 0.2055 0.0000
11        M:io_writes
33        155 13.0000 12.6700 2.5495 0.0000
6         M:cpu3
31        155 1.0967 1.1038 1.2109 0.0000
6         M:cpu2
31        155 0.5861 0.7020 0.7706 0.0000
6         M:cpu1
31        155 3.5019 2.7815 3.2061 0.0000
6         M:cpu0
31        155 0.9457 1.1279 1.7377 0.0000
5         M:cpu
31        155 1.5341 1.4295 1.5096 0.0000
10        M:messages
39        155 927.0000 1573.2150 1356.1705 0.0000
8         M:ssh_in
31        155 2.0000 1.8200 0.6000 0.0000
13        M:cfengine_in
31        155 1.0000 0.9100 0.3000 0.0000
9         M:loadavg
31        155 0.0200 0.0329 0.0515 0.0000
10        M:diskfree
34        155 80.5000 73.2550 24.2063 0.0000
12        M:otherprocs
31        155 4.0000 3.6400 1.2000 0.0000
11        M:rootprocs
36        155 111.5000 102.8300 29.3820 0.0000
7         M:users
31        155 5.0000 4.5500 1.5000 0.0000
3         PLG
383       1679667548,8f889933d10bb688c85e85dce773c282b796ebe7ebe2528f99dba8fe2cc4d5bb,/var/cfengine/inputs/services/cfbs/churn_local_users.cf,35918a18f3f028e3a16776f9d73c3e66ccce4a02,114,default,churn_local_users,users,jarjarbinks,/default/churn_local_users/users/'jarjarbinks'[2],,[],"[""Created user 'jarjarbinks'""]",10,SHA=66aec41141537e4570d6a74066d87b0a9129cc05975edb37015fa542e617fbd4

# send QUERY complete successful
