# delta from 1679691558 to 1679691619 at 1679691619
22        CFR: 0 1679691618 2795
3         PRD
60        Packing reports: delta,0.028744,0.082620,0.083443,1679691559
83        Sample(/proc/sys/kernel/random/entropy_avail),0.005192,0.002696,0.002973,1679691604
3         EXS
15        f,95,1679691517
3         MOM
15        M:entropy_avail
40        1403 3780.0000 3439.8000 948.7725 0.0000
38        1404 3780.0000 2646.0000 0.0000 0.0000
12        M:mem_cached
40        1403 2074.5156 1888.2538 620.8727 0.0000
41        1404 2058.6602 1441.0621 1722.3987 0.0000
10        M:mem_free
40        1403 12322.0234 11218.1100 0.0000 0.0000
39        1404 12389.0547 8672.3383 0.0000 0.0000
11        M:mem_total
40        1403 14863.5820 13525.8596 0.0000 0.0000
40        1404 14863.5820 10404.5074 0.0000 0.0000
16        M:io_writtendata
32        1403 0.9355 0.9137 0.0729 0.0000
32        1404 1.1904 0.8333 0.9960 0.0000
11        M:io_writes
34        1403 12.0000 11.7600 0.8000 0.0000
35        1404 16.0000 11.2000 13.3866 0.0000
6         M:cpu3
32        1403 1.4801 1.5542 0.2469 0.0000
32        1404 0.8731 0.6112 0.7305 0.0000
6         M:cpu2
32        1403 0.4597 0.9882 1.7616 0.0000
32        1404 2.7726 1.9408 2.3197 0.0000
6         M:cpu1
32        1403 1.2726 1.5234 0.8362 0.0000
32        1404 0.7333 0.5133 0.6136 0.0000
6         M:cpu0
32        1403 0.5999 0.6200 0.0670 0.0000
32        1404 0.4535 0.3175 0.3795 0.0000
5         M:cpu
32        1403 0.9547 1.1722 0.7250 0.0000
32        1404 1.2083 0.8458 1.0109 0.0000
10        M:messages
40        1403 244.0000 1077.7900 2325.3292 0.0000
38        1404 4298.0000 3008.6000 0.0000 0.0000
8         M:ssh_in
32        1403 2.0000 1.8200 0.6000 0.0000
32        1404 2.0000 1.4000 1.6733 0.0000
14        M:cfengine_out
32        1403 1.0000 0.7000 0.8367 0.0000
13        M:cfengine_in
32        1403 1.0000 0.9100 0.3000 0.0000
32        1404 1.0000 0.7000 0.8367 0.0000
9         M:loadavg
32        1403 0.1100 0.0959 0.0470 0.0000
32        1404 0.1100 0.0770 0.0920 0.0000
10        M:diskfree
35        1403 74.0000 67.3400 22.2000 0.0000
35        1404 74.0000 51.8000 61.9128 0.0000
12        M:otherprocs
32        1403 4.0000 3.6400 1.2000 0.0000
32        1404 4.0000 2.8000 3.3466 0.0000
11        M:rootprocs
37        1403 116.0000 104.9300 36.9000 0.0000
36        1404 111.0000 77.7000 92.8693 0.0000
7         M:users
32        1403 5.0000 4.5500 1.5000 0.0000
32        1404 5.0000 3.5000 4.1833 0.0000
3         MOY
15        M:entropy_avail
39        155 3652.0000 3350.2000 848.4657 0.0000
12        M:mem_cached
39        155 1334.7988 1211.0830 461.7662 0.0000
16        M:io_writtendata
31        155 0.3193 0.3388 0.1251 0.0000
11        M:io_writes
31        155 7.0000 6.7900 1.8724 0.0000
6         M:cpu3
31        155 0.5030 0.6454 0.9539 0.0000
6         M:cpu2
31        155 0.3231 0.4795 0.7447 0.0000
6         M:cpu1
31        155 0.5199 0.5004 0.4890 0.0000
6         M:cpu0
31        155 1.3187 1.3763 1.9682 0.0000
5         M:cpu
31        155 0.6679 0.7515 1.0018 0.0000
10        M:messages
37        155 330.0000 957.9150 581.6704 0.0000
8         M:ssh_in
31        155 2.0000 1.8200 0.6000 0.0000
13        M:cfengine_in
31        155 1.0000 0.9100 0.3000 0.0000
9         M:loadavg
31        155 0.0350 0.0350 0.0597 0.0000
10        M:diskfree
34        155 80.5000 73.2550 24.2063 0.0000
12        M:otherprocs
31        155 4.0000 3.6400 1.2000 0.0000
11        M:rootprocs
36        155 113.0000 102.8300 33.9013 0.0000
7         M:users
31        155 5.0000 4.5500 1.5000 0.0000
3         PLG
360       1679691597,5820946305f58f0ceb4dd427ba58a6bdff713a12bc3cbc4169caacb3cf1110f1,/var/cfengine/inputs/services/cfbs/churn_local_users.cf,35918a18f3f028e3a16776f9d73c3e66ccce4a02,114,default,churn_local_users,users,rey,/default/churn_local_users/users/'rey'[12],,[],"[""Created user 'rey'""]",10,SHA=66aec41141537e4570d6a74066d87b0a9129cc05975edb37015fa542e617fbd4

# send QUERY complete successful
