# delta from 1679694198 to 1679694259 at 1679694259
22        CFR: 0 1679694258 1714
3         PRD
60        Packing reports: delta,0.024541,0.060224,0.053205,1679694199
83        Sample(/proc/sys/kernel/random/entropy_avail),0.004377,0.001916,0.001721,1679694232
3         EXS
16        f,295,1679694155
3         MOM
15        M:entropy_avail
34        1412 0.0000 17.8500 63.2094 0.0000
12        M:mem_cached
40        1412 1563.1406 1422.1011 470.1316 0.0000
10        M:mem_free
40        1412 13819.1797 12574.5134 0.0000 0.0000
11        M:mem_total
40        1412 15817.1836 14393.6371 0.0000 0.0000
16        M:io_writtendata
32        1412 0.1523 0.1148 0.1061 0.0000
11        M:io_writes
32        1412 8.0000 6.0200 5.5975 0.0000
6         M:cpu3
32        1412 1.1474 0.8088 0.9445 0.0000
6         M:cpu2
32        1412 1.0471 0.7889 0.7302 0.0000
6         M:cpu1
32        1412 1.6999 1.1927 1.4144 0.0000
6         M:cpu0
32        1412 1.1392 0.8143 0.9071 0.0000
5         M:cpu
32        1412 1.2552 0.8989 0.9946 0.0000
8         M:syslog
39        1412 1077.0000 784.3500 818.8623 0.0000
8         M:ssh_in
32        1412 2.0000 1.8200 0.6000 0.0000
13        M:cfengine_in
32        1412 1.0000 0.9100 0.3000 0.0000
9         M:loadavg
32        1412 0.0420 0.0294 0.0351 0.0000
10        M:diskfree
35        1412 69.0000 62.7900 20.7000 0.0000
12        M:otherprocs
32        1412 6.0000 5.4600 1.8000 0.0000
11        M:rootprocs
37        1412 110.0000 100.1000 33.0000 0.0000
7         M:users
32        1412 6.0000 5.4600 1.8000 0.0000
3         MOY
15        M:entropy_avail
34        155 84.5000 59.1500 70.8474 0.0000
12        M:mem_cached
39        155 1058.9355 741.2549 1546.1225 0.0000
16        M:io_writtendata
31        155 0.0479 0.0335 0.0419 0.0000
11        M:io_writes
31        155 3.0000 2.1000 2.6458 0.0000
6         M:cpu3
31        155 0.0133 0.0093 0.0111 0.0000
6         M:cpu2
31        155 0.0866 0.0606 0.0949 0.0000
6         M:cpu1
31        155 0.0999 0.0699 0.1070 0.0000
6         M:cpu0
31        155 0.1432 0.1002 0.1206 0.0000
5         M:cpu
31        155 0.0849 0.0594 0.0710 0.0000
8         M:syslog
37        155 145.0000 101.5000 121.3157 0.0000
8         M:ssh_in
31        155 2.0000 1.4000 1.6733 0.0000
13        M:cfengine_in
31        155 1.0000 0.7000 0.8367 0.0000
9         M:loadavg
31        155 0.0039 0.0027 0.0034 0.0000
10        M:diskfree
34        155 73.5000 51.4500 61.5642 0.0000
12        M:otherprocs
31        155 6.0000 4.2000 5.0200 0.0000
11        M:rootprocs
35        155 109.5000 76.6500 91.6152 0.0000
7         M:users
31        155 6.0000 4.2000 5.0200 0.0000
# send QUERY complete successful
