# delta from 1679717958 to 1679718019 at 1679718019
22        CFR: 0 1679718018 1716
3         PRD
60        Packing reports: delta,0.024076,0.057965,0.070107,1679717959
83        Sample(/proc/sys/kernel/random/entropy_avail),0.004321,0.001867,0.001832,1679717968
3         EXS
16        f,295,1679717841
3         MOM
15        M:entropy_avail
34        1491 6.0000 20.5800 54.1388 0.0000
12        M:mem_cached
40        1491 1721.4688 1566.1904 517.5945 0.0000
10        M:mem_free
40        1491 13639.1289 12413.8476 0.0000 0.0000
11        M:mem_total
40        1491 15817.1836 14393.6371 0.0000 0.0000
16        M:io_writtendata
32        1491 0.1875 0.1378 0.1393 0.0000
11        M:io_writes
33        1491 10.0000 7.4200 7.2534 0.0000
6         M:cpu3
32        1491 0.6339 0.4633 0.4777 0.0000
6         M:cpu2
32        1491 1.4529 1.0227 1.2001 0.0000
6         M:cpu1
32        1491 1.6720 1.1858 1.3564 0.0000
6         M:cpu0
32        1491 1.1927 0.8601 0.9293 0.0000
5         M:cpu
32        1491 1.2431 0.8855 0.9977 0.0000
8         M:syslog
41        1491 1908.0000 1366.0500 1512.8863 0.0000
8         M:ssh_in
32        1491 2.0000 1.8200 0.6000 0.0000
13        M:cfengine_in
32        1491 1.0000 0.9100 0.3000 0.0000
9         M:loadavg
32        1491 0.0068 0.0048 0.0057 0.0000
10        M:diskfree
35        1491 67.0000 60.9700 20.1000 0.0000
12        M:otherprocs
32        1491 6.0000 5.4600 1.8000 0.0000
11        M:rootprocs
36        1491 109.0000 99.1900 32.7000 0.0000
7         M:users
32        1491 6.0000 5.4600 1.8000 0.0000
3         MOY
15        M:entropy_avail
34        155 84.5000 59.1500 70.8474 0.0000
12        M:mem_cached
39        155 1058.9355 741.2549 1546.1225 0.0000
16        M:io_writtendata
31        155 0.0479 0.0335 0.0419 0.0000
11        M:io_writes
31        155 3.0000 2.1000 2.6458 0.0000
6         M:cpu3
31        155 0.0133 0.0093 0.0111 0.0000
6         M:cpu2
31        155 0.0866 0.0606 0.0949 0.0000
6         M:cpu1
31        155 0.0999 0.0699 0.1070 0.0000
6         M:cpu0
31        155 0.1432 0.1002 0.1206 0.0000
5         M:cpu
31        155 0.0849 0.0594 0.0710 0.0000
8         M:syslog
37        155 145.0000 101.5000 121.3157 0.0000
8         M:ssh_in
31        155 2.0000 1.4000 1.6733 0.0000
13        M:cfengine_in
31        155 1.0000 0.7000 0.8367 0.0000
9         M:loadavg
31        155 0.0039 0.0027 0.0034 0.0000
10        M:diskfree
34        155 73.5000 51.4500 61.5642 0.0000
12        M:otherprocs
31        155 6.0000 4.2000 5.0200 0.0000
11        M:rootprocs
35        155 109.5000 76.6500 91.6152 0.0000
7         M:users
31        155 6.0000 4.2000 5.0200 0.0000
# send QUERY complete successful
