# delta from 1679704158 to 1679704219 at 1679704219
22        CFR: 0 1679704218 1630
3         PRD
60        Packing reports: delta,0.032744,0.100640,0.088576,1679704159
3         EXS
16        f,337,1679704079
3         MOM
15        M:entropy_avail
34        1445 7.0000 24.6400 65.3894 0.0000
12        M:mem_cached
40        1445 1619.8008 1473.6668 487.1133 0.0000
10        M:mem_free
40        1445 13741.3633 12508.8119 0.0000 0.0000
11        M:mem_total
40        1445 15817.1836 14393.6371 0.0000 0.0000
16        M:io_writtendata
32        1445 0.1416 0.1075 0.0968 0.0000
11        M:io_writes
32        1445 8.0000 6.0200 5.5975 0.0000
6         M:cpu3
32        1445 1.4402 1.0095 1.2011 0.0000
6         M:cpu2
32        1445 2.1539 1.5679 1.6395 0.0000
6         M:cpu1
32        1445 0.7131 0.5048 0.5811 0.0000
6         M:cpu0
32        1445 0.7532 0.5552 0.5556 0.0000
5         M:cpu
32        1445 1.2666 0.9097 0.9967 0.0000
8         M:syslog
39        1445 1077.0000 784.3500 818.8623 0.0000
8         M:ssh_in
32        1445 2.0000 1.8200 0.6000 0.0000
13        M:cfengine_in
32        1445 1.0000 0.9100 0.3000 0.0000
9         M:loadavg
32        1445 0.0503 0.0352 0.0421 0.0000
10        M:diskfree
35        1445 68.0000 61.8800 20.4000 0.0000
12        M:otherprocs
32        1445 6.0000 5.4600 1.8000 0.0000
11        M:rootprocs
36        1445 110.0000 99.8900 33.7000 0.0000
7         M:users
32        1445 6.0000 5.4600 1.8000 0.0000
3         MOY
15        M:entropy_avail
34        155 84.5000 59.1500 70.8474 0.0000
12        M:mem_cached
39        155 1058.9355 741.2549 1546.1225 0.0000
16        M:io_writtendata
31        155 0.0479 0.0335 0.0419 0.0000
11        M:io_writes
31        155 3.0000 2.1000 2.6458 0.0000
6         M:cpu3
31        155 0.0133 0.0093 0.0111 0.0000
6         M:cpu2
31        155 0.0866 0.0606 0.0949 0.0000
6         M:cpu1
31        155 0.0999 0.0699 0.1070 0.0000
6         M:cpu0
31        155 0.1432 0.1002 0.1206 0.0000
5         M:cpu
31        155 0.0849 0.0594 0.0710 0.0000
8         M:syslog
37        155 145.0000 101.5000 121.3157 0.0000
8         M:ssh_in
31        155 2.0000 1.4000 1.6733 0.0000
13        M:cfengine_in
31        155 1.0000 0.7000 0.8367 0.0000
9         M:loadavg
31        155 0.0039 0.0027 0.0034 0.0000
10        M:diskfree
34        155 73.5000 51.4500 61.5642 0.0000
12        M:otherprocs
31        155 6.0000 4.2000 5.0200 0.0000
11        M:rootprocs
35        155 109.5000 76.6500 91.6152 0.0000
7         M:users
31        155 6.0000 4.2000 5.0200 0.0000
# send QUERY complete successful
