# delta from 1679722158 to 1679722219 at 1679722219
22        CFR: 0 1679722218 1713
3         PRD
60        Packing reports: delta,0.026512,0.070291,0.067662,1679722159
83        Sample(/proc/sys/kernel/random/entropy_avail),0.004654,0.002166,0.002150,1679722174
3         EXS
16        f,295,1679722036
3         MOM
15        M:entropy_avail
34        1505 8.0000 22.4000 54.3765 0.0000
12        M:mem_cached
40        1505 1745.1992 1587.7876 524.7055 0.0000
10        M:mem_free
40        1505 13611.9922 12384.9482 0.0000 0.0000
11        M:mem_total
40        1505 15817.1836 14393.6371 0.0000 0.0000
16        M:io_writtendata
32        1505 0.1641 0.1218 0.1188 0.0000
11        M:io_writes
32        1505 8.0000 6.0200 5.5975 0.0000
6         M:cpu3
32        1505 2.2209 1.5896 1.7622 0.0000
6         M:cpu2
32        1505 0.7730 0.5439 0.6390 0.0000
6         M:cpu1
32        1505 0.7998 0.5655 0.6537 0.0000
6         M:cpu0
32        1505 1.0928 0.7874 0.8533 0.0000
5         M:cpu
32        1505 1.2198 0.8703 0.9754 0.0000
8         M:syslog
39        1505 1079.0000 785.7500 820.5301 0.0000
8         M:ssh_in
32        1505 2.0000 1.8200 0.6000 0.0000
13        M:cfengine_in
32        1505 1.0000 0.9100 0.3000 0.0000
9         M:loadavg
32        1505 0.0049 0.0034 0.0041 0.0000
10        M:diskfree
35        1505 66.0000 60.0600 19.8000 0.0000
12        M:otherprocs
32        1505 6.0000 5.4600 1.8000 0.0000
11        M:rootprocs
36        1505 109.0000 98.9800 33.4000 0.0000
7         M:users
32        1505 6.0000 5.4600 1.8000 0.0000
3         MOY
15        M:entropy_avail
34        155 84.5000 59.1500 70.8474 0.0000
12        M:mem_cached
39        155 1058.9355 741.2549 1546.1225 0.0000
16        M:io_writtendata
31        155 0.0479 0.0335 0.0419 0.0000
11        M:io_writes
31        155 3.0000 2.1000 2.6458 0.0000
6         M:cpu3
31        155 0.0133 0.0093 0.0111 0.0000
6         M:cpu2
31        155 0.0866 0.0606 0.0949 0.0000
6         M:cpu1
31        155 0.0999 0.0699 0.1070 0.0000
6         M:cpu0
31        155 0.1432 0.1002 0.1206 0.0000
5         M:cpu
31        155 0.0849 0.0594 0.0710 0.0000
8         M:syslog
37        155 145.0000 101.5000 121.3157 0.0000
8         M:ssh_in
31        155 2.0000 1.4000 1.6733 0.0000
13        M:cfengine_in
31        155 1.0000 0.7000 0.8367 0.0000
9         M:loadavg
31        155 0.0039 0.0027 0.0034 0.0000
10        M:diskfree
34        155 73.5000 51.4500 61.5642 0.0000
12        M:otherprocs
31        155 6.0000 4.2000 5.0200 0.0000
11        M:rootprocs
35        155 109.5000 76.6500 91.6152 0.0000
7         M:users
31        155 6.0000 4.2000 5.0200 0.0000
# send QUERY complete successful
