# delta from 1679662878 to 1679662939 at 1679662939
22        CFR: 0 1679662938 1629
3         PRD
60        Packing reports: delta,0.106186,0.233410,0.346165,1679662879
3         EXS
16        f,299,1679662672
3         MOM
15        M:entropy_avail
35        1308 92.0000 64.4000 76.9727 0.0000
12        M:mem_cached
38        1308 849.2461 594.4723 710.5303 0.0000
10        M:mem_free
40        1308 14582.1406 10207.4984 0.0000 0.0000
11        M:mem_total
40        1308 15817.1836 11072.0285 0.0000 0.0000
16        M:io_writtendata
32        1308 0.0928 0.0649 0.0776 0.0000
11        M:io_writes
32        1308 4.0000 2.8000 3.3466 0.0000
6         M:cpu3
32        1308 0.0999 0.0699 0.0836 0.0000
6         M:cpu2
32        1308 0.3002 0.2101 0.2511 0.0000
6         M:cpu1
32        1308 0.1999 0.1399 0.1673 0.0000
6         M:cpu0
32        1308 0.0666 0.0466 0.0557 0.0000
5         M:cpu
32        1308 0.1666 0.1166 0.1394 0.0000
8         M:syslog
38        1308 435.0000 304.5000 363.9471 0.0000
8         M:ssh_in
32        1308 3.0000 2.1000 2.5100 0.0000
13        M:cfengine_in
32        1308 1.0000 0.7000 0.8367 0.0000
9         M:loadavg
32        1308 0.0098 0.0068 0.0082 0.0000
10        M:diskfree
35        1308 75.0000 52.5000 62.7495 0.0000
12        M:otherprocs
32        1308 6.0000 4.2000 5.0200 0.0000
11        M:rootprocs
36        1308 110.0000 77.0000 92.0326 0.0000
7         M:users
32        1308 6.0000 4.2000 5.0200 0.0000
3         MOY
15        M:entropy_avail
37        155 259.0000 181.3000 263.8877 0.0000
12        M:mem_cached
37        155 742.6699 519.8689 626.1966 0.0000
16        M:io_writtendata
31        155 0.0454 0.0318 0.0393 0.0000
11        M:io_writes
31        155 2.0000 1.4000 1.6733 0.0000
6         M:cpu3
31        155 0.0799 0.0559 0.0870 0.0000
6         M:cpu2
31        155 0.2633 0.1843 0.2367 0.0000
6         M:cpu1
31        155 0.0166 0.0116 0.0142 0.0000
6         M:cpu0
31        155 0.0866 0.0606 0.0949 0.0000
5         M:cpu
31        155 0.1124 0.0787 0.0965 0.0000
8         M:syslog
37        155 145.0000 101.5000 121.3157 0.0000
8         M:ssh_in
31        155 2.0000 1.4000 1.6733 0.0000
13        M:cfengine_in
31        155 1.0000 0.7000 0.8367 0.0000
9         M:loadavg
31        155 0.0015 0.0010 0.0017 0.0000
10        M:diskfree
34        155 76.0000 53.2000 63.5917 0.0000
12        M:otherprocs
31        155 6.0000 4.2000 5.0200 0.0000
11        M:rootprocs
35        155 110.0000 77.0000 92.0326 0.0000
7         M:users
31        155 6.0000 4.2000 5.0200 0.0000
# send QUERY complete successful
