# delta from 1679730258 to 1679730319 at 1679730319
22        CFR: 0 1679730318 1754
3         PRD
60        Packing reports: delta,0.032229,0.103870,0.093506,1679730259
83        Sample(/proc/sys/kernel/random/entropy_avail),0.004310,0.001857,0.001930,1679730288
3         EXS
16        f,295,1679730128
3         MOM
15        M:entropy_avail
34        1532 8.0000 23.8700 59.5683 0.0000
12        M:mem_cached
40        1532 1791.4570 1630.2193 537.4590 0.0000
10        M:mem_free
38        1532 9504.4551 9504.4551 0.0000 0.0000
11        M:mem_total
40        1532 11072.0285 11072.0285 0.0000 0.0000
16        M:io_writtendata
32        1532 0.0605 0.0654 0.0160 0.0000
11        M:io_writes
32        1532 2.0000 2.6600 2.2000 0.0000
6         M:cpu3
32        1532 0.1066 0.1908 0.2806 0.0000
6         M:cpu2
32        1532 0.2131 0.4964 0.9444 0.0000
6         M:cpu1
32        1532 0.0266 0.4835 1.6288 0.0000
6         M:cpu0
32        1532 0.0999 0.1497 0.1659 0.0000
5         M:cpu
32        1532 0.1149 0.3320 0.8174 0.0000
8         M:syslog
36        1532 0.0000 207.0600 733.2287 0.0000
8         M:ssh_in
32        1532 2.0000 1.8200 0.6000 0.0000
14        M:cfengine_out
32        1532 0.0000 0.2100 0.7436 0.0000
13        M:cfengine_in
32        1532 1.0000 0.9100 0.3000 0.0000
9         M:loadavg
32        1532 0.0098 0.0218 0.0401 0.0000
10        M:diskfree
35        1532 66.0000 60.0600 19.8000 0.0000
12        M:otherprocs
32        1532 6.0000 5.4600 1.8000 0.0000
11        M:rootprocs
36        1532 109.0000 99.4000 32.0000 0.0000
7         M:users
32        1532 6.0000 5.4600 1.8000 0.0000
3         MOY
15        M:entropy_avail
34        155 84.5000 59.1500 70.8474 0.0000
12        M:mem_cached
39        155 1058.9355 741.2549 1546.1225 0.0000
16        M:io_writtendata
31        155 0.0479 0.0335 0.0419 0.0000
11        M:io_writes
31        155 3.0000 2.1000 2.6458 0.0000
6         M:cpu3
31        155 0.0133 0.0093 0.0111 0.0000
6         M:cpu2
31        155 0.0866 0.0606 0.0949 0.0000
6         M:cpu1
31        155 0.0999 0.0699 0.1070 0.0000
6         M:cpu0
31        155 0.1432 0.1002 0.1206 0.0000
5         M:cpu
31        155 0.0849 0.0594 0.0710 0.0000
8         M:syslog
37        155 145.0000 101.5000 121.3157 0.0000
8         M:ssh_in
31        155 2.0000 1.4000 1.6733 0.0000
13        M:cfengine_in
31        155 1.0000 0.7000 0.8367 0.0000
9         M:loadavg
31        155 0.0039 0.0027 0.0034 0.0000
10        M:diskfree
34        155 73.5000 51.4500 61.5642 0.0000
12        M:otherprocs
31        155 6.0000 4.2000 5.0200 0.0000
11        M:rootprocs
35        155 109.5000 76.6500 91.6152 0.0000
7         M:users
31        155 6.0000 4.2000 5.0200 0.0000
# send QUERY complete successful
