# delta from 1679732058 to 1679732119 at 1679732119
22        CFR: 0 1679732118 1716
3         PRD
60        Packing reports: delta,0.036267,0.140704,0.167221,1679732059
83        Sample(/proc/sys/kernel/random/entropy_avail),0.004709,0.002217,0.001924,1679732091
3         EXS
16        f,295,1679731960
3         MOM
15        M:entropy_avail
34        1538 3.0000 23.3100 73.1472 0.0000
12        M:mem_cached
40        1538 1801.6641 1639.1370 541.7570 0.0000
10        M:mem_free
38        1538 9483.7504 9483.7504 0.0000 0.0000
11        M:mem_total
40        1538 11072.0285 11072.0285 0.0000 0.0000
16        M:io_writtendata
32        1538 0.1436 0.1091 0.0979 0.0000
11        M:io_writes
33        1538 10.0000 7.4200 7.2534 0.0000
6         M:cpu3
32        1538 0.5131 0.3661 0.4100 0.0000
6         M:cpu2
32        1538 0.7336 0.5919 0.4306 0.0000
6         M:cpu1
32        1538 2.4862 1.7669 2.0068 0.0000
6         M:cpu0
32        1538 1.3392 0.9472 1.0934 0.0000
5         M:cpu
32        1538 1.2730 0.9204 0.9852 0.0000
8         M:syslog
38        1538 845.0000 622.1600 625.0621 0.0000
8         M:ssh_in
35        1538 27.0000 21.8400 15.7559 0.0000
13        M:cfengine_in
32        1538 1.0000 0.9100 0.3000 0.0000
9         M:loadavg
32        1538 0.0068 0.0060 0.0027 0.0000
10        M:diskfree
35        1538 66.0000 60.0600 19.8000 0.0000
12        M:otherprocs
33        1538 10.0000 8.4700 5.3383 0.0000
11        M:rootprocs
37        1538 121.0000 110.3200 35.6000 0.0000
7         M:users
32        1538 7.0000 6.3700 2.1000 0.0000
3         MOY
15        M:entropy_avail
34        155 84.5000 59.1500 70.8474 0.0000
12        M:mem_cached
39        155 1058.9355 741.2549 1546.1225 0.0000
16        M:io_writtendata
31        155 0.0479 0.0335 0.0419 0.0000
11        M:io_writes
31        155 3.0000 2.1000 2.6458 0.0000
6         M:cpu3
31        155 0.0133 0.0093 0.0111 0.0000
6         M:cpu2
31        155 0.0866 0.0606 0.0949 0.0000
6         M:cpu1
31        155 0.0999 0.0699 0.1070 0.0000
6         M:cpu0
31        155 0.1432 0.1002 0.1206 0.0000
5         M:cpu
31        155 0.0849 0.0594 0.0710 0.0000
8         M:syslog
37        155 145.0000 101.5000 121.3157 0.0000
8         M:ssh_in
31        155 2.0000 1.4000 1.6733 0.0000
13        M:cfengine_in
31        155 1.0000 0.7000 0.8367 0.0000
9         M:loadavg
31        155 0.0039 0.0027 0.0034 0.0000
10        M:diskfree
34        155 73.5000 51.4500 61.5642 0.0000
12        M:otherprocs
31        155 6.0000 4.2000 5.0200 0.0000
11        M:rootprocs
35        155 109.5000 76.6500 91.6152 0.0000
7         M:users
31        155 6.0000 4.2000 5.0200 0.0000
# send QUERY complete successful
