# delta from 1679674998 to 1679675059 at 1679675059
22        CFR: 0 1679675058 1676
3         PRD
60        Packing reports: delta,0.030201,0.091207,0.083050,1679674999
3         EXS
16        f,295,1679674958
3         MOM
15        M:entropy_avail
34        1348 5.0000 23.4500 67.4005 0.0000
12        M:mem_cached
40        1348 1453.1445 1322.0178 437.0891 0.0000
10        M:mem_free
40        1348 13934.1875 12683.2975 0.0000 0.0000
11        M:mem_total
40        1348 15817.1836 14393.6371 0.0000 0.0000
16        M:io_writtendata
32        1348 0.1455 0.1140 0.0919 0.0000
11        M:io_writes
32        1348 6.0000 4.6200 3.9563 0.0000
6         M:cpu3
32        1348 0.5006 0.3784 0.3463 0.0000
6         M:cpu2
32        1348 2.3938 1.7022 1.9297 0.0000
6         M:cpu1
32        1348 0.5135 0.3623 0.4219 0.0000
6         M:cpu0
32        1348 2.0761 1.4980 1.6153 0.0000
5         M:cpu
32        1348 1.3688 0.9840 1.0746 0.0000
8         M:syslog
39        1348 1077.0000 784.3500 818.8623 0.0000
8         M:ssh_in
32        1348 2.0000 1.8200 0.6000 0.0000
14        M:cfengine_out
32        1348 1.0000 0.7000 0.8367 0.0000
13        M:cfengine_in
32        1348 1.0000 0.9100 0.3000 0.0000
9         M:loadavg
32        1348 0.0771 0.0549 0.0620 0.0000
10        M:diskfree
35        1348 70.0000 63.7000 21.0000 0.0000
12        M:otherprocs
32        1348 6.0000 5.4600 1.8000 0.0000
11        M:rootprocs
36        1348 110.0000 99.8900 33.7000 0.0000
7         M:users
32        1348 6.0000 5.4600 1.8000 0.0000
3         MOY
15        M:entropy_avail
34        155 82.5000 57.7500 69.0865 0.0000
12        M:mem_cached
39        155 1049.0156 734.3109 1532.5382 0.0000
16        M:io_writtendata
31        155 0.0479 0.0335 0.0419 0.0000
11        M:io_writes
31        155 3.0000 2.1000 2.6458 0.0000
6         M:cpu3
31        155 0.0233 0.0163 0.0212 0.0000
6         M:cpu2
31        155 0.1966 0.1376 0.1673 0.0000
6         M:cpu1
31        155 0.0166 0.0116 0.0142 0.0000
6         M:cpu0
31        155 0.1798 0.1259 0.1514 0.0000
5         M:cpu
31        155 0.1049 0.0734 0.0891 0.0000
8         M:syslog
37        155 145.0000 101.5000 121.3157 0.0000
8         M:ssh_in
31        155 2.0000 1.4000 1.6733 0.0000
13        M:cfengine_in
31        155 1.0000 0.7000 0.8367 0.0000
9         M:loadavg
31        155 0.0042 0.0029 0.0036 0.0000
10        M:diskfree
34        155 73.5000 51.4500 61.5642 0.0000
12        M:otherprocs
31        155 6.0000 4.2000 5.0200 0.0000
11        M:rootprocs
35        155 109.5000 76.6500 91.6152 0.0000
7         M:users
31        155 6.0000 4.2000 5.0200 0.0000
# send QUERY complete successful
