# delta from 1679737638 to 1679737699 at 1679737699
22        CFR: 0 1679737698 1759
3         PRD
60        Packing reports: delta,0.023757,0.056441,0.058457,1679737639
83        Sample(/proc/sys/kernel/random/entropy_avail),0.004781,0.002285,0.001705,1679737649
3         EXS
16        f,294,1679737630
3         MOM
15        M:entropy_avail
35        1557 93.0000 65.1000 77.8094 0.0000
12        M:mem_cached
41        1557 1834.2695 1283.9887 1534.6600 0.0000
10        M:mem_free
39        1557 13514.7852 9460.3496 0.0000 0.0000
11        M:mem_total
40        1557 15817.1836 11072.0285 0.0000 0.0000
16        M:io_writtendata
32        1557 0.1494 0.1046 0.1250 0.0000
11        M:io_writes
32        1557 8.0000 5.6000 6.6933 0.0000
6         M:cpu3
32        1557 0.5130 0.3591 0.4292 0.0000
6         M:cpu2
32        1557 1.3405 0.9384 1.1216 0.0000
6         M:cpu1
32        1557 0.7998 0.5599 0.6692 0.0000
6         M:cpu0
32        1557 2.2119 1.5483 1.8506 0.0000
5         M:cpu
32        1557 1.2147 0.8503 1.0163 0.0000
8         M:syslog
38        1557 988.0000 691.6000 826.6201 0.0000
8         M:ssh_in
32        1557 2.0000 1.4000 1.6733 0.0000
14        M:cfengine_out
32        1557 1.0000 0.7000 0.8367 0.0000
13        M:cfengine_in
32        1557 1.0000 0.7000 0.8367 0.0000
9         M:loadavg
32        1557 0.1187 0.0831 0.0993 0.0000
10        M:diskfree
35        1557 65.0000 45.5000 54.3829 0.0000
12        M:otherprocs
32        1557 6.0000 4.2000 5.0200 0.0000
11        M:rootprocs
36        1557 110.0000 77.0000 92.0326 0.0000
7         M:users
32        1557 6.0000 4.2000 5.0200 0.0000
3         MOY
15        M:entropy_avail
34        155 84.5000 59.1500 70.8474 0.0000
12        M:mem_cached
39        155 1058.9355 741.2549 1546.1225 0.0000
16        M:io_writtendata
31        155 0.0479 0.0335 0.0419 0.0000
11        M:io_writes
31        155 3.0000 2.1000 2.6458 0.0000
6         M:cpu3
31        155 0.0133 0.0093 0.0111 0.0000
6         M:cpu2
31        155 0.0866 0.0606 0.0949 0.0000
6         M:cpu1
31        155 0.0999 0.0699 0.1070 0.0000
6         M:cpu0
31        155 0.1432 0.1002 0.1206 0.0000
5         M:cpu
31        155 0.0849 0.0594 0.0710 0.0000
8         M:syslog
37        155 145.0000 101.5000 121.3157 0.0000
8         M:ssh_in
31        155 2.0000 1.4000 1.6733 0.0000
13        M:cfengine_in
31        155 1.0000 0.7000 0.8367 0.0000
9         M:loadavg
31        155 0.0039 0.0027 0.0034 0.0000
10        M:diskfree
34        155 73.5000 51.4500 61.5642 0.0000
12        M:otherprocs
31        155 6.0000 4.2000 5.0200 0.0000
11        M:rootprocs
35        155 109.5000 76.6500 91.6152 0.0000
7         M:users
31        155 6.0000 4.2000 5.0200 0.0000
# send QUERY complete successful
