# delta from 1679666418 to 1679666479 at 1679666479
22        CFR: 0 1679666478 1671
3         PRD
60        Packing reports: delta,0.036784,0.168283,0.196223,1679666419
83        Sample(/proc/sys/kernel/random/entropy_avail),0.005105,0.002606,0.001987,1679666430
3         EXS
16        f,308,1679666275
3         MOM
15        M:entropy_avail
35        1320 86.0000 60.2000 71.9528 0.0000
12        M:mem_cached
38        1320 866.8242 606.7770 725.2372 0.0000
10        M:mem_free
40        1320 14553.5352 10187.4746 0.0000 0.0000
11        M:mem_total
40        1320 15817.1836 11072.0285 0.0000 0.0000
16        M:io_writtendata
32        1320 0.0674 0.0472 0.0564 0.0000
11        M:io_writes
32        1320 2.0000 1.4000 1.6733 0.0000
6         M:cpu3
32        1320 0.4272 0.2990 0.3574 0.0000
6         M:cpu2
32        1320 0.0266 0.0186 0.0223 0.0000
6         M:cpu1
32        1320 0.0732 0.0513 0.0613 0.0000
5         M:cpu
32        1320 0.1282 0.0897 0.1073 0.0000
8         M:syslog
38        1320 145.0000 101.5000 121.3157 0.0000
8         M:ssh_in
32        1320 2.0000 1.4000 1.6733 0.0000
13        M:cfengine_in
32        1320 1.0000 0.7000 0.8367 0.0000
9         M:loadavg
32        1320 0.0151 0.0106 0.0127 0.0000
10        M:diskfree
35        1320 75.0000 52.5000 62.7495 0.0000
12        M:otherprocs
32        1320 6.0000 4.2000 5.0200 0.0000
11        M:rootprocs
36        1320 109.0000 76.3000 91.1959 0.0000
7         M:users
32        1320 6.0000 4.2000 5.0200 0.0000
3         MOY
15        M:entropy_avail
34        155 86.5000 60.5500 72.6426 0.0000
12        M:mem_cached
37        155 751.0039 525.7027 634.0092 0.0000
16        M:io_writtendata
31        155 0.0562 0.0393 0.0508 0.0000
11        M:io_writes
31        155 2.0000 1.4000 1.6733 0.0000
6         M:cpu3
31        155 0.1333 0.0933 0.1500 0.0000
6         M:cpu2
31        155 0.0899 0.0629 0.0953 0.0000
6         M:cpu1
31        155 0.1869 0.1308 0.2097 0.0000
6         M:cpu0
31        155 0.0899 0.0629 0.0953 0.0000
5         M:cpu
31        155 0.1232 0.0863 0.1076 0.0000
8         M:syslog
37        155 145.0000 101.5000 121.3157 0.0000
8         M:ssh_in
31        155 2.0000 1.4000 1.6733 0.0000
13        M:cfengine_in
31        155 1.0000 0.7000 0.8367 0.0000
9         M:loadavg
31        155 0.0054 0.0038 0.0049 0.0000
10        M:diskfree
34        155 76.0000 53.2000 63.5917 0.0000
12        M:otherprocs
31        155 6.0000 4.2000 5.0200 0.0000
11        M:rootprocs
35        155 109.0000 76.3000 91.1998 0.0000
7         M:users
31        155 6.0000 4.2000 5.0200 0.0000
# send QUERY complete successful
