# delta from 1679666358 to 1679666419 at 1679666419
22        CFR: 0 1679666418 1674
3         PRD
60        Packing reports: delta,0.035357,0.156309,0.174907,1679666359
3         EXS
16        f,308,1679666275
3         MOM
15        M:entropy_avail
34        1319 5.0000 20.9300 58.4843 0.0000
12        M:mem_cached
38        1319 866.8047 788.4887 261.0531 0.0000
10        M:mem_free
40        1319 14554.4062 13249.2741 0.0000 0.0000
11        M:mem_total
40        1319 15817.1836 14393.6371 0.0000 0.0000
16        M:io_writtendata
32        1319 0.1230 0.1017 0.0685 0.0000
11        M:io_writes
32        1319 6.0000 5.0400 3.2447 0.0000
6         M:cpu3
32        1319 2.6793 1.9007 2.1722 0.0000
6         M:cpu2
32        1319 0.7549 0.5789 0.5032 0.0000
6         M:cpu1
32        1319 1.1405 0.8236 0.8857 0.0000
6         M:cpu0
32        1319 0.7485 0.5295 0.6107 0.0000
5         M:cpu
32        1319 1.3283 0.9567 1.0379 0.0000
8         M:syslog
41        1319 1554.0000 1179.1500 1064.2427 0.0000
8         M:ssh_in
32        1319 2.0000 1.8200 0.6000 0.0000
14        M:cfengine_out
32        1319 1.0000 0.7000 0.8367 0.0000
13        M:cfengine_in
32        1319 1.0000 0.9100 0.3000 0.0000
9         M:loadavg
32        1319 0.2148 0.1511 0.1778 0.0000
10        M:diskfree
35        1319 75.0000 68.2500 22.5000 0.0000
12        M:otherprocs
32        1319 6.0000 5.4600 1.8000 0.0000
11        M:rootprocs
36        1319 110.0000 99.6800 34.4000 0.0000
7         M:users
32        1319 6.0000 5.4600 1.8000 0.0000
3         MOY
15        M:entropy_avail
34        155 86.5000 60.5500 72.6426 0.0000
12        M:mem_cached
37        155 751.0039 525.7027 634.0092 0.0000
16        M:io_writtendata
31        155 0.0562 0.0393 0.0508 0.0000
11        M:io_writes
31        155 2.0000 1.4000 1.6733 0.0000
6         M:cpu3
31        155 0.1333 0.0933 0.1500 0.0000
6         M:cpu2
31        155 0.0899 0.0629 0.0953 0.0000
6         M:cpu1
31        155 0.1869 0.1308 0.2097 0.0000
6         M:cpu0
31        155 0.0899 0.0629 0.0953 0.0000
5         M:cpu
31        155 0.1232 0.0863 0.1076 0.0000
8         M:syslog
37        155 145.0000 101.5000 121.3157 0.0000
8         M:ssh_in
31        155 2.0000 1.4000 1.6733 0.0000
13        M:cfengine_in
31        155 1.0000 0.7000 0.8367 0.0000
9         M:loadavg
31        155 0.0054 0.0038 0.0049 0.0000
10        M:diskfree
34        155 76.0000 53.2000 63.5917 0.0000
12        M:otherprocs
31        155 6.0000 4.2000 5.0200 0.0000
11        M:rootprocs
35        155 109.0000 76.3000 91.1998 0.0000
7         M:users
31        155 6.0000 4.2000 5.0200 0.0000
# send QUERY complete successful
