# delta from 1679685258 to 1679685319 at 1679685319
22        CFR: 0 1679685318 1677
3         PRD
60        Packing reports: delta,0.035085,0.131653,0.155158,1679685259
3         EXS
16        f,308,1679685177
3         MOM
15        M:entropy_avail
34        1382 3.0000 19.3200 59.0220 0.0000
12        M:mem_cached
40        1382 1510.2070 1373.9357 454.2379 0.0000
10        M:mem_free
40        1382 13870.1484 12624.5593 0.0000 0.0000
11        M:mem_total
40        1382 15817.1836 14393.6371 0.0000 0.0000
16        M:io_writtendata
32        1382 0.1582 0.1175 0.1144 0.0000
11        M:io_writes
32        1382 8.0000 6.0200 5.5975 0.0000
6         M:cpu3
32        1382 3.1757 2.2244 2.6531 0.0000
6         M:cpu2
32        1382 1.0552 0.7834 0.7643 0.0000
6         M:cpu1
32        1382 0.3197 0.2518 0.1990 0.0000
6         M:cpu0
32        1382 0.5663 0.4006 0.4622 0.0000
5         M:cpu
32        1382 1.2803 0.9154 1.0184 0.0000
8         M:syslog
40        1382 1321.0000 955.1500 1022.4683 0.0000
8         M:ssh_in
32        1382 2.0000 1.8200 0.6000 0.0000
14        M:cfengine_out
32        1382 1.0000 0.7000 0.8367 0.0000
13        M:cfengine_in
32        1382 1.0000 0.9100 0.3000 0.0000
9         M:loadavg
32        1382 0.0391 0.0273 0.0327 0.0000
10        M:diskfree
35        1382 69.0000 62.7900 20.7000 0.0000
12        M:otherprocs
32        1382 6.0000 5.4600 1.8000 0.0000
11        M:rootprocs
36        1382 110.0000 99.6800 34.4000 0.0000
7         M:users
32        1382 6.0000 5.4600 1.8000 0.0000
3         MOY
15        M:entropy_avail
34        155 84.5000 59.1500 70.8474 0.0000
12        M:mem_cached
39        155 1058.9355 741.2549 1546.1225 0.0000
16        M:io_writtendata
31        155 0.0479 0.0335 0.0419 0.0000
11        M:io_writes
31        155 3.0000 2.1000 2.6458 0.0000
6         M:cpu3
31        155 0.0133 0.0093 0.0111 0.0000
6         M:cpu2
31        155 0.0866 0.0606 0.0949 0.0000
6         M:cpu1
31        155 0.0999 0.0699 0.1070 0.0000
6         M:cpu0
31        155 0.1432 0.1002 0.1206 0.0000
5         M:cpu
31        155 0.0849 0.0594 0.0710 0.0000
8         M:syslog
37        155 145.0000 101.5000 121.3157 0.0000
8         M:ssh_in
31        155 2.0000 1.4000 1.6733 0.0000
13        M:cfengine_in
31        155 1.0000 0.7000 0.8367 0.0000
9         M:loadavg
31        155 0.0039 0.0027 0.0034 0.0000
10        M:diskfree
34        155 73.5000 51.4500 61.5642 0.0000
12        M:otherprocs
31        155 6.0000 4.2000 5.0200 0.0000
11        M:rootprocs
35        155 109.5000 76.6500 91.6152 0.0000
7         M:users
31        155 6.0000 4.2000 5.0200 0.0000
# send QUERY complete successful
