# delta from 1679750422 to 1679750484 at 1679750484
22        CFR: 0 1679750483 1630
3         PRD
60        Packing reports: delta,0.030176,0.124024,0.135148,1679750423
3         EXS
16        f,299,1679750272
3         MOM
15        M:entropy_avail
32        1600 6.0000 4.2000 5.0200 0.0000
12        M:mem_cached
41        1600 1905.4805 1333.8363 1594.2393 0.0000
10        M:mem_free
39        1600 13449.0430 9414.3301 0.0000 0.0000
11        M:mem_total
40        1600 15817.1836 11072.0285 0.0000 0.0000
16        M:io_writtendata
32        1600 0.1562 0.1094 0.1307 0.0000
11        M:io_writes
33        1600 10.0000 7.0000 8.3666 0.0000
6         M:cpu3
32        1600 0.5062 0.3543 0.4235 0.0000
6         M:cpu2
32        1600 0.6803 0.4762 0.5692 0.0000
6         M:cpu1
32        1600 1.8115 1.2681 1.5156 0.0000
6         M:cpu0
32        1600 0.3397 0.2378 0.2842 0.0000
5         M:cpu
32        1600 0.8362 0.5853 0.6996 0.0000
8         M:syslog
40        1600 1229.0000 860.3000 1028.2552 0.0000
8         M:ssh_in
32        1600 2.0000 1.4000 1.6733 0.0000
13        M:cfengine_in
32        1600 1.0000 0.7000 0.8367 0.0000
9         M:loadavg
32        1600 0.0107 0.0075 0.0090 0.0000
10        M:diskfree
35        1600 64.0000 44.8000 53.5462 0.0000
12        M:otherprocs
32        1600 6.0000 4.2000 5.0200 0.0000
11        M:rootprocs
36        1600 109.0000 76.3000 91.1959 0.0000
7         M:users
32        1600 6.0000 4.2000 5.0200 0.0000
3         MOY
15        M:entropy_avail
34        155 84.5000 59.1500 70.8474 0.0000
12        M:mem_cached
39        155 1058.9355 741.2549 1546.1225 0.0000
16        M:io_writtendata
31        155 0.0479 0.0335 0.0419 0.0000
11        M:io_writes
31        155 3.0000 2.1000 2.6458 0.0000
6         M:cpu3
31        155 0.0133 0.0093 0.0111 0.0000
6         M:cpu2
31        155 0.0866 0.0606 0.0949 0.0000
6         M:cpu1
31        155 0.0999 0.0699 0.1070 0.0000
6         M:cpu0
31        155 0.1432 0.1002 0.1206 0.0000
5         M:cpu
31        155 0.0849 0.0594 0.0710 0.0000
8         M:syslog
37        155 145.0000 101.5000 121.3157 0.0000
8         M:ssh_in
31        155 2.0000 1.4000 1.6733 0.0000
13        M:cfengine_in
31        155 1.0000 0.7000 0.8367 0.0000
9         M:loadavg
31        155 0.0039 0.0027 0.0034 0.0000
10        M:diskfree
34        155 73.5000 51.4500 61.5642 0.0000
12        M:otherprocs
31        155 6.0000 4.2000 5.0200 0.0000
11        M:rootprocs
35        155 109.5000 76.6500 91.6152 0.0000
7         M:users
31        155 6.0000 4.2000 5.0200 0.0000
# send QUERY complete successful
