# delta from 1679730138 to 1679730199 at 1679730199
22        CFR: 0 1679730198 1676
3         PRD
60        Packing reports: delta,0.033233,0.110444,0.125081,1679730139
3         EXS
16        f,295,1679730128
3         MOM
15        M:entropy_avail
35        1532 87.0000 60.9000 72.7894 0.0000
12        M:mem_cached
41        1532 1791.4258 1253.9980 1498.8143 0.0000
10        M:mem_free
39        1532 13577.7930 9504.4551 0.0000 0.0000
11        M:mem_total
40        1532 15817.1836 11072.0285 0.0000 0.0000
16        M:io_writtendata
32        1532 0.1094 0.0766 0.0915 0.0000
11        M:io_writes
32        1532 6.0000 4.2000 5.0200 0.0000
6         M:cpu3
32        1532 0.5531 0.3872 0.4628 0.0000
6         M:cpu2
32        1532 1.6536 1.1575 1.3835 0.0000
6         M:cpu1
32        1532 2.2138 1.5496 1.8522 0.0000
6         M:cpu0
32        1532 0.3797 0.2658 0.3177 0.0000
5         M:cpu
32        1532 1.1981 0.8387 1.0024 0.0000
8         M:syslog
38        1532 986.0000 690.2000 824.9468 0.0000
8         M:ssh_in
32        1532 2.0000 1.4000 1.6733 0.0000
14        M:cfengine_out
32        1532 1.0000 0.7000 0.8367 0.0000
13        M:cfengine_in
32        1532 1.0000 0.7000 0.8367 0.0000
9         M:loadavg
32        1532 0.0713 0.0499 0.0596 0.0000
10        M:diskfree
35        1532 66.0000 46.2000 55.2196 0.0000
12        M:otherprocs
32        1532 6.0000 4.2000 5.0200 0.0000
11        M:rootprocs
36        1532 110.0000 77.0000 92.0326 0.0000
7         M:users
32        1532 6.0000 4.2000 5.0200 0.0000
3         MOY
15        M:entropy_avail
34        155 84.5000 59.1500 70.8474 0.0000
12        M:mem_cached
39        155 1058.9355 741.2549 1546.1225 0.0000
16        M:io_writtendata
31        155 0.0479 0.0335 0.0419 0.0000
11        M:io_writes
31        155 3.0000 2.1000 2.6458 0.0000
6         M:cpu3
31        155 0.0133 0.0093 0.0111 0.0000
6         M:cpu2
31        155 0.0866 0.0606 0.0949 0.0000
6         M:cpu1
31        155 0.0999 0.0699 0.1070 0.0000
6         M:cpu0
31        155 0.1432 0.1002 0.1206 0.0000
5         M:cpu
31        155 0.0849 0.0594 0.0710 0.0000
8         M:syslog
37        155 145.0000 101.5000 121.3157 0.0000
8         M:ssh_in
31        155 2.0000 1.4000 1.6733 0.0000
13        M:cfengine_in
31        155 1.0000 0.7000 0.8367 0.0000
9         M:loadavg
31        155 0.0039 0.0027 0.0034 0.0000
10        M:diskfree
34        155 73.5000 51.4500 61.5642 0.0000
12        M:otherprocs
31        155 6.0000 4.2000 5.0200 0.0000
11        M:rootprocs
35        155 109.5000 76.6500 91.6152 0.0000
7         M:users
31        155 6.0000 4.2000 5.0200 0.0000
# send QUERY complete successful
