# delta from 1679688798 to 1679688859 at 1679688859
22        CFR: 0 1679688858 1760
3         PRD
60        Packing reports: delta,0.037357,0.130471,0.132714,1679688799
83        Sample(/proc/sys/kernel/random/entropy_avail),0.004805,0.002309,0.002676,1679688823
3         EXS
16        f,337,1679688781
3         MOM
15        M:entropy_avail
34        1394 3.0000 20.3700 62.7390 0.0000
12        M:mem_cached
40        1394 1530.4570 1392.3476 460.3648 0.0000
10        M:mem_free
40        1394 13852.0234 12605.3651 0.0000 0.0000
11        M:mem_total
40        1394 15817.1836 14393.6371 0.0000 0.0000
16        M:io_writtendata
32        1394 0.1602 0.1189 0.1161 0.0000
11        M:io_writes
32        1394 8.0000 6.0200 5.5975 0.0000
6         M:cpu3
32        1394 1.4753 1.0327 1.2343 0.0000
6         M:cpu2
32        1394 0.6335 0.4967 0.3990 0.0000
6         M:cpu1
32        1394 2.0422 1.4547 1.6393 0.0000
6         M:cpu0
32        1394 1.0672 0.7484 0.8890 0.0000
5         M:cpu
32        1394 1.3060 0.9341 1.0380 0.0000
8         M:syslog
40        1394 1320.0000 954.4500 1021.6334 0.0000
8         M:ssh_in
32        1394 2.0000 1.8200 0.6000 0.0000
14        M:cfengine_out
32        1394 1.0000 0.7000 0.8367 0.0000
13        M:cfengine_in
32        1394 1.0000 0.9100 0.3000 0.0000
9         M:loadavg
32        1394 0.0771 0.0540 0.0645 0.0000
10        M:diskfree
35        1394 69.0000 62.7900 20.7000 0.0000
12        M:otherprocs
32        1394 6.0000 5.4600 1.8000 0.0000
11        M:rootprocs
36        1394 110.0000 99.8900 33.7000 0.0000
7         M:users
32        1394 6.0000 5.4600 1.8000 0.0000
3         MOY
15        M:entropy_avail
34        155 84.5000 59.1500 70.8474 0.0000
12        M:mem_cached
39        155 1058.9355 741.2549 1546.1225 0.0000
16        M:io_writtendata
31        155 0.0479 0.0335 0.0419 0.0000
11        M:io_writes
31        155 3.0000 2.1000 2.6458 0.0000
6         M:cpu3
31        155 0.0133 0.0093 0.0111 0.0000
6         M:cpu2
31        155 0.0866 0.0606 0.0949 0.0000
6         M:cpu1
31        155 0.0999 0.0699 0.1070 0.0000
6         M:cpu0
31        155 0.1432 0.1002 0.1206 0.0000
5         M:cpu
31        155 0.0849 0.0594 0.0710 0.0000
8         M:syslog
37        155 145.0000 101.5000 121.3157 0.0000
8         M:ssh_in
31        155 2.0000 1.4000 1.6733 0.0000
13        M:cfengine_in
31        155 1.0000 0.7000 0.8367 0.0000
9         M:loadavg
31        155 0.0039 0.0027 0.0034 0.0000
10        M:diskfree
34        155 73.5000 51.4500 61.5642 0.0000
12        M:otherprocs
31        155 6.0000 4.2000 5.0200 0.0000
11        M:rootprocs
35        155 109.5000 76.6500 91.6152 0.0000
7         M:users
31        155 6.0000 4.2000 5.0200 0.0000
# send QUERY complete successful
