# delta from 1679739378 to 1679739439 at 1679739439
22        CFR: 0 1679739438 1628
3         PRD
60        Packing reports: delta,0.027533,0.075806,0.087723,1679739379
3         EXS
16        f,296,1679739166
3         MOM
15        M:entropy_avail
32        1563 1.0000 0.7000 0.8367 0.0000
12        M:mem_cached
41        1563 1842.9336 1290.0535 1541.9089 0.0000
10        M:mem_free
39        1563 13508.7500 9456.1250 0.0000 0.0000
11        M:mem_total
40        1563 15817.1836 11072.0285 0.0000 0.0000
16        M:io_writtendata
32        1563 0.1436 0.1005 0.1201 0.0000
11        M:io_writes
32        1563 8.0000 5.6000 6.6933 0.0000
6         M:cpu3
32        1563 0.4728 0.3310 0.3956 0.0000
6         M:cpu2
32        1563 2.3406 1.6384 1.9583 0.0000
6         M:cpu1
32        1563 1.1129 0.7790 0.9311 0.0000
6         M:cpu0
32        1563 0.8923 0.6246 0.7466 0.0000
5         M:cpu
32        1563 1.2043 0.8430 1.0076 0.0000
8         M:syslog
39        1563 1083.0000 758.1000 906.1028 0.0000
8         M:ssh_in
32        1563 2.0000 1.4000 1.6733 0.0000
13        M:cfengine_in
32        1563 1.0000 0.7000 0.8367 0.0000
9         M:loadavg
32        1563 0.0151 0.0106 0.0127 0.0000
10        M:diskfree
35        1563 65.0000 45.5000 54.3829 0.0000
12        M:otherprocs
32        1563 6.0000 4.2000 5.0200 0.0000
11        M:rootprocs
36        1563 109.0000 76.3000 91.1959 0.0000
7         M:users
32        1563 6.0000 4.2000 5.0200 0.0000
3         MOY
15        M:entropy_avail
34        155 84.5000 59.1500 70.8474 0.0000
12        M:mem_cached
39        155 1058.9355 741.2549 1546.1225 0.0000
16        M:io_writtendata
31        155 0.0479 0.0335 0.0419 0.0000
11        M:io_writes
31        155 3.0000 2.1000 2.6458 0.0000
6         M:cpu3
31        155 0.0133 0.0093 0.0111 0.0000
6         M:cpu2
31        155 0.0866 0.0606 0.0949 0.0000
6         M:cpu1
31        155 0.0999 0.0699 0.1070 0.0000
6         M:cpu0
31        155 0.1432 0.1002 0.1206 0.0000
5         M:cpu
31        155 0.0849 0.0594 0.0710 0.0000
8         M:syslog
37        155 145.0000 101.5000 121.3157 0.0000
8         M:ssh_in
31        155 2.0000 1.4000 1.6733 0.0000
13        M:cfengine_in
31        155 1.0000 0.7000 0.8367 0.0000
9         M:loadavg
31        155 0.0039 0.0027 0.0034 0.0000
10        M:diskfree
34        155 73.5000 51.4500 61.5642 0.0000
12        M:otherprocs
31        155 6.0000 4.2000 5.0200 0.0000
11        M:rootprocs
35        155 109.5000 76.6500 91.6152 0.0000
7         M:users
31        155 6.0000 4.2000 5.0200 0.0000
# send QUERY complete successful
