# delta from 1679752103 to 1679752164 at 1679752164
22        CFR: 0 1679752163 1676
3         PRD
60        Packing reports: delta,0.032710,0.106997,0.110927,1679752104
3         EXS
16        f,295,1679752044
3         MOM
15        M:entropy_avail
35        1605 94.0000 67.0600 75.1824 0.0000
12        M:mem_cached
40        1605 1915.5586 1742.8097 575.8297 0.0000
10        M:mem_free
38        1605 9407.7348 9407.7348 0.0000 0.0000
11        M:mem_total
40        1605 11072.0285 11072.0285 0.0000 0.0000
16        M:io_writtendata
32        1605 0.1416 0.1106 0.0900 0.0000
11        M:io_writes
32        1605 8.0000 6.0200 5.5975 0.0000
6         M:cpu3
32        1605 0.6600 0.4676 0.5367 0.0000
6         M:cpu2
32        1605 0.6268 0.5101 0.3607 0.0000
6         M:cpu1
32        1605 1.7585 1.2323 1.4673 0.0000
6         M:cpu0
32        1605 2.0183 1.4128 1.6886 0.0000
5         M:cpu
32        1605 1.2645 0.9051 1.0033 0.0000
8         M:syslog
39        1605 1089.0000 792.9600 828.3226 0.0000
8         M:ssh_in
32        1605 2.0000 1.8200 0.6000 0.0000
14        M:cfengine_out
32        1605 1.0000 0.7000 0.8367 0.0000
13        M:cfengine_in
32        1605 1.0000 0.9100 0.3000 0.0000
9         M:loadavg
32        1605 0.1528 0.1074 0.1267 0.0000
10        M:diskfree
35        1605 64.0000 58.2400 19.2000 0.0000
12        M:otherprocs
32        1605 6.0000 5.4600 1.8000 0.0000
11        M:rootprocs
37        1605 111.0000 100.5900 34.7000 0.0000
7         M:users
32        1605 6.0000 5.4600 1.8000 0.0000
3         MOY
15        M:entropy_avail
34        155 84.5000 59.1500 70.8474 0.0000
12        M:mem_cached
39        155 1058.9355 741.2549 1546.1225 0.0000
16        M:io_writtendata
31        155 0.0479 0.0335 0.0419 0.0000
11        M:io_writes
31        155 3.0000 2.1000 2.6458 0.0000
6         M:cpu3
31        155 0.0133 0.0093 0.0111 0.0000
6         M:cpu2
31        155 0.0866 0.0606 0.0949 0.0000
6         M:cpu1
31        155 0.0999 0.0699 0.1070 0.0000
6         M:cpu0
31        155 0.1432 0.1002 0.1206 0.0000
5         M:cpu
31        155 0.0849 0.0594 0.0710 0.0000
8         M:syslog
37        155 145.0000 101.5000 121.3157 0.0000
8         M:ssh_in
31        155 2.0000 1.4000 1.6733 0.0000
13        M:cfengine_in
31        155 1.0000 0.7000 0.8367 0.0000
9         M:loadavg
31        155 0.0039 0.0027 0.0034 0.0000
10        M:diskfree
34        155 73.5000 51.4500 61.5642 0.0000
12        M:otherprocs
31        155 6.0000 4.2000 5.0200 0.0000
11        M:rootprocs
35        155 109.5000 76.6500 91.6152 0.0000
7         M:users
31        155 6.0000 4.2000 5.0200 0.0000
# send QUERY complete successful
