# delta from 1679662099 to 1679662159 at 1679662159
22        CFR: 0 1679662158 1625
3         PRD
60        Packing reports: delta,0.069038,0.261495,0.254076,1679662100
3         EXS
16        f,333,1679662080
3         MOM
15        M:entropy_avail
34        1305 5.0000 20.3000 56.2557 0.0000
12        M:mem_cached
38        1305 845.7461 769.6265 253.7320 0.0000
10        M:mem_free
40        1305 14602.0781 13288.3045 0.0000 0.0000
11        M:mem_total
40        1305 15817.1836 14393.6371 0.0000 0.0000
16        M:io_writtendata
32        1305 0.0771 0.0755 0.0054 0.0000
11        M:io_writes
32        1305 2.0000 1.8200 0.6000 0.0000
6         M:cpu3
32        1305 0.6075 0.4910 0.3551 0.0000
6         M:cpu2
32        1305 0.0200 0.0168 0.0108 0.0000
6         M:cpu1
32        1305 0.0067 0.1251 0.4223 0.0000
6         M:cpu0
32        1305 0.0200 0.0154 0.0132 0.0000
5         M:cpu
32        1305 0.1599 0.1595 0.0013 0.0000
8         M:syslog
35        1305 0.0000 30.4500 107.8278 0.0000
8         M:ssh_in
32        1305 2.0000 1.8200 0.6000 0.0000
13        M:cfengine_in
32        1305 1.0000 0.9100 0.3000 0.0000
9         M:loadavg
32        1305 0.0298 0.0396 0.0328 0.0000
10        M:diskfree
35        1305 75.0000 68.2500 22.5000 0.0000
12        M:otherprocs
32        1305 6.0000 5.4600 1.8000 0.0000
11        M:rootprocs
36        1305 109.0000 99.1900 32.7000 0.0000
7         M:users
32        1305 6.0000 5.4600 1.8000 0.0000
3         MOY
15        M:entropy_avail
37        155 259.0000 181.3000 263.8877 0.0000
12        M:mem_cached
37        155 742.6699 519.8689 626.1966 0.0000
16        M:io_writtendata
31        155 0.0454 0.0318 0.0393 0.0000
11        M:io_writes
31        155 2.0000 1.4000 1.6733 0.0000
6         M:cpu3
31        155 0.0799 0.0559 0.0870 0.0000
6         M:cpu2
31        155 0.2633 0.1843 0.2367 0.0000
6         M:cpu1
31        155 0.0166 0.0116 0.0142 0.0000
6         M:cpu0
31        155 0.0866 0.0606 0.0949 0.0000
5         M:cpu
31        155 0.1124 0.0787 0.0965 0.0000
8         M:syslog
37        155 145.0000 101.5000 121.3157 0.0000
8         M:ssh_in
31        155 2.0000 1.4000 1.6733 0.0000
13        M:cfengine_in
31        155 1.0000 0.7000 0.8367 0.0000
9         M:loadavg
31        155 0.0015 0.0010 0.0017 0.0000
10        M:diskfree
34        155 76.0000 53.2000 63.5917 0.0000
12        M:otherprocs
31        155 6.0000 4.2000 5.0200 0.0000
11        M:rootprocs
35        155 110.0000 77.0000 92.0326 0.0000
7         M:users
31        155 6.0000 4.2000 5.0200 0.0000
# send QUERY complete successful
