# delta from 1679661978 to 1679662039 at 1679662039
22        CFR: 0 1679662038 1629
3         PRD
60        Packing reports: delta,0.092015,0.248856,0.214693,1679661979
3         EXS
16        f,282,1679661725
3         MOM
15        M:entropy_avail
35        1305 80.0000 56.0000 66.9328 0.0000
12        M:mem_cached
38        1305 845.7344 592.0141 707.5921 0.0000
10        M:mem_free
40        1305 14604.0469 10222.8328 0.0000 0.0000
11        M:mem_total
40        1305 15817.1836 11072.0285 0.0000 0.0000
16        M:io_writtendata
32        1305 0.1025 0.0718 0.0858 0.0000
11        M:io_writes
32        1305 2.0000 1.4000 1.6733 0.0000
6         M:cpu3
32        1305 0.3134 0.2194 0.2622 0.0000
6         M:cpu2
32        1305 0.0133 0.0093 0.0111 0.0000
6         M:cpu1
32        1305 0.5738 0.4016 0.4800 0.0000
6         M:cpu0
32        1305 0.0067 0.0047 0.0056 0.0000
5         M:cpu
32        1305 0.2265 0.1586 0.1895 0.0000
8         M:syslog
38        1305 145.0000 101.5000 121.3157 0.0000
8         M:ssh_in
32        1305 2.0000 1.4000 1.6733 0.0000
13        M:cfengine_in
32        1305 1.0000 0.7000 0.8367 0.0000
9         M:loadavg
32        1305 0.0894 0.0625 0.0748 0.0000
10        M:diskfree
35        1305 75.0000 52.5000 62.7495 0.0000
12        M:otherprocs
32        1305 6.0000 4.2000 5.0200 0.0000
11        M:rootprocs
36        1305 109.0000 76.3000 91.1959 0.0000
7         M:users
32        1305 6.0000 4.2000 5.0200 0.0000
3         MOY
15        M:entropy_avail
37        155 259.0000 181.3000 263.8877 0.0000
12        M:mem_cached
37        155 742.6699 519.8689 626.1966 0.0000
16        M:io_writtendata
31        155 0.0454 0.0318 0.0393 0.0000
11        M:io_writes
31        155 2.0000 1.4000 1.6733 0.0000
6         M:cpu3
31        155 0.0799 0.0559 0.0870 0.0000
6         M:cpu2
31        155 0.2633 0.1843 0.2367 0.0000
6         M:cpu1
31        155 0.0166 0.0116 0.0142 0.0000
6         M:cpu0
31        155 0.0866 0.0606 0.0949 0.0000
5         M:cpu
31        155 0.1124 0.0787 0.0965 0.0000
8         M:syslog
37        155 145.0000 101.5000 121.3157 0.0000
8         M:ssh_in
31        155 2.0000 1.4000 1.6733 0.0000
13        M:cfengine_in
31        155 1.0000 0.7000 0.8367 0.0000
9         M:loadavg
31        155 0.0015 0.0010 0.0017 0.0000
10        M:diskfree
34        155 76.0000 53.2000 63.5917 0.0000
12        M:otherprocs
31        155 6.0000 4.2000 5.0200 0.0000
11        M:rootprocs
35        155 110.0000 77.0000 92.0326 0.0000
7         M:users
31        155 6.0000 4.2000 5.0200 0.0000
# send QUERY complete successful
