# delta from 1679666958 to 1679667019 at 1679667019
22        CFR: 0 1679667018 1672
3         PRD
60        Packing reports: delta,0.055125,0.213261,0.214726,1679666959
3         EXS
16        f,297,1679666868
3         MOM
15        M:entropy_avail
34        1321 3.0000 20.1600 61.9955 0.0000
12        M:mem_cached
38        1321 869.7383 791.1608 261.9250 0.0000
10        M:mem_free
40        1321 10187.2723 10187.2723 0.0000 0.0000
11        M:mem_total
40        1321 11072.0285 11072.0285 0.0000 0.0000
16        M:io_writtendata
32        1321 0.1045 0.0865 0.0581 0.0000
11        M:io_writes
32        1321 4.0000 3.2200 2.3605 0.0000
6         M:cpu3
32        1321 2.6527 1.9086 2.0780 0.0000
6         M:cpu2
32        1321 1.4471 1.0410 1.1343 0.0000
6         M:cpu1
32        1321 0.5675 0.4196 0.4152 0.0000
6         M:cpu0
32        1321 0.9491 0.6658 0.7902 0.0000
5         M:cpu
32        1321 1.4032 1.0085 1.1024 0.0000
8         M:syslog
39        1321 1082.0000 787.8500 823.0318 0.0000
8         M:ssh_in
32        1321 2.0000 1.8200 0.6000 0.0000
14        M:cfengine_out
32        1321 1.0000 0.7000 0.8367 0.0000
13        M:cfengine_in
32        1321 1.0000 0.9100 0.3000 0.0000
9         M:loadavg
32        1321 0.0615 0.0459 0.0439 0.0000
10        M:diskfree
35        1321 75.0000 68.2500 22.5000 0.0000
12        M:otherprocs
32        1321 6.0000 5.4600 1.8000 0.0000
11        M:rootprocs
36        1321 110.0000 99.6800 34.4000 0.0000
7         M:users
32        1321 6.0000 5.4600 1.8000 0.0000
3         MOY
15        M:entropy_avail
34        155 86.5000 60.5500 72.6426 0.0000
12        M:mem_cached
37        155 751.0039 525.7027 634.0092 0.0000
16        M:io_writtendata
31        155 0.0562 0.0393 0.0508 0.0000
11        M:io_writes
31        155 2.0000 1.4000 1.6733 0.0000
6         M:cpu3
31        155 0.1333 0.0933 0.1500 0.0000
6         M:cpu2
31        155 0.0899 0.0629 0.0953 0.0000
6         M:cpu1
31        155 0.1869 0.1308 0.2097 0.0000
6         M:cpu0
31        155 0.0899 0.0629 0.0953 0.0000
5         M:cpu
31        155 0.1232 0.0863 0.1076 0.0000
8         M:syslog
37        155 145.0000 101.5000 121.3157 0.0000
8         M:ssh_in
31        155 2.0000 1.4000 1.6733 0.0000
13        M:cfengine_in
31        155 1.0000 0.7000 0.8367 0.0000
9         M:loadavg
31        155 0.0054 0.0038 0.0049 0.0000
10        M:diskfree
34        155 76.0000 53.2000 63.5917 0.0000
12        M:otherprocs
31        155 6.0000 4.2000 5.0200 0.0000
11        M:rootprocs
35        155 109.0000 76.3000 91.1998 0.0000
7         M:users
31        155 6.0000 4.2000 5.0200 0.0000
# send QUERY complete successful
