# delta from 1679705178 to 1679705240 at 1679705240
22        CFR: 0 1679705239 1716
3         PRD
60        Packing reports: delta,0.030811,0.094933,0.091768,1679705179
83        Sample(/proc/sys/kernel/random/entropy_avail),0.004409,0.001944,0.001981,1679705200
3         EXS
16        f,296,1679704965
3         MOM
15        M:entropy_avail
36        1449 104.0000 72.8000 87.0126 0.0000
12        M:mem_cached
41        1449 1624.7812 1137.3469 1359.3895 0.0000
10        M:mem_free
39        1449 13738.0938 9616.6656 0.0000 0.0000
11        M:mem_total
40        1449 15817.1836 11072.0285 0.0000 0.0000
16        M:io_writtendata
32        1449 0.0459 0.0321 0.0384 0.0000
11        M:io_writes
32        1449 4.0000 2.8000 3.3466 0.0000
6         M:cpu3
32        1449 0.2331 0.1632 0.1951 0.0000
6         M:cpu2
32        1449 0.1665 0.1166 0.1393 0.0000
6         M:cpu1
32        1449 0.1132 0.0792 0.0947 0.0000
6         M:cpu0
32        1449 0.0200 0.0140 0.0167 0.0000
5         M:cpu
32        1449 0.1332 0.0932 0.1114 0.0000
8         M:syslog
38        1449 145.0000 101.5000 121.3157 0.0000
8         M:ssh_in
34        1449 13.0000 9.1000 10.8766 0.0000
13        M:cfengine_in
32        1449 1.0000 0.7000 0.8367 0.0000
9         M:loadavg
32        1449 0.0005 0.0003 0.0004 0.0000
10        M:diskfree
35        1449 68.0000 47.6000 56.8929 0.0000
12        M:otherprocs
32        1449 6.0000 4.2000 5.0200 0.0000
11        M:rootprocs
36        1449 110.0000 77.0000 92.0326 0.0000
7         M:users
32        1449 6.0000 4.2000 5.0200 0.0000
3         MOY
15        M:entropy_avail
34        155 84.5000 59.1500 70.8474 0.0000
12        M:mem_cached
39        155 1058.9355 741.2549 1546.1225 0.0000
16        M:io_writtendata
31        155 0.0479 0.0335 0.0419 0.0000
11        M:io_writes
31        155 3.0000 2.1000 2.6458 0.0000
6         M:cpu3
31        155 0.0133 0.0093 0.0111 0.0000
6         M:cpu2
31        155 0.0866 0.0606 0.0949 0.0000
6         M:cpu1
31        155 0.0999 0.0699 0.1070 0.0000
6         M:cpu0
31        155 0.1432 0.1002 0.1206 0.0000
5         M:cpu
31        155 0.0849 0.0594 0.0710 0.0000
8         M:syslog
37        155 145.0000 101.5000 121.3157 0.0000
8         M:ssh_in
31        155 2.0000 1.4000 1.6733 0.0000
13        M:cfengine_in
31        155 1.0000 0.7000 0.8367 0.0000
9         M:loadavg
31        155 0.0039 0.0027 0.0034 0.0000
10        M:diskfree
34        155 73.5000 51.4500 61.5642 0.0000
12        M:otherprocs
31        155 6.0000 4.2000 5.0200 0.0000
11        M:rootprocs
35        155 109.5000 76.6500 91.6152 0.0000
7         M:users
31        155 6.0000 4.2000 5.0200 0.0000
# send QUERY complete successful
