# delta from 1679665818 to 1679665879 at 1679665879
22        CFR: 0 1679665878 1630
3         PRD
60        Packing reports: delta,0.048564,0.142780,0.125789,1679665819
83        Sample(/proc/sys/kernel/random/entropy_avail),0.004777,0.002282,0.002093,1679665829
3         EXS
16        f,295,1679665624
3         MOM
15        M:entropy_avail
35        1318 78.0000 54.6000 65.2595 0.0000
12        M:mem_cached
38        1318 863.8984 604.7289 722.7893 0.0000
10        M:mem_free
40        1318 14569.3008 10198.5105 0.0000 0.0000
11        M:mem_total
40        1318 15817.1836 11072.0285 0.0000 0.0000
16        M:io_writtendata
32        1318 0.0391 0.0273 0.0327 0.0000
11        M:io_writes
32        1318 2.0000 1.4000 1.6733 0.0000
6         M:cpu3
32        1318 0.0133 0.0093 0.0111 0.0000
6         M:cpu2
32        1318 0.4532 0.3172 0.3792 0.0000
6         M:cpu1
32        1318 0.0266 0.0186 0.0223 0.0000
5         M:cpu
32        1318 0.1232 0.0862 0.1031 0.0000
8         M:syslog
38        1318 145.0000 101.5000 121.3157 0.0000
8         M:ssh_in
32        1318 2.0000 1.4000 1.6733 0.0000
13        M:cfengine_in
32        1318 1.0000 0.7000 0.8367 0.0000
10        M:diskfree
35        1318 75.0000 52.5000 62.7495 0.0000
12        M:otherprocs
32        1318 6.0000 4.2000 5.0200 0.0000
11        M:rootprocs
36        1318 109.0000 76.3000 91.1959 0.0000
7         M:users
32        1318 6.0000 4.2000 5.0200 0.0000
3         MOY
15        M:entropy_avail
34        155 86.5000 60.5500 72.6426 0.0000
12        M:mem_cached
37        155 751.0039 525.7027 634.0092 0.0000
16        M:io_writtendata
31        155 0.0562 0.0393 0.0508 0.0000
11        M:io_writes
31        155 2.0000 1.4000 1.6733 0.0000
6         M:cpu3
31        155 0.1333 0.0933 0.1500 0.0000
6         M:cpu2
31        155 0.0899 0.0629 0.0953 0.0000
6         M:cpu1
31        155 0.1869 0.1308 0.2097 0.0000
6         M:cpu0
31        155 0.0899 0.0629 0.0953 0.0000
5         M:cpu
31        155 0.1232 0.0863 0.1076 0.0000
8         M:syslog
37        155 145.0000 101.5000 121.3157 0.0000
8         M:ssh_in
31        155 2.0000 1.4000 1.6733 0.0000
13        M:cfengine_in
31        155 1.0000 0.7000 0.8367 0.0000
9         M:loadavg
31        155 0.0054 0.0038 0.0049 0.0000
10        M:diskfree
34        155 76.0000 53.2000 63.5917 0.0000
12        M:otherprocs
31        155 6.0000 4.2000 5.0200 0.0000
11        M:rootprocs
35        155 109.0000 76.3000 91.1998 0.0000
7         M:users
31        155 6.0000 4.2000 5.0200 0.0000
# send QUERY complete successful
