# delta from 1679744658 to 1679744719 at 1679744719
22        CFR: 0 1679744718 2408
3         PRD
60        Packing reports: delta,0.031615,0.099950,0.113556,1679744659
83        Sample(/proc/sys/kernel/random/entropy_avail),0.004918,0.002419,0.002126,1679744709
3         EXS
16        f,295,1679744542
3         MOM
15        M:entropy_avail
35        1580 82.0000 57.6100 68.0220 0.0000
32        1581 8.0000 5.6000 6.6933 0.0000
12        M:mem_cached
40        1580 1873.0586 1704.1388 563.0660 0.0000
41        1581 1873.0820 1311.1574 1567.1329 0.0000
10        M:mem_free
40        1580 13465.4023 12256.4988 0.0000 0.0000
39        1581 13465.4023 9425.7816 0.0000 0.0000
11        M:mem_total
40        1580 15817.1836 14393.6371 0.0000 0.0000
40        1581 15817.1836 11072.0285 0.0000 0.0000
16        M:io_writtendata
32        1580 0.1553 0.1208 0.0997 0.0000
32        1581 0.0566 0.0396 0.0474 0.0000
11        M:io_writes
33        1580 10.0000 7.4200 7.2534 0.0000
32        1581 2.0000 1.4000 1.6733 0.0000
6         M:cpu3
32        1580 1.6537 1.1618 1.3719 0.0000
32        1581 0.1199 0.0839 0.1003 0.0000
6         M:cpu2
32        1580 1.2887 0.9413 0.9727 0.0000
32        1581 0.1665 0.1166 0.1393 0.0000
6         M:cpu1
32        1580 0.5933 0.4391 0.4332 0.0000
32        1581 0.0466 0.0326 0.0390 0.0000
6         M:cpu0
32        1580 1.5525 1.0868 1.2989 0.0000
32        1581 0.0466 0.0326 0.0390 0.0000
5         M:cpu
32        1580 1.2737 0.9087 1.0186 0.0000
32        1581 0.0899 0.0629 0.0752 0.0000
8         M:syslog
40        1580 1330.0000 961.6600 1029.4277 0.0000
38        1581 146.0000 102.2000 122.1524 0.0000
8         M:ssh_in
32        1580 2.0000 1.8200 0.6000 0.0000
32        1581 2.0000 1.4000 1.6733 0.0000
14        M:cfengine_out
32        1580 1.0000 0.7000 0.8367 0.0000
13        M:cfengine_in
32        1580 1.0000 0.9100 0.3000 0.0000
32        1581 1.0000 0.7000 0.8367 0.0000
9         M:loadavg
32        1580 0.1187 0.0847 0.0948 0.0000
32        1581 0.0151 0.0106 0.0127 0.0000
10        M:diskfree
35        1580 65.0000 59.1500 19.5000 0.0000
35        1581 65.0000 45.5000 54.3829 0.0000
12        M:otherprocs
32        1580 6.0000 5.4600 1.8000 0.0000
32        1581 6.0000 4.2000 5.0200 0.0000
11        M:rootprocs
37        1580 112.0000 101.2900 35.7000 0.0000
36        1581 111.0000 77.7000 92.8693 0.0000
7         M:users
32        1580 6.0000 5.4600 1.8000 0.0000
32        1581 6.0000 4.2000 5.0200 0.0000
3         MOY
15        M:entropy_avail
34        155 84.5000 59.1500 70.8474 0.0000
12        M:mem_cached
39        155 1058.9355 741.2549 1546.1225 0.0000
16        M:io_writtendata
31        155 0.0479 0.0335 0.0419 0.0000
11        M:io_writes
31        155 3.0000 2.1000 2.6458 0.0000
6         M:cpu3
31        155 0.0133 0.0093 0.0111 0.0000
6         M:cpu2
31        155 0.0866 0.0606 0.0949 0.0000
6         M:cpu1
31        155 0.0999 0.0699 0.1070 0.0000
6         M:cpu0
31        155 0.1432 0.1002 0.1206 0.0000
5         M:cpu
31        155 0.0849 0.0594 0.0710 0.0000
8         M:syslog
37        155 145.0000 101.5000 121.3157 0.0000
8         M:ssh_in
31        155 2.0000 1.4000 1.6733 0.0000
13        M:cfengine_in
31        155 1.0000 0.7000 0.8367 0.0000
9         M:loadavg
31        155 0.0039 0.0027 0.0034 0.0000
10        M:diskfree
34        155 73.5000 51.4500 61.5642 0.0000
12        M:otherprocs
31        155 6.0000 4.2000 5.0200 0.0000
11        M:rootprocs
35        155 109.5000 76.6500 91.6152 0.0000
7         M:users
31        155 6.0000 4.2000 5.0200 0.0000
# send QUERY complete successful
