# delta from 1679754263 to 1679754324 at 1679754324
22        CFR: 0 1679754323 1673
3         PRD
60        Packing reports: delta,0.034900,0.121800,0.121690,1679754264
3         EXS
16        f,298,1679754170
3         MOM
15        M:entropy_avail
35        1612 89.0000 63.3500 71.5711 0.0000
12        M:mem_cached
40        1612 1927.1758 1753.3904 579.2848 0.0000
10        M:mem_free
38        1612 9399.3074 9399.3074 0.0000 0.0000
11        M:mem_total
40        1612 11072.0285 11072.0285 0.0000 0.0000
16        M:io_writtendata
32        1612 0.1221 0.1133 0.0291 0.0000
11        M:io_writes
32        1612 6.0000 5.4600 1.8000 0.0000
6         M:cpu3
32        1612 1.9109 1.5477 1.1119 0.0000
6         M:cpu2
32        1612 1.3329 0.9952 0.9515 0.0000
6         M:cpu1
32        1612 0.8725 0.6812 0.5553 0.0000
6         M:cpu0
32        1612 0.7056 0.6900 0.0519 0.0000
5         M:cpu
32        1612 1.2054 0.9788 0.6973 0.0000
8         M:syslog
37        1612 602.0000 628.8800 89.6000 0.0000
8         M:ssh_in
32        1612 2.0000 1.8200 0.6000 0.0000
14        M:cfengine_out
32        1612 1.0000 0.7000 0.8367 0.0000
13        M:cfengine_in
32        1612 1.0000 0.9100 0.3000 0.0000
9         M:loadavg
32        1612 0.0732 0.0521 0.0590 0.0000
10        M:diskfree
35        1612 64.0000 58.2400 19.2000 0.0000
12        M:otherprocs
32        1612 6.0000 5.4600 1.8000 0.0000
11        M:rootprocs
36        1612 110.0000 99.8900 33.7000 0.0000
7         M:users
32        1612 6.0000 5.4600 1.8000 0.0000
3         MOY
15        M:entropy_avail
34        155 84.5000 59.1500 70.8474 0.0000
12        M:mem_cached
39        155 1058.9355 741.2549 1546.1225 0.0000
16        M:io_writtendata
31        155 0.0479 0.0335 0.0419 0.0000
11        M:io_writes
31        155 3.0000 2.1000 2.6458 0.0000
6         M:cpu3
31        155 0.0133 0.0093 0.0111 0.0000
6         M:cpu2
31        155 0.0866 0.0606 0.0949 0.0000
6         M:cpu1
31        155 0.0999 0.0699 0.1070 0.0000
6         M:cpu0
31        155 0.1432 0.1002 0.1206 0.0000
5         M:cpu
31        155 0.0849 0.0594 0.0710 0.0000
8         M:syslog
37        155 145.0000 101.5000 121.3157 0.0000
8         M:ssh_in
31        155 2.0000 1.4000 1.6733 0.0000
13        M:cfengine_in
31        155 1.0000 0.7000 0.8367 0.0000
9         M:loadavg
31        155 0.0039 0.0027 0.0034 0.0000
10        M:diskfree
34        155 73.5000 51.4500 61.5642 0.0000
12        M:otherprocs
31        155 6.0000 4.2000 5.0200 0.0000
11        M:rootprocs
35        155 109.5000 76.6500 91.6152 0.0000
7         M:users
31        155 6.0000 4.2000 5.0200 0.0000
# send QUERY complete successful
