# delta from 1679698278 to 1679698339 at 1679698339
22        CFR: 0 1679698338 1672
3         PRD
60        Packing reports: delta,0.026092,0.068081,0.065427,1679698279
83        Sample(/proc/sys/kernel/random/entropy_avail),0.004587,0.002104,0.001654,1679698288
3         EXS
16        f,295,1679698053
3         MOM
15        M:entropy_avail
35        1426 81.0000 56.7000 67.7695 0.0000
12        M:mem_cached
41        1426 1585.3828 1109.7680 1326.4264 0.0000
10        M:mem_free
39        1426 13778.0391 9644.6273 0.0000 0.0000
11        M:mem_total
40        1426 15817.1836 11072.0285 0.0000 0.0000
16        M:io_writtendata
32        1426 0.0391 0.0273 0.0327 0.0000
11        M:io_writes
32        1426 2.0000 1.4000 1.6733 0.0000
6         M:cpu3
32        1426 0.0200 0.0140 0.0167 0.0000
6         M:cpu2
32        1426 0.0399 0.0279 0.0334 0.0000
6         M:cpu1
32        1426 0.0133 0.0093 0.0111 0.0000
6         M:cpu0
32        1426 0.3131 0.2192 0.2620 0.0000
5         M:cpu
32        1426 0.0998 0.0699 0.0835 0.0000
8         M:syslog
38        1426 145.0000 101.5000 121.3157 0.0000
8         M:ssh_in
32        1426 2.0000 1.4000 1.6733 0.0000
13        M:cfengine_in
32        1426 1.0000 0.7000 0.8367 0.0000
10        M:diskfree
35        1426 68.0000 47.6000 56.8929 0.0000
12        M:otherprocs
32        1426 6.0000 4.2000 5.0200 0.0000
11        M:rootprocs
36        1426 109.0000 76.3000 91.1959 0.0000
7         M:users
32        1426 6.0000 4.2000 5.0200 0.0000
3         MOY
15        M:entropy_avail
34        155 84.5000 59.1500 70.8474 0.0000
12        M:mem_cached
39        155 1058.9355 741.2549 1546.1225 0.0000
16        M:io_writtendata
31        155 0.0479 0.0335 0.0419 0.0000
11        M:io_writes
31        155 3.0000 2.1000 2.6458 0.0000
6         M:cpu3
31        155 0.0133 0.0093 0.0111 0.0000
6         M:cpu2
31        155 0.0866 0.0606 0.0949 0.0000
6         M:cpu1
31        155 0.0999 0.0699 0.1070 0.0000
6         M:cpu0
31        155 0.1432 0.1002 0.1206 0.0000
5         M:cpu
31        155 0.0849 0.0594 0.0710 0.0000
8         M:syslog
37        155 145.0000 101.5000 121.3157 0.0000
8         M:ssh_in
31        155 2.0000 1.4000 1.6733 0.0000
13        M:cfengine_in
31        155 1.0000 0.7000 0.8367 0.0000
9         M:loadavg
31        155 0.0039 0.0027 0.0034 0.0000
10        M:diskfree
34        155 73.5000 51.4500 61.5642 0.0000
12        M:otherprocs
31        155 6.0000 4.2000 5.0200 0.0000
11        M:rootprocs
35        155 109.5000 76.6500 91.6152 0.0000
7         M:users
31        155 6.0000 4.2000 5.0200 0.0000
# send QUERY complete successful
