# delta from 1679749998 to 1679750059 at 1679750059
22        CFR: 0 1679750058 1670
3         PRD
60        Packing reports: delta,0.031482,0.099114,0.095446,1679749999
3         EXS
16        f,307,1679749976
3         MOM
15        M:entropy_avail
35        1598 79.0000 55.5100 65.5121 0.0000
12        M:mem_cached
40        1598 1902.0430 1730.8558 570.6238 0.0000
10        M:mem_free
40        1598 13451.0664 12240.3490 0.0000 0.0000
11        M:mem_total
40        1598 15817.1836 14393.6371 0.0000 0.0000
16        M:io_writtendata
32        1598 0.0400 0.0610 0.0700 0.0000
11        M:io_writes
32        1598 2.0000 3.0800 3.6000 0.0000
6         M:cpu3
32        1598 0.0067 0.5283 1.8500 0.0000
6         M:cpu2
32        1598 0.1598 0.4089 0.8303 0.0000
6         M:cpu1
32        1598 0.1132 0.1884 0.2506 0.0000
6         M:cpu0
32        1598 0.1532 0.2220 0.2294 0.0000
5         M:cpu
32        1598 0.1082 0.3369 0.8552 0.0000
8         M:syslog
37        1598 0.0000 359.7300 1273.8548 0.0000
8         M:ssh_in
32        1598 2.0000 1.8200 0.6000 0.0000
9         M:www_out
32        1598 1.0000 0.7000 0.8367 0.0000
13        M:cfengine_in
32        1598 1.0000 0.9100 0.3000 0.0000
9         M:loadavg
32        1598 0.0000 0.0029 0.0102 0.0000
10        M:diskfree
35        1598 64.0000 58.2400 19.2000 0.0000
12        M:otherprocs
32        1598 6.0000 5.4600 1.8000 0.0000
11        M:rootprocs
36        1598 108.0000 98.4900 31.7000 0.0000
7         M:users
32        1598 6.0000 5.4600 1.8000 0.0000
3         MOY
15        M:entropy_avail
34        155 84.5000 59.1500 70.8474 0.0000
12        M:mem_cached
39        155 1058.9355 741.2549 1546.1225 0.0000
16        M:io_writtendata
31        155 0.0479 0.0335 0.0419 0.0000
11        M:io_writes
31        155 3.0000 2.1000 2.6458 0.0000
6         M:cpu3
31        155 0.0133 0.0093 0.0111 0.0000
6         M:cpu2
31        155 0.0866 0.0606 0.0949 0.0000
6         M:cpu1
31        155 0.0999 0.0699 0.1070 0.0000
6         M:cpu0
31        155 0.1432 0.1002 0.1206 0.0000
5         M:cpu
31        155 0.0849 0.0594 0.0710 0.0000
8         M:syslog
37        155 145.0000 101.5000 121.3157 0.0000
8         M:ssh_in
31        155 2.0000 1.4000 1.6733 0.0000
13        M:cfengine_in
31        155 1.0000 0.7000 0.8367 0.0000
9         M:loadavg
31        155 0.0039 0.0027 0.0034 0.0000
10        M:diskfree
34        155 73.5000 51.4500 61.5642 0.0000
12        M:otherprocs
31        155 6.0000 4.2000 5.0200 0.0000
11        M:rootprocs
35        155 109.5000 76.6500 91.6152 0.0000
7         M:users
31        155 6.0000 4.2000 5.0200 0.0000
# send QUERY complete successful
