# delta from 1679760143 to 1679760204 at 1679760204
22        CFR: 0 1679760203 1718
3         PRD
60        Packing reports: delta,0.024271,0.058910,0.062086,1679760144
83        Sample(/proc/sys/kernel/random/entropy_avail),0.004466,0.001995,0.001852,1679760184
3         EXS
16        f,295,1679760137
3         MOM
15        M:entropy_avail
35        1632 84.0000 59.6400 67.9615 0.0000
12        M:mem_cached
40        1632 1961.2188 1784.3580 589.5359 0.0000
10        M:mem_free
40        1632 13379.0195 12176.1883 0.0000 0.0000
11        M:mem_total
40        1632 15817.1836 14393.6371 0.0000 0.0000
16        M:io_writtendata
32        1632 0.1553 0.1171 0.1080 0.0000
11        M:io_writes
32        1632 8.0000 6.0200 5.5975 0.0000
6         M:cpu3
32        1632 0.5007 0.3519 0.4150 0.0000
6         M:cpu2
32        1632 0.9663 0.7366 0.6540 0.0000
6         M:cpu1
32        1632 0.3599 0.2533 0.2972 0.0000
6         M:cpu0
32        1632 3.2140 2.2638 2.6502 0.0000
5         M:cpu
32        1632 1.2586 0.9009 0.9984 0.0000
8         M:syslog
38        1632 842.0000 620.0600 622.5666 0.0000
8         M:ssh_in
32        1632 2.0000 1.8200 0.6000 0.0000
14        M:cfengine_out
32        1632 1.0000 0.7000 0.8367 0.0000
13        M:cfengine_in
32        1632 1.0000 0.9100 0.3000 0.0000
10        M:diskfree
35        1632 63.0000 57.3300 18.9000 0.0000
12        M:otherprocs
32        1632 6.0000 5.4600 1.8000 0.0000
11        M:rootprocs
36        1632 110.0000 99.8900 33.7000 0.0000
7         M:users
32        1632 6.0000 5.4600 1.8000 0.0000
3         MOY
15        M:entropy_avail
34        155 84.5000 59.1500 70.8474 0.0000
12        M:mem_cached
39        155 1058.9355 741.2549 1546.1225 0.0000
16        M:io_writtendata
31        155 0.0479 0.0335 0.0419 0.0000
11        M:io_writes
31        155 3.0000 2.1000 2.6458 0.0000
6         M:cpu3
31        155 0.0133 0.0093 0.0111 0.0000
6         M:cpu2
31        155 0.0866 0.0606 0.0949 0.0000
6         M:cpu1
31        155 0.0999 0.0699 0.1070 0.0000
6         M:cpu0
31        155 0.1432 0.1002 0.1206 0.0000
5         M:cpu
31        155 0.0849 0.0594 0.0710 0.0000
8         M:syslog
37        155 145.0000 101.5000 121.3157 0.0000
8         M:ssh_in
31        155 2.0000 1.4000 1.6733 0.0000
13        M:cfengine_in
31        155 1.0000 0.7000 0.8367 0.0000
9         M:loadavg
31        155 0.0039 0.0027 0.0034 0.0000
10        M:diskfree
34        155 73.5000 51.4500 61.5642 0.0000
12        M:otherprocs
31        155 6.0000 4.2000 5.0200 0.0000
11        M:rootprocs
35        155 109.5000 76.6500 91.6152 0.0000
7         M:users
31        155 6.0000 4.2000 5.0200 0.0000
# send QUERY complete successful
