# delta from 1679704998 to 1679705059 at 1679705059
22        CFR: 0 1679705058 1711
3         PRD
60        Packing reports: delta,0.031712,0.100567,0.116859,1679704999
83        Sample(/proc/sys/kernel/random/entropy_avail),0.004391,0.001928,0.001963,1679705049
3         EXS
16        f,296,1679704965
3         MOM
15        M:entropy_avail
34        1448 8.0000 23.0300 56.6012 0.0000
12        M:mem_cached
40        1448 1624.8047 1478.2228 488.6063 0.0000
10        M:mem_free
38        1448 9629.8070 9629.8070 0.0000 0.0000
11        M:mem_total
40        1448 11072.0285 11072.0285 0.0000 0.0000
16        M:io_writtendata
32        1448 0.1494 0.1126 0.1042 0.0000
11        M:io_writes
32        1448 8.0000 6.0200 5.5975 0.0000
6         M:cpu3
32        1448 2.4143 1.6928 2.0122 0.0000
6         M:cpu2
32        1448 0.6330 0.5074 0.3772 0.0000
6         M:cpu1
32        1448 0.6668 0.4724 0.5424 0.0000
6         M:cpu0
32        1448 1.1860 0.8511 0.9349 0.0000
5         M:cpu
32        1448 1.2264 0.8812 0.9640 0.0000
8         M:syslog
39        1448 1076.0000 783.6500 818.0284 0.0000
8         M:ssh_in
32        1448 2.0000 1.8200 0.6000 0.0000
13        M:cfengine_in
32        1448 1.0000 0.9100 0.3000 0.0000
9         M:loadavg
32        1448 0.0425 0.0332 0.0269 0.0000
10        M:diskfree
35        1448 68.0000 61.8800 20.4000 0.0000
12        M:otherprocs
32        1448 6.0000 5.4600 1.8000 0.0000
11        M:rootprocs
36        1448 109.0000 98.9800 33.4000 0.0000
7         M:users
32        1448 6.0000 5.4600 1.8000 0.0000
3         MOY
15        M:entropy_avail
34        155 84.5000 59.1500 70.8474 0.0000
12        M:mem_cached
39        155 1058.9355 741.2549 1546.1225 0.0000
16        M:io_writtendata
31        155 0.0479 0.0335 0.0419 0.0000
11        M:io_writes
31        155 3.0000 2.1000 2.6458 0.0000
6         M:cpu3
31        155 0.0133 0.0093 0.0111 0.0000
6         M:cpu2
31        155 0.0866 0.0606 0.0949 0.0000
6         M:cpu1
31        155 0.0999 0.0699 0.1070 0.0000
6         M:cpu0
31        155 0.1432 0.1002 0.1206 0.0000
5         M:cpu
31        155 0.0849 0.0594 0.0710 0.0000
8         M:syslog
37        155 145.0000 101.5000 121.3157 0.0000
8         M:ssh_in
31        155 2.0000 1.4000 1.6733 0.0000
13        M:cfengine_in
31        155 1.0000 0.7000 0.8367 0.0000
9         M:loadavg
31        155 0.0039 0.0027 0.0034 0.0000
10        M:diskfree
34        155 73.5000 51.4500 61.5642 0.0000
12        M:otherprocs
31        155 6.0000 4.2000 5.0200 0.0000
11        M:rootprocs
35        155 109.5000 76.6500 91.6152 0.0000
7         M:users
31        155 6.0000 4.2000 5.0200 0.0000
# send QUERY complete successful
