# delta from 1679758163 to 1679758224 at 1679758224
22        CFR: 0 1679758223 1677
3         PRD
60        Packing reports: delta,0.036930,0.050008,0.038674,1679758164
3         EXS
16        f,298,1679758069
3         MOM
15        M:entropy_avail
35        1625 85.0000 60.3400 68.7979 0.0000
12        M:mem_cached
40        1625 1949.0859 1773.3286 585.8578 0.0000
10        M:mem_free
40        1625 13399.4375 12193.1280 0.0000 0.0000
11        M:mem_total
40        1625 15817.1836 14393.6371 0.0000 0.0000
16        M:io_writtendata
32        1625 0.1084 0.0931 0.0569 0.0000
11        M:io_writes
32        1625 6.0000 5.0400 3.2447 0.0000
6         M:cpu3
32        1625 0.9399 0.6859 0.7110 0.0000
6         M:cpu2
32        1625 0.7394 0.5413 0.5547 0.0000
6         M:cpu1
32        1625 0.4729 0.3576 0.3267 0.0000
6         M:cpu0
32        1625 2.5313 1.7817 2.0907 0.0000
5         M:cpu
32        1625 1.1708 0.8420 0.9185 0.0000
8         M:syslog
39        1625 1082.0000 788.0600 822.4853 0.0000
8         M:ssh_in
32        1625 2.0000 1.8200 0.6000 0.0000
14        M:cfengine_out
32        1625 1.0000 0.7000 0.8367 0.0000
13        M:cfengine_in
32        1625 1.0000 0.9100 0.3000 0.0000
9         M:loadavg
32        1625 0.0669 0.0475 0.0540 0.0000
10        M:diskfree
35        1625 64.0000 58.2400 19.2000 0.0000
12        M:otherprocs
32        1625 6.0000 5.4600 1.8000 0.0000
11        M:rootprocs
36        1625 110.0000 99.6800 34.4000 0.0000
7         M:users
32        1625 6.0000 5.4600 1.8000 0.0000
3         MOY
15        M:entropy_avail
34        155 84.5000 59.1500 70.8474 0.0000
12        M:mem_cached
39        155 1058.9355 741.2549 1546.1225 0.0000
16        M:io_writtendata
31        155 0.0479 0.0335 0.0419 0.0000
11        M:io_writes
31        155 3.0000 2.1000 2.6458 0.0000
6         M:cpu3
31        155 0.0133 0.0093 0.0111 0.0000
6         M:cpu2
31        155 0.0866 0.0606 0.0949 0.0000
6         M:cpu1
31        155 0.0999 0.0699 0.1070 0.0000
6         M:cpu0
31        155 0.1432 0.1002 0.1206 0.0000
5         M:cpu
31        155 0.0849 0.0594 0.0710 0.0000
8         M:syslog
37        155 145.0000 101.5000 121.3157 0.0000
8         M:ssh_in
31        155 2.0000 1.4000 1.6733 0.0000
13        M:cfengine_in
31        155 1.0000 0.7000 0.8367 0.0000
9         M:loadavg
31        155 0.0039 0.0027 0.0034 0.0000
10        M:diskfree
34        155 73.5000 51.4500 61.5642 0.0000
12        M:otherprocs
31        155 6.0000 4.2000 5.0200 0.0000
11        M:rootprocs
35        155 109.5000 76.6500 91.6152 0.0000
7         M:users
31        155 6.0000 4.2000 5.0200 0.0000
# send QUERY complete successful
