# delta from 1679739498 to 1679739559 at 1679739559
22        CFR: 0 1679739558 1630
3         PRD
60        Packing reports: delta,0.025206,0.063536,0.054179,1679739499
3         EXS
16        f,296,1679739462
3         MOM
15        M:entropy_avail
35        1563 79.0000 55.5100 65.5121 0.0000
12        M:mem_cached
40        1563 1842.9023 1677.0477 552.8488 0.0000
10        M:mem_free
40        1563 13505.5508 12290.7230 0.0000 0.0000
11        M:mem_total
40        1563 15817.1836 14393.6371 0.0000 0.0000
16        M:io_writtendata
32        1563 0.0439 0.0609 0.0565 0.0000
11        M:io_writes
32        1563 2.0000 3.0800 3.6000 0.0000
6         M:cpu3
32        1563 0.0866 0.1599 0.2444 0.0000
6         M:cpu2
32        1563 0.2266 0.6501 1.5956 0.0000
6         M:cpu1
32        1563 0.0400 0.2617 0.8015 0.0000
6         M:cpu0
32        1563 0.0333 0.2107 0.6419 0.0000
5         M:cpu
32        1563 0.0999 0.3228 0.8313 0.0000
8         M:syslog
38        1563 252.0000 403.8300 506.1000 0.0000
8         M:ssh_in
32        1563 2.0000 1.8200 0.6000 0.0000
13        M:cfengine_in
32        1563 1.0000 0.9100 0.3000 0.0000
9         M:loadavg
32        1563 0.0000 0.0032 0.0113 0.0000
10        M:diskfree
35        1563 65.0000 59.1500 19.5000 0.0000
12        M:otherprocs
32        1563 6.0000 5.4600 1.8000 0.0000
11        M:rootprocs
36        1563 109.0000 99.1900 32.7000 0.0000
7         M:users
32        1563 6.0000 5.4600 1.8000 0.0000
3         MOY
15        M:entropy_avail
34        155 84.5000 59.1500 70.8474 0.0000
12        M:mem_cached
39        155 1058.9355 741.2549 1546.1225 0.0000
16        M:io_writtendata
31        155 0.0479 0.0335 0.0419 0.0000
11        M:io_writes
31        155 3.0000 2.1000 2.6458 0.0000
6         M:cpu3
31        155 0.0133 0.0093 0.0111 0.0000
6         M:cpu2
31        155 0.0866 0.0606 0.0949 0.0000
6         M:cpu1
31        155 0.0999 0.0699 0.1070 0.0000
6         M:cpu0
31        155 0.1432 0.1002 0.1206 0.0000
5         M:cpu
31        155 0.0849 0.0594 0.0710 0.0000
8         M:syslog
37        155 145.0000 101.5000 121.3157 0.0000
8         M:ssh_in
31        155 2.0000 1.4000 1.6733 0.0000
13        M:cfengine_in
31        155 1.0000 0.7000 0.8367 0.0000
9         M:loadavg
31        155 0.0039 0.0027 0.0034 0.0000
10        M:diskfree
34        155 73.5000 51.4500 61.5642 0.0000
12        M:otherprocs
31        155 6.0000 4.2000 5.0200 0.0000
11        M:rootprocs
35        155 109.5000 76.6500 91.6152 0.0000
7         M:users
31        155 6.0000 4.2000 5.0200 0.0000
# send QUERY complete successful
