# delta from 1679669718 to 1679669779 at 1679669779
22        CFR: 0 1679669778 1709
3         PRD
60        Packing reports: delta,0.035420,0.167710,0.173260,1679669719
83        Sample(/proc/sys/kernel/random/entropy_avail),0.006091,0.003709,0.003492,1679669738
3         EXS
16        f,337,1679669583
3         MOM
15        M:entropy_avail
35        1331 83.0000 58.1000 69.4428 0.0000
12        M:mem_cached
38        1331 883.1172 618.1820 738.8688 0.0000
10        M:mem_free
40        1331 14535.8125 10175.0687 0.0000 0.0000
11        M:mem_total
40        1331 15817.1836 11072.0285 0.0000 0.0000
16        M:io_writtendata
32        1331 0.0635 0.0444 0.0531 0.0000
11        M:io_writes
32        1331 2.0000 1.4000 1.6733 0.0000
6         M:cpu3
32        1331 0.0266 0.0186 0.0223 0.0000
6         M:cpu2
32        1331 0.4673 0.3271 0.3909 0.0000
6         M:cpu1
32        1331 0.0133 0.0093 0.0111 0.0000
6         M:cpu0
32        1331 0.0133 0.0093 0.0111 0.0000
5         M:cpu
32        1331 0.1266 0.0886 0.1059 0.0000
8         M:syslog
38        1331 145.0000 101.5000 121.3157 0.0000
8         M:ssh_in
32        1331 2.0000 1.4000 1.6733 0.0000
13        M:cfengine_in
32        1331 1.0000 0.7000 0.8367 0.0000
9         M:loadavg
32        1331 0.0088 0.0062 0.0074 0.0000
10        M:diskfree
35        1331 74.0000 51.8000 61.9128 0.0000
12        M:otherprocs
32        1331 6.0000 4.2000 5.0200 0.0000
11        M:rootprocs
36        1331 111.0000 77.7000 92.8693 0.0000
7         M:users
32        1331 6.0000 4.2000 5.0200 0.0000
3         MOY
15        M:entropy_avail
34        155 82.5000 57.7500 69.0865 0.0000
12        M:mem_cached
37        155 759.8086 531.8660 642.3242 0.0000
16        M:io_writtendata
31        155 0.0537 0.0376 0.0481 0.0000
11        M:io_writes
31        155 3.0000 2.1000 2.6458 0.0000
6         M:cpu3
31        155 0.1100 0.0770 0.1225 0.0000
6         M:cpu2
31        155 0.0966 0.0676 0.0966 0.0000
6         M:cpu1
31        155 0.1401 0.0981 0.1544 0.0000
6         M:cpu0
31        155 0.0833 0.0583 0.0947 0.0000
5         M:cpu
31        155 0.1066 0.0746 0.0907 0.0000
8         M:syslog
37        155 145.0000 101.5000 121.3157 0.0000
8         M:ssh_in
31        155 2.0000 1.4000 1.6733 0.0000
13        M:cfengine_in
31        155 1.0000 0.7000 0.8367 0.0000
9         M:loadavg
31        155 0.0027 0.0019 0.0023 0.0000
10        M:diskfree
34        155 76.0000 53.2000 63.5917 0.0000
12        M:otherprocs
31        155 6.0000 4.2000 5.0200 0.0000
11        M:rootprocs
35        155 109.5000 76.6500 91.6152 0.0000
7         M:users
31        155 6.0000 4.2000 5.0200 0.0000
# send QUERY complete successful
