# delta from 1679698998 to 1679699059 at 1679699059
22        CFR: 0 1679699058 1714
3         PRD
60        Packing reports: delta,0.026148,0.068374,0.067075,1679698999
83        Sample(/proc/sys/kernel/random/entropy_avail),0.006272,0.003934,0.005486,1679699040
3         EXS
16        f,295,1679698939
3         MOM
15        M:entropy_avail
34        1428 4.0000 21.0700 62.0952 0.0000
12        M:mem_cached
40        1428 1590.4688 1446.9787 478.3000 0.0000
10        M:mem_free
40        1428 13768.6016 12531.3691 0.0000 0.0000
11        M:mem_total
40        1428 15817.1836 14393.6371 0.0000 0.0000
16        M:io_writtendata
32        1428 0.1445 0.1096 0.0992 0.0000
11        M:io_writes
32        1428 8.0000 6.0200 5.5975 0.0000
6         M:cpu3
32        1428 0.4670 0.3283 0.3868 0.0000
6         M:cpu2
32        1428 1.4327 1.0420 1.0928 0.0000
6         M:cpu1
32        1428 0.5873 0.4167 0.4759 0.0000
6         M:cpu0
32        1428 2.4132 1.7256 1.9192 0.0000
5         M:cpu
32        1428 1.2237 0.8776 0.9664 0.0000
8         M:syslog
40        1428 1325.0000 957.9500 1025.8079 0.0000
8         M:ssh_in
32        1428 2.0000 1.8200 0.6000 0.0000
13        M:cfengine_in
32        1428 1.0000 0.9100 0.3000 0.0000
9         M:loadavg
32        1428 0.0327 0.0407 0.0268 0.0000
10        M:diskfree
35        1428 68.0000 61.8800 20.4000 0.0000
12        M:otherprocs
32        1428 6.0000 5.4600 1.8000 0.0000
11        M:rootprocs
36        1428 110.0000 99.8900 33.7000 0.0000
7         M:users
32        1428 6.0000 5.4600 1.8000 0.0000
3         MOY
15        M:entropy_avail
34        155 84.5000 59.1500 70.8474 0.0000
12        M:mem_cached
39        155 1058.9355 741.2549 1546.1225 0.0000
16        M:io_writtendata
31        155 0.0479 0.0335 0.0419 0.0000
11        M:io_writes
31        155 3.0000 2.1000 2.6458 0.0000
6         M:cpu3
31        155 0.0133 0.0093 0.0111 0.0000
6         M:cpu2
31        155 0.0866 0.0606 0.0949 0.0000
6         M:cpu1
31        155 0.0999 0.0699 0.1070 0.0000
6         M:cpu0
31        155 0.1432 0.1002 0.1206 0.0000
5         M:cpu
31        155 0.0849 0.0594 0.0710 0.0000
8         M:syslog
37        155 145.0000 101.5000 121.3157 0.0000
8         M:ssh_in
31        155 2.0000 1.4000 1.6733 0.0000
13        M:cfengine_in
31        155 1.0000 0.7000 0.8367 0.0000
9         M:loadavg
31        155 0.0039 0.0027 0.0034 0.0000
10        M:diskfree
34        155 73.5000 51.4500 61.5642 0.0000
12        M:otherprocs
31        155 6.0000 4.2000 5.0200 0.0000
11        M:rootprocs
35        155 109.5000 76.6500 91.6152 0.0000
7         M:users
31        155 6.0000 4.2000 5.0200 0.0000
# send QUERY complete successful
