# delta from 1679694678 to 1679694739 at 1679694739
22        CFR: 0 1679694738 1742
3         PRD
108       CFEngine Execution (policy filename: '/var/cfengine/inputs/update.cf'),0.037431,0.387637,0.406702,1679694738
60        Packing reports: delta,0.022647,0.051289,0.044648,1679694679
83        Sample(/proc/sys/kernel/random/entropy_avail),0.004251,0.001807,0.001782,1679694683
3         EXS
16        f,295,1679694450
3         MOM
15        M:entropy_avail
35        1414 86.0000 60.2000 71.9528 0.0000
12        M:mem_cached
41        1414 1564.7617 1095.3332 1309.1736 0.0000
10        M:mem_free
39        1414 13820.6172 9674.4320 0.0000 0.0000
11        M:mem_total
40        1414 15817.1836 11072.0285 0.0000 0.0000
16        M:io_writtendata
32        1414 0.0391 0.0273 0.0327 0.0000
11        M:io_writes
32        1414 2.0000 1.4000 1.6733 0.0000
6         M:cpu3
32        1414 0.0133 0.0093 0.0111 0.0000
6         M:cpu2
32        1414 0.3531 0.2472 0.2954 0.0000
6         M:cpu0
32        1414 0.0200 0.0140 0.0167 0.0000
5         M:cpu
32        1414 0.0949 0.0664 0.0794 0.0000
8         M:syslog
38        1414 145.0000 101.5000 121.3157 0.0000
8         M:ssh_in
32        1414 2.0000 1.4000 1.6733 0.0000
13        M:cfengine_in
32        1414 1.0000 0.7000 0.8367 0.0000
10        M:diskfree
35        1414 69.0000 48.3000 57.7295 0.0000
12        M:otherprocs
32        1414 6.0000 4.2000 5.0200 0.0000
11        M:rootprocs
36        1414 110.0000 77.0000 92.0326 0.0000
7         M:users
32        1414 6.0000 4.2000 5.0200 0.0000
3         MOY
15        M:entropy_avail
34        155 84.5000 59.1500 70.8474 0.0000
12        M:mem_cached
39        155 1058.9355 741.2549 1546.1225 0.0000
16        M:io_writtendata
31        155 0.0479 0.0335 0.0419 0.0000
11        M:io_writes
31        155 3.0000 2.1000 2.6458 0.0000
6         M:cpu3
31        155 0.0133 0.0093 0.0111 0.0000
6         M:cpu2
31        155 0.0866 0.0606 0.0949 0.0000
6         M:cpu1
31        155 0.0999 0.0699 0.1070 0.0000
6         M:cpu0
31        155 0.1432 0.1002 0.1206 0.0000
5         M:cpu
31        155 0.0849 0.0594 0.0710 0.0000
8         M:syslog
37        155 145.0000 101.5000 121.3157 0.0000
8         M:ssh_in
31        155 2.0000 1.4000 1.6733 0.0000
13        M:cfengine_in
31        155 1.0000 0.7000 0.8367 0.0000
9         M:loadavg
31        155 0.0039 0.0027 0.0034 0.0000
10        M:diskfree
34        155 73.5000 51.4500 61.5642 0.0000
12        M:otherprocs
31        155 6.0000 4.2000 5.0200 0.0000
11        M:rootprocs
35        155 109.5000 76.6500 91.6152 0.0000
7         M:users
31        155 6.0000 4.2000 5.0200 0.0000
# send QUERY complete successful
