# delta from 1679663298 to 1679663359 at 1679663359
22        CFR: 0 1679663358 1676
3         PRD
60        Packing reports: delta,0.084865,0.271935,0.351232,1679663299
3         EXS
16        f,295,1679663263
3         MOM
15        M:entropy_avail
34        1309 5.0000 21.1400 59.2273 0.0000
12        M:mem_cached
38        1309 852.1445 775.1529 256.6387 0.0000
10        M:mem_free
40        1309 10210.7906 10210.7906 0.0000 0.0000
11        M:mem_total
40        1309 11072.0285 11072.0285 0.0000 0.0000
16        M:io_writtendata
32        1309 0.1279 0.1066 0.0702 0.0000
11        M:io_writes
32        1309 6.0000 4.6200 3.9563 0.0000
6         M:cpu3
32        1309 0.7014 0.4923 0.5829 0.0000
6         M:cpu2
32        1309 1.8055 1.3452 1.2960 0.0000
6         M:cpu1
32        1309 0.7424 0.5491 0.5430 0.0000
6         M:cpu0
32        1309 2.2906 1.6287 1.8470 0.0000
5         M:cpu
32        1309 1.3848 1.0040 1.0646 0.0000
8         M:syslog
39        1309 1085.0000 789.9500 825.5337 0.0000
8         M:ssh_in
32        1309 2.0000 1.8200 0.6000 0.0000
14        M:cfengine_out
32        1309 1.0000 0.7000 0.8367 0.0000
13        M:cfengine_in
32        1309 1.0000 0.9100 0.3000 0.0000
9         M:loadavg
32        1309 0.1294 0.0924 0.1032 0.0000
10        M:diskfree
35        1309 75.0000 68.2500 22.5000 0.0000
12        M:otherprocs
32        1309 6.0000 5.4600 1.8000 0.0000
11        M:rootprocs
37        1309 111.0000 100.8000 34.0000 0.0000
7         M:users
32        1309 6.0000 5.4600 1.8000 0.0000
3         MOY
15        M:entropy_avail
37        155 259.0000 181.3000 263.8877 0.0000
12        M:mem_cached
37        155 742.6699 519.8689 626.1966 0.0000
16        M:io_writtendata
31        155 0.0454 0.0318 0.0393 0.0000
11        M:io_writes
31        155 2.0000 1.4000 1.6733 0.0000
6         M:cpu3
31        155 0.0799 0.0559 0.0870 0.0000
6         M:cpu2
31        155 0.2633 0.1843 0.2367 0.0000
6         M:cpu1
31        155 0.0166 0.0116 0.0142 0.0000
6         M:cpu0
31        155 0.0866 0.0606 0.0949 0.0000
5         M:cpu
31        155 0.1124 0.0787 0.0965 0.0000
8         M:syslog
37        155 145.0000 101.5000 121.3157 0.0000
8         M:ssh_in
31        155 2.0000 1.4000 1.6733 0.0000
13        M:cfengine_in
31        155 1.0000 0.7000 0.8367 0.0000
9         M:loadavg
31        155 0.0015 0.0010 0.0017 0.0000
10        M:diskfree
34        155 76.0000 53.2000 63.5917 0.0000
12        M:otherprocs
31        155 6.0000 4.2000 5.0200 0.0000
11        M:rootprocs
35        155 110.0000 77.0000 92.0326 0.0000
7         M:users
31        155 6.0000 4.2000 5.0200 0.0000
# send QUERY complete successful
