# delta from 1679682198 to 1679682259 at 1679682259
22        CFR: 0 1679682258 1760
3         PRD
60        Packing reports: delta,0.030985,0.096006,0.099139,1679682199
83        Sample(/proc/sys/kernel/random/entropy_avail),0.005021,0.002521,0.002456,1679682211
3         EXS
16        f,296,1679682165
3         MOM
15        M:entropy_avail
34        1372 5.0000 21.7700 61.4561 0.0000
12        M:mem_cached
40        1372 1493.3086 1358.5499 449.1957 0.0000
10        M:mem_free
40        1372 13888.6133 12637.9236 0.0000 0.0000
11        M:mem_total
40        1372 15817.1836 14393.6371 0.0000 0.0000
16        M:io_writtendata
32        1372 0.1768 0.1307 0.1293 0.0000
11        M:io_writes
33        1372 10.0000 7.4200 7.2534 0.0000
6         M:cpu3
32        1372 0.8542 0.6022 0.7031 0.0000
6         M:cpu2
32        1372 2.6323 1.8916 2.0685 0.0000
6         M:cpu1
32        1372 0.8606 0.6122 0.6931 0.0000
6         M:cpu0
32        1372 1.0349 0.7440 0.8124 0.0000
5         M:cpu
32        1372 1.3451 0.9619 1.0698 0.0000
8         M:syslog
38        1372 840.0000 618.4500 621.4361 0.0000
8         M:ssh_in
32        1372 2.0000 1.8200 0.6000 0.0000
14        M:cfengine_out
32        1372 1.0000 0.7000 0.8367 0.0000
13        M:cfengine_in
32        1372 1.0000 0.9100 0.3000 0.0000
9         M:loadavg
32        1372 0.0356 0.0268 0.0250 0.0000
10        M:diskfree
35        1372 70.0000 63.7000 21.0000 0.0000
12        M:otherprocs
32        1372 6.0000 5.4600 1.8000 0.0000
11        M:rootprocs
37        1372 110.0000 100.1000 33.0000 0.0000
7         M:users
32        1372 6.0000 5.4600 1.8000 0.0000
3         MOY
15        M:entropy_avail
34        155 84.5000 59.1500 70.8474 0.0000
12        M:mem_cached
39        155 1058.9355 741.2549 1546.1225 0.0000
16        M:io_writtendata
31        155 0.0479 0.0335 0.0419 0.0000
11        M:io_writes
31        155 3.0000 2.1000 2.6458 0.0000
6         M:cpu3
31        155 0.0133 0.0093 0.0111 0.0000
6         M:cpu2
31        155 0.0866 0.0606 0.0949 0.0000
6         M:cpu1
31        155 0.0999 0.0699 0.1070 0.0000
6         M:cpu0
31        155 0.1432 0.1002 0.1206 0.0000
5         M:cpu
31        155 0.0849 0.0594 0.0710 0.0000
8         M:syslog
37        155 145.0000 101.5000 121.3157 0.0000
8         M:ssh_in
31        155 2.0000 1.4000 1.6733 0.0000
13        M:cfengine_in
31        155 1.0000 0.7000 0.8367 0.0000
9         M:loadavg
31        155 0.0039 0.0027 0.0034 0.0000
10        M:diskfree
34        155 73.5000 51.4500 61.5642 0.0000
12        M:otherprocs
31        155 6.0000 4.2000 5.0200 0.0000
11        M:rootprocs
35        155 109.5000 76.6500 91.6152 0.0000
7         M:users
31        155 6.0000 4.2000 5.0200 0.0000
# send QUERY complete successful
