# delta from 1679683218 to 1679683280 at 1679683280
22        CFR: 0 1679683279 1675
3         PRD
60        Packing reports: delta,0.050931,0.122279,0.127061,1679683219
83        Sample(/proc/sys/kernel/random/entropy_avail),0.005121,0.002622,0.002284,1679683263
3         EXS
16        f,295,1679683050
3         MOM
15        M:entropy_avail
35        1376 91.0000 63.7000 76.1361 0.0000
12        M:mem_cached
41        1376 1498.2891 1048.8023 1253.5586 0.0000
10        M:mem_free
39        1376 13891.8281 9724.2797 0.0000 0.0000
11        M:mem_total
40        1376 15817.1836 11072.0285 0.0000 0.0000
16        M:io_writtendata
32        1376 0.0332 0.0232 0.0278 0.0000
11        M:io_writes
32        1376 2.0000 1.4000 1.6733 0.0000
6         M:cpu2
32        1376 0.2000 0.1400 0.1673 0.0000
6         M:cpu1
32        1376 0.1265 0.0886 0.1059 0.0000
6         M:cpu0
32        1376 0.0466 0.0326 0.0390 0.0000
5         M:cpu
32        1376 0.0966 0.0676 0.0808 0.0000
8         M:syslog
38        1376 145.0000 101.5000 121.3157 0.0000
8         M:ssh_in
32        1376 2.0000 1.4000 1.6733 0.0000
13        M:cfengine_in
32        1376 1.0000 0.7000 0.8367 0.0000
9         M:loadavg
32        1376 0.0015 0.0010 0.0012 0.0000
10        M:diskfree
35        1376 69.0000 48.3000 57.7295 0.0000
12        M:otherprocs
32        1376 6.0000 4.2000 5.0200 0.0000
11        M:rootprocs
36        1376 109.0000 76.3000 91.1959 0.0000
7         M:users
32        1376 6.0000 4.2000 5.0200 0.0000
3         MOY
15        M:entropy_avail
34        155 84.5000 59.1500 70.8474 0.0000
12        M:mem_cached
39        155 1058.9355 741.2549 1546.1225 0.0000
16        M:io_writtendata
31        155 0.0479 0.0335 0.0419 0.0000
11        M:io_writes
31        155 3.0000 2.1000 2.6458 0.0000
6         M:cpu3
31        155 0.0133 0.0093 0.0111 0.0000
6         M:cpu2
31        155 0.0866 0.0606 0.0949 0.0000
6         M:cpu1
31        155 0.0999 0.0699 0.1070 0.0000
6         M:cpu0
31        155 0.1432 0.1002 0.1206 0.0000
5         M:cpu
31        155 0.0849 0.0594 0.0710 0.0000
8         M:syslog
37        155 145.0000 101.5000 121.3157 0.0000
8         M:ssh_in
31        155 2.0000 1.4000 1.6733 0.0000
13        M:cfengine_in
31        155 1.0000 0.7000 0.8367 0.0000
9         M:loadavg
31        155 0.0039 0.0027 0.0034 0.0000
10        M:diskfree
34        155 73.5000 51.4500 61.5642 0.0000
12        M:otherprocs
31        155 6.0000 4.2000 5.0200 0.0000
11        M:rootprocs
35        155 109.5000 76.6500 91.6152 0.0000
7         M:users
31        155 6.0000 4.2000 5.0200 0.0000
# send QUERY complete successful
