# delta from 1679717058 to 1679717119 at 1679717119
22        CFR: 0 1679717118 1714
3         PRD
60        Packing reports: delta,0.022911,0.052493,0.062018,1679717059
83        Sample(/proc/sys/kernel/random/entropy_avail),0.004351,0.001893,0.002055,1679717067
3         EXS
16        f,295,1679716956
3         MOM
15        M:entropy_avail
34        1488 5.0000 21.1400 59.2273 0.0000
12        M:mem_cached
40        1488 1716.5117 1561.6532 516.1949 0.0000
10        M:mem_free
40        1488 13653.0352 12423.0086 0.0000 0.0000
11        M:mem_total
40        1488 15817.1836 14393.6371 0.0000 0.0000
16        M:io_writtendata
32        1488 0.1729 0.1278 0.1266 0.0000
11        M:io_writes
33        1488 10.0000 7.4200 7.2534 0.0000
6         M:cpu3
32        1488 1.6679 1.1717 1.3838 0.0000
6         M:cpu2
32        1488 1.4607 1.0407 1.1721 0.0000
6         M:cpu1
32        1488 1.0866 0.7886 0.8333 0.0000
6         M:cpu0
32        1488 0.8196 0.5891 0.6437 0.0000
5         M:cpu
32        1488 1.2618 0.8997 1.0105 0.0000
8         M:syslog
39        1488 1077.0000 784.3500 818.8623 0.0000
8         M:ssh_in
32        1488 2.0000 1.8200 0.6000 0.0000
13        M:cfengine_in
32        1488 1.0000 0.9100 0.3000 0.0000
9         M:loadavg
32        1488 0.0840 0.0588 0.0703 0.0000
10        M:diskfree
35        1488 67.0000 60.9700 20.1000 0.0000
12        M:otherprocs
32        1488 6.0000 5.4600 1.8000 0.0000
11        M:rootprocs
36        1488 109.0000 98.9800 33.4000 0.0000
7         M:users
32        1488 6.0000 5.4600 1.8000 0.0000
3         MOY
15        M:entropy_avail
34        155 84.5000 59.1500 70.8474 0.0000
12        M:mem_cached
39        155 1058.9355 741.2549 1546.1225 0.0000
16        M:io_writtendata
31        155 0.0479 0.0335 0.0419 0.0000
11        M:io_writes
31        155 3.0000 2.1000 2.6458 0.0000
6         M:cpu3
31        155 0.0133 0.0093 0.0111 0.0000
6         M:cpu2
31        155 0.0866 0.0606 0.0949 0.0000
6         M:cpu1
31        155 0.0999 0.0699 0.1070 0.0000
6         M:cpu0
31        155 0.1432 0.1002 0.1206 0.0000
5         M:cpu
31        155 0.0849 0.0594 0.0710 0.0000
8         M:syslog
37        155 145.0000 101.5000 121.3157 0.0000
8         M:ssh_in
31        155 2.0000 1.4000 1.6733 0.0000
13        M:cfengine_in
31        155 1.0000 0.7000 0.8367 0.0000
9         M:loadavg
31        155 0.0039 0.0027 0.0034 0.0000
10        M:diskfree
34        155 73.5000 51.4500 61.5642 0.0000
12        M:otherprocs
31        155 6.0000 4.2000 5.0200 0.0000
11        M:rootprocs
35        155 109.5000 76.6500 91.6152 0.0000
7         M:users
31        155 6.0000 4.2000 5.0200 0.0000
# send QUERY complete successful
