# delta from 1679715558 to 1679715619 at 1679715619
22        CFR: 0 1679715618 1714
3         PRD
60        Packing reports: delta,0.020868,0.043549,0.040881,1679715559
83        Sample(/proc/sys/kernel/random/entropy_avail),0.004826,0.002329,0.002938,1679715565
3         EXS
16        f,337,1679715479
3         MOM
15        M:entropy_avail
34        1483 6.0000 21.4200 57.1088 0.0000
12        M:mem_cached
40        1483 1708.1172 1554.0109 513.6875 0.0000
10        M:mem_free
40        1483 13658.9453 12428.3400 0.0000 0.0000
11        M:mem_total
40        1483 15817.1836 14393.6371 0.0000 0.0000
16        M:io_writtendata
32        1483 0.1602 0.1187 0.1166 0.0000
11        M:io_writes
32        1483 8.0000 6.0200 5.5975 0.0000
6         M:cpu3
32        1483 1.2467 0.8895 0.9970 0.0000
6         M:cpu2
32        1483 2.0922 1.4673 1.7427 0.0000
6         M:cpu1
32        1483 1.0197 0.7529 0.7488 0.0000
6         M:cpu0
32        1483 0.5730 0.4081 0.4602 0.0000
5         M:cpu
32        1483 1.2329 0.8791 0.9873 0.0000
8         M:syslog
40        1483 1315.0000 950.9500 1017.4590 0.0000
8         M:ssh_in
32        1483 2.0000 1.8200 0.6000 0.0000
13        M:cfengine_in
32        1483 1.0000 0.9100 0.3000 0.0000
9         M:loadavg
32        1483 0.0527 0.0369 0.0441 0.0000
10        M:diskfree
35        1483 67.0000 60.9700 20.1000 0.0000
12        M:otherprocs
32        1483 6.0000 5.4600 1.8000 0.0000
11        M:rootprocs
36        1483 110.0000 99.8900 33.7000 0.0000
7         M:users
32        1483 6.0000 5.4600 1.8000 0.0000
3         MOY
15        M:entropy_avail
34        155 84.5000 59.1500 70.8474 0.0000
12        M:mem_cached
39        155 1058.9355 741.2549 1546.1225 0.0000
16        M:io_writtendata
31        155 0.0479 0.0335 0.0419 0.0000
11        M:io_writes
31        155 3.0000 2.1000 2.6458 0.0000
6         M:cpu3
31        155 0.0133 0.0093 0.0111 0.0000
6         M:cpu2
31        155 0.0866 0.0606 0.0949 0.0000
6         M:cpu1
31        155 0.0999 0.0699 0.1070 0.0000
6         M:cpu0
31        155 0.1432 0.1002 0.1206 0.0000
5         M:cpu
31        155 0.0849 0.0594 0.0710 0.0000
8         M:syslog
37        155 145.0000 101.5000 121.3157 0.0000
8         M:ssh_in
31        155 2.0000 1.4000 1.6733 0.0000
13        M:cfengine_in
31        155 1.0000 0.7000 0.8367 0.0000
9         M:loadavg
31        155 0.0039 0.0027 0.0034 0.0000
10        M:diskfree
34        155 73.5000 51.4500 61.5642 0.0000
12        M:otherprocs
31        155 6.0000 4.2000 5.0200 0.0000
11        M:rootprocs
35        155 109.5000 76.6500 91.6152 0.0000
7         M:users
31        155 6.0000 4.2000 5.0200 0.0000
# send QUERY complete successful
