# delta from 1679756123 to 1679756185 at 1679756185
22        CFR: 0 1679756184 1710
3         PRD
60        Packing reports: delta,0.037146,0.137984,0.129222,1679756124
83        Sample(/proc/sys/kernel/random/entropy_avail),0.004269,0.001823,0.001768,1679756128
3         EXS
16        f,295,1679755942
3         MOM
15        M:entropy_avail
32        1619 3.0000 2.1000 2.5100 0.0000
12        M:mem_cached
41        1619 1937.1719 1356.0203 1620.7543 0.0000
10        M:mem_free
39        1619 13418.0977 9392.6684 0.0000 0.0000
11        M:mem_total
40        1619 15817.1836 11072.0285 0.0000 0.0000
16        M:io_writtendata
32        1619 0.0352 0.0246 0.0294 0.0000
11        M:io_writes
32        1619 2.0000 1.4000 1.6733 0.0000
6         M:cpu3
32        1619 0.3133 0.2193 0.2621 0.0000
6         M:cpu2
32        1619 0.0200 0.0140 0.0167 0.0000
6         M:cpu1
32        1619 0.1466 0.1026 0.1226 0.0000
6         M:cpu0
32        1619 0.0266 0.0186 0.0223 0.0000
5         M:cpu
32        1619 0.1265 0.0886 0.1059 0.0000
8         M:syslog
38        1619 146.0000 102.2000 122.1524 0.0000
8         M:ssh_in
32        1619 2.0000 1.4000 1.6733 0.0000
13        M:cfengine_in
32        1619 1.0000 0.7000 0.8367 0.0000
9         M:loadavg
32        1619 0.0005 0.0003 0.0004 0.0000
10        M:diskfree
35        1619 64.0000 44.8000 53.5462 0.0000
12        M:otherprocs
32        1619 6.0000 4.2000 5.0200 0.0000
11        M:rootprocs
36        1619 109.0000 76.3000 91.1959 0.0000
7         M:users
32        1619 6.0000 4.2000 5.0200 0.0000
3         MOY
15        M:entropy_avail
34        155 84.5000 59.1500 70.8474 0.0000
12        M:mem_cached
39        155 1058.9355 741.2549 1546.1225 0.0000
16        M:io_writtendata
31        155 0.0479 0.0335 0.0419 0.0000
11        M:io_writes
31        155 3.0000 2.1000 2.6458 0.0000
6         M:cpu3
31        155 0.0133 0.0093 0.0111 0.0000
6         M:cpu2
31        155 0.0866 0.0606 0.0949 0.0000
6         M:cpu1
31        155 0.0999 0.0699 0.1070 0.0000
6         M:cpu0
31        155 0.1432 0.1002 0.1206 0.0000
5         M:cpu
31        155 0.0849 0.0594 0.0710 0.0000
8         M:syslog
37        155 145.0000 101.5000 121.3157 0.0000
8         M:ssh_in
31        155 2.0000 1.4000 1.6733 0.0000
13        M:cfengine_in
31        155 1.0000 0.7000 0.8367 0.0000
9         M:loadavg
31        155 0.0039 0.0027 0.0034 0.0000
10        M:diskfree
34        155 73.5000 51.4500 61.5642 0.0000
12        M:otherprocs
31        155 6.0000 4.2000 5.0200 0.0000
11        M:rootprocs
35        155 109.5000 76.6500 91.6152 0.0000
7         M:users
31        155 6.0000 4.2000 5.0200 0.0000
# send QUERY complete successful
