# delta from 1679687598 to 1679687659 at 1679687659
22        CFR: 0 1679687658 1712
3         PRD
60        Packing reports: delta,0.040937,0.134198,0.172200,1679687599
83        Sample(/proc/sys/kernel/random/entropy_avail),0.005566,0.003098,0.003444,1679687621
3         EXS
16        f,295,1679687539
3         MOM
15        M:entropy_avail
34        1390 1.0000 18.3400 61.8090 0.0000
12        M:mem_cached
40        1390 1523.7266 1386.2458 458.2691 0.0000
10        M:mem_free
40        1390 13859.4141 12611.9946 0.0000 0.0000
11        M:mem_total
40        1390 15817.1836 14393.6371 0.0000 0.0000
16        M:io_writtendata
32        1390 0.1309 0.0986 0.0913 0.0000
11        M:io_writes
32        1390 6.0000 4.6200 3.9563 0.0000
6         M:cpu3
32        1390 1.6741 1.1775 1.3851 0.0000
6         M:cpu2
32        1390 1.0352 0.7778 0.7273 0.0000
6         M:cpu1
32        1390 0.7198 0.5038 0.6022 0.0000
6         M:cpu0
32        1390 1.7355 1.2386 1.3867 0.0000
5         M:cpu
32        1390 1.2910 0.9240 1.0246 0.0000
8         M:syslog
38        1390 835.0000 614.9500 617.2769 0.0000
8         M:ssh_in
32        1390 2.0000 1.8200 0.6000 0.0000
13        M:cfengine_in
32        1390 1.0000 0.9100 0.3000 0.0000
9         M:loadavg
32        1390 0.0166 0.0116 0.0139 0.0000
10        M:diskfree
35        1390 69.0000 62.7900 20.7000 0.0000
12        M:otherprocs
32        1390 6.0000 5.4600 1.8000 0.0000
11        M:rootprocs
36        1390 109.0000 98.9800 33.4000 0.0000
7         M:users
32        1390 6.0000 5.4600 1.8000 0.0000
3         MOY
15        M:entropy_avail
34        155 84.5000 59.1500 70.8474 0.0000
12        M:mem_cached
39        155 1058.9355 741.2549 1546.1225 0.0000
16        M:io_writtendata
31        155 0.0479 0.0335 0.0419 0.0000
11        M:io_writes
31        155 3.0000 2.1000 2.6458 0.0000
6         M:cpu3
31        155 0.0133 0.0093 0.0111 0.0000
6         M:cpu2
31        155 0.0866 0.0606 0.0949 0.0000
6         M:cpu1
31        155 0.0999 0.0699 0.1070 0.0000
6         M:cpu0
31        155 0.1432 0.1002 0.1206 0.0000
5         M:cpu
31        155 0.0849 0.0594 0.0710 0.0000
8         M:syslog
37        155 145.0000 101.5000 121.3157 0.0000
8         M:ssh_in
31        155 2.0000 1.4000 1.6733 0.0000
13        M:cfengine_in
31        155 1.0000 0.7000 0.8367 0.0000
9         M:loadavg
31        155 0.0039 0.0027 0.0034 0.0000
10        M:diskfree
34        155 73.5000 51.4500 61.5642 0.0000
12        M:otherprocs
31        155 6.0000 4.2000 5.0200 0.0000
11        M:rootprocs
35        155 109.5000 76.6500 91.6152 0.0000
7         M:users
31        155 6.0000 4.2000 5.0200 0.0000
# send QUERY complete successful
