# delta from 1679681598 to 1679681659 at 1679681659
22        CFR: 0 1679681658 1757
3         PRD
60        Packing reports: delta,0.031008,0.096150,0.086722,1679681599
83        Sample(/proc/sys/kernel/random/entropy_avail),0.004920,0.002420,0.002655,1679681610
3         EXS
16        f,308,1679681574
3         MOM
15        M:entropy_avail
34        1370 2.0000 18.6200 59.6695 0.0000
12        M:mem_cached
40        1370 1489.9531 1355.5071 448.1535 0.0000
10        M:mem_free
38        1370 9729.4613 9729.4613 0.0000 0.0000
11        M:mem_total
40        1370 11072.0285 11072.0285 0.0000 0.0000
16        M:io_writtendata
32        1370 0.1768 0.1309 0.1288 0.0000
11        M:io_writes
33        1370 10.0000 7.4200 7.2534 0.0000
6         M:cpu3
32        1370 0.3400 0.2450 0.2654 0.0000
6         M:cpu2
32        1370 1.7011 1.1964 1.4077 0.0000
6         M:cpu1
32        1370 2.4556 1.7203 2.0506 0.0000
6         M:cpu0
32        1370 0.7139 0.5599 0.4490 0.0000
5         M:cpu
32        1370 1.2991 0.9279 1.0360 0.0000
8         M:syslog
38        1370 840.0000 618.4500 621.4361 0.0000
8         M:ssh_in
32        1370 2.0000 1.8200 0.6000 0.0000
14        M:cfengine_out
32        1370 1.0000 0.7000 0.8367 0.0000
13        M:cfengine_in
32        1370 1.0000 0.9100 0.3000 0.0000
9         M:loadavg
32        1370 0.0430 0.0303 0.0354 0.0000
10        M:diskfree
35        1370 70.0000 63.7000 21.0000 0.0000
12        M:otherprocs
32        1370 6.0000 5.4600 1.8000 0.0000
11        M:rootprocs
36        1370 110.0000 99.8900 33.7000 0.0000
7         M:users
32        1370 6.0000 5.4600 1.8000 0.0000
3         MOY
15        M:entropy_avail
34        155 84.5000 59.1500 70.8474 0.0000
12        M:mem_cached
39        155 1058.9355 741.2549 1546.1225 0.0000
16        M:io_writtendata
31        155 0.0479 0.0335 0.0419 0.0000
11        M:io_writes
31        155 3.0000 2.1000 2.6458 0.0000
6         M:cpu3
31        155 0.0133 0.0093 0.0111 0.0000
6         M:cpu2
31        155 0.0866 0.0606 0.0949 0.0000
6         M:cpu1
31        155 0.0999 0.0699 0.1070 0.0000
6         M:cpu0
31        155 0.1432 0.1002 0.1206 0.0000
5         M:cpu
31        155 0.0849 0.0594 0.0710 0.0000
8         M:syslog
37        155 145.0000 101.5000 121.3157 0.0000
8         M:ssh_in
31        155 2.0000 1.4000 1.6733 0.0000
13        M:cfengine_in
31        155 1.0000 0.7000 0.8367 0.0000
9         M:loadavg
31        155 0.0039 0.0027 0.0034 0.0000
10        M:diskfree
34        155 73.5000 51.4500 61.5642 0.0000
12        M:otherprocs
31        155 6.0000 4.2000 5.0200 0.0000
11        M:rootprocs
35        155 109.5000 76.6500 91.6152 0.0000
7         M:users
31        155 6.0000 4.2000 5.0200 0.0000
# send QUERY complete successful
