# delta from 1679716758 to 1679716819 at 1679716819
22        CFR: 0 1679716818 1711
3         PRD
60        Packing reports: delta,0.022643,0.051273,0.043893,1679716759
83        Sample(/proc/sys/kernel/random/entropy_avail),0.004314,0.001861,0.001653,1679716766
3         EXS
16        f,295,1679716660
3         MOM
15        M:entropy_avail
34        1487 7.0000 21.2800 53.5133 0.0000
12        M:mem_cached
40        1487 1714.7305 1560.0627 515.5594 0.0000
10        M:mem_free
38        1487 9555.0082 9555.0082 0.0000 0.0000
11        M:mem_total
40        1487 11072.0285 11072.0285 0.0000 0.0000
16        M:io_writtendata
32        1487 0.1582 0.1175 0.1144 0.0000
11        M:io_writes
32        1487 8.0000 6.0200 5.5975 0.0000
6         M:cpu3
32        1487 1.0739 0.7783 0.8264 0.0000
6         M:cpu2
32        1487 1.1333 0.7975 0.9365 0.0000
6         M:cpu1
32        1487 1.6657 1.1967 1.3095 0.0000
6         M:cpu0
32        1487 1.0190 0.7161 0.8448 0.0000
5         M:cpu
32        1487 1.2213 0.8714 0.9767 0.0000
8         M:syslog
38        1487 837.0000 616.3500 618.9406 0.0000
8         M:ssh_in
32        1487 2.0000 1.8200 0.6000 0.0000
13        M:cfengine_in
32        1487 1.0000 0.9100 0.3000 0.0000
9         M:loadavg
32        1487 0.0107 0.0075 0.0090 0.0000
10        M:diskfree
35        1487 67.0000 60.9700 20.1000 0.0000
12        M:otherprocs
32        1487 6.0000 5.4600 1.8000 0.0000
11        M:rootprocs
37        1487 110.0000 100.1000 33.0000 0.0000
7         M:users
32        1487 6.0000 5.4600 1.8000 0.0000
3         MOY
15        M:entropy_avail
34        155 84.5000 59.1500 70.8474 0.0000
12        M:mem_cached
39        155 1058.9355 741.2549 1546.1225 0.0000
16        M:io_writtendata
31        155 0.0479 0.0335 0.0419 0.0000
11        M:io_writes
31        155 3.0000 2.1000 2.6458 0.0000
6         M:cpu3
31        155 0.0133 0.0093 0.0111 0.0000
6         M:cpu2
31        155 0.0866 0.0606 0.0949 0.0000
6         M:cpu1
31        155 0.0999 0.0699 0.1070 0.0000
6         M:cpu0
31        155 0.1432 0.1002 0.1206 0.0000
5         M:cpu
31        155 0.0849 0.0594 0.0710 0.0000
8         M:syslog
37        155 145.0000 101.5000 121.3157 0.0000
8         M:ssh_in
31        155 2.0000 1.4000 1.6733 0.0000
13        M:cfengine_in
31        155 1.0000 0.7000 0.8367 0.0000
9         M:loadavg
31        155 0.0039 0.0027 0.0034 0.0000
10        M:diskfree
34        155 73.5000 51.4500 61.5642 0.0000
12        M:otherprocs
31        155 6.0000 4.2000 5.0200 0.0000
11        M:rootprocs
35        155 109.5000 76.6500 91.6152 0.0000
7         M:users
31        155 6.0000 4.2000 5.0200 0.0000
# send QUERY complete successful
