# delta from 1679720958 to 1679721019 at 1679721020
22        CFR: 1 1679721019 1716
3         PRD
60        Packing reports: delta,0.032472,0.078798,0.110011,1679720959
83        Sample(/proc/sys/kernel/random/entropy_avail),0.006513,0.004242,0.002255,1679720973
3         EXS
16        f,295,1679720855
3         MOM
15        M:entropy_avail
34        1501 1.0000 18.3400 61.8090 0.0000
12        M:mem_cached
40        1501 1738.4766 1581.6659 522.7023 0.0000
10        M:mem_free
40        1501 13611.1289 12388.9082 0.0000 0.0000
11        M:mem_total
40        1501 15817.1836 14393.6371 0.0000 0.0000
16        M:io_writtendata
32        1501 0.1787 0.1319 0.1315 0.0000
11        M:io_writes
33        1501 10.0000 7.4200 7.2534 0.0000
6         M:cpu3
32        1501 1.5073 1.0845 1.1809 0.0000
6         M:cpu2
32        1501 2.2818 1.6322 1.8133 0.0000
6         M:cpu1
32        1501 0.5666 0.3980 0.4701 0.0000
6         M:cpu0
32        1501 0.7127 0.5031 0.5846 0.0000
5         M:cpu
32        1501 1.2683 0.9049 1.0141 0.0000
8         M:syslog
41        1501 1562.0000 1123.8500 1223.7473 0.0000
8         M:ssh_in
32        1501 2.0000 1.8200 0.6000 0.0000
13        M:cfengine_in
32        1501 1.0000 0.9100 0.3000 0.0000
9         M:loadavg
32        1501 0.0078 0.0055 0.0065 0.0000
10        M:diskfree
35        1501 66.0000 60.0600 19.8000 0.0000
12        M:otherprocs
32        1501 6.0000 5.4600 1.8000 0.0000
11        M:rootprocs
36        1501 109.0000 99.1900 32.7000 0.0000
7         M:users
32        1501 6.0000 5.4600 1.8000 0.0000
3         MOY
15        M:entropy_avail
34        155 84.5000 59.1500 70.8474 0.0000
12        M:mem_cached
39        155 1058.9355 741.2549 1546.1225 0.0000
16        M:io_writtendata
31        155 0.0479 0.0335 0.0419 0.0000
11        M:io_writes
31        155 3.0000 2.1000 2.6458 0.0000
6         M:cpu3
31        155 0.0133 0.0093 0.0111 0.0000
6         M:cpu2
31        155 0.0866 0.0606 0.0949 0.0000
6         M:cpu1
31        155 0.0999 0.0699 0.1070 0.0000
6         M:cpu0
31        155 0.1432 0.1002 0.1206 0.0000
5         M:cpu
31        155 0.0849 0.0594 0.0710 0.0000
8         M:syslog
37        155 145.0000 101.5000 121.3157 0.0000
8         M:ssh_in
31        155 2.0000 1.4000 1.6733 0.0000
13        M:cfengine_in
31        155 1.0000 0.7000 0.8367 0.0000
9         M:loadavg
31        155 0.0039 0.0027 0.0034 0.0000
10        M:diskfree
34        155 73.5000 51.4500 61.5642 0.0000
12        M:otherprocs
31        155 6.0000 4.2000 5.0200 0.0000
11        M:rootprocs
35        155 109.5000 76.6500 91.6152 0.0000
7         M:users
31        155 6.0000 4.2000 5.0200 0.0000
# send QUERY complete successful
