# delta from 1679671758 to 1679671819 at 1679671819
22        CFR: 0 1679671818 1671
3         PRD
60        Packing reports: delta,0.058885,0.065677,0.047226,1679671759
3         EXS
16        f,296,1679671651
3         MOM
15        M:entropy_avail
34        1337 3.0000 19.9500 61.2521 0.0000
12        M:mem_cached
38        1337 893.5664 812.8436 269.0762 0.0000
10        M:mem_free
40        1337 14530.8672 13223.0260 0.0000 0.0000
11        M:mem_total
40        1337 15817.1836 14393.6371 0.0000 0.0000
16        M:io_writtendata
32        1337 0.1367 0.1043 0.0923 0.0000
11        M:io_writes
32        1337 8.0000 6.0200 5.5975 0.0000
6         M:cpu3
32        1337 0.5536 0.4169 0.3866 0.0000
6         M:cpu2
32        1337 0.4072 0.3116 0.2728 0.0000
6         M:cpu1
32        1337 1.3837 0.9994 1.0739 0.0000
6         M:cpu0
32        1337 2.7018 1.8996 2.2372 0.0000
5         M:cpu
32        1337 1.2581 0.9045 0.9877 0.0000
8         M:syslog
38        1337 838.0000 617.0500 619.7724 0.0000
8         M:ssh_in
32        1337 2.0000 1.8200 0.6000 0.0000
14        M:cfengine_out
32        1337 1.0000 0.7000 0.8367 0.0000
13        M:cfengine_in
32        1337 1.0000 0.9100 0.3000 0.0000
9         M:loadavg
32        1337 0.0391 0.0283 0.0302 0.0000
10        M:diskfree
35        1337 74.0000 67.3400 22.2000 0.0000
12        M:otherprocs
32        1337 6.0000 5.4600 1.8000 0.0000
11        M:rootprocs
36        1337 110.0000 99.8900 33.7000 0.0000
7         M:users
32        1337 6.0000 5.4600 1.8000 0.0000
3         MOY
15        M:entropy_avail
34        155 84.0000 58.8000 70.4038 0.0000
12        M:mem_cached
37        155 768.7441 538.1209 650.8247 0.0000
16        M:io_writtendata
31        155 0.0483 0.0338 0.0424 0.0000
11        M:io_writes
31        155 2.0000 1.4000 1.6733 0.0000
6         M:cpu3
31        155 0.0999 0.0699 0.1106 0.0000
6         M:cpu2
31        155 0.0933 0.0653 0.0959 0.0000
6         M:cpu1
31        155 0.1600 0.1120 0.1779 0.0000
6         M:cpu0
31        155 0.0966 0.0676 0.0966 0.0000
5         M:cpu
31        155 0.1115 0.0781 0.0956 0.0000
8         M:syslog
37        155 145.0000 101.5000 121.3157 0.0000
8         M:ssh_in
31        155 2.0000 1.4000 1.6733 0.0000
13        M:cfengine_in
31        155 1.0000 0.7000 0.8367 0.0000
9         M:loadavg
31        155 0.0071 0.0050 0.0069 0.0000
10        M:diskfree
34        155 75.5000 52.8500 63.1803 0.0000
12        M:otherprocs
31        155 6.0000 4.2000 5.0200 0.0000
11        M:rootprocs
35        155 109.5000 76.6500 91.6152 0.0000
7         M:users
31        155 6.0000 4.2000 5.0200 0.0000
# send QUERY complete successful
