# delta from 1679737098 to 1679737159 at 1679737159
22        CFR: 0 1679737158 1679
3         PRD
60        Packing reports: delta,0.022559,0.050892,0.058542,1679737099
3         EXS
16        f,294,1679737039
3         MOM
15        M:entropy_avail
35        1555 89.0000 62.3000 74.4627 0.0000
12        M:mem_cached
41        1555 1830.8945 1281.6262 1531.8363 0.0000
10        M:mem_free
39        1555 13528.8359 9470.1852 0.0000 0.0000
11        M:mem_total
40        1555 15817.1836 11072.0285 0.0000 0.0000
16        M:io_writtendata
32        1555 0.1426 0.0998 0.1193 0.0000
11        M:io_writes
32        1555 8.0000 5.6000 6.6933 0.0000
6         M:cpu3
32        1555 1.9451 1.3616 1.6274 0.0000
6         M:cpu2
32        1555 0.6268 0.4388 0.5244 0.0000
6         M:cpu1
32        1555 0.5729 0.4010 0.4793 0.0000
6         M:cpu0
32        1555 1.6792 1.1755 1.4049 0.0000
5         M:cpu
32        1555 1.2045 0.8431 1.0078 0.0000
8         M:syslog
41        1555 1953.0000 1367.1000 1633.9970 0.0000
8         M:ssh_in
32        1555 2.0000 1.4000 1.6733 0.0000
14        M:cfengine_out
32        1555 1.0000 0.7000 0.8367 0.0000
13        M:cfengine_in
32        1555 1.0000 0.7000 0.8367 0.0000
9         M:loadavg
32        1555 0.0669 0.0468 0.0560 0.0000
10        M:diskfree
35        1555 65.0000 45.5000 54.3829 0.0000
12        M:otherprocs
32        1555 6.0000 4.2000 5.0200 0.0000
11        M:rootprocs
36        1555 111.0000 77.7000 92.8693 0.0000
7         M:users
32        1555 6.0000 4.2000 5.0200 0.0000
3         MOY
15        M:entropy_avail
34        155 84.5000 59.1500 70.8474 0.0000
12        M:mem_cached
39        155 1058.9355 741.2549 1546.1225 0.0000
16        M:io_writtendata
31        155 0.0479 0.0335 0.0419 0.0000
11        M:io_writes
31        155 3.0000 2.1000 2.6458 0.0000
6         M:cpu3
31        155 0.0133 0.0093 0.0111 0.0000
6         M:cpu2
31        155 0.0866 0.0606 0.0949 0.0000
6         M:cpu1
31        155 0.0999 0.0699 0.1070 0.0000
6         M:cpu0
31        155 0.1432 0.1002 0.1206 0.0000
5         M:cpu
31        155 0.0849 0.0594 0.0710 0.0000
8         M:syslog
37        155 145.0000 101.5000 121.3157 0.0000
8         M:ssh_in
31        155 2.0000 1.4000 1.6733 0.0000
13        M:cfengine_in
31        155 1.0000 0.7000 0.8367 0.0000
9         M:loadavg
31        155 0.0039 0.0027 0.0034 0.0000
10        M:diskfree
34        155 73.5000 51.4500 61.5642 0.0000
12        M:otherprocs
31        155 6.0000 4.2000 5.0200 0.0000
11        M:rootprocs
35        155 109.5000 76.6500 91.6152 0.0000
7         M:users
31        155 6.0000 4.2000 5.0200 0.0000
# send QUERY complete successful
