# delta from 1679667978 to 1679668039 at 1679668039
22        CFR: 0 1679668038 1734
3         PRD
108       CFEngine Execution (policy filename: '/var/cfengine/inputs/update.cf'),0.160649,0.507557,0.424378,1679668038
60        Packing reports: delta,0.068108,0.181665,0.123346,1679667979
3         EXS
16        f,295,1679667752
3         MOM
15        M:entropy_avail
35        1325 87.0000 60.9000 72.7894 0.0000
12        M:mem_cached
38        1325 874.2148 611.9504 731.4206 0.0000
10        M:mem_free
40        1325 14548.0000 10183.6000 0.0000 0.0000
11        M:mem_total
40        1325 15817.1836 11072.0285 0.0000 0.0000
16        M:io_writtendata
32        1325 0.0586 0.0410 0.0490 0.0000
11        M:io_writes
32        1325 2.0000 1.4000 1.6733 0.0000
6         M:cpu3
32        1325 0.2462 0.1723 0.2060 0.0000
6         M:cpu2
32        1325 0.0932 0.0652 0.0779 0.0000
6         M:cpu1
32        1325 0.1398 0.0978 0.1169 0.0000
6         M:cpu0
32        1325 0.0665 0.0466 0.0556 0.0000
5         M:cpu
32        1325 0.1347 0.0943 0.1127 0.0000
8         M:syslog
38        1325 145.0000 101.5000 121.3157 0.0000
8         M:ssh_in
32        1325 2.0000 1.4000 1.6733 0.0000
13        M:cfengine_in
32        1325 1.0000 0.7000 0.8367 0.0000
9         M:loadavg
32        1325 0.0723 0.0506 0.0605 0.0000
10        M:diskfree
35        1325 74.0000 51.8000 61.9128 0.0000
12        M:otherprocs
32        1325 6.0000 4.2000 5.0200 0.0000
11        M:rootprocs
36        1325 109.0000 76.3000 91.1959 0.0000
7         M:users
32        1325 6.0000 4.2000 5.0200 0.0000
3         MOY
15        M:entropy_avail
34        155 82.5000 57.7500 69.0865 0.0000
12        M:mem_cached
37        155 759.8086 531.8660 642.3242 0.0000
16        M:io_writtendata
31        155 0.0537 0.0376 0.0481 0.0000
11        M:io_writes
31        155 3.0000 2.1000 2.6458 0.0000
6         M:cpu3
31        155 0.1100 0.0770 0.1225 0.0000
6         M:cpu2
31        155 0.0966 0.0676 0.0966 0.0000
6         M:cpu1
31        155 0.1401 0.0981 0.1544 0.0000
6         M:cpu0
31        155 0.0833 0.0583 0.0947 0.0000
5         M:cpu
31        155 0.1066 0.0746 0.0907 0.0000
8         M:syslog
37        155 145.0000 101.5000 121.3157 0.0000
8         M:ssh_in
31        155 2.0000 1.4000 1.6733 0.0000
13        M:cfengine_in
31        155 1.0000 0.7000 0.8367 0.0000
9         M:loadavg
31        155 0.0027 0.0019 0.0023 0.0000
10        M:diskfree
34        155 76.0000 53.2000 63.5917 0.0000
12        M:otherprocs
31        155 6.0000 4.2000 5.0200 0.0000
11        M:rootprocs
35        155 109.5000 76.6500 91.6152 0.0000
7         M:users
31        155 6.0000 4.2000 5.0200 0.0000
# send QUERY complete successful
