# delta from 1679664258 to 1679664319 at 1679664319
22        CFR: 0 1679664318 1675
3         PRD
60        Packing reports: delta,0.050440,0.213947,0.238091,1679664259
3         EXS
16        f,293,1679664147
3         MOM
15        M:entropy_avail
34        1312 1.0000 18.5500 62.5526 0.0000
12        M:mem_cached
38        1312 856.6641 779.2312 258.1094 0.0000
10        M:mem_free
40        1312 14581.9492 13269.8125 0.0000 0.0000
11        M:mem_total
40        1312 15817.1836 14393.6371 0.0000 0.0000
16        M:io_writtendata
32        1312 0.1631 0.1308 0.0971 0.0000
11        M:io_writes
33        1312 10.0000 7.4200 7.2534 0.0000
6         M:cpu3
32        1312 2.3722 1.6634 1.9770 0.0000
6         M:cpu2
32        1312 0.7741 0.6443 0.4255 0.0000
6         M:cpu1
32        1312 1.2596 0.9139 0.9667 0.0000
6         M:cpu0
32        1312 0.6262 0.4397 0.5200 0.0000
5         M:cpu
32        1312 1.2598 0.9161 0.9613 0.0000
8         M:syslog
41        1312 1796.0000 1287.6500 1419.2767 0.0000
8         M:ssh_in
32        1312 2.0000 1.8200 0.6000 0.0000
14        M:cfengine_out
32        1312 1.0000 0.7000 0.8367 0.0000
13        M:cfengine_in
32        1312 1.0000 0.9100 0.3000 0.0000
9         M:loadavg
32        1312 0.1001 0.0704 0.0829 0.0000
10        M:diskfree
35        1312 75.0000 68.2500 22.5000 0.0000
12        M:otherprocs
32        1312 6.0000 5.4600 1.8000 0.0000
11        M:rootprocs
36        1312 110.0000 99.8900 33.7000 0.0000
7         M:users
32        1312 6.0000 5.4600 1.8000 0.0000
3         MOY
15        M:entropy_avail
34        155 86.5000 60.5500 72.6426 0.0000
12        M:mem_cached
37        155 751.0039 525.7027 634.0092 0.0000
16        M:io_writtendata
31        155 0.0562 0.0393 0.0508 0.0000
11        M:io_writes
31        155 2.0000 1.4000 1.6733 0.0000
6         M:cpu3
31        155 0.1333 0.0933 0.1500 0.0000
6         M:cpu2
31        155 0.0899 0.0629 0.0953 0.0000
6         M:cpu1
31        155 0.1869 0.1308 0.2097 0.0000
6         M:cpu0
31        155 0.0899 0.0629 0.0953 0.0000
5         M:cpu
31        155 0.1232 0.0863 0.1076 0.0000
8         M:syslog
37        155 145.0000 101.5000 121.3157 0.0000
8         M:ssh_in
31        155 2.0000 1.4000 1.6733 0.0000
13        M:cfengine_in
31        155 1.0000 0.7000 0.8367 0.0000
9         M:loadavg
31        155 0.0054 0.0038 0.0049 0.0000
10        M:diskfree
34        155 76.0000 53.2000 63.5917 0.0000
12        M:otherprocs
31        155 6.0000 4.2000 5.0200 0.0000
11        M:rootprocs
35        155 109.0000 76.3000 91.1998 0.0000
7         M:users
31        155 6.0000 4.2000 5.0200 0.0000
# send QUERY complete successful
