# delta from 1679724259 to 1679724319 at 1679724319
22        CFR: 0 1679724318 1760
3         PRD
60        Packing reports: delta,0.028563,0.081586,0.085161,1679724260
83        Sample(/proc/sys/kernel/random/entropy_avail),0.005733,0.003286,0.002465,1679724279
3         EXS
16        f,296,1679724163
3         MOM
15        M:entropy_avail
34        1512 6.0000 22.2600 60.0792 0.0000
12        M:mem_cached
40        1512 1757.5469 1599.0248 528.4070 0.0000
10        M:mem_free
40        1512 13601.6875 12377.5832 0.0000 0.0000
11        M:mem_total
40        1512 15817.1836 14393.6371 0.0000 0.0000
16        M:io_writtendata
32        1512 0.1504 0.2382 0.2926 0.0000
13        M:io_readdata
32        1512 0.0000 0.0018 0.0065 0.0000
11        M:io_writes
32        1512 8.0000 6.8600 4.2033 0.0000
6         M:cpu3
32        1512 1.2558 0.9490 0.8691 0.0000
6         M:cpu2
32        1512 0.8604 1.4368 1.9215 0.0000
6         M:cpu1
32        1512 1.6132 1.5678 0.1516 0.0000
6         M:cpu0
33        1512 1.4934 7.4014 21.5371 0.0000
5         M:cpu
32        1512 1.3074 2.8403 5.1097 0.0000
8         M:syslog
39        1512 1079.0000 866.1800 640.9512 0.0000
8         M:ssh_in
32        1512 2.0000 1.8200 0.6000 0.0000
13        M:cfengine_in
32        1512 1.0000 0.9100 0.3000 0.0000
9         M:loadavg
32        1512 0.0288 0.0707 0.1397 0.0000
10        M:diskfree
35        1512 66.0000 60.0600 19.8000 0.0000
12        M:otherprocs
32        1512 6.0000 5.4600 1.8000 0.0000
11        M:rootprocs
37        1512 111.0000 101.0100 33.3000 0.0000
7         M:users
32        1512 6.0000 5.4600 1.8000 0.0000
3         MOY
15        M:entropy_avail
34        155 84.5000 59.1500 70.8474 0.0000
12        M:mem_cached
39        155 1058.9355 741.2549 1546.1225 0.0000
16        M:io_writtendata
31        155 0.0479 0.0335 0.0419 0.0000
11        M:io_writes
31        155 3.0000 2.1000 2.6458 0.0000
6         M:cpu3
31        155 0.0133 0.0093 0.0111 0.0000
6         M:cpu2
31        155 0.0866 0.0606 0.0949 0.0000
6         M:cpu1
31        155 0.0999 0.0699 0.1070 0.0000
6         M:cpu0
31        155 0.1432 0.1002 0.1206 0.0000
5         M:cpu
31        155 0.0849 0.0594 0.0710 0.0000
8         M:syslog
37        155 145.0000 101.5000 121.3157 0.0000
8         M:ssh_in
31        155 2.0000 1.4000 1.6733 0.0000
13        M:cfengine_in
31        155 1.0000 0.7000 0.8367 0.0000
9         M:loadavg
31        155 0.0039 0.0027 0.0034 0.0000
10        M:diskfree
34        155 73.5000 51.4500 61.5642 0.0000
12        M:otherprocs
31        155 6.0000 4.2000 5.0200 0.0000
11        M:rootprocs
35        155 109.5000 76.6500 91.6152 0.0000
7         M:users
31        155 6.0000 4.2000 5.0200 0.0000
# send QUERY complete successful
