# delta from 1679677698 to 1679677759 at 1679677759
22        CFR: 0 1679677758 1756
3         PRD
60        Packing reports: delta,0.032271,0.083457,0.058469,1679677699
83        Sample(/proc/sys/kernel/random/entropy_avail),0.005426,0.002944,0.002833,1679677703
3         EXS
16        f,306,1679677674
3         MOM
15        M:entropy_avail
34        1357 5.0000 19.6700 54.0272 0.0000
12        M:mem_cached
40        1357 1468.0508 1335.5784 441.5746 0.0000
10        M:mem_free
38        1357 9750.6555 9750.6555 0.0000 0.0000
11        M:mem_total
40        1357 11072.0285 11072.0285 0.0000 0.0000
16        M:io_writtendata
32        1357 0.1055 0.0861 0.0602 0.0000
11        M:io_writes
32        1357 4.0000 3.2200 2.3605 0.0000
6         M:cpu3
32        1357 2.2870 1.6541 1.7689 0.0000
6         M:cpu2
32        1357 0.3599 0.2575 0.2858 0.0000
6         M:cpu1
32        1357 1.6722 1.1789 1.3758 0.0000
6         M:cpu0
32        1357 0.7000 0.4970 0.5663 0.0000
5         M:cpu
32        1357 1.2531 0.8957 0.9975 0.0000
8         M:syslog
38        1357 840.0000 618.4500 621.4361 0.0000
8         M:ssh_in
32        1357 2.0000 1.8200 0.6000 0.0000
14        M:cfengine_out
32        1357 1.0000 0.7000 0.8367 0.0000
13        M:cfengine_in
32        1357 1.0000 0.9100 0.3000 0.0000
9         M:loadavg
32        1357 0.0918 0.0668 0.0699 0.0000
10        M:diskfree
35        1357 70.0000 63.7000 21.0000 0.0000
12        M:otherprocs
32        1357 6.0000 5.4600 1.8000 0.0000
11        M:rootprocs
36        1357 109.0000 99.1900 32.7000 0.0000
7         M:users
32        1357 6.0000 5.4600 1.8000 0.0000
3         MOY
15        M:entropy_avail
34        155 82.5000 57.7500 69.0865 0.0000
12        M:mem_cached
39        155 1049.0156 734.3109 1532.5382 0.0000
16        M:io_writtendata
31        155 0.0479 0.0335 0.0419 0.0000
11        M:io_writes
31        155 3.0000 2.1000 2.6458 0.0000
6         M:cpu3
31        155 0.0233 0.0163 0.0212 0.0000
6         M:cpu2
31        155 0.1966 0.1376 0.1673 0.0000
6         M:cpu1
31        155 0.0166 0.0116 0.0142 0.0000
6         M:cpu0
31        155 0.1798 0.1259 0.1514 0.0000
5         M:cpu
31        155 0.1049 0.0734 0.0891 0.0000
8         M:syslog
37        155 145.0000 101.5000 121.3157 0.0000
8         M:ssh_in
31        155 2.0000 1.4000 1.6733 0.0000
13        M:cfengine_in
31        155 1.0000 0.7000 0.8367 0.0000
9         M:loadavg
31        155 0.0042 0.0029 0.0036 0.0000
10        M:diskfree
34        155 73.5000 51.4500 61.5642 0.0000
12        M:otherprocs
31        155 6.0000 4.2000 5.0200 0.0000
11        M:rootprocs
35        155 109.5000 76.6500 91.6152 0.0000
7         M:users
31        155 6.0000 4.2000 5.0200 0.0000
# send QUERY complete successful
