# delta from 1679750903 to 1679750964 at 1679750964
22        CFR: 0 1679750963 1678
3         PRD
60        Packing reports: delta,0.032929,0.108430,0.103966,1679750904
3         EXS
16        f,294,1679750862
3         MOM
15        M:entropy_avail
35        1601 88.0000 62.6500 70.7349 0.0000
12        M:mem_cached
40        1601 1908.7930 1736.6554 573.7918 0.0000
10        M:mem_free
40        1601 13432.7188 12225.8265 0.0000 0.0000
11        M:mem_total
40        1601 15817.1836 14393.6371 0.0000 0.0000
16        M:io_writtendata
32        1601 0.1416 0.1196 0.0759 0.0000
11        M:io_writes
32        1601 8.0000 6.8600 4.2033 0.0000
6         M:cpu3
32        1601 0.4330 0.3381 0.2756 0.0000
6         M:cpu2
32        1601 1.4276 1.0595 1.0350 0.0000
6         M:cpu1
32        1601 0.3595 0.2852 0.2198 0.0000
6         M:cpu0
32        1601 2.7034 1.9735 2.0433 0.0000
5         M:cpu
32        1601 1.2309 0.9141 0.8910 0.0000
8         M:syslog
40        1601 1325.0000 1019.4800 875.3766 0.0000
8         M:ssh_in
32        1601 2.0000 1.8200 0.6000 0.0000
14        M:cfengine_out
32        1601 1.0000 0.7000 0.8367 0.0000
13        M:cfengine_in
32        1601 1.0000 0.9100 0.3000 0.0000
9         M:loadavg
32        1601 0.1411 0.1008 0.1124 0.0000
10        M:diskfree
35        1601 64.0000 58.2400 19.2000 0.0000
12        M:otherprocs
32        1601 6.0000 5.4600 1.8000 0.0000
11        M:rootprocs
36        1601 110.0000 99.8900 33.7000 0.0000
7         M:users
32        1601 6.0000 5.4600 1.8000 0.0000
3         MOY
15        M:entropy_avail
34        155 84.5000 59.1500 70.8474 0.0000
12        M:mem_cached
39        155 1058.9355 741.2549 1546.1225 0.0000
16        M:io_writtendata
31        155 0.0479 0.0335 0.0419 0.0000
11        M:io_writes
31        155 3.0000 2.1000 2.6458 0.0000
6         M:cpu3
31        155 0.0133 0.0093 0.0111 0.0000
6         M:cpu2
31        155 0.0866 0.0606 0.0949 0.0000
6         M:cpu1
31        155 0.0999 0.0699 0.1070 0.0000
6         M:cpu0
31        155 0.1432 0.1002 0.1206 0.0000
5         M:cpu
31        155 0.0849 0.0594 0.0710 0.0000
8         M:syslog
37        155 145.0000 101.5000 121.3157 0.0000
8         M:ssh_in
31        155 2.0000 1.4000 1.6733 0.0000
13        M:cfengine_in
31        155 1.0000 0.7000 0.8367 0.0000
9         M:loadavg
31        155 0.0039 0.0027 0.0034 0.0000
10        M:diskfree
34        155 73.5000 51.4500 61.5642 0.0000
12        M:otherprocs
31        155 6.0000 4.2000 5.0200 0.0000
11        M:rootprocs
35        155 109.5000 76.6500 91.6152 0.0000
7         M:users
31        155 6.0000 4.2000 5.0200 0.0000
# send QUERY complete successful
