# delta from 1679748078 to 1679748139 at 1679748139
22        CFR: 0 1679748138 1735
3         PRD
108       CFEngine Execution (policy filename: '/var/cfengine/inputs/update.cf'),0.030735,0.322590,0.326267,1679748138
60        Packing reports: delta,0.030147,0.090883,0.086821,1679748079
3         EXS
16        f,295,1679747849
3         MOM
15        M:entropy_avail
32        1592 7.0000 4.9000 5.8566 0.0000
12        M:mem_cached
41        1592 1891.8867 1324.3207 1582.8660 0.0000
10        M:mem_free
39        1592 13456.7891 9419.7523 0.0000 0.0000
11        M:mem_total
40        1592 15817.1836 11072.0285 0.0000 0.0000
16        M:io_writtendata
32        1592 0.0596 0.0417 0.0498 0.0000
11        M:io_writes
32        1592 2.0000 1.4000 1.6733 0.0000
6         M:cpu3
32        1592 0.0133 0.0093 0.0111 0.0000
6         M:cpu2
32        1592 0.1332 0.0932 0.1114 0.0000
6         M:cpu1
32        1592 0.0733 0.0513 0.0613 0.0000
6         M:cpu0
32        1592 0.1332 0.0932 0.1114 0.0000
5         M:cpu
32        1592 0.0882 0.0618 0.0738 0.0000
8         M:syslog
38        1592 146.0000 102.2000 122.1524 0.0000
8         M:ssh_in
32        1592 2.0000 1.4000 1.6733 0.0000
13        M:cfengine_in
32        1592 1.0000 0.7000 0.8367 0.0000
9         M:loadavg
32        1592 0.0068 0.0048 0.0057 0.0000
10        M:diskfree
35        1592 64.0000 44.8000 53.5462 0.0000
12        M:otherprocs
32        1592 6.0000 4.2000 5.0200 0.0000
11        M:rootprocs
36        1592 109.0000 76.3000 91.1959 0.0000
7         M:users
32        1592 6.0000 4.2000 5.0200 0.0000
3         MOY
15        M:entropy_avail
34        155 84.5000 59.1500 70.8474 0.0000
12        M:mem_cached
39        155 1058.9355 741.2549 1546.1225 0.0000
16        M:io_writtendata
31        155 0.0479 0.0335 0.0419 0.0000
11        M:io_writes
31        155 3.0000 2.1000 2.6458 0.0000
6         M:cpu3
31        155 0.0133 0.0093 0.0111 0.0000
6         M:cpu2
31        155 0.0866 0.0606 0.0949 0.0000
6         M:cpu1
31        155 0.0999 0.0699 0.1070 0.0000
6         M:cpu0
31        155 0.1432 0.1002 0.1206 0.0000
5         M:cpu
31        155 0.0849 0.0594 0.0710 0.0000
8         M:syslog
37        155 145.0000 101.5000 121.3157 0.0000
8         M:ssh_in
31        155 2.0000 1.4000 1.6733 0.0000
13        M:cfengine_in
31        155 1.0000 0.7000 0.8367 0.0000
9         M:loadavg
31        155 0.0039 0.0027 0.0034 0.0000
10        M:diskfree
34        155 73.5000 51.4500 61.5642 0.0000
12        M:otherprocs
31        155 6.0000 4.2000 5.0200 0.0000
11        M:rootprocs
35        155 109.5000 76.6500 91.6152 0.0000
7         M:users
31        155 6.0000 4.2000 5.0200 0.0000
# send QUERY complete successful
