# delta from 1679710098 to 1679710159 at 1679710159
22        CFR: 0 1679710158 1713
3         PRD
60        Packing reports: delta,0.031984,0.102298,0.100112,1679710099
83        Sample(/proc/sys/kernel/random/entropy_avail),0.004466,0.001995,0.002029,1679710157
3         EXS
16        f,295,1679710044
3         MOM
15        M:entropy_avail
34        1465 7.0000 23.1700 60.1925 0.0000
12        M:mem_cached
40        1465 1677.8125 1526.4558 504.5223 0.0000
10        M:mem_free
38        1465 9580.6047 9580.6047 0.0000 0.0000
11        M:mem_total
40        1465 11072.0285 11072.0285 0.0000 0.0000
16        M:io_writtendata
32        1465 0.1572 0.1179 0.1111 0.0000
11        M:io_writes
32        1465 8.0000 6.0200 5.5975 0.0000
6         M:cpu3
32        1465 1.0784 0.7969 0.7906 0.0000
6         M:cpu2
32        1465 1.1533 0.8115 0.9533 0.0000
6         M:cpu1
32        1465 1.6911 1.2117 1.3382 0.0000
6         M:cpu0
32        1465 0.8924 0.6485 0.6823 0.0000
5         M:cpu
32        1465 1.2022 0.8667 0.9373 0.0000
8         M:syslog
41        1465 1561.0000 1123.1500 1222.9119 0.0000
8         M:ssh_in
32        1465 2.0000 1.8200 0.6000 0.0000
13        M:cfengine_in
32        1465 1.0000 0.9100 0.3000 0.0000
9         M:loadavg
32        1465 0.0225 0.0166 0.0163 0.0000
10        M:diskfree
35        1465 67.0000 60.9700 20.1000 0.0000
12        M:otherprocs
32        1465 6.0000 5.4600 1.8000 0.0000
11        M:rootprocs
36        1465 109.0000 99.4000 32.0000 0.0000
7         M:users
32        1465 6.0000 5.4600 1.8000 0.0000
3         MOY
15        M:entropy_avail
34        155 84.5000 59.1500 70.8474 0.0000
12        M:mem_cached
39        155 1058.9355 741.2549 1546.1225 0.0000
16        M:io_writtendata
31        155 0.0479 0.0335 0.0419 0.0000
11        M:io_writes
31        155 3.0000 2.1000 2.6458 0.0000
6         M:cpu3
31        155 0.0133 0.0093 0.0111 0.0000
6         M:cpu2
31        155 0.0866 0.0606 0.0949 0.0000
6         M:cpu1
31        155 0.0999 0.0699 0.1070 0.0000
6         M:cpu0
31        155 0.1432 0.1002 0.1206 0.0000
5         M:cpu
31        155 0.0849 0.0594 0.0710 0.0000
8         M:syslog
37        155 145.0000 101.5000 121.3157 0.0000
8         M:ssh_in
31        155 2.0000 1.4000 1.6733 0.0000
13        M:cfengine_in
31        155 1.0000 0.7000 0.8367 0.0000
9         M:loadavg
31        155 0.0039 0.0027 0.0034 0.0000
10        M:diskfree
34        155 73.5000 51.4500 61.5642 0.0000
12        M:otherprocs
31        155 6.0000 4.2000 5.0200 0.0000
11        M:rootprocs
35        155 109.5000 76.6500 91.6152 0.0000
7         M:users
31        155 6.0000 4.2000 5.0200 0.0000
# send QUERY complete successful
