# delta from 1679755763 to 1679755824 at 1679755824
22        CFR: 0 1679755823 1677
3         PRD
60        Packing reports: delta,0.034554,0.119400,0.112583,1679755764
3         EXS
16        f,295,1679755647
3         MOM
15        M:entropy_avail
35        1617 86.0000 61.4600 68.4940 0.0000
12        M:mem_cached
40        1617 1935.3789 1760.8503 581.7621 0.0000
10        M:mem_free
40        1617 13409.4141 12204.4199 0.0000 0.0000
11        M:mem_total
40        1617 15817.1836 14393.6371 0.0000 0.0000
16        M:io_writtendata
32        1617 0.1611 0.1206 0.1144 0.0000
11        M:io_writes
33        1617 10.0000 7.4200 7.2534 0.0000
6         M:cpu3
32        1617 0.7465 0.5463 0.5607 0.0000
6         M:cpu2
32        1617 0.8264 0.5841 0.6760 0.0000
6         M:cpu1
32        1617 2.3859 1.7191 1.8626 0.0000
6         M:cpu0
32        1617 0.8795 0.6422 0.6643 0.0000
5         M:cpu
32        1617 1.2112 0.8741 0.9420 0.0000
8         M:syslog
38        1617 845.0000 622.1600 625.0621 0.0000
8         M:ssh_in
32        1617 2.0000 1.8200 0.6000 0.0000
14        M:cfengine_out
32        1617 1.0000 0.7000 0.8367 0.0000
13        M:cfengine_in
32        1617 1.0000 0.9100 0.3000 0.0000
9         M:loadavg
32        1617 0.0469 0.0332 0.0381 0.0000
10        M:diskfree
35        1617 64.0000 58.2400 19.2000 0.0000
12        M:otherprocs
32        1617 6.0000 5.4600 1.8000 0.0000
11        M:rootprocs
36        1617 110.0000 99.8900 33.7000 0.0000
7         M:users
32        1617 6.0000 5.4600 1.8000 0.0000
3         MOY
15        M:entropy_avail
34        155 84.5000 59.1500 70.8474 0.0000
12        M:mem_cached
39        155 1058.9355 741.2549 1546.1225 0.0000
16        M:io_writtendata
31        155 0.0479 0.0335 0.0419 0.0000
11        M:io_writes
31        155 3.0000 2.1000 2.6458 0.0000
6         M:cpu3
31        155 0.0133 0.0093 0.0111 0.0000
6         M:cpu2
31        155 0.0866 0.0606 0.0949 0.0000
6         M:cpu1
31        155 0.0999 0.0699 0.1070 0.0000
6         M:cpu0
31        155 0.1432 0.1002 0.1206 0.0000
5         M:cpu
31        155 0.0849 0.0594 0.0710 0.0000
8         M:syslog
37        155 145.0000 101.5000 121.3157 0.0000
8         M:ssh_in
31        155 2.0000 1.4000 1.6733 0.0000
13        M:cfengine_in
31        155 1.0000 0.7000 0.8367 0.0000
9         M:loadavg
31        155 0.0039 0.0027 0.0034 0.0000
10        M:diskfree
34        155 73.5000 51.4500 61.5642 0.0000
12        M:otherprocs
31        155 6.0000 4.2000 5.0200 0.0000
11        M:rootprocs
35        155 109.5000 76.6500 91.6152 0.0000
7         M:users
31        155 6.0000 4.2000 5.0200 0.0000
# send QUERY complete successful
