# delta from 1679723958 to 1679724019 at 1679724019
22        CFR: 0 1679724018 1712
3         PRD
60        Packing reports: delta,0.028455,0.080969,0.085389,1679723959
83        Sample(/proc/sys/kernel/random/entropy_avail),0.006616,0.004377,0.007486,1679723978
3         EXS
16        f,296,1679723867
3         MOM
15        M:entropy_avail
34        1511 2.0000 17.7800 56.6954 0.0000
12        M:mem_cached
40        1511 1755.2266 1596.9141 527.7082 0.0000
10        M:mem_free
40        1511 13612.6133 12386.0105 0.0000 0.0000
11        M:mem_total
40        1511 15817.1836 14393.6371 0.0000 0.0000
16        M:io_writtendata
32        1511 0.1504 0.1120 0.1080 0.0000
11        M:io_writes
32        1511 8.0000 6.0200 5.5975 0.0000
6         M:cpu3
32        1511 0.5995 0.4294 0.4747 0.0000
6         M:cpu2
32        1511 0.9140 0.6860 0.6439 0.0000
6         M:cpu1
32        1511 1.4879 1.0471 1.2293 0.0000
6         M:cpu0
32        1511 1.9774 1.3911 1.6350 0.0000
5         M:cpu
32        1511 1.2431 0.8873 0.9930 0.0000
8         M:syslog
38        1511 835.0000 614.9500 617.2769 0.0000
8         M:ssh_in
32        1511 2.0000 1.8200 0.6000 0.0000
13        M:cfengine_in
32        1511 1.0000 0.9100 0.3000 0.0000
9         M:loadavg
32        1511 0.0327 0.0229 0.0274 0.0000
10        M:diskfree
35        1511 66.0000 60.0600 19.8000 0.0000
12        M:otherprocs
32        1511 6.0000 5.4600 1.8000 0.0000
11        M:rootprocs
36        1511 109.0000 99.1900 32.7000 0.0000
7         M:users
32        1511 6.0000 5.4600 1.8000 0.0000
3         MOY
15        M:entropy_avail
34        155 84.5000 59.1500 70.8474 0.0000
12        M:mem_cached
39        155 1058.9355 741.2549 1546.1225 0.0000
16        M:io_writtendata
31        155 0.0479 0.0335 0.0419 0.0000
11        M:io_writes
31        155 3.0000 2.1000 2.6458 0.0000
6         M:cpu3
31        155 0.0133 0.0093 0.0111 0.0000
6         M:cpu2
31        155 0.0866 0.0606 0.0949 0.0000
6         M:cpu1
31        155 0.0999 0.0699 0.1070 0.0000
6         M:cpu0
31        155 0.1432 0.1002 0.1206 0.0000
5         M:cpu
31        155 0.0849 0.0594 0.0710 0.0000
8         M:syslog
37        155 145.0000 101.5000 121.3157 0.0000
8         M:ssh_in
31        155 2.0000 1.4000 1.6733 0.0000
13        M:cfengine_in
31        155 1.0000 0.7000 0.8367 0.0000
9         M:loadavg
31        155 0.0039 0.0027 0.0034 0.0000
10        M:diskfree
34        155 73.5000 51.4500 61.5642 0.0000
12        M:otherprocs
31        155 6.0000 4.2000 5.0200 0.0000
11        M:rootprocs
35        155 109.5000 76.6500 91.6152 0.0000
7         M:users
31        155 6.0000 4.2000 5.0200 0.0000
# send QUERY complete successful
