# delta from 1679687298 to 1679687359 at 1679687359
22        CFR: 0 1679687358 1712
3         PRD
60        Packing reports: delta,0.035660,0.127166,0.120832,1679687299
83        Sample(/proc/sys/kernel/random/entropy_avail),0.005761,0.003319,0.004842,1679687320
3         EXS
16        f,295,1679687244
3         MOM
15        M:entropy_avail
34        1389 2.0000 19.4600 62.6437 0.0000
12        M:mem_cached
40        1389 1522.1133 1384.7695 457.8125 0.0000
10        M:mem_free
40        1389 13860.3008 12612.5407 0.0000 0.0000
11        M:mem_total
40        1389 15817.1836 14393.6371 0.0000 0.0000
16        M:io_writtendata
32        1389 0.1455 0.1084 0.1044 0.0000
11        M:io_writes
32        1389 6.0000 4.6200 3.9563 0.0000
6         M:cpu3
32        1389 0.6394 0.5134 0.3797 0.0000
6         M:cpu2
32        1389 1.9798 1.3873 1.6525 0.0000
6         M:cpu1
32        1389 1.8062 1.2671 1.5034 0.0000
6         M:cpu0
32        1389 0.8394 0.5960 0.6792 0.0000
5         M:cpu
32        1389 1.3155 0.9401 1.0478 0.0000
8         M:syslog
38        1389 598.0000 449.0500 420.6826 0.0000
8         M:ssh_in
32        1389 2.0000 1.8200 0.6000 0.0000
13        M:cfengine_in
32        1389 1.0000 0.9100 0.3000 0.0000
9         M:loadavg
32        1389 0.0278 0.0211 0.0190 0.0000
10        M:diskfree
35        1389 69.0000 62.7900 20.7000 0.0000
12        M:otherprocs
32        1389 6.0000 5.4600 1.8000 0.0000
11        M:rootprocs
36        1389 109.0000 99.1900 32.7000 0.0000
7         M:users
32        1389 6.0000 5.4600 1.8000 0.0000
3         MOY
15        M:entropy_avail
34        155 84.5000 59.1500 70.8474 0.0000
12        M:mem_cached
39        155 1058.9355 741.2549 1546.1225 0.0000
16        M:io_writtendata
31        155 0.0479 0.0335 0.0419 0.0000
11        M:io_writes
31        155 3.0000 2.1000 2.6458 0.0000
6         M:cpu3
31        155 0.0133 0.0093 0.0111 0.0000
6         M:cpu2
31        155 0.0866 0.0606 0.0949 0.0000
6         M:cpu1
31        155 0.0999 0.0699 0.1070 0.0000
6         M:cpu0
31        155 0.1432 0.1002 0.1206 0.0000
5         M:cpu
31        155 0.0849 0.0594 0.0710 0.0000
8         M:syslog
37        155 145.0000 101.5000 121.3157 0.0000
8         M:ssh_in
31        155 2.0000 1.4000 1.6733 0.0000
13        M:cfengine_in
31        155 1.0000 0.7000 0.8367 0.0000
9         M:loadavg
31        155 0.0039 0.0027 0.0034 0.0000
10        M:diskfree
34        155 73.5000 51.4500 61.5642 0.0000
12        M:otherprocs
31        155 6.0000 4.2000 5.0200 0.0000
11        M:rootprocs
35        155 109.5000 76.6500 91.6152 0.0000
7         M:users
31        155 6.0000 4.2000 5.0200 0.0000
# send QUERY complete successful
