# delta from 1679700798 to 1679700859 at 1679700859
22        CFR: 0 1679700858 1714
3         PRD
60        Packing reports: delta,0.029120,0.084799,0.076861,1679700799
83        Sample(/proc/sys/kernel/random/entropy_avail),0.004508,0.002032,0.001810,1679700843
3         EXS
16        f,298,1679700771
3         MOM
15        M:entropy_avail
34        1434 7.0000 22.7500 58.7080 0.0000
12        M:mem_cached
40        1434 1600.5547 1456.1504 481.3477 0.0000
10        M:mem_free
40        1434 13770.0508 12529.6330 0.0000 0.0000
11        M:mem_total
40        1434 15817.1836 14393.6371 0.0000 0.0000
16        M:io_writtendata
32        1434 0.1416 0.1075 0.0968 0.0000
11        M:io_writes
32        1434 8.0000 6.0200 5.5975 0.0000
6         M:cpu3
32        1434 0.7800 0.5656 0.5995 0.0000
6         M:cpu2
32        1434 1.4729 1.0646 1.1411 0.0000
6         M:cpu1
32        1434 0.3998 0.2896 0.3079 0.0000
6         M:cpu0
32        1434 2.3656 1.6769 1.9212 0.0000
5         M:cpu
32        1434 1.2546 0.8999 0.9904 0.0000
8         M:syslog
40        1434 1319.0000 953.7500 1020.7985 0.0000
8         M:ssh_in
32        1434 2.0000 1.8200 0.6000 0.0000
13        M:cfengine_in
32        1434 1.0000 0.9100 0.3000 0.0000
9         M:loadavg
32        1434 0.0459 0.0324 0.0375 0.0000
10        M:diskfree
35        1434 68.0000 61.8800 20.4000 0.0000
12        M:otherprocs
32        1434 6.0000 5.4600 1.8000 0.0000
11        M:rootprocs
36        1434 109.0000 99.1900 32.7000 0.0000
7         M:users
32        1434 6.0000 5.4600 1.8000 0.0000
3         MOY
15        M:entropy_avail
34        155 84.5000 59.1500 70.8474 0.0000
12        M:mem_cached
39        155 1058.9355 741.2549 1546.1225 0.0000
16        M:io_writtendata
31        155 0.0479 0.0335 0.0419 0.0000
11        M:io_writes
31        155 3.0000 2.1000 2.6458 0.0000
6         M:cpu3
31        155 0.0133 0.0093 0.0111 0.0000
6         M:cpu2
31        155 0.0866 0.0606 0.0949 0.0000
6         M:cpu1
31        155 0.0999 0.0699 0.1070 0.0000
6         M:cpu0
31        155 0.1432 0.1002 0.1206 0.0000
5         M:cpu
31        155 0.0849 0.0594 0.0710 0.0000
8         M:syslog
37        155 145.0000 101.5000 121.3157 0.0000
8         M:ssh_in
31        155 2.0000 1.4000 1.6733 0.0000
13        M:cfengine_in
31        155 1.0000 0.7000 0.8367 0.0000
9         M:loadavg
31        155 0.0039 0.0027 0.0034 0.0000
10        M:diskfree
34        155 73.5000 51.4500 61.5642 0.0000
12        M:otherprocs
31        155 6.0000 4.2000 5.0200 0.0000
11        M:rootprocs
35        155 109.5000 76.6500 91.6152 0.0000
7         M:users
31        155 6.0000 4.2000 5.0200 0.0000
# send QUERY complete successful
