# delta from 1679743278 to 1679743339 at 1679743339
22        CFR: 0 1679743338 1627
3         PRD
60        Packing reports: delta,0.026460,0.070015,0.062713,1679743279
3         EXS
16        f,296,1679743065
3         MOM
15        M:entropy_avail
32        1576 3.0000 2.1000 2.5100 0.0000
12        M:mem_cached
41        1576 1864.5430 1305.1801 1559.9886 0.0000
10        M:mem_free
39        1576 13489.7344 9442.8141 0.0000 0.0000
11        M:mem_total
40        1576 15817.1836 11072.0285 0.0000 0.0000
16        M:io_writtendata
32        1576 0.1543 0.1080 0.1291 0.0000
11        M:io_writes
32        1576 8.0000 5.6000 6.6933 0.0000
6         M:cpu3
32        1576 2.3454 1.6418 1.9623 0.0000
6         M:cpu2
32        1576 1.2533 0.8773 1.0486 0.0000
6         M:cpu1
32        1576 0.3530 0.2471 0.2953 0.0000
6         M:cpu0
32        1576 0.7726 0.5408 0.6464 0.0000
5         M:cpu
32        1576 1.1859 0.8301 0.9922 0.0000
8         M:syslog
38        1576 748.0000 523.6000 625.8217 0.0000
8         M:ssh_in
32        1576 2.0000 1.4000 1.6733 0.0000
13        M:cfengine_in
32        1576 1.0000 0.7000 0.8367 0.0000
9         M:loadavg
32        1576 0.0122 0.0085 0.0102 0.0000
10        M:diskfree
35        1576 65.0000 45.5000 54.3829 0.0000
12        M:otherprocs
32        1576 6.0000 4.2000 5.0200 0.0000
11        M:rootprocs
36        1576 110.0000 77.0000 92.0326 0.0000
7         M:users
32        1576 6.0000 4.2000 5.0200 0.0000
3         MOY
15        M:entropy_avail
34        155 84.5000 59.1500 70.8474 0.0000
12        M:mem_cached
39        155 1058.9355 741.2549 1546.1225 0.0000
16        M:io_writtendata
31        155 0.0479 0.0335 0.0419 0.0000
11        M:io_writes
31        155 3.0000 2.1000 2.6458 0.0000
6         M:cpu3
31        155 0.0133 0.0093 0.0111 0.0000
6         M:cpu2
31        155 0.0866 0.0606 0.0949 0.0000
6         M:cpu1
31        155 0.0999 0.0699 0.1070 0.0000
6         M:cpu0
31        155 0.1432 0.1002 0.1206 0.0000
5         M:cpu
31        155 0.0849 0.0594 0.0710 0.0000
8         M:syslog
37        155 145.0000 101.5000 121.3157 0.0000
8         M:ssh_in
31        155 2.0000 1.4000 1.6733 0.0000
13        M:cfengine_in
31        155 1.0000 0.7000 0.8367 0.0000
9         M:loadavg
31        155 0.0039 0.0027 0.0034 0.0000
10        M:diskfree
34        155 73.5000 51.4500 61.5642 0.0000
12        M:otherprocs
31        155 6.0000 4.2000 5.0200 0.0000
11        M:rootprocs
35        155 109.5000 76.6500 91.6152 0.0000
7         M:users
31        155 6.0000 4.2000 5.0200 0.0000
# send QUERY complete successful
