# delta from 1679681358 to 1679681419 at 1679681419
22        CFR: 0 1679681418 1677
3         PRD
60        Packing reports: delta,0.038522,0.107701,0.092949,1679681359
3         EXS
16        f,336,1679681278
3         MOM
15        M:entropy_avail
34        1369 1.0000 17.2900 58.0909 0.0000
12        M:mem_cached
40        1369 1488.3047 1354.0037 447.6699 0.0000
10        M:mem_free
38        1369 9732.3051 9732.3051 0.0000 0.0000
11        M:mem_total
40        1369 11072.0285 11072.0285 0.0000 0.0000
16        M:io_writtendata
32        1369 0.1494 0.1112 0.1077 0.0000
11        M:io_writes
32        1369 8.0000 6.0200 5.5975 0.0000
6         M:cpu3
32        1369 1.5484 1.0867 1.2877 0.0000
6         M:cpu2
32        1369 2.1771 1.5884 1.6479 0.0000
6         M:cpu1
32        1369 0.5797 0.4086 0.4773 0.0000
6         M:cpu0
32        1369 0.8938 0.6299 0.7362 0.0000
5         M:cpu
32        1369 1.2993 0.9281 1.0362 0.0000
8         M:syslog
41        1369 1557.0000 1120.3500 1219.5702 0.0000
8         M:ssh_in
32        1369 2.0000 1.8200 0.6000 0.0000
14        M:cfengine_out
32        1369 1.0000 0.7000 0.8367 0.0000
13        M:cfengine_in
32        1369 1.0000 0.9100 0.3000 0.0000
9         M:loadavg
32        1369 0.0469 0.0328 0.0392 0.0000
10        M:diskfree
35        1369 70.0000 63.7000 21.0000 0.0000
12        M:otherprocs
32        1369 6.0000 5.4600 1.8000 0.0000
11        M:rootprocs
37        1369 111.0000 100.8000 34.0000 0.0000
7         M:users
32        1369 6.0000 5.4600 1.8000 0.0000
3         MOY
15        M:entropy_avail
34        155 84.5000 59.1500 70.8474 0.0000
12        M:mem_cached
39        155 1058.9355 741.2549 1546.1225 0.0000
16        M:io_writtendata
31        155 0.0479 0.0335 0.0419 0.0000
11        M:io_writes
31        155 3.0000 2.1000 2.6458 0.0000
6         M:cpu3
31        155 0.0133 0.0093 0.0111 0.0000
6         M:cpu2
31        155 0.0866 0.0606 0.0949 0.0000
6         M:cpu1
31        155 0.0999 0.0699 0.1070 0.0000
6         M:cpu0
31        155 0.1432 0.1002 0.1206 0.0000
5         M:cpu
31        155 0.0849 0.0594 0.0710 0.0000
8         M:syslog
37        155 145.0000 101.5000 121.3157 0.0000
8         M:ssh_in
31        155 2.0000 1.4000 1.6733 0.0000
13        M:cfengine_in
31        155 1.0000 0.7000 0.8367 0.0000
9         M:loadavg
31        155 0.0039 0.0027 0.0034 0.0000
10        M:diskfree
34        155 73.5000 51.4500 61.5642 0.0000
12        M:otherprocs
31        155 6.0000 4.2000 5.0200 0.0000
11        M:rootprocs
35        155 109.5000 76.6500 91.6152 0.0000
7         M:users
31        155 6.0000 4.2000 5.0200 0.0000
# send QUERY complete successful
