# delta from 1679721858 to 1679721919 at 1679721919
22        CFR: 0 1679721918 1711
3         PRD
60        Packing reports: delta,0.026150,0.068384,0.066041,1679721859
83        Sample(/proc/sys/kernel/random/entropy_avail),0.004859,0.002361,0.001952,1679721874
3         EXS
16        f,294,1679721740
3         MOM
15        M:entropy_avail
34        1504 4.0000 20.4400 59.8656 0.0000
12        M:mem_cached
40        1504 1743.5547 1586.2911 524.2121 0.0000
10        M:mem_free
38        1504 9534.2762 9534.2762 0.0000 0.0000
11        M:mem_total
40        1504 11072.0285 11072.0285 0.0000 0.0000
16        M:io_writtendata
32        1504 0.1582 0.1175 0.1144 0.0000
11        M:io_writes
32        1504 8.0000 6.0200 5.5975 0.0000
6         M:cpu3
32        1504 0.5264 0.4062 0.3450 0.0000
6         M:cpu2
32        1504 0.9669 0.6796 0.8012 0.0000
6         M:cpu1
32        1504 2.8204 1.9771 2.3519 0.0000
6         M:cpu0
32        1504 0.6067 0.4498 0.4408 0.0000
5         M:cpu
32        1504 1.2299 0.8777 0.9829 0.0000
8         M:syslog
39        1504 1085.0000 789.9500 825.5337 0.0000
8         M:ssh_in
32        1504 2.0000 1.8200 0.6000 0.0000
13        M:cfengine_in
32        1504 1.0000 0.9100 0.3000 0.0000
9         M:loadavg
32        1504 0.0137 0.0096 0.0114 0.0000
10        M:diskfree
35        1504 66.0000 60.0600 19.8000 0.0000
12        M:otherprocs
32        1504 6.0000 5.4600 1.8000 0.0000
11        M:rootprocs
36        1504 108.0000 98.4900 31.7000 0.0000
7         M:users
32        1504 6.0000 5.4600 1.8000 0.0000
3         MOY
15        M:entropy_avail
34        155 84.5000 59.1500 70.8474 0.0000
12        M:mem_cached
39        155 1058.9355 741.2549 1546.1225 0.0000
16        M:io_writtendata
31        155 0.0479 0.0335 0.0419 0.0000
11        M:io_writes
31        155 3.0000 2.1000 2.6458 0.0000
6         M:cpu3
31        155 0.0133 0.0093 0.0111 0.0000
6         M:cpu2
31        155 0.0866 0.0606 0.0949 0.0000
6         M:cpu1
31        155 0.0999 0.0699 0.1070 0.0000
6         M:cpu0
31        155 0.1432 0.1002 0.1206 0.0000
5         M:cpu
31        155 0.0849 0.0594 0.0710 0.0000
8         M:syslog
37        155 145.0000 101.5000 121.3157 0.0000
8         M:ssh_in
31        155 2.0000 1.4000 1.6733 0.0000
13        M:cfengine_in
31        155 1.0000 0.7000 0.8367 0.0000
9         M:loadavg
31        155 0.0039 0.0027 0.0034 0.0000
10        M:diskfree
34        155 73.5000 51.4500 61.5642 0.0000
12        M:otherprocs
31        155 6.0000 4.2000 5.0200 0.0000
11        M:rootprocs
35        155 109.5000 76.6500 91.6152 0.0000
7         M:users
31        155 6.0000 4.2000 5.0200 0.0000
# send QUERY complete successful
