# delta from 1679669958 to 1679670019 at 1679670019
22        CFR: 0 1679670018 1673
3         PRD
60        Packing reports: delta,0.055700,0.181220,0.241511,1679669959
3         EXS
16        f,307,1679669878
3         MOM
15        M:entropy_avail
34        1331 3.0000 19.5300 59.7653 0.0000
12        M:mem_cached
38        1331 884.5391 804.6320 266.3570 0.0000
10        M:mem_free
40        1331 14532.9453 13225.5823 0.0000 0.0000
11        M:mem_total
40        1331 15817.1836 14393.6371 0.0000 0.0000
16        M:io_writtendata
32        1331 0.0947 0.0796 0.0512 0.0000
11        M:io_writes
32        1331 4.0000 3.2200 2.3605 0.0000
6         M:cpu3
32        1331 1.3709 0.9652 1.1314 0.0000
6         M:cpu2
32        1331 2.7092 1.9946 2.0045 0.0000
6         M:cpu1
32        1331 0.2332 0.1660 0.1874 0.0000
6         M:cpu0
32        1331 0.7534 0.5302 0.6226 0.0000
5         M:cpu
32        1331 1.2653 0.9123 0.9862 0.0000
8         M:syslog
39        1331 1074.0000 782.2500 816.3606 0.0000
8         M:ssh_in
32        1331 2.0000 1.8200 0.6000 0.0000
14        M:cfengine_out
32        1331 1.0000 0.7000 0.8367 0.0000
13        M:cfengine_in
32        1331 1.0000 0.9100 0.3000 0.0000
9         M:loadavg
32        1331 0.0669 0.0487 0.0510 0.0000
10        M:diskfree
35        1331 74.0000 67.3400 22.2000 0.0000
12        M:otherprocs
32        1331 6.0000 5.4600 1.8000 0.0000
11        M:rootprocs
37        1331 110.0000 100.3100 32.3000 0.0000
7         M:users
32        1331 6.0000 5.4600 1.8000 0.0000
3         MOY
15        M:entropy_avail
34        155 82.5000 57.7500 69.0865 0.0000
12        M:mem_cached
37        155 759.8086 531.8660 642.3242 0.0000
16        M:io_writtendata
31        155 0.0537 0.0376 0.0481 0.0000
11        M:io_writes
31        155 3.0000 2.1000 2.6458 0.0000
6         M:cpu3
31        155 0.1100 0.0770 0.1225 0.0000
6         M:cpu2
31        155 0.0966 0.0676 0.0966 0.0000
6         M:cpu1
31        155 0.1401 0.0981 0.1544 0.0000
6         M:cpu0
31        155 0.0833 0.0583 0.0947 0.0000
5         M:cpu
31        155 0.1066 0.0746 0.0907 0.0000
8         M:syslog
37        155 145.0000 101.5000 121.3157 0.0000
8         M:ssh_in
31        155 2.0000 1.4000 1.6733 0.0000
13        M:cfengine_in
31        155 1.0000 0.7000 0.8367 0.0000
9         M:loadavg
31        155 0.0027 0.0019 0.0023 0.0000
10        M:diskfree
34        155 76.0000 53.2000 63.5917 0.0000
12        M:otherprocs
31        155 6.0000 4.2000 5.0200 0.0000
11        M:rootprocs
35        155 109.5000 76.6500 91.6152 0.0000
7         M:users
31        155 6.0000 4.2000 5.0200 0.0000
# send QUERY complete successful
