# delta from 1679669058 to 1679669119 at 1679669119
22        CFR: 0 1679669118 1626
3         PRD
60        Packing reports: delta,0.047743,0.207981,0.230321,1679669059
3         EXS
16        f,295,1679668933
3         MOM
15        M:entropy_avail
34        1328 8.0000 23.6600 58.8264 0.0000
12        M:mem_cached
38        1328 880.0664 800.5430 265.0781 0.0000
10        M:mem_free
40        1328 10177.8551 10177.8551 0.0000 0.0000
11        M:mem_total
40        1328 11072.0285 11072.0285 0.0000 0.0000
16        M:io_writtendata
32        1328 0.1729 0.1294 0.1225 0.0000
11        M:io_writes
33        1328 10.0000 7.4200 7.2534 0.0000
6         M:cpu3
32        1328 2.5164 1.8315 1.9162 0.0000
6         M:cpu2
32        1328 1.0888 0.7874 0.8426 0.0000
6         M:cpu1
32        1328 0.5533 0.3971 0.4362 0.0000
6         M:cpu0
32        1328 1.1156 0.7851 0.9218 0.0000
5         M:cpu
32        1328 1.3168 0.9487 1.0283 0.0000
8         M:syslog
38        1328 829.0581 610.7906 612.3347 0.0000
8         M:ssh_in
32        1328 2.0000 1.8200 0.6000 0.0000
13        M:cfengine_in
32        1328 1.0000 0.9100 0.3000 0.0000
9         M:loadavg
32        1328 0.0894 0.0637 0.0717 0.0000
10        M:diskfree
35        1328 74.0000 67.3400 22.2000 0.0000
12        M:otherprocs
32        1328 6.0000 5.4600 1.8000 0.0000
11        M:rootprocs
36        1328 109.0000 99.4000 32.0000 0.0000
7         M:users
32        1328 6.0000 5.4600 1.8000 0.0000
3         MOY
15        M:entropy_avail
34        155 82.5000 57.7500 69.0865 0.0000
12        M:mem_cached
37        155 759.8086 531.8660 642.3242 0.0000
16        M:io_writtendata
31        155 0.0537 0.0376 0.0481 0.0000
11        M:io_writes
31        155 3.0000 2.1000 2.6458 0.0000
6         M:cpu3
31        155 0.1100 0.0770 0.1225 0.0000
6         M:cpu2
31        155 0.0966 0.0676 0.0966 0.0000
6         M:cpu1
31        155 0.1401 0.0981 0.1544 0.0000
6         M:cpu0
31        155 0.0833 0.0583 0.0947 0.0000
5         M:cpu
31        155 0.1066 0.0746 0.0907 0.0000
8         M:syslog
37        155 145.0000 101.5000 121.3157 0.0000
8         M:ssh_in
31        155 2.0000 1.4000 1.6733 0.0000
13        M:cfengine_in
31        155 1.0000 0.7000 0.8367 0.0000
9         M:loadavg
31        155 0.0027 0.0019 0.0023 0.0000
10        M:diskfree
34        155 76.0000 53.2000 63.5917 0.0000
12        M:otherprocs
31        155 6.0000 4.2000 5.0200 0.0000
11        M:rootprocs
35        155 109.5000 76.6500 91.6152 0.0000
7         M:users
31        155 6.0000 4.2000 5.0200 0.0000
# send QUERY complete successful
