# delta from 1679664858 to 1679664919 at 1679664919
22        CFR: 0 1679664918 1672
3         PRD
60        Packing reports: delta,0.039530,0.149512,0.128388,1679664859
3         EXS
16        f,295,1679664739
3         MOM
15        M:entropy_avail
34        1314 2.0000 19.0400 61.1566 0.0000
12        M:mem_cached
38        1314 859.1602 781.5314 258.7625 0.0000
10        M:mem_free
40        1314 10199.5715 10199.5715 0.0000 0.0000
11        M:mem_total
40        1314 11072.0285 11072.0285 0.0000 0.0000
16        M:io_writtendata
32        1314 0.1240 0.0971 0.0784 0.0000
11        M:io_writes
32        1314 6.0000 4.6200 3.9563 0.0000
6         M:cpu3
32        1314 2.0505 1.4396 1.7039 0.0000
6         M:cpu2
32        1314 0.3998 0.3513 0.1616 0.0000
6         M:cpu1
32        1314 0.4667 0.3561 0.3152 0.0000
6         M:cpu0
32        1314 2.3152 1.6402 1.8829 0.0000
5         M:cpu
32        1314 1.3094 0.9477 1.0109 0.0000
8         M:syslog
38        1314 840.0000 618.4500 621.4361 0.0000
8         M:ssh_in
32        1314 2.0000 1.8200 0.6000 0.0000
14        M:cfengine_out
32        1314 1.0000 0.7000 0.8367 0.0000
13        M:cfengine_in
32        1314 1.0000 0.9100 0.3000 0.0000
9         M:loadavg
32        1314 0.0840 0.0598 0.0674 0.0000
10        M:diskfree
35        1314 75.0000 68.2500 22.5000 0.0000
12        M:otherprocs
32        1314 6.0000 5.4600 1.8000 0.0000
11        M:rootprocs
37        1314 110.0000 100.1000 33.0000 0.0000
7         M:users
32        1314 6.0000 5.4600 1.8000 0.0000
3         MOY
15        M:entropy_avail
34        155 86.5000 60.5500 72.6426 0.0000
12        M:mem_cached
37        155 751.0039 525.7027 634.0092 0.0000
16        M:io_writtendata
31        155 0.0562 0.0393 0.0508 0.0000
11        M:io_writes
31        155 2.0000 1.4000 1.6733 0.0000
6         M:cpu3
31        155 0.1333 0.0933 0.1500 0.0000
6         M:cpu2
31        155 0.0899 0.0629 0.0953 0.0000
6         M:cpu1
31        155 0.1869 0.1308 0.2097 0.0000
6         M:cpu0
31        155 0.0899 0.0629 0.0953 0.0000
5         M:cpu
31        155 0.1232 0.0863 0.1076 0.0000
8         M:syslog
37        155 145.0000 101.5000 121.3157 0.0000
8         M:ssh_in
31        155 2.0000 1.4000 1.6733 0.0000
13        M:cfengine_in
31        155 1.0000 0.7000 0.8367 0.0000
9         M:loadavg
31        155 0.0054 0.0038 0.0049 0.0000
10        M:diskfree
34        155 76.0000 53.2000 63.5917 0.0000
12        M:otherprocs
31        155 6.0000 4.2000 5.0200 0.0000
11        M:rootprocs
35        155 109.0000 76.3000 91.1998 0.0000
7         M:users
31        155 6.0000 4.2000 5.0200 0.0000
# send QUERY complete successful
