# delta from 1679667318 to 1679667379 at 1679667379
22        CFR: 0 1679667378 1709
3         PRD
60        Packing reports: delta,0.066024,0.237631,0.311658,1679667319
83        Sample(/proc/sys/kernel/random/entropy_avail),0.005109,0.002611,0.002614,1679667332
3         EXS
16        f,294,1679667161
3         MOM
15        M:entropy_avail
35        1323 86.0000 60.2000 71.9528 0.0000
12        M:mem_cached
38        1323 871.2266 609.8586 728.9204 0.0000
10        M:mem_free
40        1323 14574.0469 10201.8328 0.0000 0.0000
11        M:mem_total
40        1323 15817.1836 11072.0285 0.0000 0.0000
16        M:io_writtendata
32        1323 0.0674 0.0472 0.0564 0.0000
11        M:io_writes
32        1323 2.0000 1.4000 1.6733 0.0000
6         M:cpu3
32        1323 0.3742 0.2619 0.3131 0.0000
6         M:cpu2
32        1323 0.0200 0.0140 0.0167 0.0000
6         M:cpu1
32        1323 0.1265 0.0886 0.1058 0.0000
6         M:cpu0
32        1323 0.0133 0.0093 0.0111 0.0000
5         M:cpu
32        1323 0.1349 0.0944 0.1129 0.0000
8         M:syslog
38        1323 145.0000 101.5000 121.3157 0.0000
8         M:ssh_in
32        1323 2.0000 1.4000 1.6733 0.0000
13        M:cfengine_in
32        1323 1.0000 0.7000 0.8367 0.0000
9         M:loadavg
32        1323 0.0059 0.0041 0.0049 0.0000
10        M:diskfree
35        1323 75.0000 52.5000 62.7495 0.0000
12        M:otherprocs
32        1323 6.0000 4.2000 5.0200 0.0000
11        M:rootprocs
36        1323 109.0000 76.3000 91.1959 0.0000
7         M:users
32        1323 6.0000 4.2000 5.0200 0.0000
3         MOY
15        M:entropy_avail
34        155 82.5000 57.7500 69.0865 0.0000
12        M:mem_cached
37        155 759.8086 531.8660 642.3242 0.0000
16        M:io_writtendata
31        155 0.0537 0.0376 0.0481 0.0000
11        M:io_writes
31        155 3.0000 2.1000 2.6458 0.0000
6         M:cpu3
31        155 0.1100 0.0770 0.1225 0.0000
6         M:cpu2
31        155 0.0966 0.0676 0.0966 0.0000
6         M:cpu1
31        155 0.1401 0.0981 0.1544 0.0000
6         M:cpu0
31        155 0.0833 0.0583 0.0947 0.0000
5         M:cpu
31        155 0.1066 0.0746 0.0907 0.0000
8         M:syslog
37        155 145.0000 101.5000 121.3157 0.0000
8         M:ssh_in
31        155 2.0000 1.4000 1.6733 0.0000
13        M:cfengine_in
31        155 1.0000 0.7000 0.8367 0.0000
9         M:loadavg
31        155 0.0027 0.0019 0.0023 0.0000
10        M:diskfree
34        155 76.0000 53.2000 63.5917 0.0000
12        M:otherprocs
31        155 6.0000 4.2000 5.0200 0.0000
11        M:rootprocs
35        155 109.5000 76.6500 91.6152 0.0000
7         M:users
31        155 6.0000 4.2000 5.0200 0.0000
# send QUERY complete successful
