# delta from 1679715858 to 1679715919 at 1679715919
22        CFR: 0 1679715918 1714
3         PRD
60        Packing reports: delta,0.021235,0.045090,0.040456,1679715859
83        Sample(/proc/sys/kernel/random/entropy_avail),0.004602,0.002118,0.001949,1679715865
3         EXS
16        f,308,1679715775
3         MOM
15        M:entropy_avail
34        1484 6.0000 22.6800 61.5645 0.0000
12        M:mem_cached
40        1484 1709.7734 1555.5477 514.0859 0.0000
10        M:mem_free
40        1484 13655.5625 12424.2371 0.0000 0.0000
11        M:mem_total
40        1484 15817.1836 14393.6371 0.0000 0.0000
16        M:io_writtendata
32        1484 0.1553 0.1163 0.1100 0.0000
11        M:io_writes
32        1484 8.0000 6.0200 5.5975 0.0000
6         M:cpu3
32        1484 0.7995 0.6352 0.4869 0.0000
6         M:cpu2
32        1484 2.7261 1.9125 2.2692 0.0000
6         M:cpu1
32        1484 1.2732 0.9123 1.0078 0.0000
6         M:cpu0
32        1484 0.1731 0.1268 0.1298 0.0000
5         M:cpu
32        1484 1.2394 0.8945 0.9637 0.0000
8         M:syslog
39        1484 1076.0000 893.0600 594.5132 0.0000
8         M:ssh_in
32        1484 2.0000 1.8200 0.6000 0.0000
13        M:cfengine_in
32        1484 1.0000 0.9100 0.3000 0.0000
9         M:loadavg
32        1484 0.0322 0.0229 0.0261 0.0000
10        M:diskfree
35        1484 67.0000 60.9700 20.1000 0.0000
12        M:otherprocs
32        1484 6.0000 5.4600 1.8000 0.0000
11        M:rootprocs
37        1484 111.0000 101.2200 32.6000 0.0000
7         M:users
32        1484 6.0000 5.4600 1.8000 0.0000
3         MOY
15        M:entropy_avail
34        155 84.5000 59.1500 70.8474 0.0000
12        M:mem_cached
39        155 1058.9355 741.2549 1546.1225 0.0000
16        M:io_writtendata
31        155 0.0479 0.0335 0.0419 0.0000
11        M:io_writes
31        155 3.0000 2.1000 2.6458 0.0000
6         M:cpu3
31        155 0.0133 0.0093 0.0111 0.0000
6         M:cpu2
31        155 0.0866 0.0606 0.0949 0.0000
6         M:cpu1
31        155 0.0999 0.0699 0.1070 0.0000
6         M:cpu0
31        155 0.1432 0.1002 0.1206 0.0000
5         M:cpu
31        155 0.0849 0.0594 0.0710 0.0000
8         M:syslog
37        155 145.0000 101.5000 121.3157 0.0000
8         M:ssh_in
31        155 2.0000 1.4000 1.6733 0.0000
13        M:cfengine_in
31        155 1.0000 0.7000 0.8367 0.0000
9         M:loadavg
31        155 0.0039 0.0027 0.0034 0.0000
10        M:diskfree
34        155 73.5000 51.4500 61.5642 0.0000
12        M:otherprocs
31        155 6.0000 4.2000 5.0200 0.0000
11        M:rootprocs
35        155 109.5000 76.6500 91.6152 0.0000
7         M:users
31        155 6.0000 4.2000 5.0200 0.0000
# send QUERY complete successful
