# delta from 1679734758 to 1679734819 at 1679734819
22        CFR: 0 1679734818 1712
3         PRD
60        Packing reports: delta,0.036757,0.135104,0.139181,1679734759
83        Sample(/proc/sys/kernel/random/entropy_avail),0.004693,0.002202,0.003111,1679734794
3         EXS
16        f,337,1679734677
3         MOM
15        M:entropy_avail
34        1547 4.0000 19.1800 55.4066 0.0000
12        M:mem_cached
40        1547 1817.2930 1653.3765 546.3883 0.0000
10        M:mem_free
38        1547 9478.1285 9478.1285 0.0000 0.0000
11        M:mem_total
40        1547 11072.0285 11072.0285 0.0000 0.0000
16        M:io_writtendata
32        1547 0.1553 0.1165 0.1095 0.0000
11        M:io_writes
32        1547 8.0000 6.0200 5.5975 0.0000
6         M:cpu3
32        1547 0.2930 0.2079 0.2375 0.0000
6         M:cpu2
32        1547 1.1405 0.8697 0.7711 0.0000
6         M:cpu1
32        1547 2.5920 1.8172 2.1608 0.0000
6         M:cpu0
32        1547 0.9590 0.6979 0.7306 0.0000
5         M:cpu
32        1547 1.2460 0.8981 0.9720 0.0000
8         M:syslog
40        1547 1323.0000 956.7600 1023.5835 0.0000
8         M:ssh_in
32        1547 2.0000 1.8200 0.6000 0.0000
13        M:cfengine_in
32        1547 1.0000 0.9100 0.3000 0.0000
9         M:loadavg
32        1547 0.0078 0.0055 0.0065 0.0000
10        M:diskfree
35        1547 65.0000 59.1500 19.5000 0.0000
12        M:otherprocs
32        1547 6.0000 5.4600 1.8000 0.0000
11        M:rootprocs
36        1547 109.0000 99.1900 32.7000 0.0000
7         M:users
32        1547 6.0000 5.4600 1.8000 0.0000
3         MOY
15        M:entropy_avail
34        155 84.5000 59.1500 70.8474 0.0000
12        M:mem_cached
39        155 1058.9355 741.2549 1546.1225 0.0000
16        M:io_writtendata
31        155 0.0479 0.0335 0.0419 0.0000
11        M:io_writes
31        155 3.0000 2.1000 2.6458 0.0000
6         M:cpu3
31        155 0.0133 0.0093 0.0111 0.0000
6         M:cpu2
31        155 0.0866 0.0606 0.0949 0.0000
6         M:cpu1
31        155 0.0999 0.0699 0.1070 0.0000
6         M:cpu0
31        155 0.1432 0.1002 0.1206 0.0000
5         M:cpu
31        155 0.0849 0.0594 0.0710 0.0000
8         M:syslog
37        155 145.0000 101.5000 121.3157 0.0000
8         M:ssh_in
31        155 2.0000 1.4000 1.6733 0.0000
13        M:cfengine_in
31        155 1.0000 0.7000 0.8367 0.0000
9         M:loadavg
31        155 0.0039 0.0027 0.0034 0.0000
10        M:diskfree
34        155 73.5000 51.4500 61.5642 0.0000
12        M:otherprocs
31        155 6.0000 4.2000 5.0200 0.0000
11        M:rootprocs
35        155 109.5000 76.6500 91.6152 0.0000
7         M:users
31        155 6.0000 4.2000 5.0200 0.0000
# send QUERY complete successful
