# delta from 1679667858 to 1679667919 at 1679667919
22        CFR: 0 1679667918 1671
3         PRD
60        Packing reports: delta,0.058808,0.225876,0.237638,1679667859
3         EXS
16        f,295,1679667752
3         MOM
15        M:entropy_avail
34        1324 8.0000 24.0800 60.3101 0.0000
12        M:mem_cached
38        1324 874.2148 795.2386 263.2543 0.0000
10        M:mem_free
40        1324 14546.1641 13239.4760 0.0000 0.0000
11        M:mem_total
40        1324 15817.1836 14393.6371 0.0000 0.0000
16        M:io_writtendata
32        1324 0.0889 0.0714 0.0526 0.0000
11        M:io_writes
32        1324 4.0000 3.2200 2.3605 0.0000
6         M:cpu3
32        1324 2.5892 1.8418 2.0854 0.0000
6         M:cpu2
32        1324 0.9008 0.6333 0.7459 0.0000
6         M:cpu1
32        1324 0.3997 0.3583 0.1379 0.0000
6         M:cpu0
32        1324 1.4634 1.0286 1.2127 0.0000
5         M:cpu
32        1324 1.3395 0.9660 1.0435 0.0000
8         M:syslog
38        1324 843.0000 620.5500 623.9317 0.0000
8         M:ssh_in
32        1324 2.0000 1.8200 0.6000 0.0000
14        M:cfengine_out
32        1324 1.0000 0.7000 0.8367 0.0000
13        M:cfengine_in
32        1324 1.0000 0.9100 0.3000 0.0000
9         M:loadavg
32        1324 0.0879 0.0634 0.0685 0.0000
10        M:diskfree
35        1324 74.0000 67.5500 21.5000 0.0000
12        M:otherprocs
32        1324 6.0000 5.4600 1.8000 0.0000
11        M:rootprocs
36        1324 110.0000 99.8900 33.7000 0.0000
7         M:users
32        1324 6.0000 5.4600 1.8000 0.0000
3         MOY
15        M:entropy_avail
34        155 82.5000 57.7500 69.0865 0.0000
12        M:mem_cached
37        155 759.8086 531.8660 642.3242 0.0000
16        M:io_writtendata
31        155 0.0537 0.0376 0.0481 0.0000
11        M:io_writes
31        155 3.0000 2.1000 2.6458 0.0000
6         M:cpu3
31        155 0.1100 0.0770 0.1225 0.0000
6         M:cpu2
31        155 0.0966 0.0676 0.0966 0.0000
6         M:cpu1
31        155 0.1401 0.0981 0.1544 0.0000
6         M:cpu0
31        155 0.0833 0.0583 0.0947 0.0000
5         M:cpu
31        155 0.1066 0.0746 0.0907 0.0000
8         M:syslog
37        155 145.0000 101.5000 121.3157 0.0000
8         M:ssh_in
31        155 2.0000 1.4000 1.6733 0.0000
13        M:cfengine_in
31        155 1.0000 0.7000 0.8367 0.0000
9         M:loadavg
31        155 0.0027 0.0019 0.0023 0.0000
10        M:diskfree
34        155 76.0000 53.2000 63.5917 0.0000
12        M:otherprocs
31        155 6.0000 4.2000 5.0200 0.0000
11        M:rootprocs
35        155 109.5000 76.6500 91.6152 0.0000
7         M:users
31        155 6.0000 4.2000 5.0200 0.0000
# send QUERY complete successful
