# delta from 1679712258 to 1679712319 at 1679712319
22        CFR: 0 1679712318 1713
3         PRD
60        Packing reports: delta,0.034025,0.115773,0.110232,1679712259
83        Sample(/proc/sys/kernel/random/entropy_avail),0.004390,0.001927,0.001661,1679712260
3         EXS
16        f,298,1679712171
3         MOM
15        M:entropy_avail
34        1472 5.0000 20.5100 56.9985 0.0000
12        M:mem_cached
40        1472 1689.6172 1537.1809 508.1211 0.0000
10        M:mem_free
40        1472 13673.8047 12443.8751 0.0000 0.0000
11        M:mem_total
40        1472 15817.1836 14393.6371 0.0000 0.0000
16        M:io_writtendata
32        1472 0.1367 0.1023 0.0971 0.0000
11        M:io_writes
32        1472 6.0000 4.6200 3.9563 0.0000
6         M:cpu3
32        1472 2.3397 1.6825 1.8353 0.0000
6         M:cpu2
32        1472 1.2330 0.8673 1.0199 0.0000
6         M:cpu1
32        1472 0.4198 0.2981 0.3397 0.0000
6         M:cpu0
32        1472 0.9061 0.6580 0.6937 0.0000
5         M:cpu
32        1472 1.2245 0.8764 0.9718 0.0000
8         M:syslog
39        1472 1074.0000 782.2500 816.3606 0.0000
8         M:ssh_in
32        1472 2.0000 1.8200 0.6000 0.0000
13        M:cfengine_in
32        1472 1.0000 0.9100 0.3000 0.0000
9         M:loadavg
32        1472 0.0645 0.0474 0.0479 0.0000
10        M:diskfree
35        1472 67.0000 60.9700 20.1000 0.0000
12        M:otherprocs
32        1472 6.0000 5.4600 1.8000 0.0000
11        M:rootprocs
36        1472 109.0000 99.1900 32.7000 0.0000
7         M:users
32        1472 6.0000 5.4600 1.8000 0.0000
3         MOY
15        M:entropy_avail
34        155 84.5000 59.1500 70.8474 0.0000
12        M:mem_cached
39        155 1058.9355 741.2549 1546.1225 0.0000
16        M:io_writtendata
31        155 0.0479 0.0335 0.0419 0.0000
11        M:io_writes
31        155 3.0000 2.1000 2.6458 0.0000
6         M:cpu3
31        155 0.0133 0.0093 0.0111 0.0000
6         M:cpu2
31        155 0.0866 0.0606 0.0949 0.0000
6         M:cpu1
31        155 0.0999 0.0699 0.1070 0.0000
6         M:cpu0
31        155 0.1432 0.1002 0.1206 0.0000
5         M:cpu
31        155 0.0849 0.0594 0.0710 0.0000
8         M:syslog
37        155 145.0000 101.5000 121.3157 0.0000
8         M:ssh_in
31        155 2.0000 1.4000 1.6733 0.0000
13        M:cfengine_in
31        155 1.0000 0.7000 0.8367 0.0000
9         M:loadavg
31        155 0.0039 0.0027 0.0034 0.0000
10        M:diskfree
34        155 73.5000 51.4500 61.5642 0.0000
12        M:otherprocs
31        155 6.0000 4.2000 5.0200 0.0000
11        M:rootprocs
35        155 109.5000 76.6500 91.6152 0.0000
7         M:users
31        155 6.0000 4.2000 5.0200 0.0000
# send QUERY complete successful
