# delta from 1679745858 to 1679745919 at 1679745919
22        CFR: 0 1679745918 2371
3         PRD
60        Packing reports: delta,0.029003,0.084118,0.076596,1679745859
83        Sample(/proc/sys/kernel/random/entropy_avail),0.004743,0.002250,0.002116,1679745911
3         EXS
16        f,292,1679745723
3         MOM
15        M:entropy_avail
35        1584 85.0000 60.1300 69.3727 0.0000
32        1585 7.0000 4.9000 5.8566 0.0000
12        M:mem_cached
40        1584 1879.9453 1710.4016 565.1457 0.0000
41        1585 1879.9102 1315.9371 1572.8457 0.0000
10        M:mem_free
38        1584 9435.9754 9435.9754 0.0000 0.0000
39        1585 13472.8945 9431.0262 0.0000 0.0000
11        M:mem_total
40        1584 11072.0285 11072.0285 0.0000 0.0000
40        1585 15817.1836 11072.0285 0.0000 0.0000
16        M:io_writtendata
32        1584 0.1328 0.2267 0.3129 0.0000
32        1585 0.0371 0.0260 0.0310 0.0000
11        M:io_writes
32        1584 6.0000 5.4600 1.8000 0.0000
32        1585 2.0000 1.4000 1.6733 0.0000
6         M:cpu3
32        1584 0.5400 0.4046 0.3821 0.0000
32        1585 0.2064 0.1445 0.1727 0.0000
6         M:cpu2
32        1584 0.8065 0.5883 0.6106 0.0000
32        1585 0.0333 0.0233 0.0279 0.0000
6         M:cpu1
32        1584 1.2073 0.8479 1.0023 0.0000
32        1585 0.1265 0.0886 0.1059 0.0000
6         M:cpu0
32        1584 2.4132 1.7158 1.9457 0.0000
5         M:cpu
32        1584 1.2450 0.8911 0.9880 0.0000
32        1585 0.0899 0.0629 0.0752 0.0000
8         M:syslog
38        1584 845.0000 708.6800 458.1724 0.0000
38        1585 146.0000 102.2000 122.1524 0.0000
8         M:ssh_in
32        1584 2.0000 1.8200 0.6000 0.0000
32        1585 2.0000 1.4000 1.6733 0.0000
14        M:cfengine_out
32        1584 1.0000 0.7000 0.8367 0.0000
13        M:cfengine_in
32        1584 1.0000 0.9100 0.3000 0.0000
32        1585 1.0000 0.7000 0.8367 0.0000
9         M:loadavg
32        1584 0.0840 0.0623 0.0610 0.0000
32        1585 0.0044 0.0031 0.0037 0.0000
10        M:diskfree
35        1584 65.0000 59.1500 19.5000 0.0000
35        1585 65.0000 45.5000 54.3829 0.0000
12        M:otherprocs
32        1584 6.0000 5.4600 1.8000 0.0000
32        1585 6.0000 4.2000 5.0200 0.0000
11        M:rootprocs
37        1584 112.0000 101.7100 34.3000 0.0000
36        1585 109.0000 76.3000 91.1959 0.0000
7         M:users
32        1584 6.0000 5.4600 1.8000 0.0000
32        1585 6.0000 4.2000 5.0200 0.0000
3         MOY
15        M:entropy_avail
34        155 84.5000 59.1500 70.8474 0.0000
12        M:mem_cached
39        155 1058.9355 741.2549 1546.1225 0.0000
16        M:io_writtendata
31        155 0.0479 0.0335 0.0419 0.0000
11        M:io_writes
31        155 3.0000 2.1000 2.6458 0.0000
6         M:cpu3
31        155 0.0133 0.0093 0.0111 0.0000
6         M:cpu2
31        155 0.0866 0.0606 0.0949 0.0000
6         M:cpu1
31        155 0.0999 0.0699 0.1070 0.0000
6         M:cpu0
31        155 0.1432 0.1002 0.1206 0.0000
5         M:cpu
31        155 0.0849 0.0594 0.0710 0.0000
8         M:syslog
37        155 145.0000 101.5000 121.3157 0.0000
8         M:ssh_in
31        155 2.0000 1.4000 1.6733 0.0000
13        M:cfengine_in
31        155 1.0000 0.7000 0.8367 0.0000
9         M:loadavg
31        155 0.0039 0.0027 0.0034 0.0000
10        M:diskfree
34        155 73.5000 51.4500 61.5642 0.0000
12        M:otherprocs
31        155 6.0000 4.2000 5.0200 0.0000
11        M:rootprocs
35        155 109.5000 76.6500 91.6152 0.0000
7         M:users
31        155 6.0000 4.2000 5.0200 0.0000
# send QUERY complete successful
