# delta from 1679678898 to 1679678959 at 1679678959
22        CFR: 0 1679678958 1760
3         PRD
60        Packing reports: delta,0.028156,0.079278,0.069252,1679678899
83        Sample(/proc/sys/kernel/random/entropy_avail),0.004549,0.002069,0.002052,1679678905
3         EXS
16        f,294,1679678855
3         MOM
15        M:entropy_avail
34        1361 1.0000 17.0800 57.3473 0.0000
12        M:mem_cached
40        1361 1475.0273 1341.8967 443.7687 0.0000
10        M:mem_free
40        1361 13921.7148 12669.6227 0.0000 0.0000
11        M:mem_total
40        1361 15817.1836 14393.6371 0.0000 0.0000
16        M:io_writtendata
32        1361 0.1328 0.1001 0.0924 0.0000
11        M:io_writes
32        1361 6.0000 4.6200 3.9563 0.0000
6         M:cpu3
32        1361 0.8063 0.6050 0.5684 0.0000
6         M:cpu2
32        1361 0.6809 0.4850 0.5466 0.0000
6         M:cpu1
32        1361 3.0000 2.1140 2.4712 0.0000
6         M:cpu0
32        1361 0.4330 0.3073 0.3507 0.0000
5         M:cpu
32        1361 1.2300 0.8778 0.9830 0.0000
8         M:syslog
39        1361 1082.0000 787.8500 823.0318 0.0000
8         M:ssh_in
32        1361 2.0000 1.8200 0.6000 0.0000
14        M:cfengine_out
32        1361 1.0000 0.7000 0.8367 0.0000
13        M:cfengine_in
32        1361 1.0000 0.9100 0.3000 0.0000
9         M:loadavg
32        1361 0.0327 0.0229 0.0274 0.0000
10        M:diskfree
35        1361 70.0000 63.7000 21.0000 0.0000
12        M:otherprocs
32        1361 6.0000 5.4600 1.8000 0.0000
11        M:rootprocs
37        1361 111.0000 100.8000 34.0000 0.0000
7         M:users
32        1361 6.0000 5.4600 1.8000 0.0000
3         MOY
15        M:entropy_avail
34        155 84.5000 59.1500 70.8474 0.0000
12        M:mem_cached
39        155 1058.9355 741.2549 1546.1225 0.0000
16        M:io_writtendata
31        155 0.0479 0.0335 0.0419 0.0000
11        M:io_writes
31        155 3.0000 2.1000 2.6458 0.0000
6         M:cpu3
31        155 0.0133 0.0093 0.0111 0.0000
6         M:cpu2
31        155 0.0866 0.0606 0.0949 0.0000
6         M:cpu1
31        155 0.0999 0.0699 0.1070 0.0000
6         M:cpu0
31        155 0.1432 0.1002 0.1206 0.0000
5         M:cpu
31        155 0.0849 0.0594 0.0710 0.0000
8         M:syslog
37        155 145.0000 101.5000 121.3157 0.0000
8         M:ssh_in
31        155 2.0000 1.4000 1.6733 0.0000
13        M:cfengine_in
31        155 1.0000 0.7000 0.8367 0.0000
9         M:loadavg
31        155 0.0039 0.0027 0.0034 0.0000
10        M:diskfree
34        155 73.5000 51.4500 61.5642 0.0000
12        M:otherprocs
31        155 6.0000 4.2000 5.0200 0.0000
11        M:rootprocs
35        155 109.5000 76.6500 91.6152 0.0000
7         M:users
31        155 6.0000 4.2000 5.0200 0.0000
# send QUERY complete successful
