# delta from 1679741238 to 1679741299 at 1679741299
22        CFR: 0 1679741298 1762
3         PRD
60        Packing reports: delta,0.024481,0.059934,0.059285,1679741239
83        Sample(/proc/sys/kernel/random/entropy_avail),0.005247,0.002753,0.003316,1679741254
3         EXS
16        f,295,1679741233
3         MOM
15        M:entropy_avail
35        1569 91.0000 64.5400 73.8162 0.0000
12        M:mem_cached
40        1569 1854.5469 1687.2874 557.5316 0.0000
10        M:mem_free
40        1569 13509.3203 12292.5307 0.0000 0.0000
11        M:mem_total
40        1569 15817.1836 14393.6371 0.0000 0.0000
16        M:io_writtendata
32        1569 0.1201 0.0974 0.0697 0.0000
11        M:io_writes
32        1569 6.0000 5.0400 3.2447 0.0000
6         M:cpu3
32        1569 1.9996 1.4193 1.6189 0.0000
6         M:cpu2
32        1569 1.3593 0.9543 1.1295 0.0000
6         M:cpu1
32        1569 0.5863 0.4440 0.4036 0.0000
6         M:cpu0
32        1569 0.8794 0.6253 0.7087 0.0000
5         M:cpu
32        1569 1.2060 0.8607 0.9639 0.0000
8         M:syslog
40        1569 1325.0000 958.1600 1025.2533 0.0000
8         M:ssh_in
32        1569 2.0000 1.8200 0.6000 0.0000
14        M:cfengine_out
32        1569 1.0000 0.7000 0.8367 0.0000
13        M:cfengine_in
32        1569 1.0000 0.9100 0.3000 0.0000
9         M:loadavg
32        1569 0.1089 0.0779 0.0866 0.0000
10        M:diskfree
35        1569 65.0000 59.1500 19.5000 0.0000
12        M:otherprocs
32        1569 6.0000 5.4600 1.8000 0.0000
11        M:rootprocs
37        1569 111.0000 100.3800 35.4000 0.0000
7         M:users
32        1569 6.0000 5.4600 1.8000 0.0000
3         MOY
15        M:entropy_avail
34        155 84.5000 59.1500 70.8474 0.0000
12        M:mem_cached
39        155 1058.9355 741.2549 1546.1225 0.0000
16        M:io_writtendata
31        155 0.0479 0.0335 0.0419 0.0000
11        M:io_writes
31        155 3.0000 2.1000 2.6458 0.0000
6         M:cpu3
31        155 0.0133 0.0093 0.0111 0.0000
6         M:cpu2
31        155 0.0866 0.0606 0.0949 0.0000
6         M:cpu1
31        155 0.0999 0.0699 0.1070 0.0000
6         M:cpu0
31        155 0.1432 0.1002 0.1206 0.0000
5         M:cpu
31        155 0.0849 0.0594 0.0710 0.0000
8         M:syslog
37        155 145.0000 101.5000 121.3157 0.0000
8         M:ssh_in
31        155 2.0000 1.4000 1.6733 0.0000
13        M:cfengine_in
31        155 1.0000 0.7000 0.8367 0.0000
9         M:loadavg
31        155 0.0039 0.0027 0.0034 0.0000
10        M:diskfree
34        155 73.5000 51.4500 61.5642 0.0000
12        M:otherprocs
31        155 6.0000 4.2000 5.0200 0.0000
11        M:rootprocs
35        155 109.5000 76.6500 91.6152 0.0000
7         M:users
31        155 6.0000 4.2000 5.0200 0.0000
# send QUERY complete successful
