# delta from 1679740158 to 1679740219 at 1679740219
22        CFR: 0 1679740218 2405
3         PRD
60        Packing reports: delta,0.026653,0.071036,0.062728,1679740159
83        Sample(/proc/sys/kernel/random/entropy_avail),0.004466,0.001995,0.002158,1679740203
3         EXS
16        f,295,1679740052
3         MOM
15        M:entropy_avail
35        1565 87.0000 61.1100 72.2052 0.0000
32        1566 2.0000 1.4000 1.6733 0.0000
12        M:mem_cached
40        1565 1847.9023 1681.2310 555.5711 0.0000
41        1566 1847.8359 1293.4852 1546.0105 0.0000
10        M:mem_free
40        1565 13465.2969 12262.3394 0.0000 0.0000
39        1566 13511.4414 9458.0090 0.0000 0.0000
11        M:mem_total
40        1565 15817.1836 14393.6371 0.0000 0.0000
40        1566 15817.1836 11072.0285 0.0000 0.0000
16        M:io_writtendata
32        1565 0.0928 0.0953 0.0084 0.0000
32        1566 0.0908 0.0636 0.0760 0.0000
11        M:io_writes
32        1565 6.0000 5.8800 0.4000 0.0000
32        1566 4.0000 2.8000 3.3466 0.0000
6         M:cpu3
32        1565 1.4797 1.2596 0.7844 0.0000
32        1566 0.1799 0.1259 0.1505 0.0000
6         M:cpu2
32        1565 1.0139 1.0124 0.0053 0.0000
32        1566 0.0067 0.0047 0.0056 0.0000
6         M:cpu1
32        1565 0.8061 0.7448 0.2046 0.0000
32        1566 0.2131 0.1492 0.1783 0.0000
6         M:cpu0
32        1565 1.3857 1.0708 0.9055 0.0000
32        1566 0.0999 0.0699 0.0836 0.0000
5         M:cpu
32        1565 1.1697 1.0203 0.4980 0.0000
32        1566 0.1282 0.0898 0.1073 0.0000
8         M:syslog
38        1565 310.0000 424.9000 383.0000 0.0000
38        1566 438.0000 306.6000 366.4571 0.0000
8         M:ssh_in
32        1565 2.0000 1.8200 0.6000 0.0000
32        1566 2.0000 1.4000 1.6733 0.0000
14        M:cfengine_out
32        1565 1.0000 0.7000 0.8367 0.0000
13        M:cfengine_in
32        1565 1.0000 0.9100 0.3000 0.0000
32        1566 1.0000 0.7000 0.8367 0.0000
9         M:loadavg
32        1565 0.1592 0.1140 0.1262 0.0000
32        1566 0.0098 0.0068 0.0082 0.0000
10        M:diskfree
35        1565 65.0000 59.1500 19.5000 0.0000
35        1566 65.0000 45.5000 54.3829 0.0000
12        M:otherprocs
32        1565 6.0000 5.4600 1.8000 0.0000
32        1566 6.0000 4.2000 5.0200 0.0000
11        M:rootprocs
37        1565 112.0000 101.2900 35.7000 0.0000
36        1566 109.0000 76.3000 91.1959 0.0000
7         M:users
32        1565 6.0000 5.4600 1.8000 0.0000
32        1566 6.0000 4.2000 5.0200 0.0000
3         MOY
15        M:entropy_avail
34        155 84.5000 59.1500 70.8474 0.0000
12        M:mem_cached
39        155 1058.9355 741.2549 1546.1225 0.0000
16        M:io_writtendata
31        155 0.0479 0.0335 0.0419 0.0000
11        M:io_writes
31        155 3.0000 2.1000 2.6458 0.0000
6         M:cpu3
31        155 0.0133 0.0093 0.0111 0.0000
6         M:cpu2
31        155 0.0866 0.0606 0.0949 0.0000
6         M:cpu1
31        155 0.0999 0.0699 0.1070 0.0000
6         M:cpu0
31        155 0.1432 0.1002 0.1206 0.0000
5         M:cpu
31        155 0.0849 0.0594 0.0710 0.0000
8         M:syslog
37        155 145.0000 101.5000 121.3157 0.0000
8         M:ssh_in
31        155 2.0000 1.4000 1.6733 0.0000
13        M:cfengine_in
31        155 1.0000 0.7000 0.8367 0.0000
9         M:loadavg
31        155 0.0039 0.0027 0.0034 0.0000
10        M:diskfree
34        155 73.5000 51.4500 61.5642 0.0000
12        M:otherprocs
31        155 6.0000 4.2000 5.0200 0.0000
11        M:rootprocs
35        155 109.5000 76.6500 91.6152 0.0000
7         M:users
31        155 6.0000 4.2000 5.0200 0.0000
# send QUERY complete successful
