# delta from 1679709678 to 1679709739 at 1679709739
22        CFR: 0 1679709738 1804
3         PRD
60        Packing reports: delta,0.037839,0.119328,0.153087,1679709679
83        Sample(/proc/sys/kernel/random/entropy_avail),0.004364,0.001905,0.001926,1679709706
3         EXS
16        f,295,1679709454
3         MOM
15        M:entropy_avail
35        1464 99.0000 69.3000 82.8293 0.0000
12        M:mem_cached
41        1464 1650.1445 1155.1012 1380.6100 0.0000
10        M:mem_free
39        1464 13703.2422 9592.2695 0.0000 0.0000
11        M:mem_total
40        1464 15817.1836 11072.0285 0.0000 0.0000
16        M:io_writtendata
32        1464 2.5098 1.7568 2.0998 0.0000
13        M:io_readdata
32        1464 0.0029 0.0021 0.0025 0.0000
11        M:io_writes
34        1464 12.0000 8.4000 10.0399 0.0000
6         M:cpu3
32        1464 2.1378 1.4964 1.7886 0.0000
6         M:cpu2
32        1464 9.7056 6.7939 8.1203 0.0000
6         M:cpu1
32        1464 0.5072 0.3550 0.4244 0.0000
6         M:cpu0
35        1464 17.3035 12.1124 14.4771 0.0000
5         M:cpu
32        1464 7.4169 5.1918 6.2054 0.0000
8         M:syslog
38        1464 231.0000 161.7000 193.2685 0.0000
8         M:ssh_in
32        1464 2.0000 1.4000 1.6733 0.0000
9         M:www_out
32        1464 2.0000 1.4000 1.6733 0.0000
13        M:cfengine_in
32        1464 1.0000 0.7000 0.8367 0.0000
9         M:loadavg
32        1464 0.5293 0.3705 0.4428 0.0000
10        M:diskfree
35        1464 68.0000 47.6000 56.8929 0.0000
12        M:otherprocs
32        1464 6.0000 4.2000 5.0200 0.0000
11        M:rootprocs
36        1464 112.0000 78.4000 93.7059 0.0000
7         M:users
32        1464 6.0000 4.2000 5.0200 0.0000
3         MOY
15        M:entropy_avail
34        155 84.5000 59.1500 70.8474 0.0000
12        M:mem_cached
39        155 1058.9355 741.2549 1546.1225 0.0000
16        M:io_writtendata
31        155 0.0479 0.0335 0.0419 0.0000
11        M:io_writes
31        155 3.0000 2.1000 2.6458 0.0000
6         M:cpu3
31        155 0.0133 0.0093 0.0111 0.0000
6         M:cpu2
31        155 0.0866 0.0606 0.0949 0.0000
6         M:cpu1
31        155 0.0999 0.0699 0.1070 0.0000
6         M:cpu0
31        155 0.1432 0.1002 0.1206 0.0000
5         M:cpu
31        155 0.0849 0.0594 0.0710 0.0000
8         M:syslog
37        155 145.0000 101.5000 121.3157 0.0000
8         M:ssh_in
31        155 2.0000 1.4000 1.6733 0.0000
13        M:cfengine_in
31        155 1.0000 0.7000 0.8367 0.0000
9         M:loadavg
31        155 0.0039 0.0027 0.0034 0.0000
10        M:diskfree
34        155 73.5000 51.4500 61.5642 0.0000
12        M:otherprocs
31        155 6.0000 4.2000 5.0200 0.0000
11        M:rootprocs
35        155 109.5000 76.6500 91.6152 0.0000
7         M:users
31        155 6.0000 4.2000 5.0200 0.0000
# send QUERY complete successful
