# delta from 1679759844 to 1679759904 at 1679759904
22        CFR: 0 1679759903 1760
3         PRD
60        Packing reports: delta,0.022220,0.049374,0.050214,1679759845
83        Sample(/proc/sys/kernel/random/entropy_avail),0.004519,0.002042,0.002062,1679759884
3         EXS
16        f,295,1679759841
3         MOM
15        M:entropy_avail
35        1631 84.0000 59.0100 69.6953 0.0000
12        M:mem_cached
40        1631 1959.5703 1782.8554 589.0496 0.0000
10        M:mem_free
40        1631 13385.5781 12178.3659 0.0000 0.0000
11        M:mem_total
40        1631 15817.1836 14393.6371 0.0000 0.0000
16        M:io_writtendata
32        1631 0.1455 0.1103 0.1000 0.0000
11        M:io_writes
32        1631 8.0000 6.0200 5.5975 0.0000
6         M:cpu3
32        1631 0.9325 0.6696 0.7343 0.0000
6         M:cpu2
32        1631 1.2878 0.9546 0.9364 0.0000
6         M:cpu1
32        1631 2.4132 1.6920 2.0112 0.0000
6         M:cpu0
32        1631 0.3332 0.2388 0.2635 0.0000
5         M:cpu
32        1631 1.2415 0.8883 0.9860 0.0000
8         M:syslog
39        1631 1086.0000 790.8600 825.8208 0.0000
8         M:ssh_in
32        1631 2.0000 1.8200 0.6000 0.0000
14        M:cfengine_out
32        1631 1.0000 0.7000 0.8367 0.0000
13        M:cfengine_in
32        1631 1.0000 0.9100 0.3000 0.0000
9         M:loadavg
32        1631 0.0356 0.0250 0.0298 0.0000
10        M:diskfree
35        1631 63.0000 57.5400 18.2000 0.0000
12        M:otherprocs
32        1631 6.0000 5.4600 1.8000 0.0000
11        M:rootprocs
36        1631 110.0000 99.8900 33.7000 0.0000
7         M:users
32        1631 6.0000 5.4600 1.8000 0.0000
3         MOY
15        M:entropy_avail
34        155 84.5000 59.1500 70.8474 0.0000
12        M:mem_cached
39        155 1058.9355 741.2549 1546.1225 0.0000
16        M:io_writtendata
31        155 0.0479 0.0335 0.0419 0.0000
11        M:io_writes
31        155 3.0000 2.1000 2.6458 0.0000
6         M:cpu3
31        155 0.0133 0.0093 0.0111 0.0000
6         M:cpu2
31        155 0.0866 0.0606 0.0949 0.0000
6         M:cpu1
31        155 0.0999 0.0699 0.1070 0.0000
6         M:cpu0
31        155 0.1432 0.1002 0.1206 0.0000
5         M:cpu
31        155 0.0849 0.0594 0.0710 0.0000
8         M:syslog
37        155 145.0000 101.5000 121.3157 0.0000
8         M:ssh_in
31        155 2.0000 1.4000 1.6733 0.0000
13        M:cfengine_in
31        155 1.0000 0.7000 0.8367 0.0000
9         M:loadavg
31        155 0.0039 0.0027 0.0034 0.0000
10        M:diskfree
34        155 73.5000 51.4500 61.5642 0.0000
12        M:otherprocs
31        155 6.0000 4.2000 5.0200 0.0000
11        M:rootprocs
35        155 109.5000 76.6500 91.6152 0.0000
7         M:users
31        155 6.0000 4.2000 5.0200 0.0000
# send QUERY complete successful
