# delta from 1679748738 to 1679748799 at 1679748799
22        CFR: 0 1679748798 1760
3         PRD
60        Packing reports: delta,0.029825,0.088954,0.093552,1679748739
83        Sample(/proc/sys/kernel/random/entropy_avail),0.004656,0.002168,0.001893,1679748765
3         EXS
16        f,295,1679748735
3         MOM
15        M:entropy_avail
35        1594 88.0000 61.8100 73.0419 0.0000
12        M:mem_cached
40        1594 1897.0234 1725.9337 570.2992 0.0000
10        M:mem_free
38        1594 9421.1770 9421.1770 0.0000 0.0000
11        M:mem_total
40        1594 11072.0285 11072.0285 0.0000 0.0000
16        M:io_writtendata
32        1594 0.1611 0.1276 0.0990 0.0000
11        M:io_writes
32        1594 8.0000 6.8600 4.2033 0.0000
6         M:cpu3
32        1594 1.3680 0.9660 1.1213 0.0000
6         M:cpu2
32        1594 1.7069 1.2158 1.3703 0.0000
6         M:cpu1
32        1594 1.6188 1.1583 1.2853 0.0000
6         M:cpu0
32        1594 0.3266 0.2482 0.2228 0.0000
5         M:cpu
32        1594 1.2567 0.8982 1.0005 0.0000
8         M:syslog
40        1594 1326.0000 958.8600 1026.0881 0.0000
8         M:ssh_in
32        1594 2.0000 1.8200 0.6000 0.0000
14        M:cfengine_out
32        1594 1.0000 0.7000 0.8367 0.0000
13        M:cfengine_in
32        1594 1.0000 0.9100 0.3000 0.0000
9         M:loadavg
32        1594 0.1675 0.1184 0.1370 0.0000
10        M:diskfree
35        1594 64.0000 58.2400 19.2000 0.0000
12        M:otherprocs
32        1594 6.0000 5.4600 1.8000 0.0000
11        M:rootprocs
37        1594 111.0000 100.5900 34.7000 0.0000
7         M:users
32        1594 6.0000 5.4600 1.8000 0.0000
3         MOY
15        M:entropy_avail
34        155 84.5000 59.1500 70.8474 0.0000
12        M:mem_cached
39        155 1058.9355 741.2549 1546.1225 0.0000
16        M:io_writtendata
31        155 0.0479 0.0335 0.0419 0.0000
11        M:io_writes
31        155 3.0000 2.1000 2.6458 0.0000
6         M:cpu3
31        155 0.0133 0.0093 0.0111 0.0000
6         M:cpu2
31        155 0.0866 0.0606 0.0949 0.0000
6         M:cpu1
31        155 0.0999 0.0699 0.1070 0.0000
6         M:cpu0
31        155 0.1432 0.1002 0.1206 0.0000
5         M:cpu
31        155 0.0849 0.0594 0.0710 0.0000
8         M:syslog
37        155 145.0000 101.5000 121.3157 0.0000
8         M:ssh_in
31        155 2.0000 1.4000 1.6733 0.0000
13        M:cfengine_in
31        155 1.0000 0.7000 0.8367 0.0000
9         M:loadavg
31        155 0.0039 0.0027 0.0034 0.0000
10        M:diskfree
34        155 73.5000 51.4500 61.5642 0.0000
12        M:otherprocs
31        155 6.0000 4.2000 5.0200 0.0000
11        M:rootprocs
35        155 109.5000 76.6500 91.6152 0.0000
7         M:users
31        155 6.0000 4.2000 5.0200 0.0000
# send QUERY complete successful
