# delta from 1679695098 to 1679695159 at 1679695159
22        CFR: 0 1679695158 1711
3         PRD
60        Packing reports: delta,0.023160,0.053639,0.062652,1679695099
83        Sample(/proc/sys/kernel/random/entropy_avail),0.004518,0.002041,0.002403,1679695133
3         EXS
16        f,295,1679695041
3         MOM
15        M:entropy_avail
34        1415 8.0000 24.2900 61.0521 0.0000
12        M:mem_cached
40        1415 1568.0742 1426.6022 471.5734 0.0000
10        M:mem_free
38        1415 9668.9660 9668.9660 0.0000 0.0000
11        M:mem_total
40        1415 11072.0285 11072.0285 0.0000 0.0000
16        M:io_writtendata
32        1415 0.1602 0.1213 0.1101 0.0000
11        M:io_writes
32        1415 8.0000 6.0200 5.5975 0.0000
6         M:cpu3
32        1415 2.3871 1.6766 1.9817 0.0000
6         M:cpu2
32        1415 1.2671 0.9331 0.9368 0.0000
6         M:cpu1
32        1415 0.5062 0.3557 0.4196 0.0000
6         M:cpu0
32        1415 0.7668 0.5661 0.5633 0.0000
5         M:cpu
32        1415 1.2316 0.8824 0.9749 0.0000
8         M:syslog
39        1415 1079.0000 785.7500 820.5301 0.0000
8         M:ssh_in
32        1415 2.0000 1.8200 0.6000 0.0000
13        M:cfengine_in
32        1415 1.0000 0.9100 0.3000 0.0000
9         M:loadavg
32        1415 0.0137 0.0096 0.0114 0.0000
10        M:diskfree
35        1415 69.0000 62.7900 20.7000 0.0000
12        M:otherprocs
32        1415 6.0000 5.4600 1.8000 0.0000
11        M:rootprocs
36        1415 109.0000 99.1900 32.7000 0.0000
7         M:users
32        1415 6.0000 5.4600 1.8000 0.0000
3         MOY
15        M:entropy_avail
34        155 84.5000 59.1500 70.8474 0.0000
12        M:mem_cached
39        155 1058.9355 741.2549 1546.1225 0.0000
16        M:io_writtendata
31        155 0.0479 0.0335 0.0419 0.0000
11        M:io_writes
31        155 3.0000 2.1000 2.6458 0.0000
6         M:cpu3
31        155 0.0133 0.0093 0.0111 0.0000
6         M:cpu2
31        155 0.0866 0.0606 0.0949 0.0000
6         M:cpu1
31        155 0.0999 0.0699 0.1070 0.0000
6         M:cpu0
31        155 0.1432 0.1002 0.1206 0.0000
5         M:cpu
31        155 0.0849 0.0594 0.0710 0.0000
8         M:syslog
37        155 145.0000 101.5000 121.3157 0.0000
8         M:ssh_in
31        155 2.0000 1.4000 1.6733 0.0000
13        M:cfengine_in
31        155 1.0000 0.7000 0.8367 0.0000
9         M:loadavg
31        155 0.0039 0.0027 0.0034 0.0000
10        M:diskfree
34        155 73.5000 51.4500 61.5642 0.0000
12        M:otherprocs
31        155 6.0000 4.2000 5.0200 0.0000
11        M:rootprocs
35        155 109.5000 76.6500 91.6152 0.0000
7         M:users
31        155 6.0000 4.2000 5.0200 0.0000
# send QUERY complete successful
