# delta from 1679698458 to 1679698519 at 1679698519
22        CFR: 0 1679698518 1630
3         PRD
60        Packing reports: delta,0.026475,0.070090,0.077460,1679698459
3         EXS
16        f,295,1679698349
3         MOM
15        M:entropy_avail
34        1426 7.0000 21.9100 55.7393 0.0000
12        M:mem_cached
40        1426 1587.1875 1443.9616 477.4195 0.0000
10        M:mem_free
38        1426 9644.6273 9644.6273 0.0000 0.0000
11        M:mem_total
40        1426 11072.0285 11072.0285 0.0000 0.0000
16        M:io_writtendata
32        1426 0.1514 0.1142 0.1053 0.0000
11        M:io_writes
32        1426 8.0000 6.0200 5.5975 0.0000
6         M:cpu3
32        1426 0.4400 0.3122 0.3566 0.0000
6         M:cpu2
32        1426 0.7331 0.5215 0.5902 0.0000
6         M:cpu1
32        1426 1.0729 0.7538 0.8899 0.0000
6         M:cpu0
32        1426 2.6870 1.9467 2.0697 0.0000
5         M:cpu
32        1426 1.2315 0.8830 0.9730 0.0000
8         M:syslog
41        1426 1800.0000 1290.4500 1422.6197 0.0000
8         M:ssh_in
32        1426 2.0000 1.8200 0.6000 0.0000
13        M:cfengine_in
32        1426 1.0000 0.9100 0.3000 0.0000
9         M:loadavg
32        1426 0.0513 0.0359 0.0429 0.0000
10        M:diskfree
35        1426 68.0000 61.8800 20.4000 0.0000
12        M:otherprocs
32        1426 6.0000 5.4600 1.8000 0.0000
11        M:rootprocs
36        1426 109.0000 99.1900 32.7000 0.0000
7         M:users
32        1426 6.0000 5.4600 1.8000 0.0000
3         MOY
15        M:entropy_avail
34        155 84.5000 59.1500 70.8474 0.0000
12        M:mem_cached
39        155 1058.9355 741.2549 1546.1225 0.0000
16        M:io_writtendata
31        155 0.0479 0.0335 0.0419 0.0000
11        M:io_writes
31        155 3.0000 2.1000 2.6458 0.0000
6         M:cpu3
31        155 0.0133 0.0093 0.0111 0.0000
6         M:cpu2
31        155 0.0866 0.0606 0.0949 0.0000
6         M:cpu1
31        155 0.0999 0.0699 0.1070 0.0000
6         M:cpu0
31        155 0.1432 0.1002 0.1206 0.0000
5         M:cpu
31        155 0.0849 0.0594 0.0710 0.0000
8         M:syslog
37        155 145.0000 101.5000 121.3157 0.0000
8         M:ssh_in
31        155 2.0000 1.4000 1.6733 0.0000
13        M:cfengine_in
31        155 1.0000 0.7000 0.8367 0.0000
9         M:loadavg
31        155 0.0039 0.0027 0.0034 0.0000
10        M:diskfree
34        155 73.5000 51.4500 61.5642 0.0000
12        M:otherprocs
31        155 6.0000 4.2000 5.0200 0.0000
11        M:rootprocs
35        155 109.5000 76.6500 91.6152 0.0000
7         M:users
31        155 6.0000 4.2000 5.0200 0.0000
# send QUERY complete successful
