# delta from 1679669238 to 1679669299 at 1679669299
22        CFR: 0 1679669298 1711
3         PRD
60        Packing reports: delta,0.041319,0.203026,0.200883,1679669239
83        Sample(/proc/sys/kernel/random/entropy_avail),0.005677,0.003223,0.004969,1679669287
3         EXS
16        f,295,1679669228
3         MOM
15        M:entropy_avail
34        1329 7.0000 24.0100 63.1620 0.0000
12        M:mem_cached
38        1329 881.6562 801.9651 265.6371 0.0000
10        M:mem_free
40        1329 14539.9922 13232.0409 0.0000 0.0000
11        M:mem_total
40        1329 15817.1836 14393.6371 0.0000 0.0000
16        M:io_writtendata
32        1329 0.1680 0.1262 0.1180 0.0000
11        M:io_writes
33        1329 10.0000 7.4200 7.2534 0.0000
6         M:cpu3
32        1329 0.9824 0.7325 0.7038 0.0000
6         M:cpu2
32        1329 0.7557 0.5374 0.6091 0.0000
6         M:cpu1
32        1329 2.6147 1.8611 2.1028 0.0000
6         M:cpu0
32        1329 0.9213 0.6659 0.7138 0.0000
5         M:cpu
32        1329 1.3192 0.9500 1.0312 0.0000
8         M:syslog
39        1329 1082.0000 787.8500 823.0318 0.0000
8         M:ssh_in
32        1329 2.0000 1.8200 0.6000 0.0000
13        M:cfengine_in
32        1329 1.0000 0.9100 0.3000 0.0000
9         M:loadavg
32        1329 0.0840 0.0597 0.0677 0.0000
10        M:diskfree
35        1329 74.0000 67.3400 22.2000 0.0000
12        M:otherprocs
32        1329 6.0000 5.4600 1.8000 0.0000
11        M:rootprocs
37        1329 110.0000 100.1000 33.0000 0.0000
7         M:users
32        1329 6.0000 5.4600 1.8000 0.0000
3         MOY
15        M:entropy_avail
34        155 82.5000 57.7500 69.0865 0.0000
12        M:mem_cached
37        155 759.8086 531.8660 642.3242 0.0000
16        M:io_writtendata
31        155 0.0537 0.0376 0.0481 0.0000
11        M:io_writes
31        155 3.0000 2.1000 2.6458 0.0000
6         M:cpu3
31        155 0.1100 0.0770 0.1225 0.0000
6         M:cpu2
31        155 0.0966 0.0676 0.0966 0.0000
6         M:cpu1
31        155 0.1401 0.0981 0.1544 0.0000
6         M:cpu0
31        155 0.0833 0.0583 0.0947 0.0000
5         M:cpu
31        155 0.1066 0.0746 0.0907 0.0000
8         M:syslog
37        155 145.0000 101.5000 121.3157 0.0000
8         M:ssh_in
31        155 2.0000 1.4000 1.6733 0.0000
13        M:cfengine_in
31        155 1.0000 0.7000 0.8367 0.0000
9         M:loadavg
31        155 0.0027 0.0019 0.0023 0.0000
10        M:diskfree
34        155 76.0000 53.2000 63.5917 0.0000
12        M:otherprocs
31        155 6.0000 4.2000 5.0200 0.0000
11        M:rootprocs
35        155 109.5000 76.6500 91.6152 0.0000
7         M:users
31        155 6.0000 4.2000 5.0200 0.0000
# send QUERY complete successful
