# delta from 1679677218 to 1679677279 at 1679677279
22        CFR: 0 1679677278 1713
3         PRD
60        Packing reports: delta,0.028101,0.078966,0.070734,1679677219
83        Sample(/proc/sys/kernel/random/entropy_avail),0.005016,0.002516,0.002086,1679677252
3         EXS
16        f,295,1679677025
3         MOM
15        M:entropy_avail
35        1356 83.0000 58.1000 69.4428 0.0000
12        M:mem_cached
41        1356 1464.7500 1025.3250 1225.4978 0.0000
10        M:mem_free
39        1356 13930.6641 9751.4648 0.0000 0.0000
11        M:mem_total
40        1356 15817.1836 11072.0285 0.0000 0.0000
16        M:io_writtendata
32        1356 0.0342 0.0239 0.0286 0.0000
11        M:io_writes
32        1356 2.0000 1.4000 1.6733 0.0000
6         M:cpu3
32        1356 0.1065 0.0746 0.0891 0.0000
6         M:cpu2
32        1356 0.0067 0.0047 0.0056 0.0000
6         M:cpu1
32        1356 0.0932 0.0652 0.0780 0.0000
6         M:cpu0
32        1356 0.1199 0.0839 0.1003 0.0000
5         M:cpu
32        1356 0.0849 0.0594 0.0710 0.0000
8         M:syslog
38        1356 145.0000 101.5000 121.3157 0.0000
8         M:ssh_in
32        1356 2.0000 1.4000 1.6733 0.0000
13        M:cfengine_in
32        1356 1.0000 0.7000 0.8367 0.0000
9         M:loadavg
32        1356 0.0010 0.0007 0.0008 0.0000
10        M:diskfree
35        1356 70.0000 49.0000 58.5662 0.0000
12        M:otherprocs
32        1356 6.0000 4.2000 5.0200 0.0000
11        M:rootprocs
36        1356 108.0000 75.6000 90.3593 0.0000
7         M:users
32        1356 6.0000 4.2000 5.0200 0.0000
3         MOY
15        M:entropy_avail
34        155 82.5000 57.7500 69.0865 0.0000
12        M:mem_cached
39        155 1049.0156 734.3109 1532.5382 0.0000
16        M:io_writtendata
31        155 0.0479 0.0335 0.0419 0.0000
11        M:io_writes
31        155 3.0000 2.1000 2.6458 0.0000
6         M:cpu3
31        155 0.0233 0.0163 0.0212 0.0000
6         M:cpu2
31        155 0.1966 0.1376 0.1673 0.0000
6         M:cpu1
31        155 0.0166 0.0116 0.0142 0.0000
6         M:cpu0
31        155 0.1798 0.1259 0.1514 0.0000
5         M:cpu
31        155 0.1049 0.0734 0.0891 0.0000
8         M:syslog
37        155 145.0000 101.5000 121.3157 0.0000
8         M:ssh_in
31        155 2.0000 1.4000 1.6733 0.0000
13        M:cfengine_in
31        155 1.0000 0.7000 0.8367 0.0000
9         M:loadavg
31        155 0.0042 0.0029 0.0036 0.0000
10        M:diskfree
34        155 73.5000 51.4500 61.5642 0.0000
12        M:otherprocs
31        155 6.0000 4.2000 5.0200 0.0000
11        M:rootprocs
35        155 109.5000 76.6500 91.6152 0.0000
7         M:users
31        155 6.0000 4.2000 5.0200 0.0000
# send QUERY complete successful
