# delta from 1679663058 to 1679663119 at 1679663119
22        CFR: 0 1679663118 1676
3         PRD
60        Packing reports: delta,0.100451,0.248963,0.178405,1679663059
3         EXS
16        f,297,1679662968
3         MOM
15        M:entropy_avail
34        1308 5.0000 22.8200 65.1713 0.0000
12        M:mem_cached
38        1308 850.6875 773.8229 256.2152 0.0000
10        M:mem_free
40        1308 10207.4984 10207.4984 0.0000 0.0000
11        M:mem_total
40        1308 11072.0285 11072.0285 0.0000 0.0000
16        M:io_writtendata
32        1308 0.1123 0.0981 0.0474 0.0000
11        M:io_writes
32        1308 6.0000 5.0400 3.2447 0.0000
6         M:cpu3
32        1308 0.7948 0.5774 0.6082 0.0000
6         M:cpu2
32        1308 1.8155 1.3339 1.3502 0.0000
6         M:cpu1
32        1308 1.0583 0.7828 0.7738 0.0000
6         M:cpu0
32        1308 1.9418 1.3733 1.5859 0.0000
5         M:cpu
32        1308 1.4006 1.0154 1.0770 0.0000
8         M:syslog
39        1308 1080.0000 847.3500 678.7617 0.0000
8         M:ssh_in
32        1308 2.0000 2.0300 0.1000 0.0000
14        M:cfengine_out
32        1308 1.0000 0.7000 0.8367 0.0000
13        M:cfengine_in
32        1308 1.0000 0.9100 0.3000 0.0000
9         M:loadavg
32        1308 0.1411 0.1008 0.1124 0.0000
10        M:diskfree
35        1308 75.0000 68.2500 22.5000 0.0000
12        M:otherprocs
32        1308 6.0000 5.4600 1.8000 0.0000
11        M:rootprocs
37        1308 111.0000 100.8000 34.0000 0.0000
7         M:users
32        1308 6.0000 5.4600 1.8000 0.0000
3         MOY
15        M:entropy_avail
37        155 259.0000 181.3000 263.8877 0.0000
12        M:mem_cached
37        155 742.6699 519.8689 626.1966 0.0000
16        M:io_writtendata
31        155 0.0454 0.0318 0.0393 0.0000
11        M:io_writes
31        155 2.0000 1.4000 1.6733 0.0000
6         M:cpu3
31        155 0.0799 0.0559 0.0870 0.0000
6         M:cpu2
31        155 0.2633 0.1843 0.2367 0.0000
6         M:cpu1
31        155 0.0166 0.0116 0.0142 0.0000
6         M:cpu0
31        155 0.0866 0.0606 0.0949 0.0000
5         M:cpu
31        155 0.1124 0.0787 0.0965 0.0000
8         M:syslog
37        155 145.0000 101.5000 121.3157 0.0000
8         M:ssh_in
31        155 2.0000 1.4000 1.6733 0.0000
13        M:cfengine_in
31        155 1.0000 0.7000 0.8367 0.0000
9         M:loadavg
31        155 0.0015 0.0010 0.0017 0.0000
10        M:diskfree
34        155 76.0000 53.2000 63.5917 0.0000
12        M:otherprocs
31        155 6.0000 4.2000 5.0200 0.0000
11        M:rootprocs
35        155 110.0000 77.0000 92.0326 0.0000
7         M:users
31        155 6.0000 4.2000 5.0200 0.0000
# send QUERY complete successful
