# delta from 1679747898 to 1679747959 at 1679747959
22        CFR: 0 1679747958 1677
3         PRD
60        Packing reports: delta,0.031247,0.097639,0.090549,1679747899
3         EXS
16        f,295,1679747849
3         MOM
15        M:entropy_avail
35        1591 79.0000 55.9300 64.3538 0.0000
12        M:mem_cached
40        1591 1891.8672 1721.2595 568.6922 0.0000
10        M:mem_free
40        1591 13458.2383 12243.9781 0.0000 0.0000
11        M:mem_total
40        1591 15817.1836 14393.6371 0.0000 0.0000
16        M:io_writtendata
32        1591 0.1104 0.0916 0.0610 0.0000
11        M:io_writes
32        1591 6.0000 5.4600 1.8000 0.0000
6         M:cpu3
32        1591 0.5931 0.4208 0.4808 0.0000
6         M:cpu2
32        1591 0.7535 0.5667 0.5281 0.0000
6         M:cpu1
32        1591 1.9455 1.3632 1.6238 0.0000
6         M:cpu0
32        1591 1.5191 1.0899 1.1983 0.0000
5         M:cpu
32        1591 1.2030 0.8603 0.9566 0.0000
8         M:syslog
39        1591 1080.0000 786.6600 820.8175 0.0000
8         M:ssh_in
32        1591 2.0000 1.8200 0.6000 0.0000
14        M:cfengine_out
32        1591 1.0000 0.7000 0.8367 0.0000
13        M:cfengine_in
32        1591 1.0000 0.9100 0.3000 0.0000
9         M:loadavg
32        1591 0.1187 0.0848 0.0945 0.0000
10        M:diskfree
35        1591 64.0000 58.2400 19.2000 0.0000
12        M:otherprocs
32        1591 6.0000 5.4600 1.8000 0.0000
11        M:rootprocs
36        1591 109.0000 99.1900 32.7000 0.0000
7         M:users
32        1591 6.0000 5.4600 1.8000 0.0000
3         MOY
15        M:entropy_avail
34        155 84.5000 59.1500 70.8474 0.0000
12        M:mem_cached
39        155 1058.9355 741.2549 1546.1225 0.0000
16        M:io_writtendata
31        155 0.0479 0.0335 0.0419 0.0000
11        M:io_writes
31        155 3.0000 2.1000 2.6458 0.0000
6         M:cpu3
31        155 0.0133 0.0093 0.0111 0.0000
6         M:cpu2
31        155 0.0866 0.0606 0.0949 0.0000
6         M:cpu1
31        155 0.0999 0.0699 0.1070 0.0000
6         M:cpu0
31        155 0.1432 0.1002 0.1206 0.0000
5         M:cpu
31        155 0.0849 0.0594 0.0710 0.0000
8         M:syslog
37        155 145.0000 101.5000 121.3157 0.0000
8         M:ssh_in
31        155 2.0000 1.4000 1.6733 0.0000
13        M:cfengine_in
31        155 1.0000 0.7000 0.8367 0.0000
9         M:loadavg
31        155 0.0039 0.0027 0.0034 0.0000
10        M:diskfree
34        155 73.5000 51.4500 61.5642 0.0000
12        M:otherprocs
31        155 6.0000 4.2000 5.0200 0.0000
11        M:rootprocs
35        155 109.5000 76.6500 91.6152 0.0000
7         M:users
31        155 6.0000 4.2000 5.0200 0.0000
# send QUERY complete successful
