# delta from 1679753663 to 1679753724 at 1679753724
22        CFR: 0 1679753723 2327
3         PRD
60        Packing reports: delta,0.034499,0.119021,0.117037,1679753664
83        Sample(/proc/sys/kernel/random/entropy_avail),0.004667,0.002178,0.001684,1679753722
3         EXS
16        f,337,1679753580
3         MOM
15        M:entropy_avail
35        1610 83.0000 59.3600 65.9861 0.0000
32        1611 7.0000 4.9000 5.8566 0.0000
12        M:mem_cached
40        1610 1922.2617 1749.2549 576.6895 0.0000
41        1611 1923.9297 1346.7508 1609.6751 0.0000
10        M:mem_free
40        1610 13416.7148 12208.5157 0.0000 0.0000
39        1611 13436.8281 9405.7797 0.0000 0.0000
11        M:mem_total
40        1610 15817.1836 14393.6371 0.0000 0.0000
40        1611 15817.1836 11072.0285 0.0000 0.0000
16        M:io_writtendata
32        1610 0.0391 0.0347 0.0145 0.0000
32        1611 0.1611 0.1128 0.1348 0.0000
11        M:io_writes
32        1610 2.0000 1.8200 0.6000 0.0000
33        1611 10.0000 7.0000 8.3666 0.0000
6         M:cpu3
32        1610 0.0067 0.0061 0.0020 0.0000
32        1611 0.7738 0.5417 0.6474 0.0000
6         M:cpu2
32        1610 0.2266 0.2062 0.0680 0.0000
32        1611 2.4054 1.6838 2.0125 0.0000
6         M:cpu1
32        1610 0.0133 0.0107 0.0079 0.0000
32        1611 0.9399 0.6580 0.7864 0.0000
6         M:cpu0
32        1610 0.2131 0.1786 0.1158 0.0000
32        1611 0.8458 0.5921 0.7077 0.0000
5         M:cpu
32        1610 0.1182 0.1027 0.0518 0.0000
32        1611 1.2397 0.8678 1.0372 0.0000
8         M:syslog
35        1610 0.0000 30.6600 108.5714 0.0000
41        1611 2440.0000 1708.0000 2041.4505 0.0000
8         M:ssh_in
32        1610 2.0000 1.8200 0.6000 0.0000
32        1611 2.0000 1.4000 1.6733 0.0000
13        M:cfengine_in
32        1610 1.0000 0.9100 0.3000 0.0000
32        1611 1.0000 0.7000 0.8367 0.0000
9         M:loadavg
32        1611 0.0049 0.0034 0.0041 0.0000
10        M:diskfree
35        1610 64.0000 58.2400 19.2000 0.0000
35        1611 64.0000 44.8000 53.5462 0.0000
12        M:otherprocs
32        1610 6.0000 5.4600 1.8000 0.0000
32        1611 6.0000 4.2000 5.0200 0.0000
11        M:rootprocs
36        1610 109.0000 99.1900 32.7000 0.0000
36        1611 108.0000 75.6000 90.3593 0.0000
7         M:users
32        1610 6.0000 5.4600 1.8000 0.0000
32        1611 6.0000 4.2000 5.0200 0.0000
3         MOY
15        M:entropy_avail
34        155 84.5000 59.1500 70.8474 0.0000
12        M:mem_cached
39        155 1058.9355 741.2549 1546.1225 0.0000
16        M:io_writtendata
31        155 0.0479 0.0335 0.0419 0.0000
11        M:io_writes
31        155 3.0000 2.1000 2.6458 0.0000
6         M:cpu3
31        155 0.0133 0.0093 0.0111 0.0000
6         M:cpu2
31        155 0.0866 0.0606 0.0949 0.0000
6         M:cpu1
31        155 0.0999 0.0699 0.1070 0.0000
6         M:cpu0
31        155 0.1432 0.1002 0.1206 0.0000
5         M:cpu
31        155 0.0849 0.0594 0.0710 0.0000
8         M:syslog
37        155 145.0000 101.5000 121.3157 0.0000
8         M:ssh_in
31        155 2.0000 1.4000 1.6733 0.0000
13        M:cfengine_in
31        155 1.0000 0.7000 0.8367 0.0000
9         M:loadavg
31        155 0.0039 0.0027 0.0034 0.0000
10        M:diskfree
34        155 73.5000 51.4500 61.5642 0.0000
12        M:otherprocs
31        155 6.0000 4.2000 5.0200 0.0000
11        M:rootprocs
35        155 109.5000 76.6500 91.6152 0.0000
7         M:users
31        155 6.0000 4.2000 5.0200 0.0000
# send QUERY complete successful
