# delta from 1679665398 to 1679665459 at 1679665459
22        CFR: 0 1679665458 1673
3         PRD
60        Packing reports: delta,0.049039,0.147782,0.188159,1679665399
3         EXS
16        f,295,1679665329
3         MOM
15        M:entropy_avail
34        1316 5.0000 20.5100 56.9985 0.0000
12        M:mem_cached
38        1316 862.1914 784.2784 259.7102 0.0000
10        M:mem_free
40        1316 14567.4609 13259.0604 0.0000 0.0000
11        M:mem_total
40        1316 15817.1836 14393.6371 0.0000 0.0000
16        M:io_writtendata
32        1316 0.1699 0.1278 0.1191 0.0000
11        M:io_writes
33        1316 10.0000 7.4200 7.2534 0.0000
6         M:cpu3
32        1316 1.7612 1.2454 1.4387 0.0000
6         M:cpu2
32        1316 1.2168 0.9022 0.8844 0.0000
6         M:cpu1
32        1316 1.1423 0.8010 0.9518 0.0000
6         M:cpu0
32        1316 1.1002 0.8135 0.8052 0.0000
5         M:cpu
32        1316 1.3069 0.9414 1.0209 0.0000
8         M:syslog
39        1316 1080.0000 786.4500 821.3640 0.0000
8         M:ssh_in
32        1316 2.0000 1.8200 0.6000 0.0000
14        M:cfengine_out
32        1316 1.0000 0.7000 0.8367 0.0000
13        M:cfengine_in
32        1316 1.0000 0.9100 0.3000 0.0000
9         M:loadavg
32        1316 0.0649 0.0463 0.0521 0.0000
10        M:diskfree
35        1316 75.0000 68.2500 22.5000 0.0000
12        M:otherprocs
32        1316 6.0000 5.4600 1.8000 0.0000
11        M:rootprocs
36        1316 110.0000 99.8900 33.7000 0.0000
7         M:users
32        1316 6.0000 5.4600 1.8000 0.0000
3         MOY
15        M:entropy_avail
34        155 86.5000 60.5500 72.6426 0.0000
12        M:mem_cached
37        155 751.0039 525.7027 634.0092 0.0000
16        M:io_writtendata
31        155 0.0562 0.0393 0.0508 0.0000
11        M:io_writes
31        155 2.0000 1.4000 1.6733 0.0000
6         M:cpu3
31        155 0.1333 0.0933 0.1500 0.0000
6         M:cpu2
31        155 0.0899 0.0629 0.0953 0.0000
6         M:cpu1
31        155 0.1869 0.1308 0.2097 0.0000
6         M:cpu0
31        155 0.0899 0.0629 0.0953 0.0000
5         M:cpu
31        155 0.1232 0.0863 0.1076 0.0000
8         M:syslog
37        155 145.0000 101.5000 121.3157 0.0000
8         M:ssh_in
31        155 2.0000 1.4000 1.6733 0.0000
13        M:cfengine_in
31        155 1.0000 0.7000 0.8367 0.0000
9         M:loadavg
31        155 0.0054 0.0038 0.0049 0.0000
10        M:diskfree
34        155 76.0000 53.2000 63.5917 0.0000
12        M:otherprocs
31        155 6.0000 4.2000 5.0200 0.0000
11        M:rootprocs
35        155 109.0000 76.3000 91.1998 0.0000
7         M:users
31        155 6.0000 4.2000 5.0200 0.0000
# send QUERY complete successful
