# delta from 1679707158 to 1679707219 at 1679707219
22        CFR: 0 1679707218 1630
3         PRD
60        Packing reports: delta,0.032755,0.107290,0.096963,1679707159
3         EXS
16        f,295,1679707031
3         MOM
15        M:entropy_avail
34        1455 1.0000 17.7100 59.5781 0.0000
12        M:mem_cached
40        1455 1636.4023 1488.7824 492.0664 0.0000
10        M:mem_free
38        1455 9619.3152 9619.3152 0.0000 0.0000
11        M:mem_total
40        1455 11072.0285 11072.0285 0.0000 0.0000
16        M:io_writtendata
32        1455 0.1436 0.1079 0.1008 0.0000
11        M:io_writes
32        1455 8.0000 6.0200 5.5975 0.0000
6         M:cpu3
32        1455 1.8679 1.3719 1.3904 0.0000
6         M:cpu2
32        1455 0.4735 0.3356 0.3845 0.0000
6         M:cpu1
32        1455 1.1665 0.8375 0.9186 0.0000
6         M:cpu0
32        1455 1.2860 0.9016 1.0720 0.0000
5         M:cpu
32        1455 1.2001 0.8628 0.9420 0.0000
8         M:syslog
41        1455 1426.0000 1028.6500 1110.1466 0.0000
8         M:ssh_in
32        1455 2.0000 1.8200 0.6000 0.0000
13        M:cfengine_in
32        1455 1.0000 0.9100 0.3000 0.0000
9         M:loadavg
32        1455 0.0181 0.0126 0.0151 0.0000
10        M:diskfree
35        1455 68.0000 61.8800 20.4000 0.0000
12        M:otherprocs
32        1455 6.0000 5.4600 1.8000 0.0000
11        M:rootprocs
36        1455 109.0000 99.1900 32.7000 0.0000
7         M:users
32        1455 6.0000 5.4600 1.8000 0.0000
3         MOY
15        M:entropy_avail
34        155 84.5000 59.1500 70.8474 0.0000
12        M:mem_cached
39        155 1058.9355 741.2549 1546.1225 0.0000
16        M:io_writtendata
31        155 0.0479 0.0335 0.0419 0.0000
11        M:io_writes
31        155 3.0000 2.1000 2.6458 0.0000
6         M:cpu3
31        155 0.0133 0.0093 0.0111 0.0000
6         M:cpu2
31        155 0.0866 0.0606 0.0949 0.0000
6         M:cpu1
31        155 0.0999 0.0699 0.1070 0.0000
6         M:cpu0
31        155 0.1432 0.1002 0.1206 0.0000
5         M:cpu
31        155 0.0849 0.0594 0.0710 0.0000
8         M:syslog
37        155 145.0000 101.5000 121.3157 0.0000
8         M:ssh_in
31        155 2.0000 1.4000 1.6733 0.0000
13        M:cfengine_in
31        155 1.0000 0.7000 0.8367 0.0000
9         M:loadavg
31        155 0.0039 0.0027 0.0034 0.0000
10        M:diskfree
34        155 73.5000 51.4500 61.5642 0.0000
12        M:otherprocs
31        155 6.0000 4.2000 5.0200 0.0000
11        M:rootprocs
35        155 109.5000 76.6500 91.6152 0.0000
7         M:users
31        155 6.0000 4.2000 5.0200 0.0000
# send QUERY complete successful
