# delta from 1679694498 to 1679694559 at 1679694559
22        CFR: 0 1679694558 1716
3         PRD
60        Packing reports: delta,0.023898,0.057113,0.059072,1679694499
83        Sample(/proc/sys/kernel/random/entropy_avail),0.004263,0.001818,0.001839,1679694533
3         EXS
16        f,295,1679694450
3         MOM
15        M:entropy_avail
34        1413 3.0000 18.0600 54.5618 0.0000
12        M:mem_cached
40        1413 1564.7969 1423.6116 470.6176 0.0000
10        M:mem_free
40        1413 13820.4258 12576.0674 0.0000 0.0000
11        M:mem_total
40        1413 15817.1836 14393.6371 0.0000 0.0000
16        M:io_writtendata
32        1413 0.1738 0.1297 0.1244 0.0000
11        M:io_writes
33        1413 10.0000 7.4200 7.2534 0.0000
6         M:cpu3
32        1413 0.3397 0.2420 0.2727 0.0000
6         M:cpu2
32        1413 1.7900 1.3076 1.3507 0.0000
6         M:cpu1
32        1413 2.1896 1.5341 1.8280 0.0000
6         M:cpu0
32        1413 0.6860 0.4956 0.5321 0.0000
5         M:cpu
32        1413 1.2537 0.8965 0.9971 0.0000
8         M:syslog
40        1413 1325.0000 957.9500 1025.8079 0.0000
8         M:ssh_in
32        1413 3.0000 2.5200 1.6223 0.0000
13        M:cfengine_in
32        1413 1.0000 0.9100 0.3000 0.0000
9         M:loadavg
32        1413 0.0386 0.0271 0.0320 0.0000
10        M:diskfree
35        1413 69.0000 62.7900 20.7000 0.0000
12        M:otherprocs
32        1413 6.0000 5.4600 1.8000 0.0000
11        M:rootprocs
37        1413 110.0000 100.1000 33.0000 0.0000
7         M:users
32        1413 6.0000 5.4600 1.8000 0.0000
3         MOY
15        M:entropy_avail
34        155 84.5000 59.1500 70.8474 0.0000
12        M:mem_cached
39        155 1058.9355 741.2549 1546.1225 0.0000
16        M:io_writtendata
31        155 0.0479 0.0335 0.0419 0.0000
11        M:io_writes
31        155 3.0000 2.1000 2.6458 0.0000
6         M:cpu3
31        155 0.0133 0.0093 0.0111 0.0000
6         M:cpu2
31        155 0.0866 0.0606 0.0949 0.0000
6         M:cpu1
31        155 0.0999 0.0699 0.1070 0.0000
6         M:cpu0
31        155 0.1432 0.1002 0.1206 0.0000
5         M:cpu
31        155 0.0849 0.0594 0.0710 0.0000
8         M:syslog
37        155 145.0000 101.5000 121.3157 0.0000
8         M:ssh_in
31        155 2.0000 1.4000 1.6733 0.0000
13        M:cfengine_in
31        155 1.0000 0.7000 0.8367 0.0000
9         M:loadavg
31        155 0.0039 0.0027 0.0034 0.0000
10        M:diskfree
34        155 73.5000 51.4500 61.5642 0.0000
12        M:otherprocs
31        155 6.0000 4.2000 5.0200 0.0000
11        M:rootprocs
35        155 109.5000 76.6500 91.6152 0.0000
7         M:users
31        155 6.0000 4.2000 5.0200 0.0000
# send QUERY complete successful
