# delta from 1679737398 to 1679737459 at 1679737459
22        CFR: 0 1679737458 1680
3         PRD
60        Packing reports: delta,0.023922,0.057224,0.047321,1679737399
3         EXS
16        f,296,1679737336
3         MOM
15        M:entropy_avail
35        1556 91.0000 63.7000 76.1361 0.0000
12        M:mem_cached
41        1556 1832.6094 1282.8266 1533.2710 0.0000
10        M:mem_free
39        1556 13509.5391 9456.6773 0.0000 0.0000
11        M:mem_total
40        1556 15817.1836 11072.0285 0.0000 0.0000
16        M:io_writtendata
32        1556 0.1650 0.1155 0.1381 0.0000
11        M:io_writes
33        1556 10.0000 7.0000 8.3666 0.0000
6         M:cpu3
32        1556 0.7666 0.5366 0.6414 0.0000
6         M:cpu2
32        1556 1.3960 0.9772 1.1680 0.0000
6         M:cpu1
32        1556 0.9472 0.6630 0.7925 0.0000
6         M:cpu0
32        1556 2.0360 1.4252 1.7035 0.0000
5         M:cpu
32        1556 1.2862 0.9003 1.0761 0.0000
8         M:syslog
41        1556 1475.0000 1032.5000 1234.0735 0.0000
8         M:ssh_in
32        1556 2.0000 1.4000 1.6733 0.0000
14        M:cfengine_out
32        1556 1.0000 0.7000 0.8367 0.0000
13        M:cfengine_in
32        1556 1.0000 0.7000 0.8367 0.0000
9         M:loadavg
32        1556 0.1294 0.0906 0.1083 0.0000
10        M:diskfree
35        1556 65.0000 45.5000 54.3829 0.0000
12        M:otherprocs
32        1556 6.0000 4.2000 5.0200 0.0000
11        M:rootprocs
36        1556 110.0000 77.0000 92.0326 0.0000
7         M:users
32        1556 6.0000 4.2000 5.0200 0.0000
3         MOY
15        M:entropy_avail
34        155 84.5000 59.1500 70.8474 0.0000
12        M:mem_cached
39        155 1058.9355 741.2549 1546.1225 0.0000
16        M:io_writtendata
31        155 0.0479 0.0335 0.0419 0.0000
11        M:io_writes
31        155 3.0000 2.1000 2.6458 0.0000
6         M:cpu3
31        155 0.0133 0.0093 0.0111 0.0000
6         M:cpu2
31        155 0.0866 0.0606 0.0949 0.0000
6         M:cpu1
31        155 0.0999 0.0699 0.1070 0.0000
6         M:cpu0
31        155 0.1432 0.1002 0.1206 0.0000
5         M:cpu
31        155 0.0849 0.0594 0.0710 0.0000
8         M:syslog
37        155 145.0000 101.5000 121.3157 0.0000
8         M:ssh_in
31        155 2.0000 1.4000 1.6733 0.0000
13        M:cfengine_in
31        155 1.0000 0.7000 0.8367 0.0000
9         M:loadavg
31        155 0.0039 0.0027 0.0034 0.0000
10        M:diskfree
34        155 73.5000 51.4500 61.5642 0.0000
12        M:otherprocs
31        155 6.0000 4.2000 5.0200 0.0000
11        M:rootprocs
35        155 109.5000 76.6500 91.6152 0.0000
7         M:users
31        155 6.0000 4.2000 5.0200 0.0000
# send QUERY complete successful
