# delta from 1679718858 to 1679718919 at 1679718919
22        CFR: 0 1679718918 1761
3         PRD
60        Packing reports: delta,0.024841,0.061708,0.057174,1679718859
83        Sample(/proc/sys/kernel/random/entropy_avail),0.004774,0.002279,0.002951,1679718869
3         EXS
16        f,295,1679718727
3         MOM
15        M:entropy_avail
34        1494 7.0000 21.0700 52.7714 0.0000
12        M:mem_cached
40        1494 1726.6641 1570.8993 519.2160 0.0000
10        M:mem_free
40        1494 13631.0195 12407.4926 0.0000 0.0000
11        M:mem_total
40        1494 15817.1836 14393.6371 0.0000 0.0000
16        M:io_writtendata
32        1494 0.2012 0.1474 0.1507 0.0000
13        M:io_readdata
32        1494 0.0068 0.0048 0.0057 0.0000
11        M:io_writes
33        1494 10.0000 7.4200 7.2534 0.0000
6         M:cpu3
32        1494 0.4796 0.3413 0.3859 0.0000
6         M:cpu2
32        1494 0.6405 0.4903 0.4287 0.0000
6         M:cpu1
32        1494 3.2944 2.3131 2.7369 0.0000
6         M:cpu0
32        1494 0.8068 0.5732 0.6519 0.0000
5         M:cpu
32        1494 1.3036 0.9286 1.0464 0.0000
8         M:syslog
40        1494 1381.0000 997.1500 1072.5667 0.0000
8         M:ssh_in
32        1494 2.0000 1.8200 0.6000 0.0000
13        M:cfengine_in
32        1494 1.0000 0.9100 0.3000 0.0000
9         M:loadavg
32        1494 0.0049 0.0034 0.0041 0.0000
10        M:diskfree
35        1494 67.0000 60.9700 20.1000 0.0000
12        M:otherprocs
32        1494 6.0000 5.4600 1.8000 0.0000
11        M:rootprocs
37        1494 114.0000 102.6900 37.7000 0.0000
7         M:users
32        1494 6.0000 5.4600 1.8000 0.0000
3         MOY
15        M:entropy_avail
34        155 84.5000 59.1500 70.8474 0.0000
12        M:mem_cached
39        155 1058.9355 741.2549 1546.1225 0.0000
16        M:io_writtendata
31        155 0.0479 0.0335 0.0419 0.0000
11        M:io_writes
31        155 3.0000 2.1000 2.6458 0.0000
6         M:cpu3
31        155 0.0133 0.0093 0.0111 0.0000
6         M:cpu2
31        155 0.0866 0.0606 0.0949 0.0000
6         M:cpu1
31        155 0.0999 0.0699 0.1070 0.0000
6         M:cpu0
31        155 0.1432 0.1002 0.1206 0.0000
5         M:cpu
31        155 0.0849 0.0594 0.0710 0.0000
8         M:syslog
37        155 145.0000 101.5000 121.3157 0.0000
8         M:ssh_in
31        155 2.0000 1.4000 1.6733 0.0000
13        M:cfengine_in
31        155 1.0000 0.7000 0.8367 0.0000
9         M:loadavg
31        155 0.0039 0.0027 0.0034 0.0000
10        M:diskfree
34        155 73.5000 51.4500 61.5642 0.0000
12        M:otherprocs
31        155 6.0000 4.2000 5.0200 0.0000
11        M:rootprocs
35        155 109.5000 76.6500 91.6152 0.0000
7         M:users
31        155 6.0000 4.2000 5.0200 0.0000
# send QUERY complete successful
