# delta from 1679735058 to 1679735120 at 1679735120
22        CFR: 0 1679735119 1710
3         PRD
60        Packing reports: delta,0.035639,0.127010,0.130499,1679735059
83        Sample(/proc/sys/kernel/random/entropy_avail),0.004460,0.001989,0.001781,1679735095
3         EXS
16        f,308,1679734973
3         MOM
15        M:entropy_avail
34        1548 5.0000 20.7200 57.7414 0.0000
12        M:mem_cached
40        1548 1818.9414 1654.8930 546.8281 0.0000
10        M:mem_free
38        1548 9470.5242 9470.5242 0.0000 0.0000
11        M:mem_total
40        1548 11072.0285 11072.0285 0.0000 0.0000
16        M:io_writtendata
32        1548 0.1494 0.1124 0.1047 0.0000
11        M:io_writes
32        1548 8.0000 6.0200 5.5975 0.0000
6         M:cpu3
32        1548 1.3931 0.9780 1.1578 0.0000
6         M:cpu2
32        1548 1.8941 1.3930 1.4051 0.0000
6         M:cpu1
32        1548 0.8395 0.5932 0.6869 0.0000
6         M:cpu0
32        1548 0.8994 0.6589 0.6737 0.0000
5         M:cpu
32        1548 1.2547 0.9042 0.9792 0.0000
8         M:syslog
38        1548 842.0000 620.0600 622.5666 0.0000
8         M:ssh_in
32        1548 2.0000 1.8200 0.6000 0.0000
13        M:cfengine_in
32        1548 1.0000 0.9100 0.3000 0.0000
9         M:loadavg
32        1548 0.0249 0.0342 0.0312 0.0000
10        M:diskfree
35        1548 65.0000 59.1500 19.5000 0.0000
12        M:otherprocs
32        1548 6.0000 5.4600 1.8000 0.0000
11        M:rootprocs
36        1548 108.0000 98.2800 32.4000 0.0000
7         M:users
32        1548 6.0000 5.4600 1.8000 0.0000
3         MOY
15        M:entropy_avail
34        155 84.5000 59.1500 70.8474 0.0000
12        M:mem_cached
39        155 1058.9355 741.2549 1546.1225 0.0000
16        M:io_writtendata
31        155 0.0479 0.0335 0.0419 0.0000
11        M:io_writes
31        155 3.0000 2.1000 2.6458 0.0000
6         M:cpu3
31        155 0.0133 0.0093 0.0111 0.0000
6         M:cpu2
31        155 0.0866 0.0606 0.0949 0.0000
6         M:cpu1
31        155 0.0999 0.0699 0.1070 0.0000
6         M:cpu0
31        155 0.1432 0.1002 0.1206 0.0000
5         M:cpu
31        155 0.0849 0.0594 0.0710 0.0000
8         M:syslog
37        155 145.0000 101.5000 121.3157 0.0000
8         M:ssh_in
31        155 2.0000 1.4000 1.6733 0.0000
13        M:cfengine_in
31        155 1.0000 0.7000 0.8367 0.0000
9         M:loadavg
31        155 0.0039 0.0027 0.0034 0.0000
10        M:diskfree
34        155 73.5000 51.4500 61.5642 0.0000
12        M:otherprocs
31        155 6.0000 4.2000 5.0200 0.0000
11        M:rootprocs
35        155 109.5000 76.6500 91.6152 0.0000
7         M:users
31        155 6.0000 4.2000 5.0200 0.0000
# send QUERY complete successful
