# delta from 1679709978 to 1679710040 at 1679710040
22        CFR: 0 1679710039 1821
3         PRD
108       CFEngine Execution (policy filename: '/var/cfengine/inputs/update.cf'),0.041838,0.366590,0.331819,1679710037
60        Packing reports: delta,0.033023,0.109050,0.117181,1679709979
83        Sample(/proc/sys/kernel/random/entropy_avail),0.004450,0.001980,0.001903,1679710007
3         EXS
16        f,295,1679709749
3         MOM
15        M:entropy_avail
35        1465 87.0000 60.9000 72.7894 0.0000
12        M:mem_cached
41        1465 1676.1289 1173.2902 1402.3501 0.0000
10        M:mem_free
39        1465 13686.5781 9580.6047 0.0000 0.0000
11        M:mem_total
40        1465 15817.1836 11072.0285 0.0000 0.0000
16        M:io_writtendata
32        1465 0.0371 0.0260 0.0310 0.0000
11        M:io_writes
32        1465 2.0000 1.4000 1.6733 0.0000
6         M:cpu3
32        1465 0.1998 0.1399 0.1672 0.0000
6         M:cpu2
32        1465 0.0200 0.0140 0.0167 0.0000
6         M:cpu1
32        1465 0.1332 0.0932 0.1114 0.0000
6         M:cpu0
32        1465 0.1132 0.0792 0.0947 0.0000
5         M:cpu
32        1465 0.1199 0.0839 0.1003 0.0000
8         M:syslog
38        1465 145.0000 101.5000 121.3157 0.0000
8         M:ssh_in
32        1465 2.0000 1.4000 1.6733 0.0000
13        M:cfengine_in
32        1465 1.0000 0.7000 0.8367 0.0000
9         M:loadavg
32        1465 0.0044 0.0031 0.0037 0.0000
10        M:diskfree
35        1465 67.0000 46.9000 56.0562 0.0000
12        M:otherprocs
32        1465 6.0000 4.2000 5.0200 0.0000
11        M:rootprocs
36        1465 110.0000 77.0000 92.0326 0.0000
7         M:users
32        1465 6.0000 4.2000 5.0200 0.0000
3         MOY
15        M:entropy_avail
34        155 84.5000 59.1500 70.8474 0.0000
12        M:mem_cached
39        155 1058.9355 741.2549 1546.1225 0.0000
16        M:io_writtendata
31        155 0.0479 0.0335 0.0419 0.0000
11        M:io_writes
31        155 3.0000 2.1000 2.6458 0.0000
6         M:cpu3
31        155 0.0133 0.0093 0.0111 0.0000
6         M:cpu2
31        155 0.0866 0.0606 0.0949 0.0000
6         M:cpu1
31        155 0.0999 0.0699 0.1070 0.0000
6         M:cpu0
31        155 0.1432 0.1002 0.1206 0.0000
5         M:cpu
31        155 0.0849 0.0594 0.0710 0.0000
8         M:syslog
37        155 145.0000 101.5000 121.3157 0.0000
8         M:ssh_in
31        155 2.0000 1.4000 1.6733 0.0000
13        M:cfengine_in
31        155 1.0000 0.7000 0.8367 0.0000
9         M:loadavg
31        155 0.0039 0.0027 0.0034 0.0000
10        M:diskfree
34        155 73.5000 51.4500 61.5642 0.0000
12        M:otherprocs
31        155 6.0000 4.2000 5.0200 0.0000
11        M:rootprocs
35        155 109.5000 76.6500 91.6152 0.0000
7         M:users
31        155 6.0000 4.2000 5.0200 0.0000
# send QUERY complete successful
