# delta from 1679692758 to 1679692819 at 1679692819
22        CFR: 0 1679692818 1679
3         PRD
60        Packing reports: delta,0.045422,0.156279,0.143170,1679692759
3         EXS
16        f,337,1679692679
3         MOM
15        M:entropy_avail
34        1407 3.0000 19.7400 60.5087 0.0000
12        M:mem_cached
40        1407 1552.6133 1412.5262 466.9570 0.0000
10        M:mem_free
40        1407 13822.8086 12577.8682 0.0000 0.0000
11        M:mem_total
40        1407 15817.1836 14393.6371 0.0000 0.0000
16        M:io_writtendata
32        1407 0.1670 0.1239 0.1212 0.0000
11        M:io_writes
33        1407 10.0000 7.4200 7.2534 0.0000
6         M:cpu3
32        1407 1.2528 0.8798 1.0404 0.0000
6         M:cpu2
32        1407 1.5626 1.1386 1.1866 0.0000
6         M:cpu1
32        1407 1.5729 1.1038 1.3082 0.0000
6         M:cpu0
32        1407 0.9261 0.6804 0.6887 0.0000
5         M:cpu
32        1407 1.3284 0.9505 1.0549 0.0000
8         M:syslog
41        1407 1668.0000 1198.0500 1312.3113 0.0000
8         M:ssh_in
32        1407 2.0000 1.8200 0.6000 0.0000
14        M:cfengine_out
32        1407 1.0000 0.7000 0.8367 0.0000
13        M:cfengine_in
32        1407 1.0000 0.9100 0.3000 0.0000
9         M:loadavg
32        1407 0.0874 0.0694 0.0533 0.0000
10        M:diskfree
35        1407 69.0000 62.7900 20.7000 0.0000
12        M:otherprocs
32        1407 6.0000 5.4600 1.8000 0.0000
11        M:rootprocs
36        1407 110.0000 99.8900 33.7000 0.0000
7         M:users
32        1407 6.0000 5.4600 1.8000 0.0000
3         MOY
15        M:entropy_avail
34        155 84.5000 59.1500 70.8474 0.0000
12        M:mem_cached
39        155 1058.9355 741.2549 1546.1225 0.0000
16        M:io_writtendata
31        155 0.0479 0.0335 0.0419 0.0000
11        M:io_writes
31        155 3.0000 2.1000 2.6458 0.0000
6         M:cpu3
31        155 0.0133 0.0093 0.0111 0.0000
6         M:cpu2
31        155 0.0866 0.0606 0.0949 0.0000
6         M:cpu1
31        155 0.0999 0.0699 0.1070 0.0000
6         M:cpu0
31        155 0.1432 0.1002 0.1206 0.0000
5         M:cpu
31        155 0.0849 0.0594 0.0710 0.0000
8         M:syslog
37        155 145.0000 101.5000 121.3157 0.0000
8         M:ssh_in
31        155 2.0000 1.4000 1.6733 0.0000
13        M:cfengine_in
31        155 1.0000 0.7000 0.8367 0.0000
9         M:loadavg
31        155 0.0039 0.0027 0.0034 0.0000
10        M:diskfree
34        155 73.5000 51.4500 61.5642 0.0000
12        M:otherprocs
31        155 6.0000 4.2000 5.0200 0.0000
11        M:rootprocs
35        155 109.5000 76.6500 91.6152 0.0000
7         M:users
31        155 6.0000 4.2000 5.0200 0.0000
# send QUERY complete successful
