# delta from 1679754503 to 1679754564 at 1679754564
22        CFR: 0 1679754563 1674
3         PRD
60        Packing reports: delta,0.034121,0.116424,0.122857,1679754504
3         EXS
16        f,296,1679754466
3         MOM
15        M:entropy_avail
35        1613 86.0000 61.0400 69.6342 0.0000
12        M:mem_cached
40        1613 1928.8047 1754.8735 579.7707 0.0000
10        M:mem_free
38        1613 9389.8656 9389.8656 0.0000 0.0000
11        M:mem_total
40        1613 11072.0285 11072.0285 0.0000 0.0000
16        M:io_writtendata
32        1613 0.0928 0.0783 0.0498 0.0000
11        M:io_writes
32        1613 6.0000 4.6200 3.9563 0.0000
6         M:cpu3
32        1613 0.5467 0.4247 0.3525 0.0000
6         M:cpu2
32        1613 1.5993 1.1223 1.3302 0.0000
6         M:cpu1
32        1613 1.6502 1.2111 1.2306 0.0000
6         M:cpu0
32        1613 1.0269 0.7217 0.8514 0.0000
5         M:cpu
32        1613 1.2073 0.8710 0.9396 0.0000
8         M:syslog
38        1613 310.0000 247.6600 186.2873 0.0000
8         M:ssh_in
32        1613 2.0000 1.8200 0.6000 0.0000
14        M:cfengine_out
32        1613 1.0000 0.7000 0.8367 0.0000
13        M:cfengine_in
32        1613 1.0000 0.9100 0.3000 0.0000
9         M:loadavg
32        1613 0.0669 0.0475 0.0540 0.0000
10        M:diskfree
35        1613 64.0000 58.2400 19.2000 0.0000
12        M:otherprocs
32        1613 6.0000 5.4600 1.8000 0.0000
11        M:rootprocs
36        1613 110.0000 99.6800 34.4000 0.0000
7         M:users
32        1613 6.0000 5.4600 1.8000 0.0000
3         MOY
15        M:entropy_avail
34        155 84.5000 59.1500 70.8474 0.0000
12        M:mem_cached
39        155 1058.9355 741.2549 1546.1225 0.0000
16        M:io_writtendata
31        155 0.0479 0.0335 0.0419 0.0000
11        M:io_writes
31        155 3.0000 2.1000 2.6458 0.0000
6         M:cpu3
31        155 0.0133 0.0093 0.0111 0.0000
6         M:cpu2
31        155 0.0866 0.0606 0.0949 0.0000
6         M:cpu1
31        155 0.0999 0.0699 0.1070 0.0000
6         M:cpu0
31        155 0.1432 0.1002 0.1206 0.0000
5         M:cpu
31        155 0.0849 0.0594 0.0710 0.0000
8         M:syslog
37        155 145.0000 101.5000 121.3157 0.0000
8         M:ssh_in
31        155 2.0000 1.4000 1.6733 0.0000
13        M:cfengine_in
31        155 1.0000 0.7000 0.8367 0.0000
9         M:loadavg
31        155 0.0039 0.0027 0.0034 0.0000
10        M:diskfree
34        155 73.5000 51.4500 61.5642 0.0000
12        M:otherprocs
31        155 6.0000 4.2000 5.0200 0.0000
11        M:rootprocs
35        155 109.5000 76.6500 91.6152 0.0000
7         M:users
31        155 6.0000 4.2000 5.0200 0.0000
# send QUERY complete successful
