# delta from 1679699298 to 1679699359 at 1679699359
22        CFR: 0 1679699358 1712
3         PRD
60        Packing reports: delta,0.027497,0.075608,0.087749,1679699299
83        Sample(/proc/sys/kernel/random/entropy_avail),0.005584,0.003118,0.002659,1679699340
3         EXS
16        f,295,1679699235
3         MOM
15        M:entropy_avail
34        1429 4.0000 20.2300 59.1224 0.0000
12        M:mem_cached
40        1429 1592.1094 1448.4775 478.7730 0.0000
10        M:mem_free
40        1429 13770.4102 12530.4867 0.0000 0.0000
11        M:mem_total
40        1429 15817.1836 14393.6371 0.0000 0.0000
16        M:io_writtendata
32        1429 0.1592 0.1198 0.1113 0.0000
11        M:io_writes
32        1429 8.0000 6.0200 5.5975 0.0000
6         M:cpu3
32        1429 0.4866 0.3476 0.3880 0.0000
6         M:cpu2
32        1429 0.5803 0.4566 0.3622 0.0000
6         M:cpu1
32        1429 1.1539 0.8371 0.8859 0.0000
6         M:cpu0
32        1429 2.9404 2.0597 2.4562 0.0000
5         M:cpu
32        1429 1.2894 0.9246 1.0186 0.0000
8         M:syslog
38        1429 838.0000 617.0500 619.7724 0.0000
8         M:ssh_in
32        1429 2.0000 1.8200 0.6000 0.0000
13        M:cfengine_in
32        1429 1.0000 0.9100 0.3000 0.0000
9         M:loadavg
32        1429 0.0244 0.0171 0.0204 0.0000
10        M:diskfree
35        1429 68.0000 61.8800 20.4000 0.0000
12        M:otherprocs
32        1429 6.0000 5.4600 1.8000 0.0000
11        M:rootprocs
36        1429 109.0000 99.4000 32.0000 0.0000
7         M:users
32        1429 6.0000 5.4600 1.8000 0.0000
3         MOY
15        M:entropy_avail
34        155 84.5000 59.1500 70.8474 0.0000
12        M:mem_cached
39        155 1058.9355 741.2549 1546.1225 0.0000
16        M:io_writtendata
31        155 0.0479 0.0335 0.0419 0.0000
11        M:io_writes
31        155 3.0000 2.1000 2.6458 0.0000
6         M:cpu3
31        155 0.0133 0.0093 0.0111 0.0000
6         M:cpu2
31        155 0.0866 0.0606 0.0949 0.0000
6         M:cpu1
31        155 0.0999 0.0699 0.1070 0.0000
6         M:cpu0
31        155 0.1432 0.1002 0.1206 0.0000
5         M:cpu
31        155 0.0849 0.0594 0.0710 0.0000
8         M:syslog
37        155 145.0000 101.5000 121.3157 0.0000
8         M:ssh_in
31        155 2.0000 1.4000 1.6733 0.0000
13        M:cfengine_in
31        155 1.0000 0.7000 0.8367 0.0000
9         M:loadavg
31        155 0.0039 0.0027 0.0034 0.0000
10        M:diskfree
34        155 73.5000 51.4500 61.5642 0.0000
12        M:otherprocs
31        155 6.0000 4.2000 5.0200 0.0000
11        M:rootprocs
35        155 109.5000 76.6500 91.6152 0.0000
7         M:users
31        155 6.0000 4.2000 5.0200 0.0000
# send QUERY complete successful
