# delta from 1679743998 to 1679744059 at 1679744059
22        CFR: 0 1679744058 1676
3         PRD
60        Packing reports: delta,0.027837,0.077489,0.085778,1679743999
3         EXS
16        f,294,1679743951
3         MOM
15        M:entropy_avail
35        1578 90.0000 64.2600 71.8381 0.0000
12        M:mem_cached
40        1578 1869.7344 1701.1129 562.0715 0.0000
10        M:mem_free
38        1578 9435.3137 9435.3137 0.0000 0.0000
11        M:mem_total
40        1578 11072.0285 11072.0285 0.0000 0.0000
16        M:io_writtendata
32        1578 0.1299 0.1063 0.0738 0.0000
11        M:io_writes
32        1578 8.0000 6.8600 4.2033 0.0000
6         M:cpu3
32        1578 2.9149 2.0670 2.3654 0.0000
6         M:cpu2
32        1578 1.1536 0.8453 0.8637 0.0000
6         M:cpu1
32        1578 0.2665 0.1907 0.2115 0.0000
6         M:cpu0
32        1578 0.5197 0.3666 0.4270 0.0000
5         M:cpu
32        1578 1.2115 0.8656 0.9656 0.0000
8         M:syslog
40        1578 1323.0000 956.7600 1023.5835 0.0000
8         M:ssh_in
32        1578 2.0000 1.8200 0.6000 0.0000
14        M:cfengine_out
32        1578 1.0000 0.7000 0.8367 0.0000
13        M:cfengine_in
32        1578 1.0000 0.9100 0.3000 0.0000
9         M:loadavg
32        1578 0.0669 0.0489 0.0504 0.0000
10        M:diskfree
35        1578 65.0000 59.1500 19.5000 0.0000
12        M:otherprocs
32        1578 6.0000 5.4600 1.8000 0.0000
11        M:rootprocs
36        1578 110.0000 99.8900 33.7000 0.0000
7         M:users
32        1578 6.0000 5.4600 1.8000 0.0000
3         MOY
15        M:entropy_avail
34        155 84.5000 59.1500 70.8474 0.0000
12        M:mem_cached
39        155 1058.9355 741.2549 1546.1225 0.0000
16        M:io_writtendata
31        155 0.0479 0.0335 0.0419 0.0000
11        M:io_writes
31        155 3.0000 2.1000 2.6458 0.0000
6         M:cpu3
31        155 0.0133 0.0093 0.0111 0.0000
6         M:cpu2
31        155 0.0866 0.0606 0.0949 0.0000
6         M:cpu1
31        155 0.0999 0.0699 0.1070 0.0000
6         M:cpu0
31        155 0.1432 0.1002 0.1206 0.0000
5         M:cpu
31        155 0.0849 0.0594 0.0710 0.0000
8         M:syslog
37        155 145.0000 101.5000 121.3157 0.0000
8         M:ssh_in
31        155 2.0000 1.4000 1.6733 0.0000
13        M:cfengine_in
31        155 1.0000 0.7000 0.8367 0.0000
9         M:loadavg
31        155 0.0039 0.0027 0.0034 0.0000
10        M:diskfree
34        155 73.5000 51.4500 61.5642 0.0000
12        M:otherprocs
31        155 6.0000 4.2000 5.0200 0.0000
11        M:rootprocs
35        155 109.5000 76.6500 91.6152 0.0000
7         M:users
31        155 6.0000 4.2000 5.0200 0.0000
# send QUERY complete successful
