# delta from 1679669598 to 1679669659 at 1679669659
22        CFR: 0 1679669658 1674
3         PRD
60        Packing reports: delta,0.050073,0.163583,0.162250,1679669599
3         EXS
16        f,337,1679669583
3         MOM
15        M:entropy_avail
34        1330 2.0000 18.8300 60.4131 0.0000
12        M:mem_cached
38        1330 883.0820 803.2962 265.9527 0.0000
10        M:mem_free
40        1330 14537.2461 13229.1614 0.0000 0.0000
11        M:mem_total
40        1330 15817.1836 14393.6371 0.0000 0.0000
16        M:io_writtendata
32        1330 0.1279 0.0975 0.0865 0.0000
11        M:io_writes
32        1330 8.0000 6.0200 5.5975 0.0000
6         M:cpu3
32        1330 2.3712 1.7355 1.7807 0.0000
6         M:cpu2
32        1330 1.6834 1.1812 1.4006 0.0000
6         M:cpu1
32        1330 0.8153 0.5959 0.6144 0.0000
6         M:cpu0
32        1330 0.6603 0.4678 0.5370 0.0000
5         M:cpu
32        1330 1.3849 0.9964 1.0852 0.0000
8         M:syslog
40        1330 1358.0000 981.0500 1053.3612 0.0000
8         M:ssh_in
32        1330 2.0000 1.8200 0.6000 0.0000
14        M:cfengine_out
32        1330 1.0000 0.7000 0.8367 0.0000
13        M:cfengine_in
32        1330 1.0000 0.9100 0.3000 0.0000
9         M:loadavg
32        1330 0.1411 0.0997 0.1155 0.0000
10        M:diskfree
35        1330 74.0000 67.3400 22.2000 0.0000
12        M:otherprocs
32        1330 6.0000 5.4600 1.8000 0.0000
11        M:rootprocs
37        1330 112.0000 101.2900 35.7000 0.0000
7         M:users
32        1330 6.0000 5.4600 1.8000 0.0000
3         MOY
15        M:entropy_avail
34        155 82.5000 57.7500 69.0865 0.0000
12        M:mem_cached
37        155 759.8086 531.8660 642.3242 0.0000
16        M:io_writtendata
31        155 0.0537 0.0376 0.0481 0.0000
11        M:io_writes
31        155 3.0000 2.1000 2.6458 0.0000
6         M:cpu3
31        155 0.1100 0.0770 0.1225 0.0000
6         M:cpu2
31        155 0.0966 0.0676 0.0966 0.0000
6         M:cpu1
31        155 0.1401 0.0981 0.1544 0.0000
6         M:cpu0
31        155 0.0833 0.0583 0.0947 0.0000
5         M:cpu
31        155 0.1066 0.0746 0.0907 0.0000
8         M:syslog
37        155 145.0000 101.5000 121.3157 0.0000
8         M:ssh_in
31        155 2.0000 1.4000 1.6733 0.0000
13        M:cfengine_in
31        155 1.0000 0.7000 0.8367 0.0000
9         M:loadavg
31        155 0.0027 0.0019 0.0023 0.0000
10        M:diskfree
34        155 76.0000 53.2000 63.5917 0.0000
12        M:otherprocs
31        155 6.0000 4.2000 5.0200 0.0000
11        M:rootprocs
35        155 109.5000 76.6500 91.6152 0.0000
7         M:users
31        155 6.0000 4.2000 5.0200 0.0000
# send QUERY complete successful
