# delta from 1679729958 to 1679730019 at 1679730019
22        CFR: 0 1679730018 1755
3         PRD
60        Packing reports: delta,0.032136,0.103270,0.111800,1679729959
83        Sample(/proc/sys/kernel/random/entropy_avail),0.004284,0.001835,0.001720,1679729987
3         EXS
16        f,295,1679729833
3         MOM
15        M:entropy_avail
34        1531 4.0000 21.4900 63.5817 0.0000
12        M:mem_cached
40        1531 1789.8125 1628.7228 536.9656 0.0000
10        M:mem_free
38        1531 9501.6496 9501.6496 0.0000 0.0000
11        M:mem_total
40        1531 11072.0285 11072.0285 0.0000 0.0000
16        M:io_writtendata
32        1531 0.0635 0.0715 0.0268 0.0000
11        M:io_writes
32        1531 2.0000 3.0800 3.6000 0.0000
6         M:cpu3
32        1531 0.0133 0.2123 0.7101 0.0000
6         M:cpu2
32        1531 0.1532 0.3660 0.7093 0.0000
6         M:cpu1
32        1531 0.1199 0.2364 0.3885 0.0000
6         M:cpu0
32        1531 0.1532 0.4987 1.2877 0.0000
5         M:cpu
32        1531 0.1082 0.3279 0.8235 0.0000
8         M:syslog
36        1531 0.0000 259.1400 917.6514 0.0000
8         M:ssh_in
32        1531 2.0000 1.8200 0.6000 0.0000
14        M:cfengine_out
32        1531 0.0000 0.2100 0.7436 0.0000
13        M:cfengine_in
32        1531 1.0000 0.9100 0.3000 0.0000
9         M:loadavg
32        1531 0.0649 0.0828 0.0595 0.0000
10        M:diskfree
35        1531 66.0000 60.0600 19.8000 0.0000
12        M:otherprocs
32        1531 6.0000 5.4600 1.8000 0.0000
11        M:rootprocs
37        1531 110.0000 100.3100 32.3000 0.0000
7         M:users
32        1531 6.0000 5.4600 1.8000 0.0000
3         MOY
15        M:entropy_avail
34        155 84.5000 59.1500 70.8474 0.0000
12        M:mem_cached
39        155 1058.9355 741.2549 1546.1225 0.0000
16        M:io_writtendata
31        155 0.0479 0.0335 0.0419 0.0000
11        M:io_writes
31        155 3.0000 2.1000 2.6458 0.0000
6         M:cpu3
31        155 0.0133 0.0093 0.0111 0.0000
6         M:cpu2
31        155 0.0866 0.0606 0.0949 0.0000
6         M:cpu1
31        155 0.0999 0.0699 0.1070 0.0000
6         M:cpu0
31        155 0.1432 0.1002 0.1206 0.0000
5         M:cpu
31        155 0.0849 0.0594 0.0710 0.0000
8         M:syslog
37        155 145.0000 101.5000 121.3157 0.0000
8         M:ssh_in
31        155 2.0000 1.4000 1.6733 0.0000
13        M:cfengine_in
31        155 1.0000 0.7000 0.8367 0.0000
9         M:loadavg
31        155 0.0039 0.0027 0.0034 0.0000
10        M:diskfree
34        155 73.5000 51.4500 61.5642 0.0000
12        M:otherprocs
31        155 6.0000 4.2000 5.0200 0.0000
11        M:rootprocs
35        155 109.5000 76.6500 91.6152 0.0000
7         M:users
31        155 6.0000 4.2000 5.0200 0.0000
# send QUERY complete successful
