# delta from 1679721258 to 1679721319 at 1679721319
22        CFR: 0 1679721318 1714
3         PRD
60        Packing reports: delta,0.027377,0.074950,0.071188,1679721259
83        Sample(/proc/sys/kernel/random/entropy_avail),0.005872,0.003448,0.002103,1679721273
3         EXS
16        f,295,1679721150
3         MOM
15        M:entropy_avail
34        1502 3.0000 18.2700 55.3051 0.0000
12        M:mem_cached
40        1502 1740.1406 1583.1802 523.2016 0.0000
10        M:mem_free
40        1502 13619.8242 12392.1115 0.0000 0.0000
11        M:mem_total
40        1502 15817.1836 14393.6371 0.0000 0.0000
16        M:io_writtendata
32        1502 0.1572 0.1168 0.1136 0.0000
11        M:io_writes
32        1502 8.0000 6.0200 5.5975 0.0000
6         M:cpu3
32        1502 0.5128 0.3883 0.3530 0.0000
6         M:cpu2
32        1502 1.3875 0.9754 1.1492 0.0000
6         M:cpu1
32        1502 2.0056 1.4375 1.5861 0.0000
6         M:cpu0
32        1502 1.1258 0.7895 0.9381 0.0000
5         M:cpu
32        1502 1.2578 0.8976 1.0053 0.0000
8         M:syslog
39        1502 1077.0000 784.3500 818.8623 0.0000
8         M:ssh_in
32        1502 2.0000 1.8200 0.6000 0.0000
13        M:cfengine_in
32        1502 1.0000 0.9100 0.3000 0.0000
9         M:loadavg
32        1502 0.0068 0.0048 0.0057 0.0000
10        M:diskfree
35        1502 66.0000 60.0600 19.8000 0.0000
12        M:otherprocs
32        1502 6.0000 5.4600 1.8000 0.0000
11        M:rootprocs
37        1502 110.0000 100.1000 33.0000 0.0000
7         M:users
32        1502 6.0000 5.4600 1.8000 0.0000
3         MOY
15        M:entropy_avail
34        155 84.5000 59.1500 70.8474 0.0000
12        M:mem_cached
39        155 1058.9355 741.2549 1546.1225 0.0000
16        M:io_writtendata
31        155 0.0479 0.0335 0.0419 0.0000
11        M:io_writes
31        155 3.0000 2.1000 2.6458 0.0000
6         M:cpu3
31        155 0.0133 0.0093 0.0111 0.0000
6         M:cpu2
31        155 0.0866 0.0606 0.0949 0.0000
6         M:cpu1
31        155 0.0999 0.0699 0.1070 0.0000
6         M:cpu0
31        155 0.1432 0.1002 0.1206 0.0000
5         M:cpu
31        155 0.0849 0.0594 0.0710 0.0000
8         M:syslog
37        155 145.0000 101.5000 121.3157 0.0000
8         M:ssh_in
31        155 2.0000 1.4000 1.6733 0.0000
13        M:cfengine_in
31        155 1.0000 0.7000 0.8367 0.0000
9         M:loadavg
31        155 0.0039 0.0027 0.0034 0.0000
10        M:diskfree
34        155 73.5000 51.4500 61.5642 0.0000
12        M:otherprocs
31        155 6.0000 4.2000 5.0200 0.0000
11        M:rootprocs
35        155 109.5000 76.6500 91.6152 0.0000
7         M:users
31        155 6.0000 4.2000 5.0200 0.0000
# send QUERY complete successful
