# delta from 1679734398 to 1679734459 at 1679734459
22        CFR: 0 1679734458 1679
3         PRD
60        Packing reports: delta,0.035280,0.142162,0.156146,1679734399
3         EXS
16        f,295,1679734322
3         MOM
15        M:entropy_avail
35        1546 93.0000 65.1000 77.8094 0.0000
12        M:mem_cached
41        1546 1815.6016 1270.9211 1519.0413 0.0000
10        M:mem_free
39        1546 13541.4102 9478.9871 0.0000 0.0000
11        M:mem_total
40        1546 15817.1836 11072.0285 0.0000 0.0000
16        M:io_writtendata
32        1546 0.1387 0.0971 0.1160 0.0000
11        M:io_writes
32        1546 8.0000 5.6000 6.6933 0.0000
6         M:cpu3
32        1546 1.0197 0.7138 0.8532 0.0000
6         M:cpu2
32        1546 1.1809 0.8267 0.9880 0.0000
6         M:cpu1
32        1546 0.7129 0.4990 0.5964 0.0000
6         M:cpu0
32        1546 2.1403 1.4982 1.7907 0.0000
5         M:cpu
32        1546 1.2617 0.8832 1.0556 0.0000
8         M:syslog
41        1546 1718.0000 1202.6000 1437.3819 0.0000
8         M:ssh_in
32        1546 2.0000 1.4000 1.6733 0.0000
14        M:cfengine_out
32        1546 1.0000 0.7000 0.8367 0.0000
13        M:cfengine_in
32        1546 1.0000 0.7000 0.8367 0.0000
9         M:loadavg
32        1546 0.0513 0.0359 0.0429 0.0000
10        M:diskfree
35        1546 65.0000 45.5000 54.3829 0.0000
12        M:otherprocs
32        1546 6.0000 4.2000 5.0200 0.0000
11        M:rootprocs
36        1546 110.0000 77.0000 92.0326 0.0000
7         M:users
32        1546 6.0000 4.2000 5.0200 0.0000
3         MOY
15        M:entropy_avail
34        155 84.5000 59.1500 70.8474 0.0000
12        M:mem_cached
39        155 1058.9355 741.2549 1546.1225 0.0000
16        M:io_writtendata
31        155 0.0479 0.0335 0.0419 0.0000
11        M:io_writes
31        155 3.0000 2.1000 2.6458 0.0000
6         M:cpu3
31        155 0.0133 0.0093 0.0111 0.0000
6         M:cpu2
31        155 0.0866 0.0606 0.0949 0.0000
6         M:cpu1
31        155 0.0999 0.0699 0.1070 0.0000
6         M:cpu0
31        155 0.1432 0.1002 0.1206 0.0000
5         M:cpu
31        155 0.0849 0.0594 0.0710 0.0000
8         M:syslog
37        155 145.0000 101.5000 121.3157 0.0000
8         M:ssh_in
31        155 2.0000 1.4000 1.6733 0.0000
13        M:cfengine_in
31        155 1.0000 0.7000 0.8367 0.0000
9         M:loadavg
31        155 0.0039 0.0027 0.0034 0.0000
10        M:diskfree
34        155 73.5000 51.4500 61.5642 0.0000
12        M:otherprocs
31        155 6.0000 4.2000 5.0200 0.0000
11        M:rootprocs
35        155 109.5000 76.6500 91.6152 0.0000
7         M:users
31        155 6.0000 4.2000 5.0200 0.0000
# send QUERY complete successful
