# delta from 1679689219 to 1679689279 at 1679689279
22        CFR: 0 1679689278 1713
3         PRD
60        Packing reports: delta,0.030349,0.128717,0.124945,1679689220
83        Sample(/proc/sys/kernel/random/entropy_avail),0.004645,0.002158,0.002007,1679689273
3         EXS
16        f,307,1679689076
3         MOM
15        M:entropy_avail
35        1396 88.0000 61.6000 73.6261 0.0000
12        M:mem_cached
41        1396 1532.1992 1072.5395 1281.9298 0.0000
10        M:mem_free
39        1396 13847.8320 9693.4824 0.0000 0.0000
11        M:mem_total
40        1396 15817.1836 11072.0285 0.0000 0.0000
16        M:io_writtendata
32        1396 0.0342 0.0239 0.0286 0.0000
11        M:io_writes
32        1396 2.0000 1.4000 1.6733 0.0000
6         M:cpu3
32        1396 0.1132 0.0792 0.0947 0.0000
6         M:cpu2
32        1396 0.1931 0.1352 0.1616 0.0000
6         M:cpu1
32        1396 0.0599 0.0419 0.0501 0.0000
6         M:cpu0
32        1396 0.0266 0.0186 0.0223 0.0000
5         M:cpu
32        1396 0.0982 0.0687 0.0821 0.0000
8         M:syslog
38        1396 145.0000 101.5000 121.3157 0.0000
8         M:ssh_in
32        1396 2.0000 1.4000 1.6733 0.0000
13        M:cfengine_in
32        1396 1.0000 0.7000 0.8367 0.0000
9         M:loadavg
32        1396 0.0034 0.0024 0.0029 0.0000
10        M:diskfree
35        1396 69.0000 48.3000 57.7295 0.0000
12        M:otherprocs
32        1396 6.0000 4.2000 5.0200 0.0000
11        M:rootprocs
36        1396 109.0000 76.3000 91.1959 0.0000
7         M:users
32        1396 6.0000 4.2000 5.0200 0.0000
3         MOY
15        M:entropy_avail
34        155 84.5000 59.1500 70.8474 0.0000
12        M:mem_cached
39        155 1058.9355 741.2549 1546.1225 0.0000
16        M:io_writtendata
31        155 0.0479 0.0335 0.0419 0.0000
11        M:io_writes
31        155 3.0000 2.1000 2.6458 0.0000
6         M:cpu3
31        155 0.0133 0.0093 0.0111 0.0000
6         M:cpu2
31        155 0.0866 0.0606 0.0949 0.0000
6         M:cpu1
31        155 0.0999 0.0699 0.1070 0.0000
6         M:cpu0
31        155 0.1432 0.1002 0.1206 0.0000
5         M:cpu
31        155 0.0849 0.0594 0.0710 0.0000
8         M:syslog
37        155 145.0000 101.5000 121.3157 0.0000
8         M:ssh_in
31        155 2.0000 1.4000 1.6733 0.0000
13        M:cfengine_in
31        155 1.0000 0.7000 0.8367 0.0000
9         M:loadavg
31        155 0.0039 0.0027 0.0034 0.0000
10        M:diskfree
34        155 73.5000 51.4500 61.5642 0.0000
12        M:otherprocs
31        155 6.0000 4.2000 5.0200 0.0000
11        M:rootprocs
35        155 109.5000 76.6500 91.6152 0.0000
7         M:users
31        155 6.0000 4.2000 5.0200 0.0000
# send QUERY complete successful
