# delta from 1679759363 to 1679759424 at 1679759424
22        CFR: 0 1679759423 1677
3         PRD
60        Packing reports: delta,0.022538,0.050798,0.047236,1679759364
3         EXS
16        f,295,1679759250
3         MOM
15        M:entropy_avail
35        1629 90.0000 63.4200 74.1337 0.0000
12        M:mem_cached
40        1629 1956.1797 1779.7700 588.0324 0.0000
10        M:mem_free
38        1629 9376.5383 9376.5383 0.0000 0.0000
11        M:mem_total
40        1629 11072.0285 11072.0285 0.0000 0.0000
16        M:io_writtendata
32        1629 0.1611 0.1257 0.1027 0.0000
11        M:io_writes
33        1629 10.0000 7.4200 7.2534 0.0000
6         M:cpu3
32        1629 1.5922 1.1369 1.2706 0.0000
6         M:cpu2
32        1629 1.4402 1.0543 1.0810 0.0000
6         M:cpu1
32        1629 0.7398 0.5248 0.5996 0.0000
6         M:cpu0
32        1629 1.0660 0.7476 0.8880 0.0000
5         M:cpu
32        1629 1.2128 0.8685 0.9611 0.0000
8         M:syslog
39        1629 1082.0000 788.0600 822.4853 0.0000
8         M:ssh_in
32        1629 2.0000 1.8200 0.6000 0.0000
14        M:cfengine_out
32        1629 1.0000 0.7000 0.8367 0.0000
13        M:cfengine_in
32        1629 1.0000 0.9100 0.3000 0.0000
9         M:loadavg
32        1629 0.0430 0.0304 0.0351 0.0000
10        M:diskfree
35        1629 64.0000 58.2400 19.2000 0.0000
12        M:otherprocs
32        1629 6.0000 5.4600 1.8000 0.0000
11        M:rootprocs
37        1629 110.0000 100.1000 33.0000 0.0000
7         M:users
32        1629 6.0000 5.4600 1.8000 0.0000
3         MOY
15        M:entropy_avail
34        155 84.5000 59.1500 70.8474 0.0000
12        M:mem_cached
39        155 1058.9355 741.2549 1546.1225 0.0000
16        M:io_writtendata
31        155 0.0479 0.0335 0.0419 0.0000
11        M:io_writes
31        155 3.0000 2.1000 2.6458 0.0000
6         M:cpu3
31        155 0.0133 0.0093 0.0111 0.0000
6         M:cpu2
31        155 0.0866 0.0606 0.0949 0.0000
6         M:cpu1
31        155 0.0999 0.0699 0.1070 0.0000
6         M:cpu0
31        155 0.1432 0.1002 0.1206 0.0000
5         M:cpu
31        155 0.0849 0.0594 0.0710 0.0000
8         M:syslog
37        155 145.0000 101.5000 121.3157 0.0000
8         M:ssh_in
31        155 2.0000 1.4000 1.6733 0.0000
13        M:cfengine_in
31        155 1.0000 0.7000 0.8367 0.0000
9         M:loadavg
31        155 0.0039 0.0027 0.0034 0.0000
10        M:diskfree
34        155 73.5000 51.4500 61.5642 0.0000
12        M:otherprocs
31        155 6.0000 4.2000 5.0200 0.0000
11        M:rootprocs
35        155 109.5000 76.6500 91.6152 0.0000
7         M:users
31        155 6.0000 4.2000 5.0200 0.0000
# send QUERY complete successful
