# delta from 1679718258 to 1679718319 at 1679718319
22        CFR: 0 1679718318 1712
3         PRD
60        Packing reports: delta,0.024365,0.059368,0.071251,1679718259
83        Sample(/proc/sys/kernel/random/entropy_avail),0.004548,0.002069,0.002514,1679718268
3         EXS
16        f,295,1679718137
3         MOM
15        M:entropy_avail
34        1492 1.0000 18.3400 61.8090 0.0000
12        M:mem_cached
40        1492 1723.1484 1567.7140 518.1148 0.0000
10        M:mem_free
38        1492 9547.0676 9547.0676 0.0000 0.0000
11        M:mem_total
40        1492 11072.0285 11072.0285 0.0000 0.0000
16        M:io_writtendata
32        1492 0.1611 0.1194 0.1174 0.0000
11        M:io_writes
32        1492 8.0000 6.0200 5.5975 0.0000
6         M:cpu3
32        1492 2.1032 1.5030 1.6752 0.0000
6         M:cpu2
32        1492 1.1539 0.8120 0.9538 0.0000
6         M:cpu1
32        1492 1.0260 0.7448 0.7864 0.0000
6         M:cpu0
32        1492 0.7462 0.5265 0.6127 0.0000
5         M:cpu
32        1492 1.2569 0.8959 1.0074 0.0000
8         M:syslog
40        1492 1324.0000 957.2500 1024.9730 0.0000
8         M:ssh_in
32        1492 2.0000 1.8200 0.6000 0.0000
13        M:cfengine_in
32        1492 1.0000 0.9100 0.3000 0.0000
9         M:loadavg
32        1492 0.0166 0.0146 0.0067 0.0000
10        M:diskfree
35        1492 67.0000 60.9700 20.1000 0.0000
12        M:otherprocs
32        1492 6.0000 5.4600 1.8000 0.0000
11        M:rootprocs
36        1492 109.0000 99.1900 32.7000 0.0000
7         M:users
32        1492 6.0000 5.4600 1.8000 0.0000
3         MOY
15        M:entropy_avail
34        155 84.5000 59.1500 70.8474 0.0000
12        M:mem_cached
39        155 1058.9355 741.2549 1546.1225 0.0000
16        M:io_writtendata
31        155 0.0479 0.0335 0.0419 0.0000
11        M:io_writes
31        155 3.0000 2.1000 2.6458 0.0000
6         M:cpu3
31        155 0.0133 0.0093 0.0111 0.0000
6         M:cpu2
31        155 0.0866 0.0606 0.0949 0.0000
6         M:cpu1
31        155 0.0999 0.0699 0.1070 0.0000
6         M:cpu0
31        155 0.1432 0.1002 0.1206 0.0000
5         M:cpu
31        155 0.0849 0.0594 0.0710 0.0000
8         M:syslog
37        155 145.0000 101.5000 121.3157 0.0000
8         M:ssh_in
31        155 2.0000 1.4000 1.6733 0.0000
13        M:cfengine_in
31        155 1.0000 0.7000 0.8367 0.0000
9         M:loadavg
31        155 0.0039 0.0027 0.0034 0.0000
10        M:diskfree
34        155 73.5000 51.4500 61.5642 0.0000
12        M:otherprocs
31        155 6.0000 4.2000 5.0200 0.0000
11        M:rootprocs
35        155 109.5000 76.6500 91.6152 0.0000
7         M:users
31        155 6.0000 4.2000 5.0200 0.0000
# send QUERY complete successful
