# delta from 1679720778 to 1679720839 at 1679720839
22        CFR: 0 1679720838 1672
3         PRD
60        Packing reports: delta,0.025496,0.065003,0.058215,1679720779
83        Sample(/proc/sys/kernel/random/entropy_avail),0.007137,0.005094,0.001831,1679720822
3         EXS
16        f,295,1679720559
3         MOM
15        M:entropy_avail
35        1501 84.0000 58.8000 70.2794 0.0000
12        M:mem_cached
41        1501 1736.8203 1215.7742 1453.1281 0.0000
10        M:mem_free
39        1501 13624.3711 9537.0598 0.0000 0.0000
11        M:mem_total
40        1501 15817.1836 11072.0285 0.0000 0.0000
16        M:io_writtendata
32        1501 0.0322 0.0226 0.0270 0.0000
11        M:io_writes
32        1501 2.0000 1.4000 1.6733 0.0000
6         M:cpu3
32        1501 0.1399 0.0979 0.1170 0.0000
6         M:cpu2
32        1501 0.1664 0.1165 0.1392 0.0000
6         M:cpu1
32        1501 0.0067 0.0047 0.0056 0.0000
6         M:cpu0
32        1501 0.0200 0.0140 0.0167 0.0000
5         M:cpu
32        1501 0.0816 0.0571 0.0682 0.0000
8         M:syslog
38        1501 145.0000 101.5000 121.3157 0.0000
8         M:ssh_in
32        1501 2.0000 1.4000 1.6733 0.0000
13        M:cfengine_in
32        1501 1.0000 0.7000 0.8367 0.0000
10        M:diskfree
35        1501 66.0000 46.2000 55.2196 0.0000
12        M:otherprocs
32        1501 6.0000 4.2000 5.0200 0.0000
11        M:rootprocs
36        1501 109.0000 76.3000 91.1959 0.0000
7         M:users
32        1501 6.0000 4.2000 5.0200 0.0000
3         MOY
15        M:entropy_avail
34        155 84.5000 59.1500 70.8474 0.0000
12        M:mem_cached
39        155 1058.9355 741.2549 1546.1225 0.0000
16        M:io_writtendata
31        155 0.0479 0.0335 0.0419 0.0000
11        M:io_writes
31        155 3.0000 2.1000 2.6458 0.0000
6         M:cpu3
31        155 0.0133 0.0093 0.0111 0.0000
6         M:cpu2
31        155 0.0866 0.0606 0.0949 0.0000
6         M:cpu1
31        155 0.0999 0.0699 0.1070 0.0000
6         M:cpu0
31        155 0.1432 0.1002 0.1206 0.0000
5         M:cpu
31        155 0.0849 0.0594 0.0710 0.0000
8         M:syslog
37        155 145.0000 101.5000 121.3157 0.0000
8         M:ssh_in
31        155 2.0000 1.4000 1.6733 0.0000
13        M:cfengine_in
31        155 1.0000 0.7000 0.8367 0.0000
9         M:loadavg
31        155 0.0039 0.0027 0.0034 0.0000
10        M:diskfree
34        155 73.5000 51.4500 61.5642 0.0000
12        M:otherprocs
31        155 6.0000 4.2000 5.0200 0.0000
11        M:rootprocs
35        155 109.5000 76.6500 91.6152 0.0000
7         M:users
31        155 6.0000 4.2000 5.0200 0.0000
# send QUERY complete successful
