# delta from 1679750362 to 1679750423 at 1679750423
22        CFR: 0 1679750422 2408
3         PRD
60        Packing reports: delta,0.034533,0.119256,0.116870,1679750363
83        Sample(/proc/sys/kernel/random/entropy_avail),0.004834,0.002337,0.002116,1679750418
3         EXS
16        f,299,1679750272
3         MOM
15        M:entropy_avail
35        1599 87.0000 62.5800 68.2027 0.0000
32        1600 6.0000 4.2000 5.0200 0.0000
12        M:mem_cached
40        1599 1903.9102 1732.5402 571.2332 0.0000
41        1600 1905.4805 1333.8363 1594.2393 0.0000
10        M:mem_free
40        1599 13405.4102 12204.3947 0.0000 0.0000
39        1600 13449.0430 9414.3301 0.0000 0.0000
11        M:mem_total
40        1599 15817.1836 14393.6371 0.0000 0.0000
40        1600 15817.1836 11072.0285 0.0000 0.0000
16        M:io_writtendata
32        1599 0.0479 0.0686 0.0690 0.0000
32        1600 0.1562 0.1094 0.1307 0.0000
11        M:io_writes
32        1599 2.0000 3.5000 5.0000 0.0000
33        1600 10.0000 7.0000 8.3666 0.0000
6         M:cpu3
32        1599 1.2783 1.0473 0.7252 0.0000
32        1600 0.5062 0.3543 0.4235 0.0000
6         M:cpu2
32        1599 0.2531 0.5367 0.9452 0.0000
32        1600 0.6803 0.4762 0.5692 0.0000
6         M:cpu1
32        1599 0.1598 0.2070 0.1573 0.0000
32        1600 1.8115 1.2681 1.5156 0.0000
6         M:cpu0
32        1599 0.2865 0.6233 1.1227 0.0000
32        1600 0.3397 0.2378 0.2842 0.0000
5         M:cpu
32        1599 0.4962 0.6051 0.3631 0.0000
32        1600 0.8362 0.5853 0.6996 0.0000
8         M:syslog
38        1599 106.0000 281.8900 667.8539 0.0000
40        1600 1229.0000 860.3000 1028.2552 0.0000
8         M:ssh_in
32        1599 2.0000 1.8200 0.6000 0.0000
32        1600 2.0000 1.4000 1.6733 0.0000
14        M:cfengine_out
32        1599 1.0000 0.7000 0.8367 0.0000
13        M:cfengine_in
32        1599 1.0000 0.9100 0.3000 0.0000
32        1600 1.0000 0.7000 0.8367 0.0000
9         M:loadavg
32        1599 0.0801 0.0586 0.0601 0.0000
32        1600 0.0107 0.0075 0.0090 0.0000
10        M:diskfree
35        1599 64.0000 58.2400 19.2000 0.0000
35        1600 64.0000 44.8000 53.5462 0.0000
12        M:otherprocs
32        1599 6.0000 5.4600 1.8000 0.0000
32        1600 6.0000 4.2000 5.0200 0.0000
11        M:rootprocs
37        1599 112.0000 101.2900 35.7000 0.0000
36        1600 109.0000 76.3000 91.1959 0.0000
7         M:users
32        1599 6.0000 5.4600 1.8000 0.0000
32        1600 6.0000 4.2000 5.0200 0.0000
3         MOY
15        M:entropy_avail
34        155 84.5000 59.1500 70.8474 0.0000
12        M:mem_cached
39        155 1058.9355 741.2549 1546.1225 0.0000
16        M:io_writtendata
31        155 0.0479 0.0335 0.0419 0.0000
11        M:io_writes
31        155 3.0000 2.1000 2.6458 0.0000
6         M:cpu3
31        155 0.0133 0.0093 0.0111 0.0000
6         M:cpu2
31        155 0.0866 0.0606 0.0949 0.0000
6         M:cpu1
31        155 0.0999 0.0699 0.1070 0.0000
6         M:cpu0
31        155 0.1432 0.1002 0.1206 0.0000
5         M:cpu
31        155 0.0849 0.0594 0.0710 0.0000
8         M:syslog
37        155 145.0000 101.5000 121.3157 0.0000
8         M:ssh_in
31        155 2.0000 1.4000 1.6733 0.0000
13        M:cfengine_in
31        155 1.0000 0.7000 0.8367 0.0000
9         M:loadavg
31        155 0.0039 0.0027 0.0034 0.0000
10        M:diskfree
34        155 73.5000 51.4500 61.5642 0.0000
12        M:otherprocs
31        155 6.0000 4.2000 5.0200 0.0000
11        M:rootprocs
35        155 109.5000 76.6500 91.6152 0.0000
7         M:users
31        155 6.0000 4.2000 5.0200 0.0000
# send QUERY complete successful
