# delta from 1679726058 to 1679726119 at 1679726119
22        CFR: 0 1679726118 1761
3         PRD
60        Packing reports: delta,0.029399,0.086433,0.083180,1679726059
83        Sample(/proc/sys/kernel/random/entropy_avail),0.004679,0.002189,0.002071,1679726081
3         EXS
16        f,295,1679725934
3         MOM
15        M:entropy_avail
34        1518 4.0000 21.7000 64.3250 0.0000
12        M:mem_cached
40        1518 1767.5664 1608.1557 531.3691 0.0000
10        M:mem_free
40        1518 13595.7344 12362.5813 0.0000 0.0000
11        M:mem_total
40        1518 15817.1836 14393.6371 0.0000 0.0000
16        M:io_writtendata
32        1518 0.1582 0.1181 0.1129 0.0000
11        M:io_writes
32        1518 8.0000 6.0200 5.5975 0.0000
6         M:cpu3
32        1518 0.6197 0.4533 0.4658 0.0000
6         M:cpu2
32        1518 0.6399 0.7068 0.2229 0.0000
6         M:cpu1
32        1518 0.8927 0.7145 0.5342 0.0000
6         M:cpu0
32        1518 0.4194 0.5005 0.2703 0.0000
5         M:cpu
32        1518 0.6429 0.5948 0.1603 0.0000
8         M:syslog
41        1518 1566.0000 1126.8600 1226.5291 0.0000
8         M:ssh_in
32        1518 2.0000 1.8200 0.6000 0.0000
14        M:cfengine_out
32        1518 0.0000 0.2100 0.7436 0.0000
13        M:cfengine_in
32        1518 1.0000 0.9100 0.3000 0.0000
9         M:loadavg
32        1518 0.0039 0.0196 0.0570 0.0000
10        M:diskfree
35        1518 66.0000 60.0600 19.8000 0.0000
12        M:otherprocs
32        1518 6.0000 5.4600 1.8000 0.0000
11        M:rootprocs
36        1518 109.0000 99.8200 30.6000 0.0000
7         M:users
32        1518 6.0000 5.4600 1.8000 0.0000
3         MOY
15        M:entropy_avail
34        155 84.5000 59.1500 70.8474 0.0000
12        M:mem_cached
39        155 1058.9355 741.2549 1546.1225 0.0000
16        M:io_writtendata
31        155 0.0479 0.0335 0.0419 0.0000
11        M:io_writes
31        155 3.0000 2.1000 2.6458 0.0000
6         M:cpu3
31        155 0.0133 0.0093 0.0111 0.0000
6         M:cpu2
31        155 0.0866 0.0606 0.0949 0.0000
6         M:cpu1
31        155 0.0999 0.0699 0.1070 0.0000
6         M:cpu0
31        155 0.1432 0.1002 0.1206 0.0000
5         M:cpu
31        155 0.0849 0.0594 0.0710 0.0000
8         M:syslog
37        155 145.0000 101.5000 121.3157 0.0000
8         M:ssh_in
31        155 2.0000 1.4000 1.6733 0.0000
13        M:cfengine_in
31        155 1.0000 0.7000 0.8367 0.0000
9         M:loadavg
31        155 0.0039 0.0027 0.0034 0.0000
10        M:diskfree
34        155 73.5000 51.4500 61.5642 0.0000
12        M:otherprocs
31        155 6.0000 4.2000 5.0200 0.0000
11        M:rootprocs
35        155 109.5000 76.6500 91.6152 0.0000
7         M:users
31        155 6.0000 4.2000 5.0200 0.0000
# send QUERY complete successful
