# delta from 1679666119 to 1679666179 at 1679666179
22        CFR: 0 1679666178 1709
3         PRD
60        Packing reports: delta,0.035052,0.153169,0.164191,1679666120
83        Sample(/proc/sys/kernel/random/entropy_avail),0.005691,0.003239,0.005295,1679666130
3         EXS
16        f,337,1679665979
3         MOM
15        M:entropy_avail
35        1319 83.0000 58.1000 69.4428 0.0000
12        M:mem_cached
38        1319 865.3594 605.7516 724.0116 0.0000
10        M:mem_free
40        1319 14577.0938 10203.9656 0.0000 0.0000
11        M:mem_total
40        1319 15817.1836 11072.0285 0.0000 0.0000
16        M:io_writtendata
32        1319 0.0742 0.0520 0.0621 0.0000
11        M:io_writes
32        1319 4.0000 2.8000 3.3466 0.0000
6         M:cpu3
32        1319 0.1199 0.0839 0.1003 0.0000
6         M:cpu2
32        1319 0.2401 0.1681 0.2009 0.0000
6         M:cpu1
32        1319 0.1200 0.0840 0.1004 0.0000
6         M:cpu0
32        1319 0.0266 0.0186 0.0223 0.0000
5         M:cpu
32        1319 0.1283 0.0898 0.1073 0.0000
8         M:syslog
38        1319 435.0000 304.5000 363.9471 0.0000
8         M:ssh_in
32        1319 2.0000 1.4000 1.6733 0.0000
13        M:cfengine_in
32        1319 1.0000 0.7000 0.8367 0.0000
9         M:loadavg
32        1319 0.0034 0.0024 0.0029 0.0000
10        M:diskfree
35        1319 75.0000 52.5000 62.7495 0.0000
12        M:otherprocs
32        1319 6.0000 4.2000 5.0200 0.0000
11        M:rootprocs
36        1319 108.0000 75.6000 90.3593 0.0000
7         M:users
32        1319 6.0000 4.2000 5.0200 0.0000
3         MOY
15        M:entropy_avail
34        155 86.5000 60.5500 72.6426 0.0000
12        M:mem_cached
37        155 751.0039 525.7027 634.0092 0.0000
16        M:io_writtendata
31        155 0.0562 0.0393 0.0508 0.0000
11        M:io_writes
31        155 2.0000 1.4000 1.6733 0.0000
6         M:cpu3
31        155 0.1333 0.0933 0.1500 0.0000
6         M:cpu2
31        155 0.0899 0.0629 0.0953 0.0000
6         M:cpu1
31        155 0.1869 0.1308 0.2097 0.0000
6         M:cpu0
31        155 0.0899 0.0629 0.0953 0.0000
5         M:cpu
31        155 0.1232 0.0863 0.1076 0.0000
8         M:syslog
37        155 145.0000 101.5000 121.3157 0.0000
8         M:ssh_in
31        155 2.0000 1.4000 1.6733 0.0000
13        M:cfengine_in
31        155 1.0000 0.7000 0.8367 0.0000
9         M:loadavg
31        155 0.0054 0.0038 0.0049 0.0000
10        M:diskfree
34        155 76.0000 53.2000 63.5917 0.0000
12        M:otherprocs
31        155 6.0000 4.2000 5.0200 0.0000
11        M:rootprocs
35        155 109.0000 76.3000 91.1998 0.0000
7         M:users
31        155 6.0000 4.2000 5.0200 0.0000
# send QUERY complete successful
