# delta from 1679741959 to 1679742019 at 1679742019
22        CFR: 0 1679742018 2407
3         PRD
60        Packing reports: delta,0.025315,0.064087,0.065438,1679741960
83        Sample(/proc/sys/kernel/random/entropy_avail),0.004732,0.002239,0.002197,1679742005
3         EXS
16        f,295,1679741824
3         MOM
15        M:entropy_avail
35        1571 89.0000 63.1400 72.1434 0.0000
32        1572 9.0000 6.3000 7.5299 0.0000
12        M:mem_cached
40        1571 1857.8047 1690.2512 558.5117 0.0000
41        1572 1857.7695 1300.4387 1554.3215 0.0000
10        M:mem_free
40        1571 13500.5352 12285.9431 0.0000 0.0000
39        1572 13500.3203 9450.2242 0.0000 0.0000
11        M:mem_total
40        1571 15817.1836 14393.6371 0.0000 0.0000
40        1572 15817.1836 11072.0285 0.0000 0.0000
16        M:io_writtendata
32        1571 0.1318 0.1029 0.0839 0.0000
32        1572 0.0518 0.0362 0.0433 0.0000
11        M:io_writes
32        1571 8.0000 6.0200 5.5975 0.0000
32        1572 2.0000 1.4000 1.6733 0.0000
6         M:cpu3
32        1571 1.2808 0.9245 0.9954 0.0000
32        1572 0.0999 0.0699 0.0836 0.0000
6         M:cpu2
32        1571 0.6070 0.4599 0.4174 0.0000
32        1572 0.1731 0.1212 0.1448 0.0000
6         M:cpu1
32        1571 0.5995 0.4267 0.4823 0.0000
32        1572 0.0133 0.0093 0.0111 0.0000
6         M:cpu0
32        1571 2.3727 1.6623 1.9812 0.0000
32        1572 0.0533 0.0373 0.0446 0.0000
5         M:cpu
32        1571 1.2150 0.8680 0.9686 0.0000
32        1572 0.0816 0.0571 0.0682 0.0000
8         M:syslog
40        1571 1327.0000 959.5600 1026.9230 0.0000
38        1572 146.0000 102.2000 122.1524 0.0000
8         M:ssh_in
32        1571 2.0000 1.8200 0.6000 0.0000
32        1572 3.0000 2.1000 2.5100 0.0000
14        M:cfengine_out
32        1571 1.0000 0.7000 0.8367 0.0000
13        M:cfengine_in
32        1571 1.0000 0.9100 0.3000 0.0000
32        1572 1.0000 0.7000 0.8367 0.0000
9         M:loadavg
32        1571 0.0918 0.0645 0.0762 0.0000
32        1572 0.0854 0.0598 0.0715 0.0000
10        M:diskfree
35        1571 65.0000 59.1500 19.5000 0.0000
35        1572 65.0000 45.5000 54.3829 0.0000
12        M:otherprocs
32        1571 6.0000 5.4600 1.8000 0.0000
32        1572 6.0000 4.2000 5.0200 0.0000
11        M:rootprocs
37        1571 111.0000 100.8000 34.0000 0.0000
36        1572 109.0000 76.3000 91.1959 0.0000
7         M:users
32        1571 6.0000 5.4600 1.8000 0.0000
32        1572 6.0000 4.2000 5.0200 0.0000
3         MOY
15        M:entropy_avail
34        155 84.5000 59.1500 70.8474 0.0000
12        M:mem_cached
39        155 1058.9355 741.2549 1546.1225 0.0000
16        M:io_writtendata
31        155 0.0479 0.0335 0.0419 0.0000
11        M:io_writes
31        155 3.0000 2.1000 2.6458 0.0000
6         M:cpu3
31        155 0.0133 0.0093 0.0111 0.0000
6         M:cpu2
31        155 0.0866 0.0606 0.0949 0.0000
6         M:cpu1
31        155 0.0999 0.0699 0.1070 0.0000
6         M:cpu0
31        155 0.1432 0.1002 0.1206 0.0000
5         M:cpu
31        155 0.0849 0.0594 0.0710 0.0000
8         M:syslog
37        155 145.0000 101.5000 121.3157 0.0000
8         M:ssh_in
31        155 2.0000 1.4000 1.6733 0.0000
13        M:cfengine_in
31        155 1.0000 0.7000 0.8367 0.0000
9         M:loadavg
31        155 0.0039 0.0027 0.0034 0.0000
10        M:diskfree
34        155 73.5000 51.4500 61.5642 0.0000
12        M:otherprocs
31        155 6.0000 4.2000 5.0200 0.0000
11        M:rootprocs
35        155 109.5000 76.6500 91.6152 0.0000
7         M:users
31        155 6.0000 4.2000 5.0200 0.0000
# send QUERY complete successful
