# delta from 1679751803 to 1679751864 at 1679751864
22        CFR: 0 1679751863 1678
3         PRD
60        Packing reports: delta,0.033216,0.110329,0.114204,1679751804
3         EXS
16        f,295,1679751748
3         MOM
15        M:entropy_avail
35        1604 84.0000 59.6400 67.9615 0.0000
12        M:mem_cached
40        1604 1913.8633 1741.2711 575.3074 0.0000
10        M:mem_free
40        1604 13439.8398 12228.8064 0.0000 0.0000
11        M:mem_total
40        1604 15817.1836 14393.6371 0.0000 0.0000
16        M:io_writtendata
32        1604 0.1484 0.1160 0.0942 0.0000
11        M:io_writes
32        1604 8.0000 6.0200 5.5975 0.0000
6         M:cpu3
32        1604 0.7668 0.5382 0.6377 0.0000
6         M:cpu2
32        1604 2.4272 1.7032 2.0190 0.0000
6         M:cpu1
32        1604 0.4464 0.3194 0.3543 0.0000
6         M:cpu0
32        1604 1.2389 0.9372 0.8552 0.0000
5         M:cpu
32        1604 1.2197 0.8740 0.9649 0.0000
8         M:syslog
40        1604 1326.0000 958.8600 1026.0881 0.0000
8         M:ssh_in
32        1604 2.0000 1.8200 0.6000 0.0000
14        M:cfengine_out
32        1604 1.0000 0.7000 0.8367 0.0000
13        M:cfengine_in
32        1604 1.0000 0.9100 0.3000 0.0000
9         M:loadavg
32        1604 0.0562 0.0417 0.0407 0.0000
10        M:diskfree
35        1604 64.0000 58.2400 19.2000 0.0000
12        M:otherprocs
32        1604 6.0000 5.4600 1.8000 0.0000
11        M:rootprocs
36        1604 110.0000 99.8900 33.7000 0.0000
7         M:users
32        1604 6.0000 5.4600 1.8000 0.0000
3         MOY
15        M:entropy_avail
34        155 84.5000 59.1500 70.8474 0.0000
12        M:mem_cached
39        155 1058.9355 741.2549 1546.1225 0.0000
16        M:io_writtendata
31        155 0.0479 0.0335 0.0419 0.0000
11        M:io_writes
31        155 3.0000 2.1000 2.6458 0.0000
6         M:cpu3
31        155 0.0133 0.0093 0.0111 0.0000
6         M:cpu2
31        155 0.0866 0.0606 0.0949 0.0000
6         M:cpu1
31        155 0.0999 0.0699 0.1070 0.0000
6         M:cpu0
31        155 0.1432 0.1002 0.1206 0.0000
5         M:cpu
31        155 0.0849 0.0594 0.0710 0.0000
8         M:syslog
37        155 145.0000 101.5000 121.3157 0.0000
8         M:ssh_in
31        155 2.0000 1.4000 1.6733 0.0000
13        M:cfengine_in
31        155 1.0000 0.7000 0.8367 0.0000
9         M:loadavg
31        155 0.0039 0.0027 0.0034 0.0000
10        M:diskfree
34        155 73.5000 51.4500 61.5642 0.0000
12        M:otherprocs
31        155 6.0000 4.2000 5.0200 0.0000
11        M:rootprocs
35        155 109.5000 76.6500 91.6152 0.0000
7         M:users
31        155 6.0000 4.2000 5.0200 0.0000
# send QUERY complete successful
