# delta from 1679733858 to 1679733919 at 1679733919
22        CFR: 0 1679733918 1757
3         PRD
60        Packing reports: delta,0.031829,0.121417,0.108251,1679733859
83        Sample(/proc/sys/kernel/random/entropy_avail),0.004464,0.001992,0.002256,1679733893
3         EXS
16        f,295,1679733731
3         MOM
15        M:entropy_avail
34        1544 5.0000 23.2400 66.6574 0.0000
12        M:mem_cached
40        1544 1812.0430 1648.9640 543.5965 0.0000
10        M:mem_free
40        1544 13547.5508 12328.3746 0.0000 0.0000
11        M:mem_total
40        1544 15817.1836 14393.6371 0.0000 0.0000
16        M:io_writtendata
32        1544 0.0654 0.0723 0.0228 0.0000
11        M:io_writes
32        1544 4.0000 4.0600 0.2000 0.0000
6         M:cpu3
32        1544 0.0067 0.0943 0.3130 0.0000
6         M:cpu2
32        1544 0.3331 0.6378 1.0155 0.0000
6         M:cpu1
32        1544 0.0200 0.3095 1.0333 0.0000
6         M:cpu0
32        1544 0.0067 0.2638 0.9131 0.0000
5         M:cpu
32        1544 0.0899 0.3248 0.8693 0.0000
8         M:syslog
37        1544 0.0000 309.1200 1094.6376 0.0000
8         M:ssh_in
32        1544 2.0000 1.8200 0.6000 0.0000
14        M:cfengine_out
32        1544 0.0000 0.2100 0.7436 0.0000
13        M:cfengine_in
32        1544 1.0000 0.9100 0.3000 0.0000
9         M:loadavg
32        1544 0.0024 0.0146 0.0442 0.0000
10        M:diskfree
35        1544 65.0000 59.1500 19.5000 0.0000
12        M:otherprocs
32        1544 6.0000 5.4600 1.8000 0.0000
11        M:rootprocs
36        1544 109.0000 99.4000 32.0000 0.0000
7         M:users
32        1544 6.0000 5.4600 1.8000 0.0000
3         MOY
15        M:entropy_avail
34        155 84.5000 59.1500 70.8474 0.0000
12        M:mem_cached
39        155 1058.9355 741.2549 1546.1225 0.0000
16        M:io_writtendata
31        155 0.0479 0.0335 0.0419 0.0000
11        M:io_writes
31        155 3.0000 2.1000 2.6458 0.0000
6         M:cpu3
31        155 0.0133 0.0093 0.0111 0.0000
6         M:cpu2
31        155 0.0866 0.0606 0.0949 0.0000
6         M:cpu1
31        155 0.0999 0.0699 0.1070 0.0000
6         M:cpu0
31        155 0.1432 0.1002 0.1206 0.0000
5         M:cpu
31        155 0.0849 0.0594 0.0710 0.0000
8         M:syslog
37        155 145.0000 101.5000 121.3157 0.0000
8         M:ssh_in
31        155 2.0000 1.4000 1.6733 0.0000
13        M:cfengine_in
31        155 1.0000 0.7000 0.8367 0.0000
9         M:loadavg
31        155 0.0039 0.0027 0.0034 0.0000
10        M:diskfree
34        155 73.5000 51.4500 61.5642 0.0000
12        M:otherprocs
31        155 6.0000 4.2000 5.0200 0.0000
11        M:rootprocs
35        155 109.5000 76.6500 91.6152 0.0000
7         M:users
31        155 6.0000 4.2000 5.0200 0.0000
# send QUERY complete successful
