# delta from 1679677098 to 1679677159 at 1679677159
22        CFR: 0 1679677158 1713
3         PRD
60        Packing reports: delta,0.027797,0.077266,0.082492,1679677099
83        Sample(/proc/sys/kernel/random/entropy_avail),0.005196,0.002700,0.002808,1679677102
3         EXS
16        f,295,1679677025
3         MOM
15        M:entropy_avail
34        1355 6.0000 21.6300 57.8513 0.0000
12        M:mem_cached
40        1355 1464.7812 1332.5974 440.6129 0.0000
10        M:mem_free
40        1355 13929.1836 12676.8901 0.0000 0.0000
11        M:mem_total
40        1355 15817.1836 14393.6371 0.0000 0.0000
16        M:io_writtendata
32        1355 0.1543 0.1148 0.1112 0.0000
11        M:io_writes
32        1355 8.0000 6.0200 5.5975 0.0000
6         M:cpu3
32        1355 1.4364 1.0418 1.1032 0.0000
6         M:cpu2
32        1355 2.3697 1.6784 1.9285 0.0000
6         M:cpu1
32        1355 0.7275 0.5190 0.5818 0.0000
6         M:cpu0
32        1355 0.6862 0.4803 0.5741 0.0000
5         M:cpu
32        1355 1.3029 0.9288 1.0440 0.0000
8         M:syslog
39        1355 1077.0000 784.3500 818.8623 0.0000
8         M:ssh_in
32        1355 2.0000 1.8200 0.6000 0.0000
13        M:cfengine_in
32        1355 1.0000 0.9100 0.3000 0.0000
9         M:loadavg
32        1355 0.0459 0.0431 0.0093 0.0000
10        M:diskfree
35        1355 70.0000 63.7000 21.0000 0.0000
12        M:otherprocs
32        1355 6.0000 5.4600 1.8000 0.0000
11        M:rootprocs
36        1355 109.0000 99.1900 32.7000 0.0000
7         M:users
32        1355 6.0000 5.4600 1.8000 0.0000
3         MOY
15        M:entropy_avail
34        155 82.5000 57.7500 69.0865 0.0000
12        M:mem_cached
39        155 1049.0156 734.3109 1532.5382 0.0000
16        M:io_writtendata
31        155 0.0479 0.0335 0.0419 0.0000
11        M:io_writes
31        155 3.0000 2.1000 2.6458 0.0000
6         M:cpu3
31        155 0.0233 0.0163 0.0212 0.0000
6         M:cpu2
31        155 0.1966 0.1376 0.1673 0.0000
6         M:cpu1
31        155 0.0166 0.0116 0.0142 0.0000
6         M:cpu0
31        155 0.1798 0.1259 0.1514 0.0000
5         M:cpu
31        155 0.1049 0.0734 0.0891 0.0000
8         M:syslog
37        155 145.0000 101.5000 121.3157 0.0000
8         M:ssh_in
31        155 2.0000 1.4000 1.6733 0.0000
13        M:cfengine_in
31        155 1.0000 0.7000 0.8367 0.0000
9         M:loadavg
31        155 0.0042 0.0029 0.0036 0.0000
10        M:diskfree
34        155 73.5000 51.4500 61.5642 0.0000
12        M:otherprocs
31        155 6.0000 4.2000 5.0200 0.0000
11        M:rootprocs
35        155 109.5000 76.6500 91.6152 0.0000
7         M:users
31        155 6.0000 4.2000 5.0200 0.0000
# send QUERY complete successful
