# delta from 1679701158 to 1679701219 at 1679701219
22        CFR: 0 1679701218 1629
3         PRD
60        Packing reports: delta,0.028080,0.078850,0.069718,1679701159
3         EXS
16        f,296,1679701067
3         MOM
15        M:entropy_avail
34        1435 2.0000 19.8800 64.1307 0.0000
12        M:mem_cached
40        1435 1602.1953 1457.6499 481.8180 0.0000
10        M:mem_free
40        1435 13765.7891 12526.7417 0.0000 0.0000
11        M:mem_total
40        1435 15817.1836 14393.6371 0.0000 0.0000
16        M:io_writtendata
32        1435 0.1494 0.1128 0.1037 0.0000
11        M:io_writes
32        1435 8.0000 6.0200 5.5975 0.0000
6         M:cpu3
32        1435 1.2063 0.8556 0.9784 0.0000
6         M:cpu2
32        1435 0.7273 0.5301 0.5519 0.0000
6         M:cpu1
32        1435 2.2609 1.5868 1.8799 0.0000
6         M:cpu0
32        1435 0.9267 0.6991 0.6443 0.0000
5         M:cpu
32        1435 1.2804 0.9179 1.0119 0.0000
8         M:syslog
38        1435 837.0000 616.3500 618.9406 0.0000
8         M:ssh_in
32        1435 2.0000 1.8200 0.6000 0.0000
13        M:cfengine_in
32        1435 1.0000 0.9100 0.3000 0.0000
9         M:loadavg
32        1435 0.0186 0.0132 0.0150 0.0000
10        M:diskfree
35        1435 68.0000 61.8800 20.4000 0.0000
12        M:otherprocs
32        1435 6.0000 5.4600 1.8000 0.0000
11        M:rootprocs
36        1435 109.0000 99.1900 32.7000 0.0000
7         M:users
32        1435 6.0000 5.4600 1.8000 0.0000
3         MOY
15        M:entropy_avail
34        155 84.5000 59.1500 70.8474 0.0000
12        M:mem_cached
39        155 1058.9355 741.2549 1546.1225 0.0000
16        M:io_writtendata
31        155 0.0479 0.0335 0.0419 0.0000
11        M:io_writes
31        155 3.0000 2.1000 2.6458 0.0000
6         M:cpu3
31        155 0.0133 0.0093 0.0111 0.0000
6         M:cpu2
31        155 0.0866 0.0606 0.0949 0.0000
6         M:cpu1
31        155 0.0999 0.0699 0.1070 0.0000
6         M:cpu0
31        155 0.1432 0.1002 0.1206 0.0000
5         M:cpu
31        155 0.0849 0.0594 0.0710 0.0000
8         M:syslog
37        155 145.0000 101.5000 121.3157 0.0000
8         M:ssh_in
31        155 2.0000 1.4000 1.6733 0.0000
13        M:cfengine_in
31        155 1.0000 0.7000 0.8367 0.0000
9         M:loadavg
31        155 0.0039 0.0027 0.0034 0.0000
10        M:diskfree
34        155 73.5000 51.4500 61.5642 0.0000
12        M:otherprocs
31        155 6.0000 4.2000 5.0200 0.0000
11        M:rootprocs
35        155 109.5000 76.6500 91.6152 0.0000
7         M:users
31        155 6.0000 4.2000 5.0200 0.0000
# send QUERY complete successful
