# delta from 1679711058 to 1679711119 at 1679711119
22        CFR: 0 1679711118 1630
3         PRD
60        Packing reports: delta,0.032806,0.107622,0.098004,1679711059
3         EXS
16        f,295,1679710930
3         MOM
15        M:entropy_avail
34        1468 3.0000 18.9000 57.5352 0.0000
12        M:mem_cached
40        1468 1682.8789 1531.0753 506.0121 0.0000
10        M:mem_free
40        1468 13686.8359 12455.2250 0.0000 0.0000
11        M:mem_total
40        1468 15817.1836 14393.6371 0.0000 0.0000
16        M:io_writtendata
32        1468 0.1367 0.1033 0.0947 0.0000
11        M:io_writes
32        1468 6.0000 4.6200 3.9563 0.0000
6         M:cpu3
32        1468 0.3530 0.2695 0.2380 0.0000
6         M:cpu2
32        1468 1.4535 1.0175 1.2161 0.0000
6         M:cpu1
32        1468 0.7931 0.6027 0.5409 0.0000
6         M:cpu0
32        1468 2.1447 1.5250 1.7288 0.0000
5         M:cpu
32        1468 1.1844 0.8522 0.9279 0.0000
8         M:syslog
38        1468 840.0000 618.4500 621.4361 0.0000
8         M:ssh_in
32        1468 2.0000 1.8200 0.6000 0.0000
13        M:cfengine_in
32        1468 1.0000 0.9100 0.3000 0.0000
9         M:loadavg
32        1468 0.0205 0.0251 0.0154 0.0000
10        M:diskfree
35        1468 67.0000 60.9700 20.1000 0.0000
12        M:otherprocs
32        1468 6.0000 5.4600 1.8000 0.0000
11        M:rootprocs
37        1468 110.0000 100.1000 33.0000 0.0000
7         M:users
32        1468 6.0000 5.4600 1.8000 0.0000
3         MOY
15        M:entropy_avail
34        155 84.5000 59.1500 70.8474 0.0000
12        M:mem_cached
39        155 1058.9355 741.2549 1546.1225 0.0000
16        M:io_writtendata
31        155 0.0479 0.0335 0.0419 0.0000
11        M:io_writes
31        155 3.0000 2.1000 2.6458 0.0000
6         M:cpu3
31        155 0.0133 0.0093 0.0111 0.0000
6         M:cpu2
31        155 0.0866 0.0606 0.0949 0.0000
6         M:cpu1
31        155 0.0999 0.0699 0.1070 0.0000
6         M:cpu0
31        155 0.1432 0.1002 0.1206 0.0000
5         M:cpu
31        155 0.0849 0.0594 0.0710 0.0000
8         M:syslog
37        155 145.0000 101.5000 121.3157 0.0000
8         M:ssh_in
31        155 2.0000 1.4000 1.6733 0.0000
13        M:cfengine_in
31        155 1.0000 0.7000 0.8367 0.0000
9         M:loadavg
31        155 0.0039 0.0027 0.0034 0.0000
10        M:diskfree
34        155 73.5000 51.4500 61.5642 0.0000
12        M:otherprocs
31        155 6.0000 4.2000 5.0200 0.0000
11        M:rootprocs
35        155 109.5000 76.6500 91.6152 0.0000
7         M:users
31        155 6.0000 4.2000 5.0200 0.0000
# send QUERY complete successful
