# delta from 1679734038 to 1679734099 at 1679734099
22        CFR: 0 1679734098 1759
3         PRD
60        Packing reports: delta,0.035126,0.123382,0.131303,1679734039
83        Sample(/proc/sys/kernel/random/entropy_avail),0.004517,0.002041,0.002154,1679734043
3         EXS
16        f,295,1679734027
3         MOM
15        M:entropy_avail
35        1545 90.0000 63.0000 75.2994 0.0000
12        M:mem_cached
41        1545 1813.8320 1269.6824 1517.5608 0.0000
10        M:mem_free
39        1545 13536.0742 9475.2520 0.0000 0.0000
11        M:mem_total
40        1545 15817.1836 11072.0285 0.0000 0.0000
16        M:io_writtendata
32        1545 0.1260 0.0882 0.1054 0.0000
11        M:io_writes
32        1545 6.0000 4.2000 5.0200 0.0000
6         M:cpu3
32        1545 2.4972 1.7480 2.0893 0.0000
6         M:cpu2
32        1545 0.9471 0.6630 0.7924 0.0000
6         M:cpu1
32        1545 1.0069 0.7049 0.8425 0.0000
6         M:cpu0
32        1545 0.4797 0.3358 0.4013 0.0000
5         M:cpu
32        1545 1.2346 0.8642 1.0330 0.0000
8         M:syslog
38        1545 989.0000 692.3000 827.4568 0.0000
8         M:ssh_in
32        1545 2.0000 1.4000 1.6733 0.0000
14        M:cfengine_out
32        1545 1.0000 0.7000 0.8367 0.0000
13        M:cfengine_in
32        1545 1.0000 0.7000 0.8367 0.0000
9         M:loadavg
32        1545 0.0562 0.0393 0.0470 0.0000
10        M:diskfree
35        1545 65.0000 45.5000 54.3829 0.0000
12        M:otherprocs
32        1545 6.0000 4.2000 5.0200 0.0000
11        M:rootprocs
36        1545 109.0000 76.3000 91.1959 0.0000
7         M:users
32        1545 6.0000 4.2000 5.0200 0.0000
3         MOY
15        M:entropy_avail
34        155 84.5000 59.1500 70.8474 0.0000
12        M:mem_cached
39        155 1058.9355 741.2549 1546.1225 0.0000
16        M:io_writtendata
31        155 0.0479 0.0335 0.0419 0.0000
11        M:io_writes
31        155 3.0000 2.1000 2.6458 0.0000
6         M:cpu3
31        155 0.0133 0.0093 0.0111 0.0000
6         M:cpu2
31        155 0.0866 0.0606 0.0949 0.0000
6         M:cpu1
31        155 0.0999 0.0699 0.1070 0.0000
6         M:cpu0
31        155 0.1432 0.1002 0.1206 0.0000
5         M:cpu
31        155 0.0849 0.0594 0.0710 0.0000
8         M:syslog
37        155 145.0000 101.5000 121.3157 0.0000
8         M:ssh_in
31        155 2.0000 1.4000 1.6733 0.0000
13        M:cfengine_in
31        155 1.0000 0.7000 0.8367 0.0000
9         M:loadavg
31        155 0.0039 0.0027 0.0034 0.0000
10        M:diskfree
34        155 73.5000 51.4500 61.5642 0.0000
12        M:otherprocs
31        155 6.0000 4.2000 5.0200 0.0000
11        M:rootprocs
35        155 109.5000 76.6500 91.6152 0.0000
7         M:users
31        155 6.0000 4.2000 5.0200 0.0000
# send QUERY complete successful
