# delta from 1679681898 to 1679681959 at 1679681959
22        CFR: 0 1679681958 1763
3         PRD
60        Packing reports: delta,0.029826,0.088959,0.091814,1679681899
83        Sample(/proc/sys/kernel/random/entropy_avail),0.004854,0.002356,0.002230,1679681910
3         EXS
16        f,298,1679681869
3         MOM
15        M:entropy_avail
34        1371 4.0000 21.7000 64.3250 0.0000
12        M:mem_cached
40        1371 1491.6328 1357.0290 448.6793 0.0000
10        M:mem_free
40        1371 13885.5664 12636.0828 0.0000 0.0000
11        M:mem_total
40        1371 15817.1836 14393.6371 0.0000 0.0000
16        M:io_writtendata
32        1371 0.1846 0.1370 0.1338 0.0000
11        M:io_writes
33        1371 10.0000 7.4200 7.2534 0.0000
6         M:cpu3
32        1371 0.2932 0.2123 0.2264 0.0000
6         M:cpu2
32        1371 1.6555 1.1994 1.2751 0.0000
6         M:cpu1
32        1371 0.8739 0.6369 0.6632 0.0000
6         M:cpu0
32        1371 2.4062 1.6941 1.9860 0.0000
5         M:cpu
32        1371 1.3088 0.9371 1.0375 0.0000
8         M:syslog
41        1371 1701.0000 1221.1500 1339.8863 0.0000
8         M:ssh_in
32        1371 2.0000 1.8200 0.6000 0.0000
14        M:cfengine_out
32        1371 1.0000 0.7000 0.8367 0.0000
13        M:cfengine_in
32        1371 1.0000 0.9100 0.3000 0.0000
9         M:loadavg
32        1371 0.0391 0.0274 0.0324 0.0000
10        M:diskfree
35        1371 70.0000 63.7000 21.0000 0.0000
12        M:otherprocs
32        1371 6.0000 5.4600 1.8000 0.0000
11        M:rootprocs
37        1371 111.0000 100.5900 34.7000 0.0000
7         M:users
32        1371 6.0000 5.4600 1.8000 0.0000
3         MOY
15        M:entropy_avail
34        155 84.5000 59.1500 70.8474 0.0000
12        M:mem_cached
39        155 1058.9355 741.2549 1546.1225 0.0000
16        M:io_writtendata
31        155 0.0479 0.0335 0.0419 0.0000
11        M:io_writes
31        155 3.0000 2.1000 2.6458 0.0000
6         M:cpu3
31        155 0.0133 0.0093 0.0111 0.0000
6         M:cpu2
31        155 0.0866 0.0606 0.0949 0.0000
6         M:cpu1
31        155 0.0999 0.0699 0.1070 0.0000
6         M:cpu0
31        155 0.1432 0.1002 0.1206 0.0000
5         M:cpu
31        155 0.0849 0.0594 0.0710 0.0000
8         M:syslog
37        155 145.0000 101.5000 121.3157 0.0000
8         M:ssh_in
31        155 2.0000 1.4000 1.6733 0.0000
13        M:cfengine_in
31        155 1.0000 0.7000 0.8367 0.0000
9         M:loadavg
31        155 0.0039 0.0027 0.0034 0.0000
10        M:diskfree
34        155 73.5000 51.4500 61.5642 0.0000
12        M:otherprocs
31        155 6.0000 4.2000 5.0200 0.0000
11        M:rootprocs
35        155 109.5000 76.6500 91.6152 0.0000
7         M:users
31        155 6.0000 4.2000 5.0200 0.0000
# send QUERY complete successful
