# delta from 1679736798 to 1679736859 at 1679736859
22        CFR: 0 1679736858 1676
3         PRD
60        Packing reports: delta,0.041105,0.067488,0.047082,1679736799
3         EXS
16        f,294,1679736744
3         MOM
15        M:entropy_avail
35        1554 87.0000 60.9000 72.7894 0.0000
12        M:mem_cached
41        1554 1829.0742 1280.3520 1530.3133 0.0000
10        M:mem_free
39        1554 13512.4414 9458.7090 0.0000 0.0000
11        M:mem_total
40        1554 15817.1836 11072.0285 0.0000 0.0000
16        M:io_writtendata
32        1554 0.1260 0.0882 0.1054 0.0000
11        M:io_writes
32        1554 8.0000 5.6000 6.6933 0.0000
6         M:cpu3
32        1554 0.6664 0.4665 0.5576 0.0000
6         M:cpu2
32        1554 1.4592 1.0215 1.2209 0.0000
6         M:cpu1
32        1554 1.2738 0.8917 1.0658 0.0000
6         M:cpu0
32        1554 1.4186 0.9930 1.1869 0.0000
5         M:cpu
32        1554 1.2029 0.8420 1.0064 0.0000
8         M:syslog
38        1554 991.0000 693.7000 829.1301 0.0000
8         M:ssh_in
32        1554 2.0000 1.4000 1.6733 0.0000
14        M:cfengine_out
32        1554 1.0000 0.7000 0.8367 0.0000
13        M:cfengine_in
32        1554 1.0000 0.7000 0.8367 0.0000
9         M:loadavg
32        1554 0.1499 0.1049 0.1254 0.0000
10        M:diskfree
35        1554 65.0000 45.5000 54.3829 0.0000
12        M:otherprocs
32        1554 6.0000 4.2000 5.0200 0.0000
11        M:rootprocs
36        1554 110.0000 77.0000 92.0326 0.0000
7         M:users
32        1554 6.0000 4.2000 5.0200 0.0000
3         MOY
15        M:entropy_avail
34        155 84.5000 59.1500 70.8474 0.0000
12        M:mem_cached
39        155 1058.9355 741.2549 1546.1225 0.0000
16        M:io_writtendata
31        155 0.0479 0.0335 0.0419 0.0000
11        M:io_writes
31        155 3.0000 2.1000 2.6458 0.0000
6         M:cpu3
31        155 0.0133 0.0093 0.0111 0.0000
6         M:cpu2
31        155 0.0866 0.0606 0.0949 0.0000
6         M:cpu1
31        155 0.0999 0.0699 0.1070 0.0000
6         M:cpu0
31        155 0.1432 0.1002 0.1206 0.0000
5         M:cpu
31        155 0.0849 0.0594 0.0710 0.0000
8         M:syslog
37        155 145.0000 101.5000 121.3157 0.0000
8         M:ssh_in
31        155 2.0000 1.4000 1.6733 0.0000
13        M:cfengine_in
31        155 1.0000 0.7000 0.8367 0.0000
9         M:loadavg
31        155 0.0039 0.0027 0.0034 0.0000
10        M:diskfree
34        155 73.5000 51.4500 61.5642 0.0000
12        M:otherprocs
31        155 6.0000 4.2000 5.0200 0.0000
11        M:rootprocs
35        155 109.5000 76.6500 91.6152 0.0000
7         M:users
31        155 6.0000 4.2000 5.0200 0.0000
# send QUERY complete successful
