# delta from 1679727258 to 1679727319 at 1679727319
22        CFR: 0 1679727318 1715
3         PRD
60        Packing reports: delta,0.030288,0.091738,0.086944,1679727259
83        Sample(/proc/sys/kernel/random/entropy_avail),0.004691,0.002201,0.002416,1679727283
3         EXS
16        f,307,1679727175
3         MOM
15        M:entropy_avail
34        1522 7.0000 22.3300 57.2236 0.0000
12        M:mem_cached
40        1522 1774.8438 1614.7338 533.7000 0.0000
10        M:mem_free
40        1522 13577.3047 12354.3809 0.0000 0.0000
11        M:mem_total
40        1522 15817.1836 14393.6371 0.0000 0.0000
16        M:io_writtendata
32        1522 0.1582 0.1185 0.1119 0.0000
11        M:io_writes
32        1522 8.0000 6.0200 5.5975 0.0000
6         M:cpu3
32        1522 0.7858 0.5542 0.6458 0.0000
6         M:cpu2
32        1522 1.8135 1.3100 1.4069 0.0000
6         M:cpu1
32        1522 0.9731 0.7119 0.7314 0.0000
6         M:cpu0
32        1522 1.3785 0.9664 1.1495 0.0000
5         M:cpu
32        1522 1.2375 0.8852 0.9836 0.0000
8         M:syslog
41        1522 1560.0000 1180.2000 1076.5562 0.0000
8         M:ssh_in
32        1522 2.0000 1.8200 0.6000 0.0000
13        M:cfengine_in
32        1522 1.0000 0.9100 0.3000 0.0000
9         M:loadavg
32        1522 0.0098 0.0068 0.0082 0.0000
10        M:diskfree
35        1522 66.0000 60.0600 19.8000 0.0000
12        M:otherprocs
32        1522 6.0000 5.4600 1.8000 0.0000
11        M:rootprocs
36        1522 109.0000 99.1900 32.7000 0.0000
7         M:users
32        1522 6.0000 5.4600 1.8000 0.0000
3         MOY
15        M:entropy_avail
34        155 84.5000 59.1500 70.8474 0.0000
12        M:mem_cached
39        155 1058.9355 741.2549 1546.1225 0.0000
16        M:io_writtendata
31        155 0.0479 0.0335 0.0419 0.0000
11        M:io_writes
31        155 3.0000 2.1000 2.6458 0.0000
6         M:cpu3
31        155 0.0133 0.0093 0.0111 0.0000
6         M:cpu2
31        155 0.0866 0.0606 0.0949 0.0000
6         M:cpu1
31        155 0.0999 0.0699 0.1070 0.0000
6         M:cpu0
31        155 0.1432 0.1002 0.1206 0.0000
5         M:cpu
31        155 0.0849 0.0594 0.0710 0.0000
8         M:syslog
37        155 145.0000 101.5000 121.3157 0.0000
8         M:ssh_in
31        155 2.0000 1.4000 1.6733 0.0000
13        M:cfengine_in
31        155 1.0000 0.7000 0.8367 0.0000
9         M:loadavg
31        155 0.0039 0.0027 0.0034 0.0000
10        M:diskfree
34        155 73.5000 51.4500 61.5642 0.0000
12        M:otherprocs
31        155 6.0000 4.2000 5.0200 0.0000
11        M:rootprocs
35        155 109.5000 76.6500 91.6152 0.0000
7         M:users
31        155 6.0000 4.2000 5.0200 0.0000
# send QUERY complete successful
