# delta from 1679674758 to 1679674819 at 1679674819
22        CFR: 0 1679674818 1679
3         PRD
60        Packing reports: delta,0.029758,0.088553,0.085802,1679674759
3         EXS
16        f,296,1679674663
3         MOM
15        M:entropy_avail
34        1347 7.0000 23.3800 60.9348 0.0000
12        M:mem_cached
40        1347 1451.4727 1320.4980 436.5820 0.0000
10        M:mem_free
40        1347 13951.7930 12695.8560 0.0000 0.0000
11        M:mem_total
40        1347 15817.1836 14393.6371 0.0000 0.0000
16        M:io_writtendata
32        1347 0.1689 0.1345 0.1025 0.0000
11        M:io_writes
32        1347 8.0000 6.0200 5.5975 0.0000
6         M:cpu3
32        1347 0.4200 0.2982 0.3398 0.0000
6         M:cpu2
32        1347 0.7673 0.6057 0.4749 0.0000
6         M:cpu1
32        1347 2.4397 1.7092 2.0373 0.0000
6         M:cpu0
32        1347 1.6149 1.1570 1.2784 0.0000
5         M:cpu
32        1347 1.3114 0.9428 1.0294 0.0000
8         M:syslog
41        1347 1426.0000 1028.6500 1110.1466 0.0000
8         M:ssh_in
32        1347 2.0000 1.8200 0.6000 0.0000
14        M:cfengine_out
32        1347 1.0000 0.7000 0.8367 0.0000
13        M:cfengine_in
32        1347 1.0000 0.9100 0.3000 0.0000
9         M:loadavg
32        1347 0.0840 0.0614 0.0634 0.0000
10        M:diskfree
35        1347 70.0000 63.7000 21.0000 0.0000
12        M:otherprocs
32        1347 6.0000 5.4600 1.8000 0.0000
11        M:rootprocs
37        1347 111.0000 100.8000 34.0000 0.0000
7         M:users
32        1347 6.0000 5.4600 1.8000 0.0000
3         MOY
15        M:entropy_avail
34        155 82.5000 57.7500 69.0865 0.0000
12        M:mem_cached
39        155 1049.0156 734.3109 1532.5382 0.0000
16        M:io_writtendata
31        155 0.0479 0.0335 0.0419 0.0000
11        M:io_writes
31        155 3.0000 2.1000 2.6458 0.0000
6         M:cpu3
31        155 0.0233 0.0163 0.0212 0.0000
6         M:cpu2
31        155 0.1966 0.1376 0.1673 0.0000
6         M:cpu1
31        155 0.0166 0.0116 0.0142 0.0000
6         M:cpu0
31        155 0.1798 0.1259 0.1514 0.0000
5         M:cpu
31        155 0.1049 0.0734 0.0891 0.0000
8         M:syslog
37        155 145.0000 101.5000 121.3157 0.0000
8         M:ssh_in
31        155 2.0000 1.4000 1.6733 0.0000
13        M:cfengine_in
31        155 1.0000 0.7000 0.8367 0.0000
9         M:loadavg
31        155 0.0042 0.0029 0.0036 0.0000
10        M:diskfree
34        155 73.5000 51.4500 61.5642 0.0000
12        M:otherprocs
31        155 6.0000 4.2000 5.0200 0.0000
11        M:rootprocs
35        155 109.5000 76.6500 91.6152 0.0000
7         M:users
31        155 6.0000 4.2000 5.0200 0.0000
# send QUERY complete successful
