# delta from 1679708298 to 1679708359 at 1679708359
22        CFR: 0 1679708358 1710
3         PRD
60        Packing reports: delta,0.033243,0.110507,0.104298,1679708299
83        Sample(/proc/sys/kernel/random/entropy_avail),0.004400,0.001936,0.002097,1679708354
3         EXS
16        f,307,1679708273
3         MOM
15        M:entropy_avail
34        1459 3.0000 18.0600 54.5618 0.0000
12        M:mem_cached
40        1459 1643.1367 1494.8886 494.1605 0.0000
10        M:mem_free
38        1459 9603.1551 9603.1551 0.0000 0.0000
11        M:mem_total
40        1459 11072.0285 11072.0285 0.0000 0.0000
16        M:io_writtendata
32        1459 0.1270 0.0967 0.0862 0.0000
11        M:io_writes
32        1459 6.0000 4.6200 3.9563 0.0000
6         M:cpu3
32        1459 2.9484 2.0667 2.4590 0.0000
6         M:cpu2
32        1459 1.0488 0.8153 0.6747 0.0000
6         M:cpu1
32        1459 0.3399 0.2449 0.2653 0.0000
6         M:cpu0
32        1459 0.6464 0.4525 0.5408 0.0000
5         M:cpu
32        1459 1.2439 0.8931 0.9795 0.0000
8         M:syslog
38        1459 837.0000 616.3500 618.9406 0.0000
8         M:ssh_in
32        1459 2.0000 1.8200 0.6000 0.0000
13        M:cfengine_in
32        1459 1.0000 0.9100 0.3000 0.0000
9         M:loadavg
32        1459 0.0386 0.0271 0.0320 0.0000
10        M:diskfree
35        1459 68.0000 61.8800 20.4000 0.0000
12        M:otherprocs
32        1459 6.0000 5.4600 1.8000 0.0000
11        M:rootprocs
36        1459 109.0000 99.1900 32.7000 0.0000
7         M:users
32        1459 6.0000 5.4600 1.8000 0.0000
3         MOY
15        M:entropy_avail
34        155 84.5000 59.1500 70.8474 0.0000
12        M:mem_cached
39        155 1058.9355 741.2549 1546.1225 0.0000
16        M:io_writtendata
31        155 0.0479 0.0335 0.0419 0.0000
11        M:io_writes
31        155 3.0000 2.1000 2.6458 0.0000
6         M:cpu3
31        155 0.0133 0.0093 0.0111 0.0000
6         M:cpu2
31        155 0.0866 0.0606 0.0949 0.0000
6         M:cpu1
31        155 0.0999 0.0699 0.1070 0.0000
6         M:cpu0
31        155 0.1432 0.1002 0.1206 0.0000
5         M:cpu
31        155 0.0849 0.0594 0.0710 0.0000
8         M:syslog
37        155 145.0000 101.5000 121.3157 0.0000
8         M:ssh_in
31        155 2.0000 1.4000 1.6733 0.0000
13        M:cfengine_in
31        155 1.0000 0.7000 0.8367 0.0000
9         M:loadavg
31        155 0.0039 0.0027 0.0034 0.0000
10        M:diskfree
34        155 73.5000 51.4500 61.5642 0.0000
12        M:otherprocs
31        155 6.0000 4.2000 5.0200 0.0000
11        M:rootprocs
35        155 109.5000 76.6500 91.6152 0.0000
7         M:users
31        155 6.0000 4.2000 5.0200 0.0000
# send QUERY complete successful
