# delta from 1679722638 to 1679722699 at 1679722699
22        CFR: 0 1679722698 1677
3         PRD
60        Packing reports: delta,0.027576,0.076042,0.078604,1679722639
3         EXS
16        f,295,1679722626
3         MOM
15        M:entropy_avail
35        1507 87.0000 60.9000 72.7894 0.0000
12        M:mem_cached
41        1507 1747.0078 1222.9055 1461.6516 0.0000
10        M:mem_free
39        1507 13569.0273 9498.3191 0.0000 0.0000
11        M:mem_total
40        1507 15817.1836 11072.0285 0.0000 0.0000
16        M:io_writtendata
32        1507 0.0830 0.0581 0.0694 0.0000
11        M:io_writes
32        1507 4.0000 2.8000 3.3466 0.0000
6         M:cpu3
32        1507 2.0931 1.4651 1.7512 0.0000
6         M:cpu2
32        1507 0.2733 0.1913 0.2287 0.0000
6         M:cpu1
32        1507 0.5395 0.3776 0.4514 0.0000
6         M:cpu0
32        1507 0.9668 0.6768 0.8089 0.0000
5         M:cpu
32        1507 0.9681 0.6777 0.8100 0.0000
8         M:syslog
39        1507 1036.0000 725.2000 866.7798 0.0000
8         M:ssh_in
32        1507 2.0000 1.4000 1.6733 0.0000
14        M:cfengine_out
32        1507 1.0000 0.7000 0.8367 0.0000
13        M:cfengine_in
32        1507 1.0000 0.7000 0.8367 0.0000
9         M:loadavg
32        1507 0.0801 0.0561 0.0670 0.0000
10        M:diskfree
35        1507 66.0000 46.2000 55.2196 0.0000
12        M:otherprocs
32        1507 6.0000 4.2000 5.0200 0.0000
11        M:rootprocs
36        1507 114.0000 79.8000 95.3792 0.0000
7         M:users
32        1507 6.0000 4.2000 5.0200 0.0000
3         MOY
15        M:entropy_avail
34        155 84.5000 59.1500 70.8474 0.0000
12        M:mem_cached
39        155 1058.9355 741.2549 1546.1225 0.0000
16        M:io_writtendata
31        155 0.0479 0.0335 0.0419 0.0000
11        M:io_writes
31        155 3.0000 2.1000 2.6458 0.0000
6         M:cpu3
31        155 0.0133 0.0093 0.0111 0.0000
6         M:cpu2
31        155 0.0866 0.0606 0.0949 0.0000
6         M:cpu1
31        155 0.0999 0.0699 0.1070 0.0000
6         M:cpu0
31        155 0.1432 0.1002 0.1206 0.0000
5         M:cpu
31        155 0.0849 0.0594 0.0710 0.0000
8         M:syslog
37        155 145.0000 101.5000 121.3157 0.0000
8         M:ssh_in
31        155 2.0000 1.4000 1.6733 0.0000
13        M:cfengine_in
31        155 1.0000 0.7000 0.8367 0.0000
9         M:loadavg
31        155 0.0039 0.0027 0.0034 0.0000
10        M:diskfree
34        155 73.5000 51.4500 61.5642 0.0000
12        M:otherprocs
31        155 6.0000 4.2000 5.0200 0.0000
11        M:rootprocs
35        155 109.5000 76.6500 91.6152 0.0000
7         M:users
31        155 6.0000 4.2000 5.0200 0.0000
# send QUERY complete successful
