# delta from 1679749098 to 1679749159 at 1679749159
22        CFR: 0 1679749158 1679
3         PRD
60        Packing reports: delta,0.031077,0.096575,0.095124,1679749099
3         EXS
16        f,295,1679749031
3         MOM
15        M:entropy_avail
35        1595 95.0000 68.1800 74.8872 0.0000
12        M:mem_cached
40        1595 1898.7070 1727.4641 570.8098 0.0000
10        M:mem_free
38        1595 9419.8617 9419.8617 0.0000 0.0000
11        M:mem_total
40        1595 11072.0285 11072.0285 0.0000 0.0000
16        M:io_writtendata
32        1595 0.2031 0.1487 0.1523 0.0000
11        M:io_writes
33        1595 12.0000 8.8200 8.9158 0.0000
6         M:cpu3
32        1595 0.5469 0.3884 0.4422 0.0000
6         M:cpu2
32        1595 0.9801 0.7294 0.7054 0.0000
6         M:cpu1
32        1595 2.7061 1.9181 2.1984 0.0000
6         M:cpu0
32        1595 0.8858 0.6200 0.7411 0.0000
5         M:cpu
32        1595 1.2765 0.9121 1.0171 0.0000
8         M:syslog
41        1595 1571.0000 1130.3600 1230.7062 0.0000
8         M:ssh_in
32        1595 2.0000 1.8200 0.6000 0.0000
14        M:cfengine_out
32        1595 1.0000 0.7000 0.8367 0.0000
13        M:cfengine_in
32        1595 1.0000 0.9100 0.3000 0.0000
9         M:loadavg
32        1595 0.0850 0.0642 0.0588 0.0000
10        M:diskfree
35        1595 64.0000 58.2400 19.2000 0.0000
12        M:otherprocs
32        1595 6.0000 5.4600 1.8000 0.0000
11        M:rootprocs
37        1595 110.0000 100.1000 33.0000 0.0000
7         M:users
32        1595 6.0000 5.4600 1.8000 0.0000
3         MOY
15        M:entropy_avail
34        155 84.5000 59.1500 70.8474 0.0000
12        M:mem_cached
39        155 1058.9355 741.2549 1546.1225 0.0000
16        M:io_writtendata
31        155 0.0479 0.0335 0.0419 0.0000
11        M:io_writes
31        155 3.0000 2.1000 2.6458 0.0000
6         M:cpu3
31        155 0.0133 0.0093 0.0111 0.0000
6         M:cpu2
31        155 0.0866 0.0606 0.0949 0.0000
6         M:cpu1
31        155 0.0999 0.0699 0.1070 0.0000
6         M:cpu0
31        155 0.1432 0.1002 0.1206 0.0000
5         M:cpu
31        155 0.0849 0.0594 0.0710 0.0000
8         M:syslog
37        155 145.0000 101.5000 121.3157 0.0000
8         M:ssh_in
31        155 2.0000 1.4000 1.6733 0.0000
13        M:cfengine_in
31        155 1.0000 0.7000 0.8367 0.0000
9         M:loadavg
31        155 0.0039 0.0027 0.0034 0.0000
10        M:diskfree
34        155 73.5000 51.4500 61.5642 0.0000
12        M:otherprocs
31        155 6.0000 4.2000 5.0200 0.0000
11        M:rootprocs
35        155 109.5000 76.6500 91.6152 0.0000
7         M:users
31        155 6.0000 4.2000 5.0200 0.0000
# send QUERY complete successful
