# delta from 1679661318 to 1679661379 at 1679661379
22        CFR: 0 1679661378 1713
3         PRD
60        Packing reports: delta,0.046234,0.213762,0.209813,1679661319
83        Sample(/proc/sys/kernel/random/entropy_avail),0.005259,0.002766,0.002217,1679661320
3         EXS
16        f,154,1679661135
3         MOM
15        M:entropy_avail
36        1303 104.0000 72.8000 87.0126 0.0000
12        M:mem_cached
38        1303 842.6367 589.8457 705.0005 0.0000
10        M:mem_free
40        1303 14601.2070 10220.8449 0.0000 0.0000
11        M:mem_total
40        1303 15817.1836 11072.0285 0.0000 0.0000
16        M:io_writtendata
32        1303 0.1016 0.0711 0.0850 0.0000
11        M:io_writes
32        1303 2.0000 1.4000 1.6733 0.0000
6         M:cpu3
32        1303 0.0733 0.0513 0.0613 0.0000
6         M:cpu2
32        1303 0.3266 0.2286 0.2732 0.0000
6         M:cpu1
32        1303 0.0866 0.0606 0.0724 0.0000
6         M:cpu0
32        1303 0.4066 0.2846 0.3402 0.0000
5         M:cpu
32        1303 0.2232 0.1562 0.1867 0.0000
8         M:syslog
38        1303 145.0000 101.5000 121.3157 0.0000
8         M:ssh_in
32        1303 2.0000 1.4000 1.6733 0.0000
13        M:cfengine_in
32        1303 1.0000 0.7000 0.8367 0.0000
9         M:loadavg
32        1303 0.0044 0.0031 0.0037 0.0000
10        M:diskfree
35        1303 75.0000 52.5000 62.7495 0.0000
12        M:otherprocs
32        1303 6.0000 4.2000 5.0200 0.0000
11        M:rootprocs
36        1303 109.0000 76.3000 91.1959 0.0000
7         M:users
32        1303 6.0000 4.2000 5.0200 0.0000
3         MOY
15        M:entropy_avail
37        155 259.0000 181.3000 263.8877 0.0000
12        M:mem_cached
37        155 742.6699 519.8689 626.1966 0.0000
16        M:io_writtendata
31        155 0.0454 0.0318 0.0393 0.0000
11        M:io_writes
31        155 2.0000 1.4000 1.6733 0.0000
6         M:cpu3
31        155 0.0799 0.0559 0.0870 0.0000
6         M:cpu2
31        155 0.2633 0.1843 0.2367 0.0000
6         M:cpu1
31        155 0.0166 0.0116 0.0142 0.0000
6         M:cpu0
31        155 0.0866 0.0606 0.0949 0.0000
5         M:cpu
31        155 0.1124 0.0787 0.0965 0.0000
8         M:syslog
37        155 145.0000 101.5000 121.3157 0.0000
8         M:ssh_in
31        155 2.0000 1.4000 1.6733 0.0000
13        M:cfengine_in
31        155 1.0000 0.7000 0.8367 0.0000
9         M:loadavg
31        155 0.0015 0.0010 0.0017 0.0000
10        M:diskfree
34        155 76.0000 53.2000 63.5917 0.0000
12        M:otherprocs
31        155 6.0000 4.2000 5.0200 0.0000
11        M:rootprocs
35        155 110.0000 77.0000 92.0326 0.0000
7         M:users
31        155 6.0000 4.2000 5.0200 0.0000
# send QUERY complete successful
