# delta from 1679717598 to 1679717659 at 1679717659
22        CFR: 0 1679717658 1630
3         PRD
60        Packing reports: delta,0.023461,0.055044,0.052103,1679717599
3         EXS
16        f,295,1679717546
3         MOM
15        M:entropy_avail
35        1490 84.0000 58.8000 70.2794 0.0000
12        M:mem_cached
41        1490 1718.1758 1202.7230 1437.5290 0.0000
10        M:mem_free
39        1490 13646.0273 9552.2191 0.0000 0.0000
11        M:mem_total
40        1490 15817.1836 11072.0285 0.0000 0.0000
16        M:io_writtendata
32        1490 0.0332 0.0232 0.0278 0.0000
11        M:io_writes
32        1490 2.0000 1.4000 1.6733 0.0000
6         M:cpu3
32        1490 0.0932 0.0653 0.0780 0.0000
6         M:cpu2
32        1490 0.1399 0.0979 0.1170 0.0000
6         M:cpu1
32        1490 0.0666 0.0466 0.0557 0.0000
6         M:cpu0
32        1490 0.0067 0.0047 0.0056 0.0000
5         M:cpu
32        1490 0.0766 0.0536 0.0641 0.0000
8         M:syslog
38        1490 145.0000 101.5000 121.3157 0.0000
8         M:ssh_in
32        1490 2.0000 1.4000 1.6733 0.0000
13        M:cfengine_in
32        1490 1.0000 0.7000 0.8367 0.0000
9         M:loadavg
32        1490 0.0142 0.0099 0.0118 0.0000
10        M:diskfree
35        1490 67.0000 46.9000 56.0562 0.0000
12        M:otherprocs
32        1490 6.0000 4.2000 5.0200 0.0000
11        M:rootprocs
36        1490 110.0000 77.0000 92.0326 0.0000
7         M:users
32        1490 6.0000 4.2000 5.0200 0.0000
3         MOY
15        M:entropy_avail
34        155 84.5000 59.1500 70.8474 0.0000
12        M:mem_cached
39        155 1058.9355 741.2549 1546.1225 0.0000
16        M:io_writtendata
31        155 0.0479 0.0335 0.0419 0.0000
11        M:io_writes
31        155 3.0000 2.1000 2.6458 0.0000
6         M:cpu3
31        155 0.0133 0.0093 0.0111 0.0000
6         M:cpu2
31        155 0.0866 0.0606 0.0949 0.0000
6         M:cpu1
31        155 0.0999 0.0699 0.1070 0.0000
6         M:cpu0
31        155 0.1432 0.1002 0.1206 0.0000
5         M:cpu
31        155 0.0849 0.0594 0.0710 0.0000
8         M:syslog
37        155 145.0000 101.5000 121.3157 0.0000
8         M:ssh_in
31        155 2.0000 1.4000 1.6733 0.0000
13        M:cfengine_in
31        155 1.0000 0.7000 0.8367 0.0000
9         M:loadavg
31        155 0.0039 0.0027 0.0034 0.0000
10        M:diskfree
34        155 73.5000 51.4500 61.5642 0.0000
12        M:otherprocs
31        155 6.0000 4.2000 5.0200 0.0000
11        M:rootprocs
35        155 109.5000 76.6500 91.6152 0.0000
7         M:users
31        155 6.0000 4.2000 5.0200 0.0000
# send QUERY complete successful
