# delta from 1679744718 to 1679744779 at 1679744780
22        CFR: 1 1679744779 1627
3         PRD
60        Packing reports: delta,0.031421,0.090661,0.068985,1679744719
3         EXS
16        f,295,1679744542
3         MOM
15        M:entropy_avail
32        1581 8.0000 5.6000 6.6933 0.0000
12        M:mem_cached
41        1581 1873.0820 1311.1574 1567.1329 0.0000
10        M:mem_free
39        1581 13465.4023 9425.7816 0.0000 0.0000
11        M:mem_total
40        1581 15817.1836 11072.0285 0.0000 0.0000
16        M:io_writtendata
32        1581 0.0566 0.0396 0.0474 0.0000
11        M:io_writes
32        1581 2.0000 1.4000 1.6733 0.0000
6         M:cpu3
32        1581 0.1199 0.0839 0.1003 0.0000
6         M:cpu2
32        1581 0.1665 0.1166 0.1393 0.0000
6         M:cpu1
32        1581 0.0466 0.0326 0.0390 0.0000
6         M:cpu0
32        1581 0.0466 0.0326 0.0390 0.0000
5         M:cpu
32        1581 0.0899 0.0629 0.0752 0.0000
8         M:syslog
38        1581 146.0000 102.2000 122.1524 0.0000
8         M:ssh_in
32        1581 2.0000 1.4000 1.6733 0.0000
13        M:cfengine_in
32        1581 1.0000 0.7000 0.8367 0.0000
9         M:loadavg
32        1581 0.0151 0.0106 0.0127 0.0000
10        M:diskfree
35        1581 65.0000 45.5000 54.3829 0.0000
12        M:otherprocs
32        1581 6.0000 4.2000 5.0200 0.0000
11        M:rootprocs
36        1581 111.0000 77.7000 92.8693 0.0000
7         M:users
32        1581 6.0000 4.2000 5.0200 0.0000
3         MOY
15        M:entropy_avail
34        155 84.5000 59.1500 70.8474 0.0000
12        M:mem_cached
39        155 1058.9355 741.2549 1546.1225 0.0000
16        M:io_writtendata
31        155 0.0479 0.0335 0.0419 0.0000
11        M:io_writes
31        155 3.0000 2.1000 2.6458 0.0000
6         M:cpu3
31        155 0.0133 0.0093 0.0111 0.0000
6         M:cpu2
31        155 0.0866 0.0606 0.0949 0.0000
6         M:cpu1
31        155 0.0999 0.0699 0.1070 0.0000
6         M:cpu0
31        155 0.1432 0.1002 0.1206 0.0000
5         M:cpu
31        155 0.0849 0.0594 0.0710 0.0000
8         M:syslog
37        155 145.0000 101.5000 121.3157 0.0000
8         M:ssh_in
31        155 2.0000 1.4000 1.6733 0.0000
13        M:cfengine_in
31        155 1.0000 0.7000 0.8367 0.0000
9         M:loadavg
31        155 0.0039 0.0027 0.0034 0.0000
10        M:diskfree
34        155 73.5000 51.4500 61.5642 0.0000
12        M:otherprocs
31        155 6.0000 4.2000 5.0200 0.0000
11        M:rootprocs
35        155 109.5000 76.6500 91.6152 0.0000
7         M:users
31        155 6.0000 4.2000 5.0200 0.0000
# send QUERY complete successful
