# delta from 1679676438 to 1679676499 at 1679676499
22        CFR: 0 1679676498 1630
3         PRD
60        Packing reports: delta,0.033346,0.091591,0.115953,1679676439
3         EXS
16        f,295,1679676434
3         MOM
15        M:entropy_avail
35        1353 79.0000 55.3000 66.0961 0.0000
12        M:mem_cached
41        1353 1459.8086 1021.8660 1221.3635 0.0000
10        M:mem_free
39        1353 13942.0898 9759.4629 0.0000 0.0000
11        M:mem_total
40        1353 15817.1836 11072.0285 0.0000 0.0000
16        M:io_writtendata
32        1353 0.0342 0.0239 0.0286 0.0000
11        M:io_writes
32        1353 2.0000 1.4000 1.6733 0.0000
6         M:cpu3
32        1353 0.0865 0.0606 0.0724 0.0000
6         M:cpu2
32        1353 0.1332 0.0932 0.1114 0.0000
6         M:cpu1
32        1353 0.0799 0.0559 0.0669 0.0000
6         M:cpu0
32        1353 0.0466 0.0326 0.0390 0.0000
5         M:cpu
32        1353 0.0882 0.0617 0.0738 0.0000
8         M:syslog
38        1353 145.0000 101.5000 121.3157 0.0000
8         M:ssh_in
32        1353 2.0000 1.4000 1.6733 0.0000
13        M:cfengine_in
32        1353 1.0000 0.7000 0.8367 0.0000
9         M:loadavg
32        1353 0.0020 0.0014 0.0016 0.0000
10        M:diskfree
35        1353 70.0000 49.0000 58.5662 0.0000
12        M:otherprocs
32        1353 6.0000 4.2000 5.0200 0.0000
11        M:rootprocs
36        1353 109.0000 76.3000 91.1959 0.0000
7         M:users
32        1353 6.0000 4.2000 5.0200 0.0000
3         MOY
15        M:entropy_avail
34        155 82.5000 57.7500 69.0865 0.0000
12        M:mem_cached
39        155 1049.0156 734.3109 1532.5382 0.0000
16        M:io_writtendata
31        155 0.0479 0.0335 0.0419 0.0000
11        M:io_writes
31        155 3.0000 2.1000 2.6458 0.0000
6         M:cpu3
31        155 0.0233 0.0163 0.0212 0.0000
6         M:cpu2
31        155 0.1966 0.1376 0.1673 0.0000
6         M:cpu1
31        155 0.0166 0.0116 0.0142 0.0000
6         M:cpu0
31        155 0.1798 0.1259 0.1514 0.0000
5         M:cpu
31        155 0.1049 0.0734 0.0891 0.0000
8         M:syslog
37        155 145.0000 101.5000 121.3157 0.0000
8         M:ssh_in
31        155 2.0000 1.4000 1.6733 0.0000
13        M:cfengine_in
31        155 1.0000 0.7000 0.8367 0.0000
9         M:loadavg
31        155 0.0042 0.0029 0.0036 0.0000
10        M:diskfree
34        155 73.5000 51.4500 61.5642 0.0000
12        M:otherprocs
31        155 6.0000 4.2000 5.0200 0.0000
11        M:rootprocs
35        155 109.5000 76.6500 91.6152 0.0000
7         M:users
31        155 6.0000 4.2000 5.0200 0.0000
# send QUERY complete successful
