# delta from 1679725458 to 1679725519 at 1679725519
22        CFR: 0 1679725518 1712
3         PRD
60        Packing reports: delta,0.029267,0.085657,0.091794,1679725459
83        Sample(/proc/sys/kernel/random/entropy_avail),0.004603,0.002119,0.001649,1679725480
3         EXS
16        f,295,1679725343
3         MOM
15        M:entropy_avail
34        1516 4.0000 20.2300 59.1224 0.0000
12        M:mem_cached
40        1516 1764.2695 1605.1399 530.4320 0.0000
10        M:mem_free
40        1516 13582.6289 12360.8904 0.0000 0.0000
11        M:mem_total
40        1516 15817.1836 14393.6371 0.0000 0.0000
16        M:io_writtendata
32        1516 0.1377 0.1029 0.0980 0.0000
11        M:io_writes
32        1516 6.0000 4.6200 3.9563 0.0000
6         M:cpu3
32        1516 2.0660 1.4840 1.6253 0.0000
6         M:cpu2
32        1516 0.6265 0.4595 0.4679 0.0000
6         M:cpu1
32        1516 0.4729 0.3380 0.3764 0.0000
6         M:cpu0
32        1516 1.7524 1.2323 1.4506 0.0000
5         M:cpu
32        1516 1.2294 0.8784 0.9796 0.0000
8         M:syslog
38        1516 848.0000 624.2600 627.5577 0.0000
8         M:ssh_in
32        1516 2.0000 1.8200 0.6000 0.0000
13        M:cfengine_in
32        1516 1.0000 0.9100 0.3000 0.0000
9         M:loadavg
32        1516 0.0122 0.0085 0.0102 0.0000
10        M:diskfree
35        1516 66.0000 60.0600 19.8000 0.0000
12        M:otherprocs
32        1516 6.0000 5.4600 1.8000 0.0000
11        M:rootprocs
36        1516 109.0000 99.1900 32.7000 0.0000
7         M:users
32        1516 6.0000 5.4600 1.8000 0.0000
3         MOY
15        M:entropy_avail
34        155 84.5000 59.1500 70.8474 0.0000
12        M:mem_cached
39        155 1058.9355 741.2549 1546.1225 0.0000
16        M:io_writtendata
31        155 0.0479 0.0335 0.0419 0.0000
11        M:io_writes
31        155 3.0000 2.1000 2.6458 0.0000
6         M:cpu3
31        155 0.0133 0.0093 0.0111 0.0000
6         M:cpu2
31        155 0.0866 0.0606 0.0949 0.0000
6         M:cpu1
31        155 0.0999 0.0699 0.1070 0.0000
6         M:cpu0
31        155 0.1432 0.1002 0.1206 0.0000
5         M:cpu
31        155 0.0849 0.0594 0.0710 0.0000
8         M:syslog
37        155 145.0000 101.5000 121.3157 0.0000
8         M:ssh_in
31        155 2.0000 1.4000 1.6733 0.0000
13        M:cfengine_in
31        155 1.0000 0.7000 0.8367 0.0000
9         M:loadavg
31        155 0.0039 0.0027 0.0034 0.0000
10        M:diskfree
34        155 73.5000 51.4500 61.5642 0.0000
12        M:otherprocs
31        155 6.0000 4.2000 5.0200 0.0000
11        M:rootprocs
35        155 109.5000 76.6500 91.6152 0.0000
7         M:users
31        155 6.0000 4.2000 5.0200 0.0000
# send QUERY complete successful
