# delta from 1679715258 to 1679715319 at 1679715319
22        CFR: 0 1679715318 1713
3         PRD
60        Packing reports: delta,0.022071,0.048713,0.046228,1679715259
83        Sample(/proc/sys/kernel/random/entropy_avail),0.004544,0.002065,0.001773,1679715264
3         EXS
16        f,295,1679715124
3         MOM
15        M:entropy_avail
34        1482 5.0000 19.6700 54.0272 0.0000
12        M:mem_cached
40        1482 1706.3203 1552.4061 513.0473 0.0000
10        M:mem_free
38        1482 9565.1199 9565.1199 0.0000 0.0000
11        M:mem_total
40        1482 11072.0285 11072.0285 0.0000 0.0000
16        M:io_writtendata
32        1482 0.1787 0.1319 0.1315 0.0000
11        M:io_writes
33        1482 10.0000 7.4200 7.2534 0.0000
6         M:cpu3
32        1482 1.8321 1.2965 1.4942 0.0000
6         M:cpu2
32        1482 1.0135 0.7095 0.8480 0.0000
6         M:cpu1
32        1482 0.5729 0.4136 0.4450 0.0000
6         M:cpu0
32        1482 1.4596 1.0497 1.1448 0.0000
5         M:cpu
32        1482 1.2196 0.8680 0.9809 0.0000
8         M:syslog
40        1482 1322.0000 955.8500 1023.3032 0.0000
8         M:ssh_in
32        1482 2.0000 1.8200 0.6000 0.0000
13        M:cfengine_in
32        1482 1.0000 0.9100 0.3000 0.0000
9         M:loadavg
32        1482 0.0249 0.0326 0.0257 0.0000
10        M:diskfree
35        1482 67.0000 60.9700 20.1000 0.0000
12        M:otherprocs
32        1482 6.0000 5.4600 1.8000 0.0000
11        M:rootprocs
36        1482 108.0000 98.4900 31.7000 0.0000
7         M:users
32        1482 6.0000 5.4600 1.8000 0.0000
3         MOY
15        M:entropy_avail
34        155 84.5000 59.1500 70.8474 0.0000
12        M:mem_cached
39        155 1058.9355 741.2549 1546.1225 0.0000
16        M:io_writtendata
31        155 0.0479 0.0335 0.0419 0.0000
11        M:io_writes
31        155 3.0000 2.1000 2.6458 0.0000
6         M:cpu3
31        155 0.0133 0.0093 0.0111 0.0000
6         M:cpu2
31        155 0.0866 0.0606 0.0949 0.0000
6         M:cpu1
31        155 0.0999 0.0699 0.1070 0.0000
6         M:cpu0
31        155 0.1432 0.1002 0.1206 0.0000
5         M:cpu
31        155 0.0849 0.0594 0.0710 0.0000
8         M:syslog
37        155 145.0000 101.5000 121.3157 0.0000
8         M:ssh_in
31        155 2.0000 1.4000 1.6733 0.0000
13        M:cfengine_in
31        155 1.0000 0.7000 0.8367 0.0000
9         M:loadavg
31        155 0.0039 0.0027 0.0034 0.0000
10        M:diskfree
34        155 73.5000 51.4500 61.5642 0.0000
12        M:otherprocs
31        155 6.0000 4.2000 5.0200 0.0000
11        M:rootprocs
35        155 109.5000 76.6500 91.6152 0.0000
7         M:users
31        155 6.0000 4.2000 5.0200 0.0000
# send QUERY complete successful
