# delta from 1679660949 to 1679660959 at 1679660959
22        CFR: 0 1679660958 1677
3         PRD
60        Packing reports: delta,0.081296,0.239611,0.273403,1679660950
3         EXS
15        f,76,1679660947
3         MOM
15        M:entropy_avail
35        1301 61.0000 87.8500 89.5000 0.0000
12        M:mem_cached
38        1301 837.3047 761.6331 252.2387 0.0000
10        M:mem_free
40        1301 14616.1133 13301.1840 0.0000 0.0000
11        M:mem_total
40        1301 15817.1836 14393.6371 0.0000 0.0000
16        M:io_writtendata
32        1301 0.2344 0.1764 0.1640 0.0000
11        M:io_writes
33        1301 12.0000 8.8200 8.9158 0.0000
6         M:cpu3
32        1301 1.9036 1.4220 1.3572 0.0000
6         M:cpu2
32        1301 2.6662 1.9559 1.9905 0.0000
6         M:cpu1
32        1301 1.1871 0.9178 0.7746 0.0000
6         M:cpu0
32        1301 2.1612 1.6528 1.4502 0.0000
5         M:cpu
32        1301 1.9808 1.4877 1.3928 0.0000
8         M:syslog
40        1301 1316.0000 951.6500 1018.2939 0.0000
8         M:ssh_in
32        1301 2.0000 1.8200 0.6000 0.0000
14        M:cfengine_out
32        1301 1.0000 0.7000 0.8367 0.0000
13        M:cfengine_in
32        1301 1.0000 1.1200 0.4000 0.0000
9         M:loadavg
32        1301 0.0503 0.0553 0.0167 0.0000
10        M:diskfree
35        1301 75.0000 68.2500 22.5000 0.0000
12        M:otherprocs
32        1301 6.0000 5.4600 1.8000 0.0000
11        M:rootprocs
36        1301 110.0000 99.8900 33.7000 0.0000
7         M:users
32        1301 6.0000 5.4600 1.8000 0.0000
3         MOY
15        M:entropy_avail
37        155 259.0000 181.3000 263.8877 0.0000
12        M:mem_cached
37        155 742.6699 519.8689 626.1966 0.0000
16        M:io_writtendata
31        155 0.0454 0.0318 0.0393 0.0000
11        M:io_writes
31        155 2.0000 1.4000 1.6733 0.0000
6         M:cpu3
31        155 0.0799 0.0559 0.0870 0.0000
6         M:cpu2
31        155 0.2633 0.1843 0.2367 0.0000
6         M:cpu1
31        155 0.0166 0.0116 0.0142 0.0000
6         M:cpu0
31        155 0.0866 0.0606 0.0949 0.0000
5         M:cpu
31        155 0.1124 0.0787 0.0965 0.0000
8         M:syslog
37        155 145.0000 101.5000 121.3157 0.0000
8         M:ssh_in
31        155 2.0000 1.4000 1.6733 0.0000
13        M:cfengine_in
31        155 1.0000 0.7000 0.8367 0.0000
9         M:loadavg
31        155 0.0015 0.0010 0.0017 0.0000
10        M:diskfree
34        155 76.0000 53.2000 63.5917 0.0000
12        M:otherprocs
31        155 6.0000 4.2000 5.0200 0.0000
11        M:rootprocs
35        155 110.0000 77.0000 92.0326 0.0000
7         M:users
31        155 6.0000 4.2000 5.0200 0.0000
# send QUERY complete successful
