# delta from 1679746879 to 1679746939 at 1679746939
22        CFR: 0 1679746938 1631
3         PRD
60        Packing reports: delta,0.034470,0.095945,0.127546,1679746880
3         EXS
16        f,298,1679746668
3         MOM
15        M:entropy_avail
32        1588 1.0000 0.7000 0.8367 0.0000
12        M:mem_cached
41        1588 1885.1875 1319.6312 1577.2610 0.0000
10        M:mem_free
39        1588 13455.8828 9419.1180 0.0000 0.0000
11        M:mem_total
40        1588 15817.1836 11072.0285 0.0000 0.0000
16        M:io_writtendata
32        1588 0.1729 0.1210 0.1446 0.0000
11        M:io_writes
33        1588 10.0000 7.0000 8.3666 0.0000
6         M:cpu3
32        1588 0.4731 0.3312 0.3959 0.0000
6         M:cpu2
32        1588 1.1869 0.8308 0.9930 0.0000
6         M:cpu1
32        1588 0.8863 0.6204 0.7415 0.0000
6         M:cpu0
32        1588 2.1053 1.4737 1.7614 0.0000
5         M:cpu
32        1588 1.1646 0.8152 0.9744 0.0000
8         M:syslog
41        1588 1715.0000 1200.5000 1434.8719 0.0000
8         M:ssh_in
32        1588 2.0000 1.4000 1.6733 0.0000
13        M:cfengine_in
32        1588 1.0000 0.7000 0.8367 0.0000
9         M:loadavg
32        1588 0.0049 0.0034 0.0041 0.0000
10        M:diskfree
35        1588 65.0000 45.5000 54.3829 0.0000
12        M:otherprocs
32        1588 6.0000 4.2000 5.0200 0.0000
11        M:rootprocs
36        1588 109.0000 76.3000 91.1959 0.0000
7         M:users
32        1588 6.0000 4.2000 5.0200 0.0000
3         MOY
15        M:entropy_avail
34        155 84.5000 59.1500 70.8474 0.0000
12        M:mem_cached
39        155 1058.9355 741.2549 1546.1225 0.0000
16        M:io_writtendata
31        155 0.0479 0.0335 0.0419 0.0000
11        M:io_writes
31        155 3.0000 2.1000 2.6458 0.0000
6         M:cpu3
31        155 0.0133 0.0093 0.0111 0.0000
6         M:cpu2
31        155 0.0866 0.0606 0.0949 0.0000
6         M:cpu1
31        155 0.0999 0.0699 0.1070 0.0000
6         M:cpu0
31        155 0.1432 0.1002 0.1206 0.0000
5         M:cpu
31        155 0.0849 0.0594 0.0710 0.0000
8         M:syslog
37        155 145.0000 101.5000 121.3157 0.0000
8         M:ssh_in
31        155 2.0000 1.4000 1.6733 0.0000
13        M:cfengine_in
31        155 1.0000 0.7000 0.8367 0.0000
9         M:loadavg
31        155 0.0039 0.0027 0.0034 0.0000
10        M:diskfree
34        155 73.5000 51.4500 61.5642 0.0000
12        M:otherprocs
31        155 6.0000 4.2000 5.0200 0.0000
11        M:rootprocs
35        155 109.5000 76.6500 91.6152 0.0000
7         M:users
31        155 6.0000 4.2000 5.0200 0.0000
# send QUERY complete successful
