# delta from 1679713458 to 1679713519 at 1679713519
22        CFR: 0 1679713518 1713
3         PRD
60        Packing reports: delta,0.030648,0.131843,0.128564,1679713459
83        Sample(/proc/sys/kernel/random/entropy_avail),0.004817,0.002320,0.002532,1679713462
3         EXS
16        f,295,1679713353
3         MOM
15        M:entropy_avail
34        1476 1.0000 18.3400 61.8090 0.0000
12        M:mem_cached
40        1476 1696.2695 1543.2534 510.0539 0.0000
10        M:mem_free
38        1476 9576.2215 9576.2215 0.0000 0.0000
11        M:mem_total
40        1476 11072.0285 11072.0285 0.0000 0.0000
16        M:io_writtendata
32        1476 0.1758 0.1298 0.1290 0.0000
11        M:io_writes
33        1476 10.0000 7.4200 7.2534 0.0000
6         M:cpu3
32        1476 1.2738 0.9365 0.9460 0.0000
6         M:cpu2
32        1476 2.3622 1.6577 1.9647 0.0000
6         M:cpu1
32        1476 1.2206 0.8572 1.0134 0.0000
6         M:cpu0
32        1476 0.3129 0.2526 0.1834 0.0000
5         M:cpu
32        1476 1.2902 0.9244 1.0210 0.0000
8         M:syslog
40        1476 1319.0000 953.7500 1020.7985 0.0000
8         M:ssh_in
32        1476 2.0000 1.8200 0.6000 0.0000
13        M:cfengine_in
32        1476 1.0000 0.9100 0.3000 0.0000
9         M:loadavg
32        1476 0.0220 0.0154 0.0184 0.0000
10        M:diskfree
35        1476 67.0000 60.9700 20.1000 0.0000
12        M:otherprocs
32        1476 6.0000 5.4600 1.8000 0.0000
11        M:rootprocs
36        1476 109.0000 99.1900 32.7000 0.0000
7         M:users
32        1476 6.0000 5.4600 1.8000 0.0000
3         MOY
15        M:entropy_avail
34        155 84.5000 59.1500 70.8474 0.0000
12        M:mem_cached
39        155 1058.9355 741.2549 1546.1225 0.0000
16        M:io_writtendata
31        155 0.0479 0.0335 0.0419 0.0000
11        M:io_writes
31        155 3.0000 2.1000 2.6458 0.0000
6         M:cpu3
31        155 0.0133 0.0093 0.0111 0.0000
6         M:cpu2
31        155 0.0866 0.0606 0.0949 0.0000
6         M:cpu1
31        155 0.0999 0.0699 0.1070 0.0000
6         M:cpu0
31        155 0.1432 0.1002 0.1206 0.0000
5         M:cpu
31        155 0.0849 0.0594 0.0710 0.0000
8         M:syslog
37        155 145.0000 101.5000 121.3157 0.0000
8         M:ssh_in
31        155 2.0000 1.4000 1.6733 0.0000
13        M:cfengine_in
31        155 1.0000 0.7000 0.8367 0.0000
9         M:loadavg
31        155 0.0039 0.0027 0.0034 0.0000
10        M:diskfree
34        155 73.5000 51.4500 61.5642 0.0000
12        M:otherprocs
31        155 6.0000 4.2000 5.0200 0.0000
11        M:rootprocs
35        155 109.5000 76.6500 91.6152 0.0000
7         M:users
31        155 6.0000 4.2000 5.0200 0.0000
# send QUERY complete successful
