# delta from 1679703798 to 1679703859 at 1679703859
22        CFR: 0 1679703858 1714
3         PRD
60        Packing reports: delta,0.031312,0.098047,0.101937,1679703799
83        Sample(/proc/sys/kernel/random/entropy_avail),0.004888,0.002390,0.001807,1679703848
3         EXS
16        f,295,1679703724
3         MOM
15        M:entropy_avail
34        1444 7.0000 22.9600 59.4502 0.0000
12        M:mem_cached
40        1444 1618.1523 1472.1618 486.6352 0.0000
10        M:mem_free
38        1444 9626.4383 9626.4383 0.0000 0.0000
11        M:mem_total
40        1444 11072.0285 11072.0285 0.0000 0.0000
16        M:io_writtendata
32        1444 0.1611 0.1210 0.1134 0.0000
11        M:io_writes
33        1444 10.0000 7.4200 7.2534 0.0000
6         M:cpu3
32        1444 0.8473 0.6505 0.5631 0.0000
6         M:cpu2
32        1444 0.8065 0.5715 0.6555 0.0000
6         M:cpu1
32        1444 1.0470 0.7581 0.8077 0.0000
6         M:cpu0
32        1444 2.4063 1.6872 2.0055 0.0000
5         M:cpu
32        1444 1.2819 0.9200 1.0103 0.0000
8         M:syslog
41        1444 1558.0000 1121.0500 1220.4056 0.0000
8         M:ssh_in
32        1444 2.0000 1.8200 0.6000 0.0000
13        M:cfengine_in
32        1444 1.0000 0.9100 0.3000 0.0000
9         M:loadavg
32        1444 0.0181 0.0129 0.0146 0.0000
10        M:diskfree
35        1444 68.0000 61.8800 20.4000 0.0000
12        M:otherprocs
32        1444 6.0000 5.4600 1.8000 0.0000
11        M:rootprocs
36        1444 109.0000 99.1900 32.7000 0.0000
7         M:users
32        1444 6.0000 5.4600 1.8000 0.0000
3         MOY
15        M:entropy_avail
34        155 84.5000 59.1500 70.8474 0.0000
12        M:mem_cached
39        155 1058.9355 741.2549 1546.1225 0.0000
16        M:io_writtendata
31        155 0.0479 0.0335 0.0419 0.0000
11        M:io_writes
31        155 3.0000 2.1000 2.6458 0.0000
6         M:cpu3
31        155 0.0133 0.0093 0.0111 0.0000
6         M:cpu2
31        155 0.0866 0.0606 0.0949 0.0000
6         M:cpu1
31        155 0.0999 0.0699 0.1070 0.0000
6         M:cpu0
31        155 0.1432 0.1002 0.1206 0.0000
5         M:cpu
31        155 0.0849 0.0594 0.0710 0.0000
8         M:syslog
37        155 145.0000 101.5000 121.3157 0.0000
8         M:ssh_in
31        155 2.0000 1.4000 1.6733 0.0000
13        M:cfengine_in
31        155 1.0000 0.7000 0.8367 0.0000
9         M:loadavg
31        155 0.0039 0.0027 0.0034 0.0000
10        M:diskfree
34        155 73.5000 51.4500 61.5642 0.0000
12        M:otherprocs
31        155 6.0000 4.2000 5.0200 0.0000
11        M:rootprocs
35        155 109.5000 76.6500 91.6152 0.0000
7         M:users
31        155 6.0000 4.2000 5.0200 0.0000
# send QUERY complete successful
