# delta from 1679670678 to 1679670739 at 1679670739
22        CFR: 0 1679670738 1626
3         PRD
60        Packing reports: delta,0.039014,0.182088,0.193924,1679670679
3         EXS
16        f,296,1679670469
3         MOM
15        M:entropy_avail
35        1334 89.0000 62.3000 74.4627 0.0000
12        M:mem_cached
38        1334 887.6406 621.3484 742.6534 0.0000
10        M:mem_free
40        1334 14532.7969 10172.9578 0.0000 0.0000
11        M:mem_total
40        1334 15817.1836 11072.0285 0.0000 0.0000
16        M:io_writtendata
32        1334 0.0635 0.0444 0.0531 0.0000
11        M:io_writes
32        1334 2.0000 1.4000 1.6733 0.0000
6         M:cpu3
32        1334 0.1865 0.1306 0.1561 0.0000
6         M:cpu2
32        1334 0.0266 0.0186 0.0223 0.0000
6         M:cpu1
32        1334 0.3001 0.2101 0.2511 0.0000
6         M:cpu0
32        1334 0.0333 0.0233 0.0278 0.0000
5         M:cpu
32        1334 0.1365 0.0956 0.1142 0.0000
8         M:syslog
38        1334 145.0000 101.5000 121.3157 0.0000
8         M:ssh_in
32        1334 2.0000 1.4000 1.6733 0.0000
13        M:cfengine_in
32        1334 1.0000 0.7000 0.8367 0.0000
9         M:loadavg
32        1334 0.0112 0.0079 0.0094 0.0000
10        M:diskfree
35        1334 74.0000 51.8000 61.9128 0.0000
12        M:otherprocs
32        1334 6.0000 4.2000 5.0200 0.0000
11        M:rootprocs
36        1334 109.0000 76.3000 91.1959 0.0000
7         M:users
32        1334 6.0000 4.2000 5.0200 0.0000
3         MOY
15        M:entropy_avail
34        155 84.0000 58.8000 70.4038 0.0000
12        M:mem_cached
37        155 768.7441 538.1209 650.8247 0.0000
16        M:io_writtendata
31        155 0.0483 0.0338 0.0424 0.0000
11        M:io_writes
31        155 2.0000 1.4000 1.6733 0.0000
6         M:cpu3
31        155 0.0999 0.0699 0.1106 0.0000
6         M:cpu2
31        155 0.0933 0.0653 0.0959 0.0000
6         M:cpu1
31        155 0.1600 0.1120 0.1779 0.0000
6         M:cpu0
31        155 0.0966 0.0676 0.0966 0.0000
5         M:cpu
31        155 0.1115 0.0781 0.0956 0.0000
8         M:syslog
37        155 145.0000 101.5000 121.3157 0.0000
8         M:ssh_in
31        155 2.0000 1.4000 1.6733 0.0000
13        M:cfengine_in
31        155 1.0000 0.7000 0.8367 0.0000
9         M:loadavg
31        155 0.0071 0.0050 0.0069 0.0000
10        M:diskfree
34        155 75.5000 52.8500 63.1803 0.0000
12        M:otherprocs
31        155 6.0000 4.2000 5.0200 0.0000
11        M:rootprocs
35        155 109.5000 76.6500 91.6152 0.0000
7         M:users
31        155 6.0000 4.2000 5.0200 0.0000
# send QUERY complete successful
