# delta from 1679732959 to 1679733019 at 1679733019
22        CFR: 0 1679733018 1762
3         PRD
60        Packing reports: delta,0.033916,0.123172,0.123169,1679732960
83        Sample(/proc/sys/kernel/random/entropy_avail),0.004858,0.002360,0.002143,1679732992
3         EXS
16        f,295,1679732845
3         MOM
15        M:entropy_avail
34        1541 7.0000 20.8600 52.0295 0.0000
12        M:mem_cached
40        1541 1806.6484 1643.7187 543.0992 0.0000
10        M:mem_free
40        1541 13544.5195 12318.1365 0.0000 0.0000
11        M:mem_total
40        1541 15817.1836 14393.6371 0.0000 0.0000
16        M:io_writtendata
32        1541 0.1348 0.1029 0.0907 0.0000
11        M:io_writes
32        1541 6.0000 4.6200 3.9563 0.0000
6         M:cpu3
32        1541 1.1990 0.8980 0.8490 0.0000
6         M:cpu2
32        1541 0.9601 0.7728 0.5667 0.0000
6         M:cpu1
32        1541 0.4661 0.6326 0.5549 0.0000
6         M:cpu0
32        1541 0.3930 0.3003 0.2644 0.0000
5         M:cpu
32        1541 0.7578 0.6525 0.3964 0.0000
8         M:syslog
41        1541 1572.0000 1131.0600 1231.5416 0.0000
8         M:ssh_in
32        1541 2.0000 1.8200 0.6000 0.0000
14        M:cfengine_out
32        1541 0.0000 0.2100 0.7436 0.0000
13        M:cfengine_in
32        1541 1.0000 0.9100 0.3000 0.0000
9         M:loadavg
32        1541 0.0039 0.0197 0.0574 0.0000
10        M:diskfree
35        1541 66.0000 60.0600 19.8000 0.0000
12        M:otherprocs
32        1541 6.0000 5.4600 1.8000 0.0000
11        M:rootprocs
37        1541 109.0000 100.0300 29.9000 0.0000
7         M:users
32        1541 6.0000 5.4600 1.8000 0.0000
3         MOY
15        M:entropy_avail
34        155 84.5000 59.1500 70.8474 0.0000
12        M:mem_cached
39        155 1058.9355 741.2549 1546.1225 0.0000
16        M:io_writtendata
31        155 0.0479 0.0335 0.0419 0.0000
11        M:io_writes
31        155 3.0000 2.1000 2.6458 0.0000
6         M:cpu3
31        155 0.0133 0.0093 0.0111 0.0000
6         M:cpu2
31        155 0.0866 0.0606 0.0949 0.0000
6         M:cpu1
31        155 0.0999 0.0699 0.1070 0.0000
6         M:cpu0
31        155 0.1432 0.1002 0.1206 0.0000
5         M:cpu
31        155 0.0849 0.0594 0.0710 0.0000
8         M:syslog
37        155 145.0000 101.5000 121.3157 0.0000
8         M:ssh_in
31        155 2.0000 1.4000 1.6733 0.0000
13        M:cfengine_in
31        155 1.0000 0.7000 0.8367 0.0000
9         M:loadavg
31        155 0.0039 0.0027 0.0034 0.0000
10        M:diskfree
34        155 73.5000 51.4500 61.5642 0.0000
12        M:otherprocs
31        155 6.0000 4.2000 5.0200 0.0000
11        M:rootprocs
35        155 109.5000 76.6500 91.6152 0.0000
7         M:users
31        155 6.0000 4.2000 5.0200 0.0000
# send QUERY complete successful
