# delta from 1679695398 to 1679695459 at 1679695459
22        CFR: 0 1679695458 1713
3         PRD
60        Packing reports: delta,0.023697,0.056155,0.061037,1679695399
83        Sample(/proc/sys/kernel/random/entropy_avail),0.004643,0.002156,0.002465,1679695434
3         EXS
16        f,295,1679695336
3         MOM
15        M:entropy_avail
34        1416 1.0000 18.3400 61.8090 0.0000
12        M:mem_cached
40        1416 1569.7305 1428.1094 472.0703 0.0000
10        M:mem_free
38        1416 9658.0887 9658.0887 0.0000 0.0000
11        M:mem_total
40        1416 11072.0285 11072.0285 0.0000 0.0000
16        M:io_writtendata
32        1416 0.1719 0.1287 0.1217 0.0000
11        M:io_writes
33        1416 10.0000 7.4200 7.2534 0.0000
6         M:cpu3
32        1416 1.7073 1.1979 1.4207 0.0000
6         M:cpu2
32        1416 1.7339 1.2543 1.3404 0.0000
6         M:cpu1
32        1416 0.7405 0.5212 0.6118 0.0000
6         M:cpu0
32        1416 0.8793 0.6505 0.6427 0.0000
5         M:cpu
32        1416 1.2636 0.9048 1.0016 0.0000
8         M:syslog
40        1416 1321.0000 955.1500 1022.4683 0.0000
8         M:ssh_in
32        1416 2.0000 1.8200 0.6000 0.0000
13        M:cfengine_in
32        1416 1.0000 0.9100 0.3000 0.0000
9         M:loadavg
32        1416 0.0293 0.0205 0.0245 0.0000
10        M:diskfree
35        1416 69.0000 62.7900 20.7000 0.0000
12        M:otherprocs
32        1416 6.0000 5.4600 1.8000 0.0000
11        M:rootprocs
36        1416 109.0000 99.1900 32.7000 0.0000
7         M:users
32        1416 6.0000 5.4600 1.8000 0.0000
3         MOY
15        M:entropy_avail
34        155 84.5000 59.1500 70.8474 0.0000
12        M:mem_cached
39        155 1058.9355 741.2549 1546.1225 0.0000
16        M:io_writtendata
31        155 0.0479 0.0335 0.0419 0.0000
11        M:io_writes
31        155 3.0000 2.1000 2.6458 0.0000
6         M:cpu3
31        155 0.0133 0.0093 0.0111 0.0000
6         M:cpu2
31        155 0.0866 0.0606 0.0949 0.0000
6         M:cpu1
31        155 0.0999 0.0699 0.1070 0.0000
6         M:cpu0
31        155 0.1432 0.1002 0.1206 0.0000
5         M:cpu
31        155 0.0849 0.0594 0.0710 0.0000
8         M:syslog
37        155 145.0000 101.5000 121.3157 0.0000
8         M:ssh_in
31        155 2.0000 1.4000 1.6733 0.0000
13        M:cfengine_in
31        155 1.0000 0.7000 0.8367 0.0000
9         M:loadavg
31        155 0.0039 0.0027 0.0034 0.0000
10        M:diskfree
34        155 73.5000 51.4500 61.5642 0.0000
12        M:otherprocs
31        155 6.0000 4.2000 5.0200 0.0000
11        M:rootprocs
35        155 109.5000 76.6500 91.6152 0.0000
7         M:users
31        155 6.0000 4.2000 5.0200 0.0000
# send QUERY complete successful
