# delta from 1679743758 to 1679743819 at 1679743819
22        CFR: 0 1679743818 2404
3         PRD
60        Packing reports: delta,0.027979,0.078282,0.097440,1679743759
83        Sample(/proc/sys/kernel/random/entropy_avail),0.004273,0.001826,0.001730,1679743808
3         EXS
16        f,296,1679743657
3         MOM
15        M:entropy_avail
35        1577 95.0000 67.1300 77.7379 0.0000
32        1578 6.0000 4.2000 5.0200 0.0000
12        M:mem_cached
40        1577 1868.0508 1699.5382 561.7086 0.0000
41        1578 1868.0898 1307.6629 1562.9561 0.0000
10        M:mem_free
40        1577 13479.0156 12268.4259 0.0000 0.0000
39        1578 13479.0195 9435.3137 0.0000 0.0000
11        M:mem_total
40        1577 15817.1836 14393.6371 0.0000 0.0000
40        1578 15817.1836 11072.0285 0.0000 0.0000
16        M:io_writtendata
32        1577 0.1621 0.1512 0.0363 0.0000
32        1578 0.0732 0.0513 0.0613 0.0000
11        M:io_writes
32        1577 8.0000 7.7000 1.0000 0.0000
32        1578 6.0000 4.2000 5.0200 0.0000
6         M:cpu3
32        1577 1.7900 1.4239 1.0871 0.0000
32        1578 0.1265 0.0886 0.1059 0.0000
6         M:cpu2
32        1577 1.6559 1.4476 0.6942 0.0000
32        1578 0.1800 0.1260 0.1506 0.0000
6         M:cpu1
32        1577 0.7599 0.5907 0.4891 0.0000
32        1578 0.0200 0.0140 0.0167 0.0000
6         M:cpu0
32        1577 0.8197 0.6437 0.5140 0.0000
32        1578 0.0133 0.0093 0.0111 0.0000
5         M:cpu
32        1577 1.2576 1.0269 0.7185 0.0000
32        1578 0.0833 0.0583 0.0697 0.0000
8         M:syslog
38        1577 843.0000 797.5800 151.4000 0.0000
38        1578 146.0000 102.2000 122.1524 0.0000
8         M:ssh_in
32        1577 2.0000 1.8200 0.6000 0.0000
32        1578 2.0000 1.4000 1.6733 0.0000
14        M:cfengine_out
32        1577 1.0000 0.7000 0.8367 0.0000
13        M:cfengine_in
32        1577 1.0000 0.9100 0.3000 0.0000
32        1578 1.0000 0.7000 0.8367 0.0000
9         M:loadavg
32        1577 0.1538 0.1129 0.1147 0.0000
32        1578 0.0098 0.0068 0.0082 0.0000
10        M:diskfree
35        1577 65.0000 59.1500 19.5000 0.0000
35        1578 65.0000 45.5000 54.3829 0.0000
12        M:otherprocs
32        1577 6.0000 5.4600 1.8000 0.0000
32        1578 6.0000 4.2000 5.0200 0.0000
11        M:rootprocs
36        1577 109.0000 98.9800 33.4000 0.0000
36        1578 109.0000 76.3000 91.1959 0.0000
7         M:users
32        1577 6.0000 5.4600 1.8000 0.0000
32        1578 6.0000 4.2000 5.0200 0.0000
3         MOY
15        M:entropy_avail
34        155 84.5000 59.1500 70.8474 0.0000
12        M:mem_cached
39        155 1058.9355 741.2549 1546.1225 0.0000
16        M:io_writtendata
31        155 0.0479 0.0335 0.0419 0.0000
11        M:io_writes
31        155 3.0000 2.1000 2.6458 0.0000
6         M:cpu3
31        155 0.0133 0.0093 0.0111 0.0000
6         M:cpu2
31        155 0.0866 0.0606 0.0949 0.0000
6         M:cpu1
31        155 0.0999 0.0699 0.1070 0.0000
6         M:cpu0
31        155 0.1432 0.1002 0.1206 0.0000
5         M:cpu
31        155 0.0849 0.0594 0.0710 0.0000
8         M:syslog
37        155 145.0000 101.5000 121.3157 0.0000
8         M:ssh_in
31        155 2.0000 1.4000 1.6733 0.0000
13        M:cfengine_in
31        155 1.0000 0.7000 0.8367 0.0000
9         M:loadavg
31        155 0.0039 0.0027 0.0034 0.0000
10        M:diskfree
34        155 73.5000 51.4500 61.5642 0.0000
12        M:otherprocs
31        155 6.0000 4.2000 5.0200 0.0000
11        M:rootprocs
35        155 109.5000 76.6500 91.6152 0.0000
7         M:users
31        155 6.0000 4.2000 5.0200 0.0000
# send QUERY complete successful
