# delta from 1679746398 to 1679746459 at 1679746459
22        CFR: 0 1679746458 1628
3         PRD
60        Packing reports: delta,0.034026,0.092580,0.076639,1679746399
3         EXS
16        f,307,1679746373
3         MOM
15        M:entropy_avail
35        1586 82.0000 58.6600 65.1502 0.0000
12        M:mem_cached
40        1586 1881.5508 1712.2079 564.4762 0.0000
10        M:mem_free
40        1586 13461.1055 12250.1228 0.0000 0.0000
11        M:mem_total
40        1586 15817.1836 14393.6371 0.0000 0.0000
16        M:io_writtendata
32        1586 0.0400 0.0600 0.0666 0.0000
11        M:io_writes
32        1586 2.0000 3.0800 3.6000 0.0000
6         M:cpu3
32        1586 0.3866 0.6287 0.8072 0.0000
6         M:cpu2
32        1586 0.0067 0.1545 0.5261 0.0000
6         M:cpu1
32        1586 0.0067 0.4123 1.4392 0.0000
6         M:cpu0
32        1586 0.0000 0.1203 0.4259 0.0000
5         M:cpu
32        1586 0.1016 0.3304 0.8528 0.0000
8         M:syslog
36        1586 0.0000 259.5600 919.1387 0.0000
8         M:ssh_in
32        1586 2.0000 1.8200 0.6000 0.0000
13        M:cfengine_in
32        1586 1.0000 0.9100 0.3000 0.0000
9         M:loadavg
32        1586 0.0000 0.0032 0.0113 0.0000
10        M:diskfree
35        1586 65.0000 59.1500 19.5000 0.0000
12        M:otherprocs
32        1586 6.0000 5.4600 1.8000 0.0000
11        M:rootprocs
36        1586 109.0000 99.1900 32.7000 0.0000
7         M:users
32        1586 6.0000 5.4600 1.8000 0.0000
3         MOY
15        M:entropy_avail
34        155 84.5000 59.1500 70.8474 0.0000
12        M:mem_cached
39        155 1058.9355 741.2549 1546.1225 0.0000
16        M:io_writtendata
31        155 0.0479 0.0335 0.0419 0.0000
11        M:io_writes
31        155 3.0000 2.1000 2.6458 0.0000
6         M:cpu3
31        155 0.0133 0.0093 0.0111 0.0000
6         M:cpu2
31        155 0.0866 0.0606 0.0949 0.0000
6         M:cpu1
31        155 0.0999 0.0699 0.1070 0.0000
6         M:cpu0
31        155 0.1432 0.1002 0.1206 0.0000
5         M:cpu
31        155 0.0849 0.0594 0.0710 0.0000
8         M:syslog
37        155 145.0000 101.5000 121.3157 0.0000
8         M:ssh_in
31        155 2.0000 1.4000 1.6733 0.0000
13        M:cfengine_in
31        155 1.0000 0.7000 0.8367 0.0000
9         M:loadavg
31        155 0.0039 0.0027 0.0034 0.0000
10        M:diskfree
34        155 73.5000 51.4500 61.5642 0.0000
12        M:otherprocs
31        155 6.0000 4.2000 5.0200 0.0000
11        M:rootprocs
35        155 109.5000 76.6500 91.6152 0.0000
7         M:users
31        155 6.0000 4.2000 5.0200 0.0000
# send QUERY complete successful
