# delta from 1679706798 to 1679706859 at 1679706859
22        CFR: 0 1679706858 1712
3         PRD
60        Packing reports: delta,0.030623,0.093775,0.089316,1679706799
83        Sample(/proc/sys/kernel/random/entropy_avail),0.005082,0.002582,0.001935,1679706852
3         EXS
16        f,295,1679706736
3         MOM
15        M:entropy_avail
34        1454 6.0000 21.8400 58.5939 0.0000
12        M:mem_cached
40        1454 1634.7578 1487.2875 491.5676 0.0000
10        M:mem_free
38        1454 9620.4500 9620.4500 0.0000 0.0000
11        M:mem_total
40        1454 11072.0285 11072.0285 0.0000 0.0000
16        M:io_writtendata
32        1454 0.1504 0.1133 0.1050 0.0000
11        M:io_writes
32        1454 8.0000 6.0200 5.5975 0.0000
6         M:cpu3
32        1454 1.1217 0.8426 0.7885 0.0000
6         M:cpu2
32        1454 2.5123 1.7628 2.0903 0.0000
6         M:cpu1
32        1454 0.6198 0.4381 0.5069 0.0000
6         M:cpu0
32        1454 0.5594 0.4140 0.4086 0.0000
5         M:cpu
32        1454 1.2000 0.8627 0.9419 0.0000
8         M:syslog
40        1454 1319.0000 953.7500 1020.7985 0.0000
8         M:ssh_in
32        1454 2.0000 1.8200 0.6000 0.0000
13        M:cfengine_in
32        1454 1.0000 0.9100 0.3000 0.0000
9         M:loadavg
32        1454 0.0200 0.0140 0.0167 0.0000
10        M:diskfree
35        1454 68.0000 61.8800 20.4000 0.0000
12        M:otherprocs
32        1454 6.0000 5.4600 1.8000 0.0000
11        M:rootprocs
36        1454 109.0000 99.1900 32.7000 0.0000
7         M:users
32        1454 6.0000 5.4600 1.8000 0.0000
3         MOY
15        M:entropy_avail
34        155 84.5000 59.1500 70.8474 0.0000
12        M:mem_cached
39        155 1058.9355 741.2549 1546.1225 0.0000
16        M:io_writtendata
31        155 0.0479 0.0335 0.0419 0.0000
11        M:io_writes
31        155 3.0000 2.1000 2.6458 0.0000
6         M:cpu3
31        155 0.0133 0.0093 0.0111 0.0000
6         M:cpu2
31        155 0.0866 0.0606 0.0949 0.0000
6         M:cpu1
31        155 0.0999 0.0699 0.1070 0.0000
6         M:cpu0
31        155 0.1432 0.1002 0.1206 0.0000
5         M:cpu
31        155 0.0849 0.0594 0.0710 0.0000
8         M:syslog
37        155 145.0000 101.5000 121.3157 0.0000
8         M:ssh_in
31        155 2.0000 1.4000 1.6733 0.0000
13        M:cfengine_in
31        155 1.0000 0.7000 0.8367 0.0000
9         M:loadavg
31        155 0.0039 0.0027 0.0034 0.0000
10        M:diskfree
34        155 73.5000 51.4500 61.5642 0.0000
12        M:otherprocs
31        155 6.0000 4.2000 5.0200 0.0000
11        M:rootprocs
35        155 109.5000 76.6500 91.6152 0.0000
7         M:users
31        155 6.0000 4.2000 5.0200 0.0000
# send QUERY complete successful
