# delta from 1679697198 to 1679697259 at 1679697259
22        CFR: 0 1679697258 1714
3         PRD
60        Packing reports: delta,0.026121,0.068232,0.073677,1679697199
83        Sample(/proc/sys/kernel/random/entropy_avail),0.004257,0.001812,0.001975,1679697237
3         EXS
16        f,296,1679697167
3         MOM
15        M:entropy_avail
34        1422 8.0000 22.6100 55.1180 0.0000
12        M:mem_cached
40        1422 1579.9766 1437.4276 475.1633 0.0000
10        M:mem_free
40        1422 13790.1094 12551.2086 0.0000 0.0000
11        M:mem_total
40        1422 15817.1836 14393.6371 0.0000 0.0000
16        M:io_writtendata
32        1422 0.1621 0.1225 0.1122 0.0000
11        M:io_writes
32        1422 8.0000 6.0200 5.5975 0.0000
6         M:cpu3
32        1422 0.9863 0.6946 0.8136 0.0000
6         M:cpu2
32        1422 1.2740 0.9730 0.8580 0.0000
6         M:cpu1
32        1422 1.1333 0.8185 0.8797 0.0000
6         M:cpu0
32        1422 1.5073 1.0565 1.2572 0.0000
5         M:cpu
32        1422 1.2235 0.8851 0.9458 0.0000
8         M:syslog
39        1422 1076.0000 845.8100 673.0271 0.0000
8         M:ssh_in
32        1422 2.0000 1.8200 0.6000 0.0000
13        M:cfengine_in
32        1422 1.0000 0.9100 0.3000 0.0000
9         M:loadavg
32        1422 0.0503 0.0352 0.0421 0.0000
10        M:diskfree
35        1422 68.0000 61.8800 20.4000 0.0000
12        M:otherprocs
32        1422 6.0000 5.4600 1.8000 0.0000
11        M:rootprocs
37        1422 110.0000 100.1000 33.0000 0.0000
7         M:users
32        1422 6.0000 5.4600 1.8000 0.0000
3         MOY
15        M:entropy_avail
34        155 84.5000 59.1500 70.8474 0.0000
12        M:mem_cached
39        155 1058.9355 741.2549 1546.1225 0.0000
16        M:io_writtendata
31        155 0.0479 0.0335 0.0419 0.0000
11        M:io_writes
31        155 3.0000 2.1000 2.6458 0.0000
6         M:cpu3
31        155 0.0133 0.0093 0.0111 0.0000
6         M:cpu2
31        155 0.0866 0.0606 0.0949 0.0000
6         M:cpu1
31        155 0.0999 0.0699 0.1070 0.0000
6         M:cpu0
31        155 0.1432 0.1002 0.1206 0.0000
5         M:cpu
31        155 0.0849 0.0594 0.0710 0.0000
8         M:syslog
37        155 145.0000 101.5000 121.3157 0.0000
8         M:ssh_in
31        155 2.0000 1.4000 1.6733 0.0000
13        M:cfengine_in
31        155 1.0000 0.7000 0.8367 0.0000
9         M:loadavg
31        155 0.0039 0.0027 0.0034 0.0000
10        M:diskfree
34        155 73.5000 51.4500 61.5642 0.0000
12        M:otherprocs
31        155 6.0000 4.2000 5.0200 0.0000
11        M:rootprocs
35        155 109.5000 76.6500 91.6152 0.0000
7         M:users
31        155 6.0000 4.2000 5.0200 0.0000
# send QUERY complete successful
