# delta from 1679676858 to 1679676919 at 1679676919
22        CFR: 0 1679676918 1631
3         PRD
60        Packing reports: delta,0.029223,0.085400,0.078715,1679676859
3         EXS
16        f,295,1679676729
3         MOM
15        M:entropy_avail
34        1354 4.0000 19.8100 57.6360 0.0000
12        M:mem_cached
40        1354 1463.0938 1331.0732 440.0684 0.0000
10        M:mem_free
40        1354 13937.0039 12679.3070 0.0000 0.0000
11        M:mem_total
40        1354 15817.1836 14393.6371 0.0000 0.0000
16        M:io_writtendata
32        1354 0.1406 0.1052 0.0999 0.0000
11        M:io_writes
32        1354 6.0000 4.6200 3.9563 0.0000
6         M:cpu3
32        1354 0.6536 0.4883 0.4659 0.0000
6         M:cpu2
32        1354 1.0466 0.7340 0.8718 0.0000
6         M:cpu1
32        1354 2.2077 1.5734 1.7701 0.0000
6         M:cpu0
32        1354 1.1992 0.8436 0.9917 0.0000
5         M:cpu
32        1354 1.2784 0.9106 1.0263 0.0000
8         M:syslog
39        1354 1080.0000 786.4500 821.3640 0.0000
8         M:ssh_in
32        1354 2.0000 1.8200 0.6000 0.0000
13        M:cfengine_in
32        1354 1.0000 0.9100 0.3000 0.0000
9         M:loadavg
32        1354 0.1704 0.1196 0.1417 0.0000
10        M:diskfree
35        1354 70.0000 63.7000 21.0000 0.0000
12        M:otherprocs
32        1354 6.0000 5.4600 1.8000 0.0000
11        M:rootprocs
37        1354 110.0000 100.1000 33.0000 0.0000
7         M:users
32        1354 6.0000 5.4600 1.8000 0.0000
3         MOY
15        M:entropy_avail
34        155 82.5000 57.7500 69.0865 0.0000
12        M:mem_cached
39        155 1049.0156 734.3109 1532.5382 0.0000
16        M:io_writtendata
31        155 0.0479 0.0335 0.0419 0.0000
11        M:io_writes
31        155 3.0000 2.1000 2.6458 0.0000
6         M:cpu3
31        155 0.0233 0.0163 0.0212 0.0000
6         M:cpu2
31        155 0.1966 0.1376 0.1673 0.0000
6         M:cpu1
31        155 0.0166 0.0116 0.0142 0.0000
6         M:cpu0
31        155 0.1798 0.1259 0.1514 0.0000
5         M:cpu
31        155 0.1049 0.0734 0.0891 0.0000
8         M:syslog
37        155 145.0000 101.5000 121.3157 0.0000
8         M:ssh_in
31        155 2.0000 1.4000 1.6733 0.0000
13        M:cfengine_in
31        155 1.0000 0.7000 0.8367 0.0000
9         M:loadavg
31        155 0.0042 0.0029 0.0036 0.0000
10        M:diskfree
34        155 73.5000 51.4500 61.5642 0.0000
12        M:otherprocs
31        155 6.0000 4.2000 5.0200 0.0000
11        M:rootprocs
35        155 109.5000 76.6500 91.6152 0.0000
7         M:users
31        155 6.0000 4.2000 5.0200 0.0000
# send QUERY complete successful
