# delta from 1679738358 to 1679738419 at 1679738419
22        CFR: 0 1679738418 2297
3         PRD
60        Packing reports: delta,0.023996,0.057579,0.064122,1679738359
83        Sample(/proc/sys/kernel/random/entropy_avail),0.004370,0.001909,0.001741,1679738400
3         EXS
16        f,337,1679738281
3         MOM
15        M:entropy_avail
35        1559 80.0000 56.0000 66.9328 0.0000
12        M:mem_cached
41        1559 1835.9336 1285.1535 1536.0522 0.0000
41        1560 1837.6406 1286.3484 1537.4805 0.0000
10        M:mem_free
39        1559 13515.6875 9460.9812 0.0000 0.0000
39        1560 13524.9375 9467.4562 0.0000 0.0000
11        M:mem_total
40        1559 15817.1836 11072.0285 0.0000 0.0000
40        1560 15817.1836 11072.0285 0.0000 0.0000
16        M:io_writtendata
32        1559 0.0400 0.0280 0.0335 0.0000
32        1560 0.1592 0.1114 0.1332 0.0000
11        M:io_writes
32        1559 2.0000 1.4000 1.6733 0.0000
32        1560 8.0000 5.6000 6.6933 0.0000
6         M:cpu3
32        1559 0.0400 0.0280 0.0334 0.0000
32        1560 1.9766 1.3836 1.6537 0.0000
6         M:cpu2
32        1559 0.2866 0.2006 0.2398 0.0000
32        1560 0.9606 0.6724 0.8037 0.0000
6         M:cpu1
32        1559 0.0266 0.0186 0.0223 0.0000
32        1560 0.8785 0.6150 0.7350 0.0000
6         M:cpu0
32        1559 0.0133 0.0093 0.0111 0.0000
32        1560 1.1337 0.7936 0.9485 0.0000
5         M:cpu
32        1559 0.0916 0.0641 0.0766 0.0000
32        1560 1.2376 0.8663 1.0354 0.0000
8         M:syslog
38        1559 146.0000 102.2000 122.1524 0.0000
41        1560 1567.0000 1096.9000 1311.0463 0.0000
8         M:ssh_in
32        1559 2.0000 1.4000 1.6733 0.0000
32        1560 2.0000 1.4000 1.6733 0.0000
13        M:cfengine_in
32        1559 1.0000 0.7000 0.8367 0.0000
32        1560 1.0000 0.7000 0.8367 0.0000
9         M:loadavg
32        1560 0.0200 0.0140 0.0167 0.0000
10        M:diskfree
35        1559 65.0000 45.5000 54.3829 0.0000
35        1560 65.0000 45.5000 54.3829 0.0000
12        M:otherprocs
32        1559 6.0000 4.2000 5.0200 0.0000
32        1560 6.0000 4.2000 5.0200 0.0000
11        M:rootprocs
36        1559 110.0000 77.0000 92.0326 0.0000
36        1560 108.0000 75.6000 90.3593 0.0000
7         M:users
32        1559 6.0000 4.2000 5.0200 0.0000
32        1560 6.0000 4.2000 5.0200 0.0000
3         MOY
15        M:entropy_avail
34        155 84.5000 59.1500 70.8474 0.0000
12        M:mem_cached
39        155 1058.9355 741.2549 1546.1225 0.0000
16        M:io_writtendata
31        155 0.0479 0.0335 0.0419 0.0000
11        M:io_writes
31        155 3.0000 2.1000 2.6458 0.0000
6         M:cpu3
31        155 0.0133 0.0093 0.0111 0.0000
6         M:cpu2
31        155 0.0866 0.0606 0.0949 0.0000
6         M:cpu1
31        155 0.0999 0.0699 0.1070 0.0000
6         M:cpu0
31        155 0.1432 0.1002 0.1206 0.0000
5         M:cpu
31        155 0.0849 0.0594 0.0710 0.0000
8         M:syslog
37        155 145.0000 101.5000 121.3157 0.0000
8         M:ssh_in
31        155 2.0000 1.4000 1.6733 0.0000
13        M:cfengine_in
31        155 1.0000 0.7000 0.8367 0.0000
9         M:loadavg
31        155 0.0039 0.0027 0.0034 0.0000
10        M:diskfree
34        155 73.5000 51.4500 61.5642 0.0000
12        M:otherprocs
31        155 6.0000 4.2000 5.0200 0.0000
11        M:rootprocs
35        155 109.5000 76.6500 91.6152 0.0000
7         M:users
31        155 6.0000 4.2000 5.0200 0.0000
# send QUERY complete successful
