# delta from 1679725758 to 1679725819 at 1679725819
22        CFR: 0 1679725818 1712
3         PRD
60        Packing reports: delta,0.043380,0.101770,0.083263,1679725759
83        Sample(/proc/sys/kernel/random/entropy_avail),0.005008,0.002508,0.003632,1679725781
3         EXS
16        f,295,1679725639
3         MOM
15        M:entropy_avail
34        1517 5.0000 21.7700 61.4561 0.0000
12        M:mem_cached
40        1517 1765.9102 1606.6354 530.9160 0.0000
10        M:mem_free
40        1517 13587.4297 12363.5020 0.0000 0.0000
11        M:mem_total
40        1517 15817.1836 14393.6371 0.0000 0.0000
16        M:io_writtendata
32        1517 0.1523 0.1136 0.1091 0.0000
11        M:io_writes
32        1517 8.0000 6.0200 5.5975 0.0000
6         M:cpu3
32        1517 0.6941 0.4915 0.5653 0.0000
6         M:cpu2
32        1517 1.4136 1.0287 1.0769 0.0000
6         M:cpu1
32        1517 1.4751 1.0591 1.1615 0.0000
6         M:cpu0
32        1517 1.3731 0.9639 1.1410 0.0000
5         M:cpu
32        1517 1.2341 0.8824 0.9817 0.0000
8         M:syslog
38        1517 845.0000 650.5100 557.4826 0.0000
8         M:ssh_in
32        1517 2.0000 1.8200 0.6000 0.0000
13        M:cfengine_in
32        1517 1.0000 0.9100 0.3000 0.0000
9         M:loadavg
32        1517 0.0107 0.0086 0.0063 0.0000
10        M:diskfree
35        1517 66.0000 60.0600 19.8000 0.0000
12        M:otherprocs
32        1517 6.0000 5.4600 1.8000 0.0000
11        M:rootprocs
36        1517 109.0000 99.1900 32.7000 0.0000
7         M:users
32        1517 6.0000 5.4600 1.8000 0.0000
3         MOY
15        M:entropy_avail
34        155 84.5000 59.1500 70.8474 0.0000
12        M:mem_cached
39        155 1058.9355 741.2549 1546.1225 0.0000
16        M:io_writtendata
31        155 0.0479 0.0335 0.0419 0.0000
11        M:io_writes
31        155 3.0000 2.1000 2.6458 0.0000
6         M:cpu3
31        155 0.0133 0.0093 0.0111 0.0000
6         M:cpu2
31        155 0.0866 0.0606 0.0949 0.0000
6         M:cpu1
31        155 0.0999 0.0699 0.1070 0.0000
6         M:cpu0
31        155 0.1432 0.1002 0.1206 0.0000
5         M:cpu
31        155 0.0849 0.0594 0.0710 0.0000
8         M:syslog
37        155 145.0000 101.5000 121.3157 0.0000
8         M:ssh_in
31        155 2.0000 1.4000 1.6733 0.0000
13        M:cfengine_in
31        155 1.0000 0.7000 0.8367 0.0000
9         M:loadavg
31        155 0.0039 0.0027 0.0034 0.0000
10        M:diskfree
34        155 73.5000 51.4500 61.5642 0.0000
12        M:otherprocs
31        155 6.0000 4.2000 5.0200 0.0000
11        M:rootprocs
35        155 109.5000 76.6500 91.6152 0.0000
7         M:users
31        155 6.0000 4.2000 5.0200 0.0000
# send QUERY complete successful
