# delta from 1679725998 to 1679726059 at 1679726059
22        CFR: 0 1679726058 1676
3         PRD
60        Packing reports: delta,0.029636,0.087827,0.082480,1679725999
3         EXS
16        f,295,1679725934
3         MOM
15        M:entropy_avail
35        1518 90.0000 63.0000 75.2994 0.0000
12        M:mem_cached
41        1518 1765.9961 1236.1973 1477.5383 0.0000
10        M:mem_free
39        1518 13550.3203 9485.2242 0.0000 0.0000
11        M:mem_total
40        1518 15817.1836 11072.0285 0.0000 0.0000
16        M:io_writtendata
32        1518 0.0352 0.0246 0.0294 0.0000
11        M:io_writes
32        1518 2.0000 1.4000 1.6733 0.0000
6         M:cpu3
32        1518 0.0932 0.0653 0.0780 0.0000
6         M:cpu2
32        1518 1.2326 0.8628 1.0313 0.0000
6         M:cpu1
32        1518 0.4264 0.2985 0.3568 0.0000
6         M:cpu0
32        1518 0.9853 0.6897 0.8244 0.0000
5         M:cpu
32        1518 0.6893 0.4825 0.5767 0.0000
8         M:syslog
38        1518 146.0000 102.2000 122.1524 0.0000
8         M:ssh_in
32        1518 2.0000 1.4000 1.6733 0.0000
14        M:cfengine_out
32        1518 1.0000 0.7000 0.8367 0.0000
13        M:cfengine_in
32        1518 1.0000 0.7000 0.8367 0.0000
9         M:loadavg
32        1518 0.0801 0.0561 0.0670 0.0000
10        M:diskfree
35        1518 66.0000 46.2000 55.2196 0.0000
12        M:otherprocs
32        1518 6.0000 4.2000 5.0200 0.0000
11        M:rootprocs
36        1518 112.0000 78.4000 93.7059 0.0000
7         M:users
32        1518 6.0000 4.2000 5.0200 0.0000
3         MOY
15        M:entropy_avail
34        155 84.5000 59.1500 70.8474 0.0000
12        M:mem_cached
39        155 1058.9355 741.2549 1546.1225 0.0000
16        M:io_writtendata
31        155 0.0479 0.0335 0.0419 0.0000
11        M:io_writes
31        155 3.0000 2.1000 2.6458 0.0000
6         M:cpu3
31        155 0.0133 0.0093 0.0111 0.0000
6         M:cpu2
31        155 0.0866 0.0606 0.0949 0.0000
6         M:cpu1
31        155 0.0999 0.0699 0.1070 0.0000
6         M:cpu0
31        155 0.1432 0.1002 0.1206 0.0000
5         M:cpu
31        155 0.0849 0.0594 0.0710 0.0000
8         M:syslog
37        155 145.0000 101.5000 121.3157 0.0000
8         M:ssh_in
31        155 2.0000 1.4000 1.6733 0.0000
13        M:cfengine_in
31        155 1.0000 0.7000 0.8367 0.0000
9         M:loadavg
31        155 0.0039 0.0027 0.0034 0.0000
10        M:diskfree
34        155 73.5000 51.4500 61.5642 0.0000
12        M:otherprocs
31        155 6.0000 4.2000 5.0200 0.0000
11        M:rootprocs
35        155 109.5000 76.6500 91.6152 0.0000
7         M:users
31        155 6.0000 4.2000 5.0200 0.0000
# send QUERY complete successful
