# delta from 1679661738 to 1679661799 at 1679661799
22        CFR: 0 1679661798 1758
3         PRD
60        Packing reports: delta,0.056913,0.231119,0.173239,1679661739
83        Sample(/proc/sys/kernel/random/entropy_avail),0.005111,0.002612,0.002571,1679661771
3         EXS
16        f,282,1679661725
3         MOM
15        M:entropy_avail
34        1304 1.0000 18.9700 64.0398 0.0000
12        M:mem_cached
38        1304 845.7383 769.2896 254.8289 0.0000
10        M:mem_free
40        1304 14604.0469 13287.2389 0.0000 0.0000
11        M:mem_total
40        1304 15817.1836 14393.6371 0.0000 0.0000
16        M:io_writtendata
32        1304 0.2051 0.1655 0.1203 0.0000
11        M:io_writes
33        1304 10.0000 7.4200 7.2534 0.0000
6         M:cpu3
32        1304 1.9680 1.4042 1.5735 0.0000
6         M:cpu2
32        1304 1.2557 1.0345 0.7040 0.0000
6         M:cpu1
32        1304 1.2473 0.8773 1.0319 0.0000
6         M:cpu0
32        1304 0.8753 0.6155 0.7245 0.0000
5         M:cpu
32        1304 1.3368 0.9826 0.9930 0.0000
8         M:syslog
38        1304 837.0000 616.3500 618.9406 0.0000
8         M:ssh_in
32        1304 2.0000 1.8200 0.6000 0.0000
14        M:cfengine_out
32        1304 1.0000 0.7000 0.8367 0.0000
13        M:cfengine_in
32        1304 1.0000 0.9100 0.3000 0.0000
9         M:loadavg
32        1304 0.1401 0.1063 0.0961 0.0000
10        M:diskfree
35        1304 75.0000 68.2500 22.5000 0.0000
12        M:otherprocs
32        1304 6.0000 5.4600 1.8000 0.0000
11        M:rootprocs
36        1304 110.0000 99.8900 33.7000 0.0000
7         M:users
32        1304 6.0000 5.4600 1.8000 0.0000
3         MOY
15        M:entropy_avail
37        155 259.0000 181.3000 263.8877 0.0000
12        M:mem_cached
37        155 742.6699 519.8689 626.1966 0.0000
16        M:io_writtendata
31        155 0.0454 0.0318 0.0393 0.0000
11        M:io_writes
31        155 2.0000 1.4000 1.6733 0.0000
6         M:cpu3
31        155 0.0799 0.0559 0.0870 0.0000
6         M:cpu2
31        155 0.2633 0.1843 0.2367 0.0000
6         M:cpu1
31        155 0.0166 0.0116 0.0142 0.0000
6         M:cpu0
31        155 0.0866 0.0606 0.0949 0.0000
5         M:cpu
31        155 0.1124 0.0787 0.0965 0.0000
8         M:syslog
37        155 145.0000 101.5000 121.3157 0.0000
8         M:ssh_in
31        155 2.0000 1.4000 1.6733 0.0000
13        M:cfengine_in
31        155 1.0000 0.7000 0.8367 0.0000
9         M:loadavg
31        155 0.0015 0.0010 0.0017 0.0000
10        M:diskfree
34        155 76.0000 53.2000 63.5917 0.0000
12        M:otherprocs
31        155 6.0000 4.2000 5.0200 0.0000
11        M:rootprocs
35        155 110.0000 77.0000 92.0326 0.0000
7         M:users
31        155 6.0000 4.2000 5.0200 0.0000
# send QUERY complete successful
