# delta from 1679708958 to 1679709019 at 1679709019
22        CFR: 0 1679709018 1632
3         PRD
60        Packing reports: delta,0.032395,0.104941,0.104095,1679708959
3         EXS
16        f,296,1679708864
3         MOM
15        M:entropy_avail
34        1461 2.0000 19.4600 62.6437 0.0000
12        M:mem_cached
40        1461 1646.6953 1498.1146 495.2691 0.0000
10        M:mem_free
40        1461 13726.8320 12492.1210 0.0000 0.0000
11        M:mem_total
40        1461 15817.1836 14393.6371 0.0000 0.0000
16        M:io_writtendata
32        1461 0.1572 0.1179 0.1111 0.0000
11        M:io_writes
32        1461 8.0000 6.0200 5.5975 0.0000
6         M:cpu3
32        1461 0.9663 0.6778 0.8046 0.0000
6         M:cpu2
32        1461 2.4120 1.7472 1.8585 0.0000
6         M:cpu1
32        1461 1.0599 0.7475 0.8712 0.0000
6         M:cpu0
32        1461 0.6394 0.4700 0.4751 0.0000
5         M:cpu
32        1461 1.2653 0.9084 0.9964 0.0000
8         M:syslog
41        1461 1564.0000 1125.2500 1225.4181 0.0000
8         M:ssh_in
32        1461 2.0000 1.8200 0.6000 0.0000
13        M:cfengine_in
32        1461 1.0000 0.9100 0.3000 0.0000
9         M:loadavg
32        1461 0.0322 0.0226 0.0270 0.0000
10        M:diskfree
35        1461 68.0000 61.8800 20.4000 0.0000
12        M:otherprocs
32        1461 6.0000 5.4600 1.8000 0.0000
11        M:rootprocs
36        1461 109.0000 99.4000 32.0000 0.0000
7         M:users
32        1461 6.0000 5.4600 1.8000 0.0000
3         MOY
15        M:entropy_avail
34        155 84.5000 59.1500 70.8474 0.0000
12        M:mem_cached
39        155 1058.9355 741.2549 1546.1225 0.0000
16        M:io_writtendata
31        155 0.0479 0.0335 0.0419 0.0000
11        M:io_writes
31        155 3.0000 2.1000 2.6458 0.0000
6         M:cpu3
31        155 0.0133 0.0093 0.0111 0.0000
6         M:cpu2
31        155 0.0866 0.0606 0.0949 0.0000
6         M:cpu1
31        155 0.0999 0.0699 0.1070 0.0000
6         M:cpu0
31        155 0.1432 0.1002 0.1206 0.0000
5         M:cpu
31        155 0.0849 0.0594 0.0710 0.0000
8         M:syslog
37        155 145.0000 101.5000 121.3157 0.0000
8         M:ssh_in
31        155 2.0000 1.4000 1.6733 0.0000
13        M:cfengine_in
31        155 1.0000 0.7000 0.8367 0.0000
9         M:loadavg
31        155 0.0039 0.0027 0.0034 0.0000
10        M:diskfree
34        155 73.5000 51.4500 61.5642 0.0000
12        M:otherprocs
31        155 6.0000 4.2000 5.0200 0.0000
11        M:rootprocs
35        155 109.5000 76.6500 91.6152 0.0000
7         M:users
31        155 6.0000 4.2000 5.0200 0.0000
# send QUERY complete successful
