# delta from 1679755403 to 1679755464 at 1679755464
22        CFR: 0 1679755463 1678
3         PRD
60        Packing reports: delta,0.057694,0.142109,0.206348,1679755404
3         EXS
16        f,295,1679755352
3         MOM
15        M:entropy_avail
35        1616 91.0000 65.1700 72.1078 0.0000
12        M:mem_cached
40        1616 1933.7148 1759.3393 581.2520 0.0000
10        M:mem_free
40        1616 13415.4961 12209.5961 0.0000 0.0000
11        M:mem_total
40        1616 15817.1836 14393.6371 0.0000 0.0000
16        M:io_writtendata
32        1616 0.1670 0.1253 0.1177 0.0000
11        M:io_writes
33        1616 10.0000 7.4200 7.2534 0.0000
6         M:cpu3
32        1616 0.9865 0.6961 0.8098 0.0000
6         M:cpu2
32        1616 0.4801 0.3640 0.3294 0.0000
6         M:cpu1
32        1616 1.9387 1.4284 1.4316 0.0000
6         M:cpu0
32        1616 1.4330 1.0059 1.1911 0.0000
5         M:cpu
32        1616 1.2097 0.8734 0.9398 0.0000
8         M:syslog
39        1616 1085.0000 790.1600 824.9869 0.0000
8         M:ssh_in
32        1616 2.0000 1.8200 0.6000 0.0000
14        M:cfengine_out
32        1616 1.0000 0.7000 0.8367 0.0000
13        M:cfengine_in
32        1616 1.0000 0.9100 0.3000 0.0000
9         M:loadavg
32        1616 0.0537 0.0456 0.0286 0.0000
10        M:diskfree
35        1616 64.0000 58.2400 19.2000 0.0000
12        M:otherprocs
32        1616 6.0000 5.4600 1.8000 0.0000
11        M:rootprocs
36        1616 110.0000 99.8900 33.7000 0.0000
7         M:users
32        1616 6.0000 5.4600 1.8000 0.0000
3         MOY
15        M:entropy_avail
34        155 84.5000 59.1500 70.8474 0.0000
12        M:mem_cached
39        155 1058.9355 741.2549 1546.1225 0.0000
16        M:io_writtendata
31        155 0.0479 0.0335 0.0419 0.0000
11        M:io_writes
31        155 3.0000 2.1000 2.6458 0.0000
6         M:cpu3
31        155 0.0133 0.0093 0.0111 0.0000
6         M:cpu2
31        155 0.0866 0.0606 0.0949 0.0000
6         M:cpu1
31        155 0.0999 0.0699 0.1070 0.0000
6         M:cpu0
31        155 0.1432 0.1002 0.1206 0.0000
5         M:cpu
31        155 0.0849 0.0594 0.0710 0.0000
8         M:syslog
37        155 145.0000 101.5000 121.3157 0.0000
8         M:ssh_in
31        155 2.0000 1.4000 1.6733 0.0000
13        M:cfengine_in
31        155 1.0000 0.7000 0.8367 0.0000
9         M:loadavg
31        155 0.0039 0.0027 0.0034 0.0000
10        M:diskfree
34        155 73.5000 51.4500 61.5642 0.0000
12        M:otherprocs
31        155 6.0000 4.2000 5.0200 0.0000
11        M:rootprocs
35        155 109.5000 76.6500 91.6152 0.0000
7         M:users
31        155 6.0000 4.2000 5.0200 0.0000
# send QUERY complete successful
