# delta from 1679671878 to 1679671939 at 1679671939
22        CFR: 0 1679671938 1693
3         PRD
108       CFEngine Execution (policy filename: '/var/cfengine/inputs/update.cf'),0.109672,0.502658,0.589848,1679671937
60        Packing reports: delta,0.043749,0.053565,0.038318,1679671879
3         EXS
16        f,296,1679671651
3         MOM
15        M:entropy_avail
35        1338 82.0000 57.4000 68.6061 0.0000
12        M:mem_cached
38        1338 893.7266 625.6086 747.7453 0.0000
10        M:mem_free
40        1338 14530.4023 10171.2816 0.0000 0.0000
11        M:mem_total
40        1338 15817.1836 11072.0285 0.0000 0.0000
16        M:io_writtendata
32        1338 0.0400 0.0280 0.0335 0.0000
11        M:io_writes
32        1338 2.0000 1.4000 1.6733 0.0000
6         M:cpu3
32        1338 0.1464 0.1025 0.1225 0.0000
6         M:cpu2
32        1338 0.1132 0.0792 0.0947 0.0000
6         M:cpu1
32        1338 0.0732 0.0512 0.0612 0.0000
6         M:cpu0
32        1338 0.0732 0.0512 0.0612 0.0000
5         M:cpu
32        1338 0.1015 0.0710 0.0849 0.0000
8         M:syslog
38        1338 145.0000 101.5000 121.3157 0.0000
8         M:ssh_in
32        1338 2.0000 1.4000 1.6733 0.0000
13        M:cfengine_in
32        1338 1.0000 0.7000 0.8367 0.0000
10        M:diskfree
35        1338 74.0000 51.8000 61.9128 0.0000
12        M:otherprocs
32        1338 6.0000 4.2000 5.0200 0.0000
11        M:rootprocs
36        1338 108.0000 75.6000 90.3593 0.0000
7         M:users
32        1338 6.0000 4.2000 5.0200 0.0000
3         MOY
15        M:entropy_avail
34        155 84.0000 58.8000 70.4038 0.0000
12        M:mem_cached
37        155 768.7441 538.1209 650.8247 0.0000
16        M:io_writtendata
31        155 0.0483 0.0338 0.0424 0.0000
11        M:io_writes
31        155 2.0000 1.4000 1.6733 0.0000
6         M:cpu3
31        155 0.0999 0.0699 0.1106 0.0000
6         M:cpu2
31        155 0.0933 0.0653 0.0959 0.0000
6         M:cpu1
31        155 0.1600 0.1120 0.1779 0.0000
6         M:cpu0
31        155 0.0966 0.0676 0.0966 0.0000
5         M:cpu
31        155 0.1115 0.0781 0.0956 0.0000
8         M:syslog
37        155 145.0000 101.5000 121.3157 0.0000
8         M:ssh_in
31        155 2.0000 1.4000 1.6733 0.0000
13        M:cfengine_in
31        155 1.0000 0.7000 0.8367 0.0000
9         M:loadavg
31        155 0.0071 0.0050 0.0069 0.0000
10        M:diskfree
34        155 75.5000 52.8500 63.1803 0.0000
12        M:otherprocs
31        155 6.0000 4.2000 5.0200 0.0000
11        M:rootprocs
35        155 109.5000 76.6500 91.6152 0.0000
7         M:users
31        155 6.0000 4.2000 5.0200 0.0000
# send QUERY complete successful
