# delta from 1679670198 to 1679670259 at 1679670259
22        CFR: 0 1679670258 1674
3         PRD
60        Packing reports: delta,0.051367,0.169026,0.159198,1679670199
3         EXS
16        f,299,1679670174
3         MOM
15        M:entropy_avail
34        1332 4.0000 21.2800 62.8385 0.0000
12        M:mem_cached
38        1332 886.1289 806.0500 266.9297 0.0000
10        M:mem_free
40        1332 14529.9258 13222.7763 0.0000 0.0000
11        M:mem_total
40        1332 15817.1836 14393.6371 0.0000 0.0000
16        M:io_writtendata
32        1332 0.1299 0.1055 0.0751 0.0000
11        M:io_writes
32        1332 6.0000 5.0400 3.2447 0.0000
6         M:cpu3
32        1332 1.0665 0.7480 0.8884 0.0000
6         M:cpu2
32        1332 0.6409 0.5341 0.3514 0.0000
6         M:cpu1
32        1332 2.6046 1.8414 2.1289 0.0000
6         M:cpu0
32        1332 1.0337 0.7250 0.8610 0.0000
5         M:cpu
32        1332 1.3354 0.9620 1.0429 0.0000
8         M:syslog
40        1332 1316.0000 951.6500 1018.2939 0.0000
8         M:ssh_in
32        1332 2.0000 2.0300 0.1000 0.0000
14        M:cfengine_out
32        1332 1.0000 0.7000 0.8367 0.0000
13        M:cfengine_in
32        1332 1.0000 0.9100 0.3000 0.0000
9         M:loadavg
32        1332 0.1763 0.1240 0.1458 0.0000
10        M:diskfree
35        1332 74.0000 67.3400 22.2000 0.0000
12        M:otherprocs
32        1332 6.0000 5.4600 1.8000 0.0000
11        M:rootprocs
37        1332 111.0000 100.3800 35.4000 0.0000
7         M:users
32        1332 6.0000 5.4600 1.8000 0.0000
3         MOY
15        M:entropy_avail
34        155 82.5000 57.7500 69.0865 0.0000
12        M:mem_cached
37        155 759.8086 531.8660 642.3242 0.0000
16        M:io_writtendata
31        155 0.0537 0.0376 0.0481 0.0000
11        M:io_writes
31        155 3.0000 2.1000 2.6458 0.0000
6         M:cpu3
31        155 0.1100 0.0770 0.1225 0.0000
6         M:cpu2
31        155 0.0966 0.0676 0.0966 0.0000
6         M:cpu1
31        155 0.1401 0.0981 0.1544 0.0000
6         M:cpu0
31        155 0.0833 0.0583 0.0947 0.0000
5         M:cpu
31        155 0.1066 0.0746 0.0907 0.0000
8         M:syslog
37        155 145.0000 101.5000 121.3157 0.0000
8         M:ssh_in
31        155 2.0000 1.4000 1.6733 0.0000
13        M:cfengine_in
31        155 1.0000 0.7000 0.8367 0.0000
9         M:loadavg
31        155 0.0027 0.0019 0.0023 0.0000
10        M:diskfree
34        155 76.0000 53.2000 63.5917 0.0000
12        M:otherprocs
31        155 6.0000 4.2000 5.0200 0.0000
11        M:rootprocs
35        155 109.5000 76.6500 91.6152 0.0000
7         M:users
31        155 6.0000 4.2000 5.0200 0.0000
# send QUERY complete successful
