# delta from 1679668458 to 1679668519 at 1679668519
22        CFR: 0 1679668518 1671
3         PRD
60        Packing reports: delta,0.043106,0.172377,0.186332,1679668459
3         EXS
16        f,294,1679668341
3         MOM
15        M:entropy_avail
34        1326 7.0000 22.1200 56.4814 0.0000
12        M:mem_cached
38        1326 877.0742 797.8357 264.1285 0.0000
10        M:mem_free
40        1326 14542.0703 13234.6629 0.0000 0.0000
11        M:mem_total
40        1326 15817.1836 14393.6371 0.0000 0.0000
16        M:io_writtendata
32        1326 0.1230 0.0943 0.0820 0.0000
11        M:io_writes
32        1326 6.0000 4.6200 3.9563 0.0000
6         M:cpu3
32        1326 1.1063 0.8276 0.7859 0.0000
6         M:cpu2
32        1326 0.7478 0.5752 0.4943 0.0000
6         M:cpu1
32        1326 0.3199 0.2281 0.2561 0.0000
6         M:cpu0
32        1326 2.8754 2.0184 2.3902 0.0000
5         M:cpu
32        1326 1.2622 0.9122 0.9781 0.0000
8         M:syslog
38        1326 308.0000 246.0500 185.1076 0.0000
8         M:ssh_in
32        1326 2.0000 1.8200 0.6000 0.0000
14        M:cfengine_out
32        1326 1.0000 0.7000 0.8367 0.0000
13        M:cfengine_in
32        1326 1.0000 0.9100 0.3000 0.0000
9         M:loadavg
32        1326 0.1157 0.0833 0.0907 0.0000
10        M:diskfree
35        1326 74.0000 67.3400 22.2000 0.0000
12        M:otherprocs
32        1326 6.0000 5.4600 1.8000 0.0000
11        M:rootprocs
36        1326 110.0000 99.8900 33.7000 0.0000
7         M:users
32        1326 6.0000 5.4600 1.8000 0.0000
3         MOY
15        M:entropy_avail
34        155 82.5000 57.7500 69.0865 0.0000
12        M:mem_cached
37        155 759.8086 531.8660 642.3242 0.0000
16        M:io_writtendata
31        155 0.0537 0.0376 0.0481 0.0000
11        M:io_writes
31        155 3.0000 2.1000 2.6458 0.0000
6         M:cpu3
31        155 0.1100 0.0770 0.1225 0.0000
6         M:cpu2
31        155 0.0966 0.0676 0.0966 0.0000
6         M:cpu1
31        155 0.1401 0.0981 0.1544 0.0000
6         M:cpu0
31        155 0.0833 0.0583 0.0947 0.0000
5         M:cpu
31        155 0.1066 0.0746 0.0907 0.0000
8         M:syslog
37        155 145.0000 101.5000 121.3157 0.0000
8         M:ssh_in
31        155 2.0000 1.4000 1.6733 0.0000
13        M:cfengine_in
31        155 1.0000 0.7000 0.8367 0.0000
9         M:loadavg
31        155 0.0027 0.0019 0.0023 0.0000
10        M:diskfree
34        155 76.0000 53.2000 63.5917 0.0000
12        M:otherprocs
31        155 6.0000 4.2000 5.0200 0.0000
11        M:rootprocs
35        155 109.5000 76.6500 91.6152 0.0000
7         M:users
31        155 6.0000 4.2000 5.0200 0.0000
# send QUERY complete successful
