# delta from 1679753003 to 1679753064 at 1679753064
22        CFR: 0 1679753063 1680
3         PRD
60        Packing reports: delta,0.034405,0.118369,0.124744,1679753004
3         EXS
16        f,295,1679752930
3         MOM
15        M:entropy_avail
35        1608 92.0000 65.8700 72.9437 0.0000
12        M:mem_cached
40        1608 1920.6250 1747.3947 577.4344 0.0000
10        M:mem_free
40        1608 13418.4961 12214.6927 0.0000 0.0000
11        M:mem_total
40        1608 15817.1836 14393.6371 0.0000 0.0000
16        M:io_writtendata
32        1608 0.1807 0.1330 0.1336 0.0000
11        M:io_writes
33        1608 10.0000 7.4200 7.2534 0.0000
6         M:cpu3
32        1608 0.3069 0.2204 0.2415 0.0000
6         M:cpu2
32        1608 2.1880 1.6015 1.6426 0.0000
6         M:cpu1
32        1608 1.0664 0.7507 0.8805 0.0000
6         M:cpu0
32        1608 1.5788 1.1066 1.3171 0.0000
5         M:cpu
32        1608 1.2867 0.9206 1.0219 0.0000
8         M:syslog
41        1608 1569.0000 1128.9600 1229.0354 0.0000
8         M:ssh_in
32        1608 2.0000 1.8200 0.6000 0.0000
14        M:cfengine_out
32        1608 1.0000 0.7000 0.8367 0.0000
13        M:cfengine_in
32        1608 1.0000 0.9100 0.3000 0.0000
9         M:loadavg
32        1608 0.0771 0.0556 0.0601 0.0000
10        M:diskfree
35        1608 64.0000 58.2400 19.2000 0.0000
12        M:otherprocs
32        1608 6.0000 5.4600 1.8000 0.0000
11        M:rootprocs
36        1608 110.0000 99.8900 33.7000 0.0000
7         M:users
32        1608 6.0000 5.4600 1.8000 0.0000
3         MOY
15        M:entropy_avail
34        155 84.5000 59.1500 70.8474 0.0000
12        M:mem_cached
39        155 1058.9355 741.2549 1546.1225 0.0000
16        M:io_writtendata
31        155 0.0479 0.0335 0.0419 0.0000
11        M:io_writes
31        155 3.0000 2.1000 2.6458 0.0000
6         M:cpu3
31        155 0.0133 0.0093 0.0111 0.0000
6         M:cpu2
31        155 0.0866 0.0606 0.0949 0.0000
6         M:cpu1
31        155 0.0999 0.0699 0.1070 0.0000
6         M:cpu0
31        155 0.1432 0.1002 0.1206 0.0000
5         M:cpu
31        155 0.0849 0.0594 0.0710 0.0000
8         M:syslog
37        155 145.0000 101.5000 121.3157 0.0000
8         M:ssh_in
31        155 2.0000 1.4000 1.6733 0.0000
13        M:cfengine_in
31        155 1.0000 0.7000 0.8367 0.0000
9         M:loadavg
31        155 0.0039 0.0027 0.0034 0.0000
10        M:diskfree
34        155 73.5000 51.4500 61.5642 0.0000
12        M:otherprocs
31        155 6.0000 4.2000 5.0200 0.0000
11        M:rootprocs
35        155 109.5000 76.6500 91.6152 0.0000
7         M:users
31        155 6.0000 4.2000 5.0200 0.0000
# send QUERY complete successful
