# delta from 1679752223 to 1679752284 at 1679752284
22        CFR: 0 1679752283 1589
3         PRD
60        Packing reports: delta,0.032475,0.105463,0.107555,1679752224
3         EXS
16        f,295,1679752044
3         MOM
15        M:entropy_avail
32        1606 7.0000 4.9000 5.8566 0.0000
12        M:mem_cached
41        1606 1915.5625 1340.8937 1602.6746 0.0000
10        M:mem_free
39        1606 13437.2852 9406.0996 0.0000 0.0000
11        M:mem_total
40        1606 15817.1836 11072.0285 0.0000 0.0000
16        M:io_writtendata
32        1606 0.0674 0.0472 0.0564 0.0000
11        M:io_writes
32        1606 4.0000 2.8000 3.3466 0.0000
6         M:cpu3
32        1606 0.0133 0.0093 0.0111 0.0000
6         M:cpu2
32        1606 0.2465 0.1726 0.2063 0.0000
6         M:cpu0
32        1606 0.1199 0.0839 0.1003 0.0000
5         M:cpu
32        1606 0.0949 0.0664 0.0794 0.0000
8         M:syslog
38        1606 146.0000 102.2000 122.1524 0.0000
8         M:ssh_in
32        1606 2.0000 1.4000 1.6733 0.0000
13        M:cfengine_in
32        1606 1.0000 0.7000 0.8367 0.0000
9         M:loadavg
32        1606 0.0098 0.0068 0.0082 0.0000
10        M:diskfree
35        1606 64.0000 44.8000 53.5462 0.0000
12        M:otherprocs
32        1606 6.0000 4.2000 5.0200 0.0000
11        M:rootprocs
36        1606 110.0000 77.0000 92.0326 0.0000
7         M:users
32        1606 6.0000 4.2000 5.0200 0.0000
3         MOY
15        M:entropy_avail
34        155 84.5000 59.1500 70.8474 0.0000
12        M:mem_cached
39        155 1058.9355 741.2549 1546.1225 0.0000
16        M:io_writtendata
31        155 0.0479 0.0335 0.0419 0.0000
11        M:io_writes
31        155 3.0000 2.1000 2.6458 0.0000
6         M:cpu3
31        155 0.0133 0.0093 0.0111 0.0000
6         M:cpu2
31        155 0.0866 0.0606 0.0949 0.0000
6         M:cpu1
31        155 0.0999 0.0699 0.1070 0.0000
6         M:cpu0
31        155 0.1432 0.1002 0.1206 0.0000
5         M:cpu
31        155 0.0849 0.0594 0.0710 0.0000
8         M:syslog
37        155 145.0000 101.5000 121.3157 0.0000
8         M:ssh_in
31        155 2.0000 1.4000 1.6733 0.0000
13        M:cfengine_in
31        155 1.0000 0.7000 0.8367 0.0000
9         M:loadavg
31        155 0.0039 0.0027 0.0034 0.0000
10        M:diskfree
34        155 73.5000 51.4500 61.5642 0.0000
12        M:otherprocs
31        155 6.0000 4.2000 5.0200 0.0000
11        M:rootprocs
35        155 109.5000 76.6500 91.6152 0.0000
7         M:users
31        155 6.0000 4.2000 5.0200 0.0000
# send QUERY complete successful
