# delta from 1679661258 to 1679661319 at 1679661319
22        CFR: 0 1679661318 1683
3         PRD
60        Packing reports: delta,0.032616,0.215455,0.209403,1679661259
3         EXS
16        f,154,1679661135
3         MOM
15        M:entropy_avail
36        1302 22.0000 55.9300 113.1000 0.0000
12        M:mem_cached
38        1302 842.6445 766.4866 253.8598 0.0000
10        M:mem_free
40        1302 10216.0789 10216.0789 0.0000 0.0000
11        M:mem_total
40        1302 11072.0285 11072.0285 0.0000 0.0000
16        M:io_writtendata
32        1302 0.2148 0.2470 0.1071 0.0000
11        M:io_writes
34        1302 10.0000 12.0400 6.8000 0.0000
6         M:cpu3
32        1302 0.6140 0.9346 1.0686 0.0000
6         M:cpu2
32        1302 2.9309 2.5647 1.2206 0.0000
6         M:cpu1
32        1302 1.0675 1.5193 1.5059 0.0000
6         M:cpu0
32        1302 0.7003 0.9315 0.7708 0.0000
5         M:cpu
32        1302 1.3287 1.4877 0.5303 0.0000
8         M:syslog
43        1302 20641.0253 21042.0877 1118.5096 0.0000
8         M:ssh_in
32        1302 2.0000 2.4500 1.5000 0.0000
14        M:cfengine_out
32        1302 1.0000 0.7000 0.8367 0.0000
13        M:cfengine_in
32        1302 1.0000 0.9100 0.3000 0.0000
9         M:loadavg
32        1302 0.0889 0.0760 0.0468 0.0000
10        M:diskfree
35        1302 75.0000 68.2500 22.5000 0.0000
12        M:otherprocs
32        1302 6.0000 5.4600 1.8000 0.0000
11        M:rootprocs
36        1302 110.0000 99.8900 33.7000 0.0000
7         M:users
32        1302 6.0000 5.4600 1.8000 0.0000
3         MOY
15        M:entropy_avail
37        155 259.0000 181.3000 263.8877 0.0000
12        M:mem_cached
37        155 742.6699 519.8689 626.1966 0.0000
16        M:io_writtendata
31        155 0.0454 0.0318 0.0393 0.0000
11        M:io_writes
31        155 2.0000 1.4000 1.6733 0.0000
6         M:cpu3
31        155 0.0799 0.0559 0.0870 0.0000
6         M:cpu2
31        155 0.2633 0.1843 0.2367 0.0000
6         M:cpu1
31        155 0.0166 0.0116 0.0142 0.0000
6         M:cpu0
31        155 0.0866 0.0606 0.0949 0.0000
5         M:cpu
31        155 0.1124 0.0787 0.0965 0.0000
8         M:syslog
37        155 145.0000 101.5000 121.3157 0.0000
8         M:ssh_in
31        155 2.0000 1.4000 1.6733 0.0000
13        M:cfengine_in
31        155 1.0000 0.7000 0.8367 0.0000
9         M:loadavg
31        155 0.0015 0.0010 0.0017 0.0000
10        M:diskfree
34        155 76.0000 53.2000 63.5917 0.0000
12        M:otherprocs
31        155 6.0000 4.2000 5.0200 0.0000
11        M:rootprocs
35        155 110.0000 77.0000 92.0326 0.0000
7         M:users
31        155 6.0000 4.2000 5.0200 0.0000
# send QUERY complete successful
