# delta from 1679746098 to 1679746159 at 1679746159
22        CFR: 0 1679746158 1627
3         PRD
60        Packing reports: delta,0.028937,0.083738,0.081186,1679746099
3         EXS
16        f,336,1679746078
3         MOM
15        M:entropy_avail
35        1585 81.0000 58.1700 63.7506 0.0000
12        M:mem_cached
40        1585 1879.9258 1710.7292 563.9887 0.0000
10        M:mem_free
40        1585 13472.8945 12260.3340 0.0000 0.0000
11        M:mem_total
40        1585 15817.1836 14393.6371 0.0000 0.0000
16        M:io_writtendata
32        1585 0.0371 0.0338 0.0111 0.0000
11        M:io_writes
32        1585 2.0000 1.8200 0.6000 0.0000
6         M:cpu3
32        1585 0.1865 0.1739 0.0420 0.0000
6         M:cpu2
32        1585 0.0133 0.0163 0.0100 0.0000
6         M:cpu1
32        1585 0.2065 0.1711 0.1144 0.0000
6         M:cpu0
32        1585 0.0133 0.0093 0.0111 0.0000
5         M:cpu
32        1585 0.1016 0.0900 0.0386 0.0000
8         M:syslog
35        1585 0.0000 30.6600 108.5714 0.0000
8         M:ssh_in
32        1585 2.0000 1.8200 0.6000 0.0000
13        M:cfengine_in
32        1585 1.0000 0.9100 0.3000 0.0000
9         M:loadavg
32        1585 0.0000 0.0009 0.0033 0.0000
10        M:diskfree
35        1585 65.0000 59.1500 19.5000 0.0000
12        M:otherprocs
32        1585 6.0000 5.4600 1.8000 0.0000
11        M:rootprocs
36        1585 109.0000 99.1900 32.7000 0.0000
7         M:users
32        1585 6.0000 5.4600 1.8000 0.0000
3         MOY
15        M:entropy_avail
34        155 84.5000 59.1500 70.8474 0.0000
12        M:mem_cached
39        155 1058.9355 741.2549 1546.1225 0.0000
16        M:io_writtendata
31        155 0.0479 0.0335 0.0419 0.0000
11        M:io_writes
31        155 3.0000 2.1000 2.6458 0.0000
6         M:cpu3
31        155 0.0133 0.0093 0.0111 0.0000
6         M:cpu2
31        155 0.0866 0.0606 0.0949 0.0000
6         M:cpu1
31        155 0.0999 0.0699 0.1070 0.0000
6         M:cpu0
31        155 0.1432 0.1002 0.1206 0.0000
5         M:cpu
31        155 0.0849 0.0594 0.0710 0.0000
8         M:syslog
37        155 145.0000 101.5000 121.3157 0.0000
8         M:ssh_in
31        155 2.0000 1.4000 1.6733 0.0000
13        M:cfengine_in
31        155 1.0000 0.7000 0.8367 0.0000
9         M:loadavg
31        155 0.0039 0.0027 0.0034 0.0000
10        M:diskfree
34        155 73.5000 51.4500 61.5642 0.0000
12        M:otherprocs
31        155 6.0000 4.2000 5.0200 0.0000
11        M:rootprocs
35        155 109.5000 76.6500 91.6152 0.0000
7         M:users
31        155 6.0000 4.2000 5.0200 0.0000
# send QUERY complete successful
