# delta from 1679665218 to 1679665279 at 1679665279
22        CFR: 0 1679665278 1709
3         PRD
60        Packing reports: delta,0.041762,0.158594,0.188055,1679665219
83        Sample(/proc/sys/kernel/random/entropy_avail),0.004988,0.002488,0.002060,1679665228
3         EXS
16        f,295,1679665034
3         MOM
15        M:entropy_avail
35        1316 81.0000 56.7000 67.7695 0.0000
12        M:mem_cached
38        1316 860.6875 602.4812 720.1028 0.0000
10        M:mem_free
40        1316 14580.1797 10206.1258 0.0000 0.0000
11        M:mem_total
40        1316 15817.1836 11072.0285 0.0000 0.0000
16        M:io_writtendata
32        1316 0.0420 0.0294 0.0351 0.0000
11        M:io_writes
32        1316 2.0000 1.4000 1.6733 0.0000
6         M:cpu3
32        1316 0.0599 0.0419 0.0501 0.0000
6         M:cpu2
32        1316 0.2399 0.1679 0.2007 0.0000
6         M:cpu1
32        1316 0.0067 0.0047 0.0056 0.0000
6         M:cpu0
32        1316 0.2065 0.1445 0.1727 0.0000
5         M:cpu
32        1316 0.1265 0.0886 0.1059 0.0000
8         M:syslog
38        1316 145.0000 101.5000 121.3157 0.0000
8         M:ssh_in
32        1316 2.0000 1.4000 1.6733 0.0000
13        M:cfengine_in
32        1316 1.0000 0.7000 0.8367 0.0000
9         M:loadavg
32        1316 0.0039 0.0027 0.0033 0.0000
10        M:diskfree
35        1316 75.0000 52.5000 62.7495 0.0000
12        M:otherprocs
32        1316 6.0000 4.2000 5.0200 0.0000
11        M:rootprocs
36        1316 109.0000 76.3000 91.1959 0.0000
7         M:users
32        1316 6.0000 4.2000 5.0200 0.0000
3         MOY
15        M:entropy_avail
34        155 86.5000 60.5500 72.6426 0.0000
12        M:mem_cached
37        155 751.0039 525.7027 634.0092 0.0000
16        M:io_writtendata
31        155 0.0562 0.0393 0.0508 0.0000
11        M:io_writes
31        155 2.0000 1.4000 1.6733 0.0000
6         M:cpu3
31        155 0.1333 0.0933 0.1500 0.0000
6         M:cpu2
31        155 0.0899 0.0629 0.0953 0.0000
6         M:cpu1
31        155 0.1869 0.1308 0.2097 0.0000
6         M:cpu0
31        155 0.0899 0.0629 0.0953 0.0000
5         M:cpu
31        155 0.1232 0.0863 0.1076 0.0000
8         M:syslog
37        155 145.0000 101.5000 121.3157 0.0000
8         M:ssh_in
31        155 2.0000 1.4000 1.6733 0.0000
13        M:cfengine_in
31        155 1.0000 0.7000 0.8367 0.0000
9         M:loadavg
31        155 0.0054 0.0038 0.0049 0.0000
10        M:diskfree
34        155 76.0000 53.2000 63.5917 0.0000
12        M:otherprocs
31        155 6.0000 4.2000 5.0200 0.0000
11        M:rootprocs
35        155 109.0000 76.3000 91.1998 0.0000
7         M:users
31        155 6.0000 4.2000 5.0200 0.0000
# send QUERY complete successful
