# delta from 1679695698 to 1679695759 at 1679695759
22        CFR: 0 1679695758 1713
3         PRD
60        Packing reports: delta,0.024229,0.058704,0.059179,1679695699
83        Sample(/proc/sys/kernel/random/entropy_avail),0.004662,0.002174,0.002500,1679695734
3         EXS
16        f,295,1679695631
3         MOM
15        M:entropy_avail
34        1417 1.0000 17.2900 58.0909 0.0000
12        M:mem_cached
40        1417 1571.3672 1429.6029 472.5477 0.0000
10        M:mem_free
40        1417 13798.7461 12558.6809 0.0000 0.0000
11        M:mem_total
40        1417 15817.1836 14393.6371 0.0000 0.0000
16        M:io_writtendata
32        1417 0.1426 0.1080 0.0981 0.0000
11        M:io_writes
32        1417 8.0000 6.0200 5.5975 0.0000
6         M:cpu3
32        1417 1.0329 0.7272 0.8526 0.0000
6         M:cpu2
32        1417 0.8476 0.6339 0.6026 0.0000
6         M:cpu1
32        1417 2.4611 1.7578 1.9631 0.0000
6         M:cpu0
32        1417 0.5329 0.3759 0.4381 0.0000
5         M:cpu
32        1417 1.2218 0.8755 0.9667 0.0000
8         M:syslog
39        1417 1077.0000 784.3500 818.8623 0.0000
8         M:ssh_in
32        1417 2.0000 1.8200 0.6000 0.0000
13        M:cfengine_in
32        1417 1.0000 0.9100 0.3000 0.0000
9         M:loadavg
32        1417 0.0107 0.0075 0.0090 0.0000
10        M:diskfree
35        1417 68.0000 62.0900 19.7000 0.0000
12        M:otherprocs
32        1417 6.0000 5.4600 1.8000 0.0000
11        M:rootprocs
36        1417 110.0000 99.8900 33.7000 0.0000
7         M:users
32        1417 6.0000 5.4600 1.8000 0.0000
3         MOY
15        M:entropy_avail
34        155 84.5000 59.1500 70.8474 0.0000
12        M:mem_cached
39        155 1058.9355 741.2549 1546.1225 0.0000
16        M:io_writtendata
31        155 0.0479 0.0335 0.0419 0.0000
11        M:io_writes
31        155 3.0000 2.1000 2.6458 0.0000
6         M:cpu3
31        155 0.0133 0.0093 0.0111 0.0000
6         M:cpu2
31        155 0.0866 0.0606 0.0949 0.0000
6         M:cpu1
31        155 0.0999 0.0699 0.1070 0.0000
6         M:cpu0
31        155 0.1432 0.1002 0.1206 0.0000
5         M:cpu
31        155 0.0849 0.0594 0.0710 0.0000
8         M:syslog
37        155 145.0000 101.5000 121.3157 0.0000
8         M:ssh_in
31        155 2.0000 1.4000 1.6733 0.0000
13        M:cfengine_in
31        155 1.0000 0.7000 0.8367 0.0000
9         M:loadavg
31        155 0.0039 0.0027 0.0034 0.0000
10        M:diskfree
34        155 73.5000 51.4500 61.5642 0.0000
12        M:otherprocs
31        155 6.0000 4.2000 5.0200 0.0000
11        M:rootprocs
35        155 109.5000 76.6500 91.6152 0.0000
7         M:users
31        155 6.0000 4.2000 5.0200 0.0000
# send QUERY complete successful
