# delta from 1679732358 to 1679732419 at 1679732419
22        CFR: 0 1679732418 1716
3         PRD
60        Packing reports: delta,0.033574,0.112723,0.105241,1679732359
83        Sample(/proc/sys/kernel/random/entropy_avail),0.005783,0.003344,0.005413,1679732391
3         EXS
16        f,295,1679732255
3         MOM
15        M:entropy_avail
34        1539 2.0000 23.2400 76.0277 0.0000
12        M:mem_cached
40        1539 1803.3125 1640.6707 542.1395 0.0000
10        M:mem_free
40        1539 13543.8633 12325.2495 0.0000 0.0000
11        M:mem_total
40        1539 15817.1836 14393.6371 0.0000 0.0000
16        M:io_writtendata
32        1539 0.1748 0.1336 0.1174 0.0000
11        M:io_writes
33        1539 10.0000 8.2600 5.5775 0.0000
6         M:cpu3
32        1539 0.4864 0.3489 0.3840 0.0000
6         M:cpu2
32        1539 1.6686 1.2141 1.2713 0.0000
6         M:cpu1
32        1539 1.8056 1.2877 1.4453 0.0000
6         M:cpu0
32        1539 1.0058 0.7292 0.7733 0.0000
5         M:cpu
32        1539 1.2414 0.8945 0.9690 0.0000
8         M:syslog
41        1539 1566.0000 1149.1200 1168.3439 0.0000
8         M:ssh_in
32        1539 2.0000 3.2900 4.3000 0.0000
13        M:cfengine_in
32        1539 1.0000 0.9100 0.3000 0.0000
9         M:loadavg
32        1539 0.0122 0.0085 0.0102 0.0000
10        M:diskfree
35        1539 66.0000 60.0600 19.8000 0.0000
12        M:otherprocs
32        1539 6.0000 5.4600 1.8000 0.0000
11        M:rootprocs
36        1539 108.0000 98.4900 31.7000 0.0000
7         M:users
32        1539 6.0000 5.4600 1.8000 0.0000
3         MOY
15        M:entropy_avail
34        155 84.5000 59.1500 70.8474 0.0000
12        M:mem_cached
39        155 1058.9355 741.2549 1546.1225 0.0000
16        M:io_writtendata
31        155 0.0479 0.0335 0.0419 0.0000
11        M:io_writes
31        155 3.0000 2.1000 2.6458 0.0000
6         M:cpu3
31        155 0.0133 0.0093 0.0111 0.0000
6         M:cpu2
31        155 0.0866 0.0606 0.0949 0.0000
6         M:cpu1
31        155 0.0999 0.0699 0.1070 0.0000
6         M:cpu0
31        155 0.1432 0.1002 0.1206 0.0000
5         M:cpu
31        155 0.0849 0.0594 0.0710 0.0000
8         M:syslog
37        155 145.0000 101.5000 121.3157 0.0000
8         M:ssh_in
31        155 2.0000 1.4000 1.6733 0.0000
13        M:cfengine_in
31        155 1.0000 0.7000 0.8367 0.0000
9         M:loadavg
31        155 0.0039 0.0027 0.0034 0.0000
10        M:diskfree
34        155 73.5000 51.4500 61.5642 0.0000
12        M:otherprocs
31        155 6.0000 4.2000 5.0200 0.0000
11        M:rootprocs
35        155 109.5000 76.6500 91.6152 0.0000
7         M:users
31        155 6.0000 4.2000 5.0200 0.0000
# send QUERY complete successful
