# delta from 1679724858 to 1679724919 at 1679724919
22        CFR: 0 1679724918 1713
3         PRD
60        Packing reports: delta,0.029100,0.084682,0.076591,1679724859
83        Sample(/proc/sys/kernel/random/entropy_avail),0.005574,0.003107,0.002075,1679724880
3         EXS
16        f,295,1679724753
3         MOM
15        M:entropy_avail
34        1514 6.0000 21.6300 57.8513 0.0000
12        M:mem_cached
40        1514 1760.9727 1602.1102 529.5414 0.0000
10        M:mem_free
40        1514 13601.7344 12376.2707 0.0000 0.0000
11        M:mem_total
40        1514 15817.1836 14393.6371 0.0000 0.0000
16        M:io_writtendata
32        1514 0.1680 0.1243 0.1226 0.0000
11        M:io_writes
32        1514 8.0000 6.0200 5.5975 0.0000
6         M:cpu3
32        1514 0.8195 0.5806 0.6663 0.0000
6         M:cpu2
32        1514 0.6596 0.5275 0.3954 0.0000
6         M:cpu1
32        1514 2.6570 1.8613 2.2191 0.0000
6         M:cpu0
32        1514 0.7932 0.5580 0.6558 0.0000
5         M:cpu
32        1514 1.2342 0.8828 0.9808 0.0000
8         M:syslog
39        1514 1085.0000 790.1600 824.9869 0.0000
8         M:ssh_in
32        1514 2.0000 1.8200 0.6000 0.0000
13        M:cfengine_in
32        1514 1.0000 0.9100 0.3000 0.0000
9         M:loadavg
32        1514 0.0425 0.0297 0.0355 0.0000
10        M:diskfree
35        1514 66.0000 60.0600 19.8000 0.0000
12        M:otherprocs
32        1514 6.0000 5.4600 1.8000 0.0000
11        M:rootprocs
36        1514 109.0000 99.1900 32.7000 0.0000
7         M:users
32        1514 6.0000 5.4600 1.8000 0.0000
3         MOY
15        M:entropy_avail
34        155 84.5000 59.1500 70.8474 0.0000
12        M:mem_cached
39        155 1058.9355 741.2549 1546.1225 0.0000
16        M:io_writtendata
31        155 0.0479 0.0335 0.0419 0.0000
11        M:io_writes
31        155 3.0000 2.1000 2.6458 0.0000
6         M:cpu3
31        155 0.0133 0.0093 0.0111 0.0000
6         M:cpu2
31        155 0.0866 0.0606 0.0949 0.0000
6         M:cpu1
31        155 0.0999 0.0699 0.1070 0.0000
6         M:cpu0
31        155 0.1432 0.1002 0.1206 0.0000
5         M:cpu
31        155 0.0849 0.0594 0.0710 0.0000
8         M:syslog
37        155 145.0000 101.5000 121.3157 0.0000
8         M:ssh_in
31        155 2.0000 1.4000 1.6733 0.0000
13        M:cfengine_in
31        155 1.0000 0.7000 0.8367 0.0000
9         M:loadavg
31        155 0.0039 0.0027 0.0034 0.0000
10        M:diskfree
34        155 73.5000 51.4500 61.5642 0.0000
12        M:otherprocs
31        155 6.0000 4.2000 5.0200 0.0000
11        M:rootprocs
35        155 109.5000 76.6500 91.6152 0.0000
7         M:users
31        155 6.0000 4.2000 5.0200 0.0000
# send QUERY complete successful
