# delta from 1679723058 to 1679723119 at 1679723119
22        CFR: 0 1679723118 1713
3         PRD
60        Packing reports: delta,0.028643,0.082044,0.083396,1679723059
83        Sample(/proc/sys/kernel/random/entropy_avail),0.004852,0.002354,0.001936,1679723077
3         EXS
16        f,337,1679722981
3         MOM
15        M:entropy_avail
34        1508 7.0000 21.9100 55.7393 0.0000
12        M:mem_cached
40        1508 1750.2930 1592.3991 526.3129 0.0000
10        M:mem_free
40        1508 13614.6250 12388.9322 0.0000 0.0000
11        M:mem_total
40        1508 15817.1836 14393.6371 0.0000 0.0000
16        M:io_writtendata
32        1508 0.1650 0.1225 0.1196 0.0000
11        M:io_writes
32        1508 8.0000 6.0200 5.5975 0.0000
6         M:cpu3
32        1508 2.3205 1.6299 1.9259 0.0000
6         M:cpu2
32        1508 0.6660 0.5054 0.4561 0.0000
6         M:cpu1
32        1508 1.1524 0.8319 0.8956 0.0000
6         M:cpu0
32        1508 0.8389 0.5887 0.6980 0.0000
5         M:cpu
32        1508 1.2441 0.8887 0.9920 0.0000
8         M:syslog
39        1508 1076.0000 783.6500 818.0284 0.0000
8         M:ssh_in
32        1508 2.0000 1.8200 0.6000 0.0000
13        M:cfengine_in
32        1508 1.0000 0.9100 0.3000 0.0000
9         M:loadavg
32        1508 0.0137 0.0096 0.0114 0.0000
10        M:diskfree
35        1508 66.0000 60.0600 19.8000 0.0000
12        M:otherprocs
32        1508 6.0000 5.4600 1.8000 0.0000
11        M:rootprocs
36        1508 109.0000 99.1900 32.7000 0.0000
7         M:users
32        1508 6.0000 5.4600 1.8000 0.0000
3         MOY
15        M:entropy_avail
34        155 84.5000 59.1500 70.8474 0.0000
12        M:mem_cached
39        155 1058.9355 741.2549 1546.1225 0.0000
16        M:io_writtendata
31        155 0.0479 0.0335 0.0419 0.0000
11        M:io_writes
31        155 3.0000 2.1000 2.6458 0.0000
6         M:cpu3
31        155 0.0133 0.0093 0.0111 0.0000
6         M:cpu2
31        155 0.0866 0.0606 0.0949 0.0000
6         M:cpu1
31        155 0.0999 0.0699 0.1070 0.0000
6         M:cpu0
31        155 0.1432 0.1002 0.1206 0.0000
5         M:cpu
31        155 0.0849 0.0594 0.0710 0.0000
8         M:syslog
37        155 145.0000 101.5000 121.3157 0.0000
8         M:ssh_in
31        155 2.0000 1.4000 1.6733 0.0000
13        M:cfengine_in
31        155 1.0000 0.7000 0.8367 0.0000
9         M:loadavg
31        155 0.0039 0.0027 0.0034 0.0000
10        M:diskfree
34        155 73.5000 51.4500 61.5642 0.0000
12        M:otherprocs
31        155 6.0000 4.2000 5.0200 0.0000
11        M:rootprocs
35        155 109.5000 76.6500 91.6152 0.0000
7         M:users
31        155 6.0000 4.2000 5.0200 0.0000
# send QUERY complete successful
