# delta from 1679753303 to 1679753364 at 1679753364
22        CFR: 0 1679753363 1678
3         PRD
60        Packing reports: delta,0.034451,0.128799,0.136178,1679753304
3         EXS
16        f,295,1679753225
3         MOM
15        M:entropy_avail
35        1609 85.0000 59.7100 70.5319 0.0000
12        M:mem_cached
40        1609 1922.2852 1748.9227 577.8750 0.0000
10        M:mem_free
40        1609 13413.4570 12207.2524 0.0000 0.0000
11        M:mem_total
40        1609 15817.1836 14393.6371 0.0000 0.0000
16        M:io_writtendata
32        1609 0.1689 0.1248 0.1239 0.0000
11        M:io_writes
33        1609 10.0000 7.4200 7.2534 0.0000
6         M:cpu3
32        1609 0.7527 0.5269 0.6298 0.0000
6         M:cpu2
32        1609 0.9145 0.6863 0.6443 0.0000
6         M:cpu1
32        1609 2.2712 1.6192 1.8194 0.0000
6         M:cpu0
32        1609 1.1404 0.8025 0.9425 0.0000
5         M:cpu
32        1609 1.2667 0.9069 1.0042 0.0000
8         M:syslog
39        1609 1087.0000 791.5600 826.6548 0.0000
8         M:ssh_in
32        1609 2.0000 1.8200 0.6000 0.0000
14        M:cfengine_out
32        1609 1.0000 0.7000 0.8367 0.0000
13        M:cfengine_in
32        1609 1.0000 0.9100 0.3000 0.0000
9         M:loadavg
32        1609 0.0356 0.0258 0.0276 0.0000
10        M:diskfree
35        1609 64.0000 58.2400 19.2000 0.0000
12        M:otherprocs
32        1609 6.0000 5.4600 1.8000 0.0000
11        M:rootprocs
36        1609 110.0000 99.8900 33.7000 0.0000
7         M:users
32        1609 6.0000 5.4600 1.8000 0.0000
3         MOY
15        M:entropy_avail
34        155 84.5000 59.1500 70.8474 0.0000
12        M:mem_cached
39        155 1058.9355 741.2549 1546.1225 0.0000
16        M:io_writtendata
31        155 0.0479 0.0335 0.0419 0.0000
11        M:io_writes
31        155 3.0000 2.1000 2.6458 0.0000
6         M:cpu3
31        155 0.0133 0.0093 0.0111 0.0000
6         M:cpu2
31        155 0.0866 0.0606 0.0949 0.0000
6         M:cpu1
31        155 0.0999 0.0699 0.1070 0.0000
6         M:cpu0
31        155 0.1432 0.1002 0.1206 0.0000
5         M:cpu
31        155 0.0849 0.0594 0.0710 0.0000
8         M:syslog
37        155 145.0000 101.5000 121.3157 0.0000
8         M:ssh_in
31        155 2.0000 1.4000 1.6733 0.0000
13        M:cfengine_in
31        155 1.0000 0.7000 0.8367 0.0000
9         M:loadavg
31        155 0.0039 0.0027 0.0034 0.0000
10        M:diskfree
34        155 73.5000 51.4500 61.5642 0.0000
12        M:otherprocs
31        155 6.0000 4.2000 5.0200 0.0000
11        M:rootprocs
35        155 109.5000 76.6500 91.6152 0.0000
7         M:users
31        155 6.0000 4.2000 5.0200 0.0000
# send QUERY complete successful
