# delta from 1679663118 to 1679663179 at 1679663179
22        CFR: 0 1679663178 1712
3         PRD
60        Packing reports: delta,0.094522,0.225271,0.169988,1679663119
83        Sample(/proc/sys/kernel/random/entropy_avail),0.006137,0.003767,0.006576,1679663124
3         EXS
16        f,297,1679662968
3         MOM
15        M:entropy_avail
35        1309 84.0000 58.8000 70.2794 0.0000
12        M:mem_cached
38        1309 850.7227 595.5059 711.7656 0.0000
10        M:mem_free
40        1309 14586.8438 10210.7906 0.0000 0.0000
11        M:mem_total
40        1309 15817.1836 11072.0285 0.0000 0.0000
16        M:io_writtendata
32        1309 0.0811 0.0567 0.0678 0.0000
11        M:io_writes
32        1309 2.0000 1.4000 1.6733 0.0000
6         M:cpu3
32        1309 0.0067 0.0047 0.0056 0.0000
6         M:cpu2
32        1309 0.3873 0.2711 0.3240 0.0000
6         M:cpu1
32        1309 0.1399 0.0979 0.1170 0.0000
6         M:cpu0
32        1309 0.1201 0.0840 0.1005 0.0000
5         M:cpu
32        1309 0.1650 0.1155 0.1380 0.0000
8         M:syslog
38        1309 145.0000 101.5000 121.3157 0.0000
8         M:ssh_in
32        1309 2.0000 1.4000 1.6733 0.0000
13        M:cfengine_in
32        1309 1.0000 0.7000 0.8367 0.0000
9         M:loadavg
32        1309 0.0088 0.0062 0.0074 0.0000
10        M:diskfree
35        1309 75.0000 52.5000 62.7495 0.0000
12        M:otherprocs
32        1309 6.0000 4.2000 5.0200 0.0000
11        M:rootprocs
36        1309 110.0000 77.0000 92.0326 0.0000
7         M:users
32        1309 6.0000 4.2000 5.0200 0.0000
3         MOY
15        M:entropy_avail
37        155 259.0000 181.3000 263.8877 0.0000
12        M:mem_cached
37        155 742.6699 519.8689 626.1966 0.0000
16        M:io_writtendata
31        155 0.0454 0.0318 0.0393 0.0000
11        M:io_writes
31        155 2.0000 1.4000 1.6733 0.0000
6         M:cpu3
31        155 0.0799 0.0559 0.0870 0.0000
6         M:cpu2
31        155 0.2633 0.1843 0.2367 0.0000
6         M:cpu1
31        155 0.0166 0.0116 0.0142 0.0000
6         M:cpu0
31        155 0.0866 0.0606 0.0949 0.0000
5         M:cpu
31        155 0.1124 0.0787 0.0965 0.0000
8         M:syslog
37        155 145.0000 101.5000 121.3157 0.0000
8         M:ssh_in
31        155 2.0000 1.4000 1.6733 0.0000
13        M:cfengine_in
31        155 1.0000 0.7000 0.8367 0.0000
9         M:loadavg
31        155 0.0015 0.0010 0.0017 0.0000
10        M:diskfree
34        155 76.0000 53.2000 63.5917 0.0000
12        M:otherprocs
31        155 6.0000 4.2000 5.0200 0.0000
11        M:rootprocs
35        155 110.0000 77.0000 92.0326 0.0000
7         M:users
31        155 6.0000 4.2000 5.0200 0.0000
# send QUERY complete successful
