# delta from 1679680459 to 1679680519 at 1679680519
22        CFR: 0 1679680518 1632
3         PRD
60        Packing reports: delta,0.032893,0.108193,0.120973,1679680460
3         EXS
16        f,295,1679680333
3         MOM
15        M:entropy_avail
34        1366 5.0000 21.3500 59.9702 0.0000
12        M:mem_cached
40        1366 1483.1875 1349.3520 446.1184 0.0000
10        M:mem_free
40        1366 13893.4258 12648.2609 0.0000 0.0000
11        M:mem_total
40        1366 15817.1836 14393.6371 0.0000 0.0000
16        M:io_writtendata
32        1366 0.1455 0.1084 0.1044 0.0000
11        M:io_writes
32        1366 8.0000 6.0200 5.5975 0.0000
6         M:cpu3
32        1366 2.2949 1.6260 1.8659 0.0000
6         M:cpu2
32        1366 1.0761 0.7561 0.8926 0.0000
6         M:cpu1
32        1366 1.2418 0.9126 0.9229 0.0000
6         M:cpu0
32        1366 0.7467 0.5241 0.6208 0.0000
5         M:cpu
32        1366 1.3366 0.9528 1.0712 0.0000
8         M:syslog
41        1366 1563.0000 1124.5500 1224.5827 0.0000
8         M:ssh_in
32        1366 2.0000 1.8200 0.6000 0.0000
13        M:cfengine_in
32        1366 1.0000 0.9100 0.3000 0.0000
9         M:loadavg
32        1366 0.1211 0.0948 0.0765 0.0000
10        M:diskfree
35        1366 70.0000 63.7000 21.0000 0.0000
12        M:otherprocs
32        1366 6.0000 5.4600 1.8000 0.0000
11        M:rootprocs
36        1366 109.0000 98.9800 33.4000 0.0000
7         M:users
32        1366 6.0000 5.4600 1.8000 0.0000
3         MOY
15        M:entropy_avail
34        155 84.5000 59.1500 70.8474 0.0000
12        M:mem_cached
39        155 1058.9355 741.2549 1546.1225 0.0000
16        M:io_writtendata
31        155 0.0479 0.0335 0.0419 0.0000
11        M:io_writes
31        155 3.0000 2.1000 2.6458 0.0000
6         M:cpu3
31        155 0.0133 0.0093 0.0111 0.0000
6         M:cpu2
31        155 0.0866 0.0606 0.0949 0.0000
6         M:cpu1
31        155 0.0999 0.0699 0.1070 0.0000
6         M:cpu0
31        155 0.1432 0.1002 0.1206 0.0000
5         M:cpu
31        155 0.0849 0.0594 0.0710 0.0000
8         M:syslog
37        155 145.0000 101.5000 121.3157 0.0000
8         M:ssh_in
31        155 2.0000 1.4000 1.6733 0.0000
13        M:cfengine_in
31        155 1.0000 0.7000 0.8367 0.0000
9         M:loadavg
31        155 0.0039 0.0027 0.0034 0.0000
10        M:diskfree
34        155 73.5000 51.4500 61.5642 0.0000
12        M:otherprocs
31        155 6.0000 4.2000 5.0200 0.0000
11        M:rootprocs
35        155 109.5000 76.6500 91.6152 0.0000
7         M:users
31        155 6.0000 4.2000 5.0200 0.0000
# send QUERY complete successful
