# delta from 1679711958 to 1679712019 at 1679712019
22        CFR: 0 1679712018 1711
3         PRD
60        Packing reports: delta,0.035205,0.123937,0.121498,1679711959
83        Sample(/proc/sys/kernel/random/entropy_avail),0.004429,0.001962,0.001951,1679711960
3         EXS
16        f,307,1679711876
3         MOM
15        M:entropy_avail
34        1471 4.0000 19.6000 56.8929 0.0000
12        M:mem_cached
40        1471 1687.8438 1535.5900 507.5125 0.0000
10        M:mem_free
38        1471 9579.6859 9579.6859 0.0000 0.0000
11        M:mem_total
40        1471 11072.0285 11072.0285 0.0000 0.0000
16        M:io_writtendata
32        1471 0.1670 0.1230 0.1233 0.0000
11        M:io_writes
32        1471 8.0000 6.0200 5.5975 0.0000
6         M:cpu3
32        1471 1.2609 0.9078 0.9863 0.0000
6         M:cpu2
32        1471 1.9804 1.3933 1.6375 0.0000
6         M:cpu1
32        1471 1.0664 0.7493 0.8844 0.0000
6         M:cpu0
32        1471 0.7193 0.5497 0.4837 0.0000
5         M:cpu
32        1471 1.2582 0.8996 1.0009 0.0000
8         M:syslog
39        1471 1028.0000 750.0500 778.0082 0.0000
8         M:ssh_in
32        1471 2.0000 1.8200 0.6000 0.0000
13        M:cfengine_in
32        1471 1.0000 0.9100 0.3000 0.0000
9         M:loadavg
32        1471 0.0771 0.0540 0.0645 0.0000
10        M:diskfree
35        1471 67.0000 60.9700 20.1000 0.0000
12        M:otherprocs
32        1471 6.0000 5.4600 1.8000 0.0000
11        M:rootprocs
36        1471 109.0000 98.9800 33.4000 0.0000
7         M:users
32        1471 6.0000 5.4600 1.8000 0.0000
3         MOY
15        M:entropy_avail
34        155 84.5000 59.1500 70.8474 0.0000
12        M:mem_cached
39        155 1058.9355 741.2549 1546.1225 0.0000
16        M:io_writtendata
31        155 0.0479 0.0335 0.0419 0.0000
11        M:io_writes
31        155 3.0000 2.1000 2.6458 0.0000
6         M:cpu3
31        155 0.0133 0.0093 0.0111 0.0000
6         M:cpu2
31        155 0.0866 0.0606 0.0949 0.0000
6         M:cpu1
31        155 0.0999 0.0699 0.1070 0.0000
6         M:cpu0
31        155 0.1432 0.1002 0.1206 0.0000
5         M:cpu
31        155 0.0849 0.0594 0.0710 0.0000
8         M:syslog
37        155 145.0000 101.5000 121.3157 0.0000
8         M:ssh_in
31        155 2.0000 1.4000 1.6733 0.0000
13        M:cfengine_in
31        155 1.0000 0.7000 0.8367 0.0000
9         M:loadavg
31        155 0.0039 0.0027 0.0034 0.0000
10        M:diskfree
34        155 73.5000 51.4500 61.5642 0.0000
12        M:otherprocs
31        155 6.0000 4.2000 5.0200 0.0000
11        M:rootprocs
35        155 109.5000 76.6500 91.6152 0.0000
7         M:users
31        155 6.0000 4.2000 5.0200 0.0000
# send QUERY complete successful
