# delta from 1679683399 to 1679683459 at 1679683459
22        CFR: 0 1679683458 1714
3         PRD
60        Packing reports: delta,0.035560,0.105061,0.103303,1679683400
83        Sample(/proc/sys/kernel/random/entropy_avail),0.005232,0.002737,0.003007,1679683413
3         EXS
16        f,295,1679683345
3         MOM
15        M:entropy_avail
34        1376 4.0000 21.9100 65.0682 0.0000
12        M:mem_cached
40        1376 1500.0391 1364.6680 451.2367 0.0000
10        M:mem_free
40        1376 13890.1836 12640.4124 0.0000 0.0000
11        M:mem_total
40        1376 15817.1836 14393.6371 0.0000 0.0000
16        M:io_writtendata
32        1376 0.1533 0.1143 0.1099 0.0000
11        M:io_writes
32        1376 8.0000 6.0200 5.5975 0.0000
6         M:cpu3
32        1376 0.7606 0.5324 0.6363 0.0000
6         M:cpu2
32        1376 2.4211 1.7368 1.9108 0.0000
6         M:cpu1
32        1376 1.0601 0.7687 0.8149 0.0000
6         M:cpu0
32        1376 0.9727 0.6907 0.7869 0.0000
5         M:cpu
32        1376 1.3052 0.9339 1.0364 0.0000
8         M:syslog
40        1376 1322.0000 955.8500 1023.3032 0.0000
8         M:ssh_in
32        1376 2.0000 1.8200 0.6000 0.0000
13        M:cfengine_in
32        1376 1.0000 0.9100 0.3000 0.0000
9         M:loadavg
32        1376 0.0225 0.0160 0.0179 0.0000
10        M:diskfree
35        1376 69.0000 62.7900 20.7000 0.0000
12        M:otherprocs
32        1376 6.0000 5.4600 1.8000 0.0000
11        M:rootprocs
36        1376 109.0000 99.1900 32.7000 0.0000
7         M:users
32        1376 6.0000 5.4600 1.8000 0.0000
3         MOY
15        M:entropy_avail
34        155 84.5000 59.1500 70.8474 0.0000
12        M:mem_cached
39        155 1058.9355 741.2549 1546.1225 0.0000
16        M:io_writtendata
31        155 0.0479 0.0335 0.0419 0.0000
11        M:io_writes
31        155 3.0000 2.1000 2.6458 0.0000
6         M:cpu3
31        155 0.0133 0.0093 0.0111 0.0000
6         M:cpu2
31        155 0.0866 0.0606 0.0949 0.0000
6         M:cpu1
31        155 0.0999 0.0699 0.1070 0.0000
6         M:cpu0
31        155 0.1432 0.1002 0.1206 0.0000
5         M:cpu
31        155 0.0849 0.0594 0.0710 0.0000
8         M:syslog
37        155 145.0000 101.5000 121.3157 0.0000
8         M:ssh_in
31        155 2.0000 1.4000 1.6733 0.0000
13        M:cfengine_in
31        155 1.0000 0.7000 0.8367 0.0000
9         M:loadavg
31        155 0.0039 0.0027 0.0034 0.0000
10        M:diskfree
34        155 73.5000 51.4500 61.5642 0.0000
12        M:otherprocs
31        155 6.0000 4.2000 5.0200 0.0000
11        M:rootprocs
35        155 109.5000 76.6500 91.6152 0.0000
7         M:users
31        155 6.0000 4.2000 5.0200 0.0000
# send QUERY complete successful
