# delta from 1679705598 to 1679705659 at 1679705659
22        CFR: 0 1679705658 1712
3         PRD
60        Packing reports: delta,0.049752,0.113700,0.168581,1679705599
83        Sample(/proc/sys/kernel/random/entropy_avail),0.004459,0.001989,0.002236,1679705650
3         EXS
16        f,295,1679705555
3         MOM
15        M:entropy_avail
34        1450 1.0000 17.2900 58.0909 0.0000
12        M:mem_cached
40        1450 1628.2305 1481.3107 489.7324 0.0000
10        M:mem_free
40        1450 13734.3438 12500.4471 0.0000 0.0000
11        M:mem_total
40        1450 15817.1836 14393.6371 0.0000 0.0000
16        M:io_writtendata
32        1450 0.1455 0.1099 0.1010 0.0000
11        M:io_writes
32        1450 8.0000 6.0200 5.5975 0.0000
6         M:cpu3
32        1450 0.4930 0.4053 0.2777 0.0000
6         M:cpu2
32        1450 2.3166 1.6482 1.8650 0.0000
6         M:cpu1
32        1450 1.6386 1.1484 1.3670 0.0000
6         M:cpu0
32        1450 0.5726 0.4064 0.4636 0.0000
5         M:cpu
32        1450 1.2546 0.9020 0.9847 0.0000
8         M:syslog
38        1450 838.0000 617.0500 619.7724 0.0000
8         M:ssh_in
32        1450 2.0000 1.8200 0.6000 0.0000
13        M:cfengine_in
32        1450 1.0000 0.9100 0.3000 0.0000
9         M:loadavg
32        1450 0.0425 0.0314 0.0312 0.0000
10        M:diskfree
35        1450 68.0000 61.8800 20.4000 0.0000
12        M:otherprocs
32        1450 6.0000 5.4600 1.8000 0.0000
11        M:rootprocs
36        1450 110.0000 99.8900 33.7000 0.0000
7         M:users
32        1450 6.0000 5.4600 1.8000 0.0000
3         MOY
15        M:entropy_avail
34        155 84.5000 59.1500 70.8474 0.0000
12        M:mem_cached
39        155 1058.9355 741.2549 1546.1225 0.0000
16        M:io_writtendata
31        155 0.0479 0.0335 0.0419 0.0000
11        M:io_writes
31        155 3.0000 2.1000 2.6458 0.0000
6         M:cpu3
31        155 0.0133 0.0093 0.0111 0.0000
6         M:cpu2
31        155 0.0866 0.0606 0.0949 0.0000
6         M:cpu1
31        155 0.0999 0.0699 0.1070 0.0000
6         M:cpu0
31        155 0.1432 0.1002 0.1206 0.0000
5         M:cpu
31        155 0.0849 0.0594 0.0710 0.0000
8         M:syslog
37        155 145.0000 101.5000 121.3157 0.0000
8         M:ssh_in
31        155 2.0000 1.4000 1.6733 0.0000
13        M:cfengine_in
31        155 1.0000 0.7000 0.8367 0.0000
9         M:loadavg
31        155 0.0039 0.0027 0.0034 0.0000
10        M:diskfree
34        155 73.5000 51.4500 61.5642 0.0000
12        M:otherprocs
31        155 6.0000 4.2000 5.0200 0.0000
11        M:rootprocs
35        155 109.5000 76.6500 91.6152 0.0000
7         M:users
31        155 6.0000 4.2000 5.0200 0.0000
# send QUERY complete successful
