# delta from 1679664918 to 1679664979 at 1679664979
22        CFR: 0 1679664978 1709
3         PRD
60        Packing reports: delta,0.033704,0.153068,0.161365,1679664919
83        Sample(/proc/sys/kernel/random/entropy_avail),0.005245,0.002751,0.002226,1679664927
3         EXS
16        f,295,1679664739
3         MOM
15        M:entropy_avail
35        1315 80.0000 56.0000 66.9328 0.0000
12        M:mem_cached
38        1315 859.1719 601.4203 718.8348 0.0000
10        M:mem_free
40        1315 14567.9609 10197.5727 0.0000 0.0000
11        M:mem_total
40        1315 15817.1836 11072.0285 0.0000 0.0000
16        M:io_writtendata
32        1315 0.0439 0.0308 0.0368 0.0000
11        M:io_writes
32        1315 2.0000 1.4000 1.6733 0.0000
6         M:cpu3
32        1315 0.2668 0.1868 0.2232 0.0000
6         M:cpu2
32        1315 0.0266 0.0186 0.0223 0.0000
6         M:cpu1
32        1315 0.2133 0.1493 0.1784 0.0000
6         M:cpu0
32        1315 0.0133 0.0093 0.0111 0.0000
5         M:cpu
32        1315 0.1282 0.0898 0.1073 0.0000
8         M:syslog
38        1315 145.0000 101.5000 121.3157 0.0000
8         M:ssh_in
32        1315 2.0000 1.4000 1.6733 0.0000
13        M:cfengine_in
32        1315 1.0000 0.7000 0.8367 0.0000
9         M:loadavg
32        1315 0.0107 0.0075 0.0090 0.0000
10        M:diskfree
35        1315 75.0000 52.5000 62.7495 0.0000
12        M:otherprocs
32        1315 6.0000 4.2000 5.0200 0.0000
11        M:rootprocs
36        1315 109.0000 76.3000 91.1959 0.0000
7         M:users
32        1315 6.0000 4.2000 5.0200 0.0000
3         MOY
15        M:entropy_avail
34        155 86.5000 60.5500 72.6426 0.0000
12        M:mem_cached
37        155 751.0039 525.7027 634.0092 0.0000
16        M:io_writtendata
31        155 0.0562 0.0393 0.0508 0.0000
11        M:io_writes
31        155 2.0000 1.4000 1.6733 0.0000
6         M:cpu3
31        155 0.1333 0.0933 0.1500 0.0000
6         M:cpu2
31        155 0.0899 0.0629 0.0953 0.0000
6         M:cpu1
31        155 0.1869 0.1308 0.2097 0.0000
6         M:cpu0
31        155 0.0899 0.0629 0.0953 0.0000
5         M:cpu
31        155 0.1232 0.0863 0.1076 0.0000
8         M:syslog
37        155 145.0000 101.5000 121.3157 0.0000
8         M:ssh_in
31        155 2.0000 1.4000 1.6733 0.0000
13        M:cfengine_in
31        155 1.0000 0.7000 0.8367 0.0000
9         M:loadavg
31        155 0.0054 0.0038 0.0049 0.0000
10        M:diskfree
34        155 76.0000 53.2000 63.5917 0.0000
12        M:otherprocs
31        155 6.0000 4.2000 5.0200 0.0000
11        M:rootprocs
35        155 109.0000 76.3000 91.1998 0.0000
7         M:users
31        155 6.0000 4.2000 5.0200 0.0000
# send QUERY complete successful
