# delta from 1679720358 to 1679720420 at 1679720420
22        CFR: 0 1679720419 1672
3         PRD
60        Packing reports: delta,0.025572,0.065392,0.059030,1679720359
83        Sample(/proc/sys/kernel/random/entropy_avail),0.005064,0.002565,0.003722,1679720372
3         EXS
16        f,296,1679720264
3         MOM
15        M:entropy_avail
34        1499 6.0000 22.2600 60.0792 0.0000
12        M:mem_cached
40        1499 1735.1406 1578.6302 521.7016 0.0000
10        M:mem_free
40        1499 13627.6328 12401.1377 0.0000 0.0000
11        M:mem_total
40        1499 15817.1836 14393.6371 0.0000 0.0000
16        M:io_writtendata
32        1499 0.1758 0.1298 0.1290 0.0000
11        M:io_writes
33        1499 10.0000 7.4200 7.2534 0.0000
6         M:cpu3
32        1499 0.6931 0.4908 0.5644 0.0000
6         M:cpu2
32        1499 2.2808 1.6161 1.8541 0.0000
6         M:cpu1
32        1499 1.2412 0.8926 0.9735 0.0000
6         M:cpu0
32        1499 0.8589 0.6194 0.6690 0.0000
5         M:cpu
32        1499 1.2665 0.9034 1.0135 0.0000
8         M:syslog
38        1499 835.0000 614.9500 617.2769 0.0000
8         M:ssh_in
32        1499 2.0000 1.8200 0.6000 0.0000
13        M:cfengine_in
32        1499 1.0000 0.9100 0.3000 0.0000
10        M:diskfree
35        1499 66.0000 60.0600 19.8000 0.0000
12        M:otherprocs
32        1499 6.0000 5.4600 1.8000 0.0000
11        M:rootprocs
36        1499 109.0000 99.1900 32.7000 0.0000
7         M:users
32        1499 6.0000 5.4600 1.8000 0.0000
3         MOY
15        M:entropy_avail
34        155 84.5000 59.1500 70.8474 0.0000
12        M:mem_cached
39        155 1058.9355 741.2549 1546.1225 0.0000
16        M:io_writtendata
31        155 0.0479 0.0335 0.0419 0.0000
11        M:io_writes
31        155 3.0000 2.1000 2.6458 0.0000
6         M:cpu3
31        155 0.0133 0.0093 0.0111 0.0000
6         M:cpu2
31        155 0.0866 0.0606 0.0949 0.0000
6         M:cpu1
31        155 0.0999 0.0699 0.1070 0.0000
6         M:cpu0
31        155 0.1432 0.1002 0.1206 0.0000
5         M:cpu
31        155 0.0849 0.0594 0.0710 0.0000
8         M:syslog
37        155 145.0000 101.5000 121.3157 0.0000
8         M:ssh_in
31        155 2.0000 1.4000 1.6733 0.0000
13        M:cfengine_in
31        155 1.0000 0.7000 0.8367 0.0000
9         M:loadavg
31        155 0.0039 0.0027 0.0034 0.0000
10        M:diskfree
34        155 73.5000 51.4500 61.5642 0.0000
12        M:otherprocs
31        155 6.0000 4.2000 5.0200 0.0000
11        M:rootprocs
35        155 109.5000 76.6500 91.6152 0.0000
7         M:users
31        155 6.0000 4.2000 5.0200 0.0000
# send QUERY complete successful
