# delta from 1679696298 to 1679696359 at 1679696359
22        CFR: 0 1679696358 1761
3         PRD
60        Packing reports: delta,0.023305,0.054312,0.061525,1679696299
83        Sample(/proc/sys/kernel/random/entropy_avail),0.004492,0.002018,0.001911,1679696335
3         EXS
16        f,337,1679696282
3         MOM
15        M:entropy_avail
34        1419 2.0000 20.0900 64.8743 0.0000
12        M:mem_cached
40        1419 1574.9023 1432.7797 473.7422 0.0000
10        M:mem_free
40        1419 13793.8555 12551.8515 0.0000 0.0000
11        M:mem_total
40        1419 15817.1836 14393.6371 0.0000 0.0000
16        M:io_writtendata
32        1419 0.1553 0.1169 0.1085 0.0000
11        M:io_writes
32        1419 8.0000 6.0200 5.5975 0.0000
6         M:cpu3
32        1419 0.5332 0.3970 0.3833 0.0000
6         M:cpu2
32        1419 2.0472 1.4568 1.6473 0.0000
6         M:cpu1
32        1419 1.1408 0.8083 0.9274 0.0000
6         M:cpu0
32        1419 1.3929 0.9946 1.1116 0.0000
5         M:cpu
32        1419 1.2768 0.9130 1.0155 0.0000
8         M:syslog
41        1419 1902.0000 1361.8500 1507.8712 0.0000
8         M:ssh_in
32        1419 2.0000 1.8200 0.6000 0.0000
14        M:cfengine_out
32        1419 1.0000 0.7000 0.8367 0.0000
13        M:cfengine_in
32        1419 1.0000 0.9100 0.3000 0.0000
9         M:loadavg
32        1419 0.0649 0.0455 0.0543 0.0000
10        M:diskfree
35        1419 68.0000 61.8800 20.4000 0.0000
12        M:otherprocs
32        1419 6.0000 5.4600 1.8000 0.0000
11        M:rootprocs
36        1419 109.0000 99.1900 32.7000 0.0000
7         M:users
32        1419 6.0000 5.4600 1.8000 0.0000
3         MOY
15        M:entropy_avail
34        155 84.5000 59.1500 70.8474 0.0000
12        M:mem_cached
39        155 1058.9355 741.2549 1546.1225 0.0000
16        M:io_writtendata
31        155 0.0479 0.0335 0.0419 0.0000
11        M:io_writes
31        155 3.0000 2.1000 2.6458 0.0000
6         M:cpu3
31        155 0.0133 0.0093 0.0111 0.0000
6         M:cpu2
31        155 0.0866 0.0606 0.0949 0.0000
6         M:cpu1
31        155 0.0999 0.0699 0.1070 0.0000
6         M:cpu0
31        155 0.1432 0.1002 0.1206 0.0000
5         M:cpu
31        155 0.0849 0.0594 0.0710 0.0000
8         M:syslog
37        155 145.0000 101.5000 121.3157 0.0000
8         M:ssh_in
31        155 2.0000 1.4000 1.6733 0.0000
13        M:cfengine_in
31        155 1.0000 0.7000 0.8367 0.0000
9         M:loadavg
31        155 0.0039 0.0027 0.0034 0.0000
10        M:diskfree
34        155 73.5000 51.4500 61.5642 0.0000
12        M:otherprocs
31        155 6.0000 4.2000 5.0200 0.0000
11        M:rootprocs
35        155 109.5000 76.6500 91.6152 0.0000
7         M:users
31        155 6.0000 4.2000 5.0200 0.0000
# send QUERY complete successful
