# delta from 1679698758 to 1679698819 at 1679698819
22        CFR: 0 1679698818 1629
3         PRD
60        Packing reports: delta,0.026456,0.069991,0.073175,1679698759
3         EXS
16        f,295,1679698644
3         MOM
15        M:entropy_avail
34        1427 6.0000 24.9900 69.7355 0.0000
12        M:mem_cached
40        1427 1588.8438 1445.4951 477.8289 0.0000
10        M:mem_free
38        1427 9648.6824 9648.6824 0.0000 0.0000
11        M:mem_total
40        1427 11072.0285 11072.0285 0.0000 0.0000
16        M:io_writtendata
32        1427 0.1768 0.1321 0.1258 0.0000
11        M:io_writes
33        1427 10.0000 7.4200 7.2534 0.0000
6         M:cpu3
32        1427 2.1735 1.5256 1.8068 0.0000
6         M:cpu2
32        1427 0.4669 0.3786 0.2709 0.0000
6         M:cpu1
32        1427 1.4133 0.9935 1.1708 0.0000
6         M:cpu0
32        1427 0.9000 0.6538 0.6887 0.0000
5         M:cpu
32        1427 1.2385 0.8879 0.9788 0.0000
8         M:syslog
39        1427 1079.0000 785.7500 820.5301 0.0000
8         M:ssh_in
32        1427 2.0000 1.8200 0.6000 0.0000
13        M:cfengine_in
32        1427 1.0000 0.9100 0.3000 0.0000
9         M:loadavg
32        1427 0.0791 0.0613 0.0513 0.0000
10        M:diskfree
35        1427 68.0000 61.8800 20.4000 0.0000
12        M:otherprocs
32        1427 6.0000 5.4600 1.8000 0.0000
11        M:rootprocs
36        1427 108.0000 98.4900 31.7000 0.0000
7         M:users
32        1427 6.0000 5.4600 1.8000 0.0000
3         MOY
15        M:entropy_avail
34        155 84.5000 59.1500 70.8474 0.0000
12        M:mem_cached
39        155 1058.9355 741.2549 1546.1225 0.0000
16        M:io_writtendata
31        155 0.0479 0.0335 0.0419 0.0000
11        M:io_writes
31        155 3.0000 2.1000 2.6458 0.0000
6         M:cpu3
31        155 0.0133 0.0093 0.0111 0.0000
6         M:cpu2
31        155 0.0866 0.0606 0.0949 0.0000
6         M:cpu1
31        155 0.0999 0.0699 0.1070 0.0000
6         M:cpu0
31        155 0.1432 0.1002 0.1206 0.0000
5         M:cpu
31        155 0.0849 0.0594 0.0710 0.0000
8         M:syslog
37        155 145.0000 101.5000 121.3157 0.0000
8         M:ssh_in
31        155 2.0000 1.4000 1.6733 0.0000
13        M:cfengine_in
31        155 1.0000 0.7000 0.8367 0.0000
9         M:loadavg
31        155 0.0039 0.0027 0.0034 0.0000
10        M:diskfree
34        155 73.5000 51.4500 61.5642 0.0000
12        M:otherprocs
31        155 6.0000 4.2000 5.0200 0.0000
11        M:rootprocs
35        155 109.5000 76.6500 91.6152 0.0000
7         M:users
31        155 6.0000 4.2000 5.0200 0.0000
# send QUERY complete successful
