# delta from 1679703198 to 1679703259 at 1679703259
22        CFR: 0 1679703258 1714
3         PRD
60        Packing reports: delta,0.030829,0.095042,0.095040,1679703199
83        Sample(/proc/sys/kernel/random/entropy_avail),0.004920,0.002421,0.001942,1679703247
3         EXS
16        f,295,1679703134
3         MOM
15        M:entropy_avail
34        1442 7.0000 21.7000 54.9973 0.0000
12        M:mem_cached
40        1442 1614.7734 1469.0706 485.6762 0.0000
10        M:mem_free
40        1442 13768.7188 12526.8270 0.0000 0.0000
11        M:mem_total
40        1442 15817.1836 14393.6371 0.0000 0.0000
16        M:io_writtendata
32        1442 0.1533 0.1157 0.1064 0.0000
11        M:io_writes
32        1442 8.0000 6.0200 5.5975 0.0000
6         M:cpu3
32        1442 1.9067 1.3375 1.5874 0.0000
6         M:cpu2
32        1442 1.8645 1.3681 1.3911 0.0000
6         M:cpu1
32        1442 1.0667 0.7509 0.8808 0.0000
6         M:cpu0
32        1442 0.4063 0.3040 0.2885 0.0000
5         M:cpu
32        1442 1.3089 0.9389 1.0329 0.0000
8         M:syslog
40        1442 1315.0000 950.9500 1017.4590 0.0000
8         M:ssh_in
32        1442 2.0000 1.8200 0.6000 0.0000
13        M:cfengine_in
32        1442 1.0000 0.9100 0.3000 0.0000
9         M:loadavg
32        1442 0.0220 0.0154 0.0184 0.0000
10        M:diskfree
35        1442 68.0000 61.8800 20.4000 0.0000
12        M:otherprocs
32        1442 6.0000 5.4600 1.8000 0.0000
11        M:rootprocs
36        1442 109.0000 98.9800 33.4000 0.0000
7         M:users
32        1442 6.0000 5.4600 1.8000 0.0000
3         MOY
15        M:entropy_avail
34        155 84.5000 59.1500 70.8474 0.0000
12        M:mem_cached
39        155 1058.9355 741.2549 1546.1225 0.0000
16        M:io_writtendata
31        155 0.0479 0.0335 0.0419 0.0000
11        M:io_writes
31        155 3.0000 2.1000 2.6458 0.0000
6         M:cpu3
31        155 0.0133 0.0093 0.0111 0.0000
6         M:cpu2
31        155 0.0866 0.0606 0.0949 0.0000
6         M:cpu1
31        155 0.0999 0.0699 0.1070 0.0000
6         M:cpu0
31        155 0.1432 0.1002 0.1206 0.0000
5         M:cpu
31        155 0.0849 0.0594 0.0710 0.0000
8         M:syslog
37        155 145.0000 101.5000 121.3157 0.0000
8         M:ssh_in
31        155 2.0000 1.4000 1.6733 0.0000
13        M:cfengine_in
31        155 1.0000 0.7000 0.8367 0.0000
9         M:loadavg
31        155 0.0039 0.0027 0.0034 0.0000
10        M:diskfree
34        155 73.5000 51.4500 61.5642 0.0000
12        M:otherprocs
31        155 6.0000 4.2000 5.0200 0.0000
11        M:rootprocs
35        155 109.5000 76.6500 91.6152 0.0000
7         M:users
31        155 6.0000 4.2000 5.0200 0.0000
# send QUERY complete successful
