# delta from 1679752403 to 1679752464 at 1679752464
22        CFR: 0 1679752463 1676
3         PRD
60        Packing reports: delta,0.032554,0.105979,0.103905,1679752404
3         EXS
16        f,295,1679752339
3         MOM
15        M:entropy_avail
35        1606 95.0000 67.9700 75.4513 0.0000
12        M:mem_cached
40        1606 1917.2500 1744.3431 576.3563 0.0000
10        M:mem_free
38        1606 9406.0996 9406.0996 0.0000 0.0000
11        M:mem_total
40        1606 11072.0285 11072.0285 0.0000 0.0000
16        M:io_writtendata
32        1606 0.1504 0.1194 0.0917 0.0000
11        M:io_writes
32        1606 8.0000 6.4400 4.7210 0.0000
6         M:cpu3
32        1606 0.7729 0.5438 0.6389 0.0000
6         M:cpu2
32        1606 1.2199 0.9057 0.8835 0.0000
6         M:cpu1
32        1606 2.0403 1.4282 1.7070 0.0000
6         M:cpu0
32        1606 0.9665 0.7017 0.7405 0.0000
5         M:cpu
32        1606 1.2514 0.8959 0.9924 0.0000
8         M:syslog
39        1606 1082.0000 788.0600 822.4853 0.0000
8         M:ssh_in
32        1606 2.0000 1.8200 0.6000 0.0000
14        M:cfengine_out
32        1606 1.0000 0.7000 0.8367 0.0000
13        M:cfengine_in
32        1606 1.0000 0.9100 0.3000 0.0000
9         M:loadavg
32        1606 0.0430 0.0321 0.0306 0.0000
10        M:diskfree
35        1606 64.0000 58.2400 19.2000 0.0000
12        M:otherprocs
32        1606 6.0000 5.4600 1.8000 0.0000
11        M:rootprocs
37        1606 110.0000 100.1000 33.0000 0.0000
7         M:users
32        1606 6.0000 5.4600 1.8000 0.0000
3         MOY
15        M:entropy_avail
34        155 84.5000 59.1500 70.8474 0.0000
12        M:mem_cached
39        155 1058.9355 741.2549 1546.1225 0.0000
16        M:io_writtendata
31        155 0.0479 0.0335 0.0419 0.0000
11        M:io_writes
31        155 3.0000 2.1000 2.6458 0.0000
6         M:cpu3
31        155 0.0133 0.0093 0.0111 0.0000
6         M:cpu2
31        155 0.0866 0.0606 0.0949 0.0000
6         M:cpu1
31        155 0.0999 0.0699 0.1070 0.0000
6         M:cpu0
31        155 0.1432 0.1002 0.1206 0.0000
5         M:cpu
31        155 0.0849 0.0594 0.0710 0.0000
8         M:syslog
37        155 145.0000 101.5000 121.3157 0.0000
8         M:ssh_in
31        155 2.0000 1.4000 1.6733 0.0000
13        M:cfengine_in
31        155 1.0000 0.7000 0.8367 0.0000
9         M:loadavg
31        155 0.0039 0.0027 0.0034 0.0000
10        M:diskfree
34        155 73.5000 51.4500 61.5642 0.0000
12        M:otherprocs
31        155 6.0000 4.2000 5.0200 0.0000
11        M:rootprocs
35        155 109.5000 76.6500 91.6152 0.0000
7         M:users
31        155 6.0000 4.2000 5.0200 0.0000
# send QUERY complete successful
