# delta from 1679690958 to 1679691019 at 1679691019
22        CFR: 0 1679691018 1631
3         PRD
60        Packing reports: delta,0.030904,0.134648,0.131951,1679690959
3         EXS
16        f,295,1679690847
3         MOM
15        M:entropy_avail
34        1401 6.0000 21.2100 56.3662 0.0000
12        M:mem_cached
40        1401 1542.4258 1403.2539 463.9062 0.0000
10        M:mem_free
40        1401 13835.6562 12592.0304 0.0000 0.0000
11        M:mem_total
40        1401 15817.1836 14393.6371 0.0000 0.0000
16        M:io_writtendata
32        1401 0.1572 0.1166 0.1141 0.0000
11        M:io_writes
32        1401 8.0000 6.0200 5.5975 0.0000
6         M:cpu3
32        1401 0.6805 0.5057 0.4917 0.0000
6         M:cpu2
32        1401 1.4070 1.0325 1.0497 0.0000
6         M:cpu1
32        1401 1.9932 1.3966 1.6637 0.0000
6         M:cpu0
32        1401 1.0667 0.7537 0.8731 0.0000
5         M:cpu
32        1401 1.2854 0.9211 1.0170 0.0000
8         M:syslog
40        1401 1319.0000 953.7500 1020.7985 0.0000
8         M:ssh_in
32        1401 2.0000 2.0300 0.1000 0.0000
13        M:cfengine_in
32        1401 1.0000 0.9100 0.3000 0.0000
9         M:loadavg
32        1401 0.0186 0.0130 0.0155 0.0000
10        M:diskfree
35        1401 69.0000 62.7900 20.7000 0.0000
12        M:otherprocs
32        1401 6.0000 5.4600 1.8000 0.0000
11        M:rootprocs
36        1401 109.0000 99.1900 32.7000 0.0000
7         M:users
32        1401 6.0000 5.4600 1.8000 0.0000
3         MOY
15        M:entropy_avail
34        155 84.5000 59.1500 70.8474 0.0000
12        M:mem_cached
39        155 1058.9355 741.2549 1546.1225 0.0000
16        M:io_writtendata
31        155 0.0479 0.0335 0.0419 0.0000
11        M:io_writes
31        155 3.0000 2.1000 2.6458 0.0000
6         M:cpu3
31        155 0.0133 0.0093 0.0111 0.0000
6         M:cpu2
31        155 0.0866 0.0606 0.0949 0.0000
6         M:cpu1
31        155 0.0999 0.0699 0.1070 0.0000
6         M:cpu0
31        155 0.1432 0.1002 0.1206 0.0000
5         M:cpu
31        155 0.0849 0.0594 0.0710 0.0000
8         M:syslog
37        155 145.0000 101.5000 121.3157 0.0000
8         M:ssh_in
31        155 2.0000 1.4000 1.6733 0.0000
13        M:cfengine_in
31        155 1.0000 0.7000 0.8367 0.0000
9         M:loadavg
31        155 0.0039 0.0027 0.0034 0.0000
10        M:diskfree
34        155 73.5000 51.4500 61.5642 0.0000
12        M:otherprocs
31        155 6.0000 4.2000 5.0200 0.0000
11        M:rootprocs
35        155 109.5000 76.6500 91.6152 0.0000
7         M:users
31        155 6.0000 4.2000 5.0200 0.0000
# send QUERY complete successful
