# delta from 1679741658 to 1679741719 at 1679741719
22        CFR: 0 1679741718 2405
3         PRD
60        Packing reports: delta,0.024278,0.058941,0.058616,1679741659
83        Sample(/proc/sys/kernel/random/entropy_avail),0.004682,0.002192,0.001634,1679741705
3         EXS
16        f,295,1679741528
3         MOM
15        M:entropy_avail
35        1570 94.0000 67.6900 73.4909 0.0000
32        1571 4.0000 2.8000 3.3466 0.0000
12        M:mem_cached
40        1570 1856.1641 1688.7607 558.0113 0.0000
41        1571 1856.1328 1299.2930 1552.9521 0.0000
10        M:mem_free
40        1570 13503.6875 12289.3318 0.0000 0.0000
39        1571 13502.7070 9451.8949 0.0000 0.0000
11        M:mem_total
40        1570 15817.1836 14393.6371 0.0000 0.0000
40        1571 15817.1836 11072.0285 0.0000 0.0000
16        M:io_writtendata
32        1570 0.1309 0.1031 0.0814 0.0000
32        1571 0.0508 0.0355 0.0425 0.0000
11        M:io_writes
32        1570 8.0000 6.0200 5.5975 0.0000
32        1571 2.0000 1.4000 1.6733 0.0000
6         M:cpu3
32        1570 0.3198 0.2630 0.1799 0.0000
32        1571 0.1332 0.0932 0.1114 0.0000
6         M:cpu2
32        1570 2.5732 1.8068 2.1373 0.0000
32        1571 0.1665 0.1166 0.1393 0.0000
6         M:cpu1
32        1570 0.8924 0.6456 0.6896 0.0000
32        1571 0.0333 0.0233 0.0279 0.0000
6         M:cpu0
32        1570 0.9519 0.6678 0.7926 0.0000
32        1571 0.0067 0.0047 0.0056 0.0000
5         M:cpu
32        1570 1.1873 0.8476 0.9482 0.0000
32        1571 0.0833 0.0583 0.0697 0.0000
8         M:syslog
38        1570 602.0000 452.0600 423.4813 0.0000
38        1571 146.0000 102.2000 122.1524 0.0000
8         M:ssh_in
32        1570 2.0000 1.8200 0.6000 0.0000
32        1571 2.0000 1.4000 1.6733 0.0000
14        M:cfengine_out
32        1570 1.0000 0.7000 0.8367 0.0000
13        M:cfengine_in
32        1570 1.0000 0.9100 0.3000 0.0000
32        1571 1.0000 0.7000 0.8367 0.0000
9         M:loadavg
32        1570 0.0469 0.0340 0.0359 0.0000
32        1571 0.0010 0.0007 0.0008 0.0000
10        M:diskfree
35        1570 65.0000 59.1500 19.5000 0.0000
35        1571 65.0000 45.5000 54.3829 0.0000
12        M:otherprocs
32        1570 6.0000 5.4600 1.8000 0.0000
32        1571 6.0000 4.2000 5.0200 0.0000
11        M:rootprocs
37        1570 110.0000 100.1000 33.0000 0.0000
36        1571 110.0000 77.0000 92.0326 0.0000
7         M:users
32        1570 6.0000 5.4600 1.8000 0.0000
32        1571 6.0000 4.2000 5.0200 0.0000
3         MOY
15        M:entropy_avail
34        155 84.5000 59.1500 70.8474 0.0000
12        M:mem_cached
39        155 1058.9355 741.2549 1546.1225 0.0000
16        M:io_writtendata
31        155 0.0479 0.0335 0.0419 0.0000
11        M:io_writes
31        155 3.0000 2.1000 2.6458 0.0000
6         M:cpu3
31        155 0.0133 0.0093 0.0111 0.0000
6         M:cpu2
31        155 0.0866 0.0606 0.0949 0.0000
6         M:cpu1
31        155 0.0999 0.0699 0.1070 0.0000
6         M:cpu0
31        155 0.1432 0.1002 0.1206 0.0000
5         M:cpu
31        155 0.0849 0.0594 0.0710 0.0000
8         M:syslog
37        155 145.0000 101.5000 121.3157 0.0000
8         M:ssh_in
31        155 2.0000 1.4000 1.6733 0.0000
13        M:cfengine_in
31        155 1.0000 0.7000 0.8367 0.0000
9         M:loadavg
31        155 0.0039 0.0027 0.0034 0.0000
10        M:diskfree
34        155 73.5000 51.4500 61.5642 0.0000
12        M:otherprocs
31        155 6.0000 4.2000 5.0200 0.0000
11        M:rootprocs
35        155 109.5000 76.6500 91.6152 0.0000
7         M:users
31        155 6.0000 4.2000 5.0200 0.0000
# send QUERY complete successful
