# delta from 1679758763 to 1679758824 at 1679758824
22        CFR: 0 1679758823 1676
3         PRD
60        Packing reports: delta,0.021259,0.045196,0.042808,1679758764
3         EXS
16        f,295,1679758660
3         MOM
15        M:entropy_avail
35        1627 89.0000 63.1400 72.1434 0.0000
12        M:mem_cached
40        1627 1952.6836 1776.5475 587.1203 0.0000
10        M:mem_free
40        1627 13400.8945 12191.5533 0.0000 0.0000
11        M:mem_total
40        1627 15817.1836 14393.6371 0.0000 0.0000
16        M:io_writtendata
32        1627 0.1143 0.0929 0.0659 0.0000
11        M:io_writes
32        1627 6.0000 4.6200 3.9563 0.0000
6         M:cpu3
32        1627 1.4066 0.9846 1.1768 0.0000
6         M:cpu2
32        1627 1.1285 0.8543 0.7774 0.0000
6         M:cpu1
32        1627 1.9859 1.3957 1.6459 0.0000
6         M:cpu0
32        1627 0.2599 0.1833 0.2136 0.0000
5         M:cpu
32        1627 1.1902 0.8520 0.9441 0.0000
8         M:syslog
38        1627 842.0000 620.0600 622.5666 0.0000
8         M:ssh_in
32        1627 2.0000 1.8200 0.6000 0.0000
14        M:cfengine_out
32        1627 1.0000 0.7000 0.8367 0.0000
13        M:cfengine_in
32        1627 1.0000 0.9100 0.3000 0.0000
9         M:loadavg
32        1627 0.0562 0.0398 0.0456 0.0000
10        M:diskfree
35        1627 64.0000 58.2400 19.2000 0.0000
12        M:otherprocs
32        1627 6.0000 5.4600 1.8000 0.0000
11        M:rootprocs
36        1627 110.0000 99.8900 33.7000 0.0000
7         M:users
32        1627 6.0000 5.4600 1.8000 0.0000
3         MOY
15        M:entropy_avail
34        155 84.5000 59.1500 70.8474 0.0000
12        M:mem_cached
39        155 1058.9355 741.2549 1546.1225 0.0000
16        M:io_writtendata
31        155 0.0479 0.0335 0.0419 0.0000
11        M:io_writes
31        155 3.0000 2.1000 2.6458 0.0000
6         M:cpu3
31        155 0.0133 0.0093 0.0111 0.0000
6         M:cpu2
31        155 0.0866 0.0606 0.0949 0.0000
6         M:cpu1
31        155 0.0999 0.0699 0.1070 0.0000
6         M:cpu0
31        155 0.1432 0.1002 0.1206 0.0000
5         M:cpu
31        155 0.0849 0.0594 0.0710 0.0000
8         M:syslog
37        155 145.0000 101.5000 121.3157 0.0000
8         M:ssh_in
31        155 2.0000 1.4000 1.6733 0.0000
13        M:cfengine_in
31        155 1.0000 0.7000 0.8367 0.0000
9         M:loadavg
31        155 0.0039 0.0027 0.0034 0.0000
10        M:diskfree
34        155 73.5000 51.4500 61.5642 0.0000
12        M:otherprocs
31        155 6.0000 4.2000 5.0200 0.0000
11        M:rootprocs
35        155 109.5000 76.6500 91.6152 0.0000
7         M:users
31        155 6.0000 4.2000 5.0200 0.0000
# send QUERY complete successful
