# delta from 1679739918 to 1679739980 at 1679739980
22        CFR: 0 1679739979 1627
3         PRD
60        Packing reports: delta,0.026223,0.068764,0.068404,1679739919
3         EXS
16        f,295,1679739757
3         MOM
15        M:entropy_avail
32        1565 1.0000 0.7000 0.8367 0.0000
12        M:mem_cached
41        1565 1846.1875 1292.3312 1544.6313 0.0000
10        M:mem_free
39        1565 13507.7695 9455.4387 0.0000 0.0000
11        M:mem_total
40        1565 15817.1836 11072.0285 0.0000 0.0000
16        M:io_writtendata
32        1565 0.1445 0.1012 0.1209 0.0000
11        M:io_writes
32        1565 8.0000 5.6000 6.6933 0.0000
6         M:cpu3
32        1565 1.0659 0.7461 0.8918 0.0000
6         M:cpu2
32        1565 1.4410 1.0087 1.2056 0.0000
6         M:cpu1
32        1565 0.8594 0.6016 0.7190 0.0000
6         M:cpu0
32        1565 0.4797 0.3358 0.4013 0.0000
5         M:cpu
32        1565 0.9597 0.6718 0.8029 0.0000
8         M:syslog
38        1565 990.0000 693.0000 828.2934 0.0000
8         M:ssh_in
32        1565 2.0000 1.4000 1.6733 0.0000
13        M:cfengine_in
32        1565 1.0000 0.7000 0.8367 0.0000
9         M:loadavg
32        1565 0.0122 0.0085 0.0102 0.0000
10        M:diskfree
35        1565 65.0000 45.5000 54.3829 0.0000
12        M:otherprocs
32        1565 6.0000 4.2000 5.0200 0.0000
11        M:rootprocs
36        1565 109.0000 76.3000 91.1959 0.0000
7         M:users
32        1565 6.0000 4.2000 5.0200 0.0000
3         MOY
15        M:entropy_avail
34        155 84.5000 59.1500 70.8474 0.0000
12        M:mem_cached
39        155 1058.9355 741.2549 1546.1225 0.0000
16        M:io_writtendata
31        155 0.0479 0.0335 0.0419 0.0000
11        M:io_writes
31        155 3.0000 2.1000 2.6458 0.0000
6         M:cpu3
31        155 0.0133 0.0093 0.0111 0.0000
6         M:cpu2
31        155 0.0866 0.0606 0.0949 0.0000
6         M:cpu1
31        155 0.0999 0.0699 0.1070 0.0000
6         M:cpu0
31        155 0.1432 0.1002 0.1206 0.0000
5         M:cpu
31        155 0.0849 0.0594 0.0710 0.0000
8         M:syslog
37        155 145.0000 101.5000 121.3157 0.0000
8         M:ssh_in
31        155 2.0000 1.4000 1.6733 0.0000
13        M:cfengine_in
31        155 1.0000 0.7000 0.8367 0.0000
9         M:loadavg
31        155 0.0039 0.0027 0.0034 0.0000
10        M:diskfree
34        155 73.5000 51.4500 61.5642 0.0000
12        M:otherprocs
31        155 6.0000 4.2000 5.0200 0.0000
11        M:rootprocs
35        155 109.5000 76.6500 91.6152 0.0000
7         M:users
31        155 6.0000 4.2000 5.0200 0.0000
# send QUERY complete successful
