# delta from 1679757023 to 1679757084 at 1679757084
22        CFR: 0 1679757083 1669
3         PRD
60        Packing reports: delta,0.034803,0.121124,0.109413,1679757024
83        Sample(/proc/sys/kernel/random/entropy_avail),0.004344,0.001887,0.001893,1679757029
3         EXS
16        f,295,1679756828
3         MOM
15        M:entropy_avail
32        1622 5.0000 3.5000 4.1833 0.0000
12        M:mem_cached
41        1622 1942.3867 1359.6707 1625.1173 0.0000
10        M:mem_free
39        1622 13402.9961 9382.0973 0.0000 0.0000
11        M:mem_total
40        1622 15817.1836 11072.0285 0.0000 0.0000
16        M:io_writtendata
32        1622 0.0342 0.0239 0.0286 0.0000
11        M:io_writes
32        1622 2.0000 1.4000 1.6733 0.0000
6         M:cpu3
32        1622 0.2198 0.1539 0.1839 0.0000
6         M:cpu2
32        1622 0.0333 0.0233 0.0279 0.0000
6         M:cpu1
32        1622 0.1265 0.0886 0.1059 0.0000
6         M:cpu0
32        1622 0.1132 0.0792 0.0947 0.0000
5         M:cpu
32        1622 0.1215 0.0851 0.1017 0.0000
8         M:syslog
38        1622 146.0000 102.2000 122.1524 0.0000
8         M:ssh_in
32        1622 2.0000 1.4000 1.6733 0.0000
13        M:cfengine_in
32        1622 1.0000 0.7000 0.8367 0.0000
10        M:diskfree
35        1622 64.0000 44.8000 53.5462 0.0000
12        M:otherprocs
32        1622 6.0000 4.2000 5.0200 0.0000
11        M:rootprocs
36        1622 109.0000 76.3000 91.1959 0.0000
7         M:users
32        1622 6.0000 4.2000 5.0200 0.0000
3         MOY
15        M:entropy_avail
34        155 84.5000 59.1500 70.8474 0.0000
12        M:mem_cached
39        155 1058.9355 741.2549 1546.1225 0.0000
16        M:io_writtendata
31        155 0.0479 0.0335 0.0419 0.0000
11        M:io_writes
31        155 3.0000 2.1000 2.6458 0.0000
6         M:cpu3
31        155 0.0133 0.0093 0.0111 0.0000
6         M:cpu2
31        155 0.0866 0.0606 0.0949 0.0000
6         M:cpu1
31        155 0.0999 0.0699 0.1070 0.0000
6         M:cpu0
31        155 0.1432 0.1002 0.1206 0.0000
5         M:cpu
31        155 0.0849 0.0594 0.0710 0.0000
8         M:syslog
37        155 145.0000 101.5000 121.3157 0.0000
8         M:ssh_in
31        155 2.0000 1.4000 1.6733 0.0000
13        M:cfengine_in
31        155 1.0000 0.7000 0.8367 0.0000
9         M:loadavg
31        155 0.0039 0.0027 0.0034 0.0000
10        M:diskfree
34        155 73.5000 51.4500 61.5642 0.0000
12        M:otherprocs
31        155 6.0000 4.2000 5.0200 0.0000
11        M:rootprocs
35        155 109.5000 76.6500 91.6152 0.0000
7         M:users
31        155 6.0000 4.2000 5.0200 0.0000
# send QUERY complete successful
