# delta from 1679748558 to 1679748619 at 1679748619
22        CFR: 0 1679748618 2407
3         PRD
60        Packing reports: delta,0.029663,0.087990,0.085295,1679748559
83        Sample(/proc/sys/kernel/random/entropy_avail),0.004781,0.002286,0.002063,1679748615
3         EXS
16        f,295,1679748440
3         MOM
15        M:entropy_avail
35        1593 89.0000 63.3500 71.5711 0.0000
32        1594 1.0000 0.7000 0.8367 0.0000
12        M:mem_cached
40        1593 1895.3086 1724.3551 569.8449 0.0000
41        1594 1895.3203 1326.7242 1585.7387 0.0000
10        M:mem_free
40        1593 13459.7812 12246.2066 0.0000 0.0000
39        1594 13458.8242 9421.1770 0.0000 0.0000
11        M:mem_total
40        1593 15817.1836 14393.6371 0.0000 0.0000
40        1594 15817.1836 11072.0285 0.0000 0.0000
16        M:io_writtendata
32        1593 0.1494 0.1112 0.1077 0.0000
32        1594 0.0703 0.0492 0.0588 0.0000
11        M:io_writes
32        1593 8.0000 6.0200 5.5975 0.0000
32        1594 6.0000 4.2000 5.0200 0.0000
6         M:cpu3
32        1593 0.5535 0.3930 0.4476 0.0000
32        1594 0.0400 0.0280 0.0334 0.0000
6         M:cpu2
32        1593 1.9865 1.4326 1.5477 0.0000
32        1594 0.0999 0.0699 0.0836 0.0000
6         M:cpu1
32        1593 0.4797 0.3596 0.3390 0.0000
32        1594 0.1199 0.0839 0.1003 0.0000
6         M:cpu0
32        1593 1.8308 1.2857 1.5201 0.0000
32        1594 0.0932 0.0653 0.0780 0.0000
5         M:cpu
32        1593 1.2111 0.8667 0.9615 0.0000
32        1594 0.0883 0.0618 0.0738 0.0000
8         M:syslog
41        1593 1565.0000 1126.1600 1225.6937 0.0000
38        1594 146.0000 102.2000 122.1524 0.0000
8         M:ssh_in
32        1593 2.0000 1.8200 0.6000 0.0000
32        1594 2.0000 1.4000 1.6733 0.0000
14        M:cfengine_out
32        1593 1.0000 0.7000 0.8367 0.0000
13        M:cfengine_in
32        1593 1.0000 0.9100 0.3000 0.0000
32        1594 1.0000 0.7000 0.8367 0.0000
9         M:loadavg
32        1593 0.1040 0.0732 0.0859 0.0000
32        1594 0.0054 0.0038 0.0045 0.0000
10        M:diskfree
35        1593 64.0000 58.2400 19.2000 0.0000
35        1594 64.0000 44.8000 53.5462 0.0000
12        M:otherprocs
32        1593 6.0000 5.4600 1.8000 0.0000
32        1594 6.0000 4.2000 5.0200 0.0000
11        M:rootprocs
36        1593 110.0000 99.6800 34.4000 0.0000
36        1594 109.0000 76.3000 91.1959 0.0000
7         M:users
32        1593 6.0000 5.4600 1.8000 0.0000
32        1594 6.0000 4.2000 5.0200 0.0000
3         MOY
15        M:entropy_avail
34        155 84.5000 59.1500 70.8474 0.0000
12        M:mem_cached
39        155 1058.9355 741.2549 1546.1225 0.0000
16        M:io_writtendata
31        155 0.0479 0.0335 0.0419 0.0000
11        M:io_writes
31        155 3.0000 2.1000 2.6458 0.0000
6         M:cpu3
31        155 0.0133 0.0093 0.0111 0.0000
6         M:cpu2
31        155 0.0866 0.0606 0.0949 0.0000
6         M:cpu1
31        155 0.0999 0.0699 0.1070 0.0000
6         M:cpu0
31        155 0.1432 0.1002 0.1206 0.0000
5         M:cpu
31        155 0.0849 0.0594 0.0710 0.0000
8         M:syslog
37        155 145.0000 101.5000 121.3157 0.0000
8         M:ssh_in
31        155 2.0000 1.4000 1.6733 0.0000
13        M:cfengine_in
31        155 1.0000 0.7000 0.8367 0.0000
9         M:loadavg
31        155 0.0039 0.0027 0.0034 0.0000
10        M:diskfree
34        155 73.5000 51.4500 61.5642 0.0000
12        M:otherprocs
31        155 6.0000 4.2000 5.0200 0.0000
11        M:rootprocs
35        155 109.5000 76.6500 91.6152 0.0000
7         M:users
31        155 6.0000 4.2000 5.0200 0.0000
# send QUERY complete successful
