# delta from 1679678658 to 1679678719 at 1679678719
22        CFR: 0 1679678718 1677
3         PRD
60        Packing reports: delta,0.029199,0.085257,0.085351,1679678659
3         EXS
16        f,295,1679678561
3         MOM
15        M:entropy_avail
34        1360 2.0000 20.3000 65.6178 0.0000
12        M:mem_cached
40        1360 1473.2578 1340.2807 443.2570 0.0000
10        M:mem_free
40        1360 13926.0391 12672.4855 0.0000 0.0000
11        M:mem_total
40        1360 15817.1836 14393.6371 0.0000 0.0000
16        M:io_writtendata
32        1360 0.1523 0.1136 0.1091 0.0000
11        M:io_writes
32        1360 8.0000 6.0200 5.5975 0.0000
6         M:cpu3
32        1360 0.8282 0.6007 0.6361 0.0000
6         M:cpu2
32        1360 0.8471 0.6140 0.6519 0.0000
6         M:cpu1
32        1360 2.7092 1.9216 2.1972 0.0000
6         M:cpu0
32        1360 0.9002 0.6413 0.7224 0.0000
5         M:cpu
32        1360 1.3212 0.9444 1.0517 0.0000
8         M:syslog
39        1360 1077.0000 784.3500 818.8623 0.0000
8         M:ssh_in
32        1360 2.0000 1.8200 0.6000 0.0000
14        M:cfengine_out
32        1360 1.0000 0.7000 0.8367 0.0000
13        M:cfengine_in
32        1360 1.0000 0.9100 0.3000 0.0000
9         M:loadavg
32        1360 0.0356 0.0250 0.0298 0.0000
10        M:diskfree
35        1360 70.0000 63.7000 21.0000 0.0000
12        M:otherprocs
32        1360 6.0000 5.4600 1.8000 0.0000
11        M:rootprocs
37        1360 111.0000 100.8000 34.0000 0.0000
7         M:users
32        1360 6.0000 5.4600 1.8000 0.0000
3         MOY
15        M:entropy_avail
34        155 84.5000 59.1500 70.8474 0.0000
12        M:mem_cached
39        155 1058.9355 741.2549 1546.1225 0.0000
16        M:io_writtendata
31        155 0.0479 0.0335 0.0419 0.0000
11        M:io_writes
31        155 3.0000 2.1000 2.6458 0.0000
6         M:cpu3
31        155 0.0133 0.0093 0.0111 0.0000
6         M:cpu2
31        155 0.0866 0.0606 0.0949 0.0000
6         M:cpu1
31        155 0.0999 0.0699 0.1070 0.0000
6         M:cpu0
31        155 0.1432 0.1002 0.1206 0.0000
5         M:cpu
31        155 0.0849 0.0594 0.0710 0.0000
8         M:syslog
37        155 145.0000 101.5000 121.3157 0.0000
8         M:ssh_in
31        155 2.0000 1.4000 1.6733 0.0000
13        M:cfengine_in
31        155 1.0000 0.7000 0.8367 0.0000
9         M:loadavg
31        155 0.0039 0.0027 0.0034 0.0000
10        M:diskfree
34        155 73.5000 51.4500 61.5642 0.0000
12        M:otherprocs
31        155 6.0000 4.2000 5.0200 0.0000
11        M:rootprocs
35        155 109.5000 76.6500 91.6152 0.0000
7         M:users
31        155 6.0000 4.2000 5.0200 0.0000
# send QUERY complete successful
