# delta from 1679685859 to 1679685919 at 1679685919
22        CFR: 0 1679685918 1676
3         PRD
60        Packing reports: delta,0.035256,0.124300,0.133213,1679685860
3         EXS
16        f,297,1679685769
3         MOM
15        M:entropy_avail
34        1384 1.0000 18.3400 61.8090 0.0000
12        M:mem_cached
40        1384 1513.7070 1377.0920 455.3836 0.0000
10        M:mem_free
40        1384 13876.4062 12624.2673 0.0000 0.0000
11        M:mem_total
40        1384 15817.1836 14393.6371 0.0000 0.0000
16        M:io_writtendata
32        1384 0.1543 0.1152 0.1102 0.0000
11        M:io_writes
32        1384 8.0000 6.0200 5.5975 0.0000
6         M:cpu3
32        1384 1.8563 1.3204 1.4953 0.0000
6         M:cpu2
32        1384 0.6073 0.4293 0.4965 0.0000
6         M:cpu1
32        1384 1.7622 1.2825 1.3421 0.0000
6         M:cpu0
32        1384 1.2495 0.8844 1.0183 0.0000
5         M:cpu
32        1384 1.3671 0.9776 1.0872 0.0000
8         M:syslog
39        1384 1079.0000 785.7500 820.5301 0.0000
8         M:ssh_in
32        1384 2.0000 1.8200 0.6000 0.0000
14        M:cfengine_out
32        1384 1.0000 0.7000 0.8367 0.0000
13        M:cfengine_in
32        1384 1.0000 0.9100 0.3000 0.0000
9         M:loadavg
32        1384 0.0708 0.0496 0.0592 0.0000
10        M:diskfree
35        1384 69.0000 62.7900 20.7000 0.0000
12        M:otherprocs
32        1384 6.0000 5.4600 1.8000 0.0000
11        M:rootprocs
36        1384 110.0000 99.8900 33.7000 0.0000
7         M:users
32        1384 6.0000 5.4600 1.8000 0.0000
3         MOY
15        M:entropy_avail
34        155 84.5000 59.1500 70.8474 0.0000
12        M:mem_cached
39        155 1058.9355 741.2549 1546.1225 0.0000
16        M:io_writtendata
31        155 0.0479 0.0335 0.0419 0.0000
11        M:io_writes
31        155 3.0000 2.1000 2.6458 0.0000
6         M:cpu3
31        155 0.0133 0.0093 0.0111 0.0000
6         M:cpu2
31        155 0.0866 0.0606 0.0949 0.0000
6         M:cpu1
31        155 0.0999 0.0699 0.1070 0.0000
6         M:cpu0
31        155 0.1432 0.1002 0.1206 0.0000
5         M:cpu
31        155 0.0849 0.0594 0.0710 0.0000
8         M:syslog
37        155 145.0000 101.5000 121.3157 0.0000
8         M:ssh_in
31        155 2.0000 1.4000 1.6733 0.0000
13        M:cfengine_in
31        155 1.0000 0.7000 0.8367 0.0000
9         M:loadavg
31        155 0.0039 0.0027 0.0034 0.0000
10        M:diskfree
34        155 73.5000 51.4500 61.5642 0.0000
12        M:otherprocs
31        155 6.0000 4.2000 5.0200 0.0000
11        M:rootprocs
35        155 109.5000 76.6500 91.6152 0.0000
7         M:users
31        155 6.0000 4.2000 5.0200 0.0000
# send QUERY complete successful
