# delta from 1679738658 to 1679738719 at 1679738719
22        CFR: 0 1679738718 2362
3         PRD
60        Packing reports: delta,0.026686,0.071215,0.071247,1679738659
83        Sample(/proc/sys/kernel/random/entropy_avail),0.004489,0.002015,0.002358,1679738700
3         EXS
16        f,307,1679738576
3         MOM
15        M:entropy_avail
35        1560 77.0000 53.9000 64.4228 0.0000
32        1561 6.0000 4.2000 5.0200 0.0000
12        M:mem_cached
40        1560 1837.6602 1672.2666 551.3117 0.0000
41        1561 1839.4375 1287.6062 1538.9838 0.0000
10        M:mem_free
40        1560 13521.4922 12305.2814 0.0000 0.0000
39        1561 13503.7344 9452.6141 0.0000 0.0000
11        M:mem_total
40        1560 15817.1836 14393.6371 0.0000 0.0000
40        1561 15817.1836 11072.0285 0.0000 0.0000
16        M:io_writtendata
32        1560 0.0420 0.0628 0.0694 0.0000
32        1561 0.1836 0.1285 0.1536 0.0000
11        M:io_writes
32        1560 2.0000 3.0800 3.6000 0.0000
33        1561 10.0000 7.0000 8.3666 0.0000
6         M:cpu3
32        1560 0.0932 0.4803 1.4092 0.0000
32        1561 0.3666 0.2566 0.3067 0.0000
6         M:cpu2
32        1560 0.2397 0.3695 0.4327 0.0000
32        1561 2.8556 1.9989 2.3892 0.0000
6         M:cpu1
32        1560 0.0532 0.2218 0.6188 0.0000
32        1561 0.7269 0.5088 0.6081 0.0000
6         M:cpu0
32        1560 0.0067 0.2427 0.8387 0.0000
32        1561 1.0063 0.7044 0.8419 0.0000
5         M:cpu
32        1560 0.0982 0.3286 0.8571 0.0000
32        1561 1.2385 0.8669 1.0362 0.0000
8         M:syslog
39        1560 146.0000 431.2700 1071.7277 0.0000
40        1561 1326.0000 928.2000 1109.4112 0.0000
8         M:ssh_in
32        1560 2.0000 1.8200 0.6000 0.0000
32        1561 2.0000 1.4000 1.6733 0.0000
13        M:cfengine_in
32        1560 1.0000 0.9100 0.3000 0.0000
32        1561 1.0000 0.7000 0.8367 0.0000
9         M:loadavg
32        1560 0.0000 0.0042 0.0149 0.0000
32        1561 0.0181 0.0126 0.0151 0.0000
10        M:diskfree
35        1560 65.0000 59.1500 19.5000 0.0000
35        1561 65.0000 45.5000 54.3829 0.0000
12        M:otherprocs
32        1560 6.0000 5.4600 1.8000 0.0000
32        1561 6.0000 4.2000 5.0200 0.0000
11        M:rootprocs
36        1560 109.0000 98.9800 33.4000 0.0000
36        1561 109.0000 76.3000 91.1959 0.0000
7         M:users
32        1560 6.0000 5.4600 1.8000 0.0000
32        1561 6.0000 4.2000 5.0200 0.0000
3         MOY
15        M:entropy_avail
34        155 84.5000 59.1500 70.8474 0.0000
12        M:mem_cached
39        155 1058.9355 741.2549 1546.1225 0.0000
16        M:io_writtendata
31        155 0.0479 0.0335 0.0419 0.0000
11        M:io_writes
31        155 3.0000 2.1000 2.6458 0.0000
6         M:cpu3
31        155 0.0133 0.0093 0.0111 0.0000
6         M:cpu2
31        155 0.0866 0.0606 0.0949 0.0000
6         M:cpu1
31        155 0.0999 0.0699 0.1070 0.0000
6         M:cpu0
31        155 0.1432 0.1002 0.1206 0.0000
5         M:cpu
31        155 0.0849 0.0594 0.0710 0.0000
8         M:syslog
37        155 145.0000 101.5000 121.3157 0.0000
8         M:ssh_in
31        155 2.0000 1.4000 1.6733 0.0000
13        M:cfengine_in
31        155 1.0000 0.7000 0.8367 0.0000
9         M:loadavg
31        155 0.0039 0.0027 0.0034 0.0000
10        M:diskfree
34        155 73.5000 51.4500 61.5642 0.0000
12        M:otherprocs
31        155 6.0000 4.2000 5.0200 0.0000
11        M:rootprocs
35        155 109.5000 76.6500 91.6152 0.0000
7         M:users
31        155 6.0000 4.2000 5.0200 0.0000
# send QUERY complete successful
