# delta from 1679693479 to 1679693539 at 1679693539
22        CFR: 0 1679693538 1713
3         PRD
60        Packing reports: delta,0.032718,0.058933,0.059053,1679693480
83        Sample(/proc/sys/kernel/random/entropy_avail),0.004870,0.002371,0.002735,1679693481
3         EXS
16        f,299,1679693270
3         MOM
15        M:entropy_avail
35        1410 82.0000 57.4000 68.6061 0.0000
12        M:mem_cached
41        1410 1558.1367 1090.6957 1303.6307 0.0000
10        M:mem_free
39        1410 13827.3203 9679.1242 0.0000 0.0000
11        M:mem_total
40        1410 15817.1836 11072.0285 0.0000 0.0000
16        M:io_writtendata
32        1410 0.0410 0.0287 0.0343 0.0000
11        M:io_writes
32        1410 2.0000 1.4000 1.6733 0.0000
6         M:cpu3
32        1410 0.0133 0.0093 0.0111 0.0000
6         M:cpu2
32        1410 0.2132 0.1492 0.1784 0.0000
6         M:cpu1
32        1410 0.0266 0.0186 0.0223 0.0000
6         M:cpu0
32        1410 0.1132 0.0792 0.0947 0.0000
5         M:cpu
32        1410 0.0932 0.0653 0.0780 0.0000
8         M:syslog
38        1410 145.0000 101.5000 121.3157 0.0000
8         M:ssh_in
32        1410 2.0000 1.4000 1.6733 0.0000
13        M:cfengine_in
32        1410 1.0000 0.7000 0.8367 0.0000
9         M:loadavg
32        1410 0.0024 0.0017 0.0020 0.0000
10        M:diskfree
35        1410 69.0000 48.3000 57.7295 0.0000
12        M:otherprocs
32        1410 6.0000 4.2000 5.0200 0.0000
11        M:rootprocs
36        1410 111.0000 77.7000 92.8693 0.0000
7         M:users
32        1410 6.0000 4.2000 5.0200 0.0000
3         MOY
15        M:entropy_avail
34        155 84.5000 59.1500 70.8474 0.0000
12        M:mem_cached
39        155 1058.9355 741.2549 1546.1225 0.0000
16        M:io_writtendata
31        155 0.0479 0.0335 0.0419 0.0000
11        M:io_writes
31        155 3.0000 2.1000 2.6458 0.0000
6         M:cpu3
31        155 0.0133 0.0093 0.0111 0.0000
6         M:cpu2
31        155 0.0866 0.0606 0.0949 0.0000
6         M:cpu1
31        155 0.0999 0.0699 0.1070 0.0000
6         M:cpu0
31        155 0.1432 0.1002 0.1206 0.0000
5         M:cpu
31        155 0.0849 0.0594 0.0710 0.0000
8         M:syslog
37        155 145.0000 101.5000 121.3157 0.0000
8         M:ssh_in
31        155 2.0000 1.4000 1.6733 0.0000
13        M:cfengine_in
31        155 1.0000 0.7000 0.8367 0.0000
9         M:loadavg
31        155 0.0039 0.0027 0.0034 0.0000
10        M:diskfree
34        155 73.5000 51.4500 61.5642 0.0000
12        M:otherprocs
31        155 6.0000 4.2000 5.0200 0.0000
11        M:rootprocs
35        155 109.5000 76.6500 91.6152 0.0000
7         M:users
31        155 6.0000 4.2000 5.0200 0.0000
# send QUERY complete successful
