# delta from 1679735658 to 1679735719 at 1679735719
22        CFR: 0 1679735718 1764
3         PRD
60        Packing reports: delta,0.035271,0.124401,0.124794,1679735659
83        Sample(/proc/sys/kernel/random/entropy_avail),0.004840,0.002343,0.001791,1679735696
3         EXS
16        f,324,1679735603
3         MOM
15        M:entropy_avail
34        1550 6.0000 21.4200 57.1088 0.0000
12        M:mem_cached
40        1550 1822.4609 1658.0646 547.9879 0.0000
10        M:mem_free
40        1550 13541.6328 12321.4405 0.0000 0.0000
11        M:mem_total
40        1550 15817.1836 14393.6371 0.0000 0.0000
16        M:io_writtendata
32        1550 2.6660 1.8756 2.2043 0.0000
13        M:io_readdata
32        1550 0.0156 0.0109 0.0131 0.0000
11        M:io_writes
35        1550 22.0000 15.8200 17.2595 0.0000
6         M:cpu3
32        1550 8.7939 6.1585 7.3497 0.0000
6         M:cpu2
32        1550 6.6399 4.6829 5.4584 0.0000
6         M:cpu1
32        1550 8.8592 6.2168 7.3693 0.0000
6         M:cpu0
32        1550 9.0933 6.4325 7.4222 0.0000
5         M:cpu
32        1550 8.3458 5.8721 6.8991 0.0000
8         M:syslog
41        1550 1510.0000 1159.0600 1003.7448 0.0000
8         M:ssh_in
32        1550 2.0000 1.8200 0.6000 0.0000
13        M:cfengine_in
32        1550 1.0000 0.9100 0.3000 0.0000
9         M:loadavg
32        1550 0.1230 0.0861 0.1029 0.0000
10        M:diskfree
35        1550 65.0000 59.1500 19.5000 0.0000
12        M:otherprocs
32        1550 6.0000 5.4600 1.8000 0.0000
11        M:rootprocs
37        1550 111.0000 100.8000 34.0000 0.0000
7         M:users
32        1550 6.0000 5.4600 1.8000 0.0000
3         MOY
15        M:entropy_avail
34        155 84.5000 59.1500 70.8474 0.0000
12        M:mem_cached
39        155 1058.9355 741.2549 1546.1225 0.0000
16        M:io_writtendata
31        155 0.0479 0.0335 0.0419 0.0000
11        M:io_writes
31        155 3.0000 2.1000 2.6458 0.0000
6         M:cpu3
31        155 0.0133 0.0093 0.0111 0.0000
6         M:cpu2
31        155 0.0866 0.0606 0.0949 0.0000
6         M:cpu1
31        155 0.0999 0.0699 0.1070 0.0000
6         M:cpu0
31        155 0.1432 0.1002 0.1206 0.0000
5         M:cpu
31        155 0.0849 0.0594 0.0710 0.0000
8         M:syslog
37        155 145.0000 101.5000 121.3157 0.0000
8         M:ssh_in
31        155 2.0000 1.4000 1.6733 0.0000
13        M:cfengine_in
31        155 1.0000 0.7000 0.8367 0.0000
9         M:loadavg
31        155 0.0039 0.0027 0.0034 0.0000
10        M:diskfree
34        155 73.5000 51.4500 61.5642 0.0000
12        M:otherprocs
31        155 6.0000 4.2000 5.0200 0.0000
11        M:rootprocs
35        155 109.5000 76.6500 91.6152 0.0000
7         M:users
31        155 6.0000 4.2000 5.0200 0.0000
# send QUERY complete successful
