# delta from 1679661618 to 1679661679 at 1679661679
22        CFR: 0 1679661678 1712
3         PRD
60        Packing reports: delta,0.043485,0.245339,0.256064,1679661619
83        Sample(/proc/sys/kernel/random/entropy_avail),0.005128,0.002630,0.002327,1679661621
3         EXS
16        f,252,1679661430
3         MOM
15        M:entropy_avail
35        1304 87.0000 60.9000 72.7894 0.0000
12        M:mem_cached
38        1304 844.1562 590.9094 706.2718 0.0000
10        M:mem_free
40        1304 14592.4102 10214.6871 0.0000 0.0000
11        M:mem_total
40        1304 15817.1836 11072.0285 0.0000 0.0000
16        M:io_writtendata
32        1304 0.1045 0.0731 0.0874 0.0000
11        M:io_writes
32        1304 2.0000 1.4000 1.6733 0.0000
6         M:cpu3
32        1304 0.1265 0.0886 0.1059 0.0000
6         M:cpu2
32        1304 0.7407 0.5185 0.6197 0.0000
6         M:cpu1
32        1304 0.0200 0.0140 0.0167 0.0000
6         M:cpu0
32        1304 0.0133 0.0093 0.0111 0.0000
5         M:cpu
32        1304 0.2232 0.1562 0.1867 0.0000
8         M:syslog
38        1304 145.0000 101.5000 121.3157 0.0000
8         M:ssh_in
32        1304 2.0000 1.4000 1.6733 0.0000
13        M:cfengine_in
32        1304 1.0000 0.7000 0.8367 0.0000
9         M:loadavg
32        1304 0.0391 0.0273 0.0327 0.0000
10        M:diskfree
35        1304 75.0000 52.5000 62.7495 0.0000
12        M:otherprocs
32        1304 6.0000 4.2000 5.0200 0.0000
11        M:rootprocs
36        1304 109.0000 76.3000 91.1959 0.0000
7         M:users
32        1304 6.0000 4.2000 5.0200 0.0000
3         MOY
15        M:entropy_avail
37        155 259.0000 181.3000 263.8877 0.0000
12        M:mem_cached
37        155 742.6699 519.8689 626.1966 0.0000
16        M:io_writtendata
31        155 0.0454 0.0318 0.0393 0.0000
11        M:io_writes
31        155 2.0000 1.4000 1.6733 0.0000
6         M:cpu3
31        155 0.0799 0.0559 0.0870 0.0000
6         M:cpu2
31        155 0.2633 0.1843 0.2367 0.0000
6         M:cpu1
31        155 0.0166 0.0116 0.0142 0.0000
6         M:cpu0
31        155 0.0866 0.0606 0.0949 0.0000
5         M:cpu
31        155 0.1124 0.0787 0.0965 0.0000
8         M:syslog
37        155 145.0000 101.5000 121.3157 0.0000
8         M:ssh_in
31        155 2.0000 1.4000 1.6733 0.0000
13        M:cfengine_in
31        155 1.0000 0.7000 0.8367 0.0000
9         M:loadavg
31        155 0.0015 0.0010 0.0017 0.0000
10        M:diskfree
34        155 76.0000 53.2000 63.5917 0.0000
12        M:otherprocs
31        155 6.0000 4.2000 5.0200 0.0000
11        M:rootprocs
35        155 110.0000 77.0000 92.0326 0.0000
7         M:users
31        155 6.0000 4.2000 5.0200 0.0000
# send QUERY complete successful
