# delta from 1679690298 to 1679690359 at 1679690359
22        CFR: 0 1679690358 1713
3         PRD
60        Packing reports: delta,0.047916,0.156115,0.142603,1679690299
83        Sample(/proc/sys/kernel/random/entropy_avail),0.004733,0.002240,0.002200,1679690325
3         EXS
16        f,295,1679690257
3         MOM
15        M:entropy_avail
34        1399 2.0000 18.2000 58.1825 0.0000
12        M:mem_cached
40        1399 1539.0000 1400.1323 462.8922 0.0000
10        M:mem_free
40        1399 13841.3711 12593.4550 0.0000 0.0000
11        M:mem_total
40        1399 15817.1836 14393.6371 0.0000 0.0000
16        M:io_writtendata
32        1399 0.1562 0.1159 0.1133 0.0000
11        M:io_writes
32        1399 8.0000 6.0200 5.5975 0.0000
6         M:cpu3
32        1399 1.4909 1.0479 1.2358 0.0000
6         M:cpu2
32        1399 1.1686 0.8432 0.9092 0.0000
6         M:cpu1
32        1399 1.1752 0.8492 0.9110 0.0000
6         M:cpu0
32        1399 1.4585 1.0504 1.1402 0.0000
5         M:cpu
32        1399 1.3236 0.9475 1.0499 0.0000
8         M:syslog
39        1399 1076.0000 783.6500 818.0284 0.0000
8         M:ssh_in
32        1399 2.0000 1.8200 0.6000 0.0000
13        M:cfengine_in
32        1399 1.0000 0.9100 0.3000 0.0000
9         M:loadavg
32        1399 0.0503 0.0356 0.0409 0.0000
10        M:diskfree
35        1399 69.0000 62.7900 20.7000 0.0000
12        M:otherprocs
32        1399 6.0000 5.4600 1.8000 0.0000
11        M:rootprocs
36        1399 108.0000 98.2800 32.4000 0.0000
7         M:users
32        1399 6.0000 5.4600 1.8000 0.0000
3         MOY
15        M:entropy_avail
34        155 84.5000 59.1500 70.8474 0.0000
12        M:mem_cached
39        155 1058.9355 741.2549 1546.1225 0.0000
16        M:io_writtendata
31        155 0.0479 0.0335 0.0419 0.0000
11        M:io_writes
31        155 3.0000 2.1000 2.6458 0.0000
6         M:cpu3
31        155 0.0133 0.0093 0.0111 0.0000
6         M:cpu2
31        155 0.0866 0.0606 0.0949 0.0000
6         M:cpu1
31        155 0.0999 0.0699 0.1070 0.0000
6         M:cpu0
31        155 0.1432 0.1002 0.1206 0.0000
5         M:cpu
31        155 0.0849 0.0594 0.0710 0.0000
8         M:syslog
37        155 145.0000 101.5000 121.3157 0.0000
8         M:ssh_in
31        155 2.0000 1.4000 1.6733 0.0000
13        M:cfengine_in
31        155 1.0000 0.7000 0.8367 0.0000
9         M:loadavg
31        155 0.0039 0.0027 0.0034 0.0000
10        M:diskfree
34        155 73.5000 51.4500 61.5642 0.0000
12        M:otherprocs
31        155 6.0000 4.2000 5.0200 0.0000
11        M:rootprocs
35        155 109.5000 76.6500 91.6152 0.0000
7         M:users
31        155 6.0000 4.2000 5.0200 0.0000
# send QUERY complete successful
