# delta from 1679716158 to 1679716219 at 1679716219
22        CFR: 0 1679716218 1714
3         PRD
60        Packing reports: delta,0.022071,0.048713,0.044875,1679716159
83        Sample(/proc/sys/kernel/random/entropy_avail),0.004515,0.002039,0.001939,1679716166
3         EXS
16        f,299,1679716070
3         MOM
15        M:entropy_avail
34        1485 4.0000 21.7000 64.3250 0.0000
12        M:mem_cached
40        1485 1711.4414 1557.0630 514.5945 0.0000
10        M:mem_free
40        1485 13647.1953 12420.8197 0.0000 0.0000
11        M:mem_total
40        1485 15817.1836 14393.6371 0.0000 0.0000
16        M:io_writtendata
32        1485 0.1650 0.1223 0.1201 0.0000
11        M:io_writes
32        1485 8.0000 6.0200 5.5975 0.0000
6         M:cpu3
32        1485 0.9880 0.7112 0.7732 0.0000
6         M:cpu2
32        1485 1.1127 0.7831 0.9193 0.0000
6         M:cpu1
32        1485 0.6668 0.5018 0.4667 0.0000
6         M:cpu0
32        1485 2.1386 1.4998 1.7815 0.0000
5         M:cpu
32        1485 1.2301 0.8768 0.9859 0.0000
8         M:syslog
39        1485 1078.0000 785.0500 819.6962 0.0000
8         M:ssh_in
32        1485 2.0000 2.0300 0.1000 0.0000
13        M:cfengine_in
32        1485 1.0000 0.9100 0.3000 0.0000
9         M:loadavg
32        1485 0.0146 0.0123 0.0079 0.0000
10        M:diskfree
35        1485 67.0000 60.9700 20.1000 0.0000
12        M:otherprocs
32        1485 6.0000 5.4600 1.8000 0.0000
11        M:rootprocs
37        1485 110.0000 100.1000 33.0000 0.0000
7         M:users
32        1485 6.0000 5.4600 1.8000 0.0000
3         MOY
15        M:entropy_avail
34        155 84.5000 59.1500 70.8474 0.0000
12        M:mem_cached
39        155 1058.9355 741.2549 1546.1225 0.0000
16        M:io_writtendata
31        155 0.0479 0.0335 0.0419 0.0000
11        M:io_writes
31        155 3.0000 2.1000 2.6458 0.0000
6         M:cpu3
31        155 0.0133 0.0093 0.0111 0.0000
6         M:cpu2
31        155 0.0866 0.0606 0.0949 0.0000
6         M:cpu1
31        155 0.0999 0.0699 0.1070 0.0000
6         M:cpu0
31        155 0.1432 0.1002 0.1206 0.0000
5         M:cpu
31        155 0.0849 0.0594 0.0710 0.0000
8         M:syslog
37        155 145.0000 101.5000 121.3157 0.0000
8         M:ssh_in
31        155 2.0000 1.4000 1.6733 0.0000
13        M:cfengine_in
31        155 1.0000 0.7000 0.8367 0.0000
9         M:loadavg
31        155 0.0039 0.0027 0.0034 0.0000
10        M:diskfree
34        155 73.5000 51.4500 61.5642 0.0000
12        M:otherprocs
31        155 6.0000 4.2000 5.0200 0.0000
11        M:rootprocs
35        155 109.5000 76.6500 91.6152 0.0000
7         M:users
31        155 6.0000 4.2000 5.0200 0.0000
# send QUERY complete successful
