# delta from 1679732658 to 1679732719 at 1679732719
22        CFR: 0 1679732718 1713
3         PRD
60        Packing reports: delta,0.033807,0.114288,0.110304,1679732659
83        Sample(/proc/sys/kernel/random/entropy_avail),0.005153,0.002655,0.002196,1679732692
3         EXS
16        f,295,1679732550
3         MOM
15        M:entropy_avail
34        1540 2.0000 17.9900 57.4390 0.0000
12        M:mem_cached
40        1540 1804.9883 1642.1899 542.6613 0.0000
10        M:mem_free
40        1540 13537.6016 12320.5324 0.0000 0.0000
11        M:mem_total
40        1540 15817.1836 14393.6371 0.0000 0.0000
16        M:io_writtendata
32        1540 0.1367 0.1035 0.0942 0.0000
11        M:io_writes
32        1540 6.0000 4.6200 3.9563 0.0000
6         M:cpu3
32        1540 1.5604 1.1175 1.2365 0.0000
6         M:cpu2
32        1540 2.0127 1.4159 1.6645 0.0000
6         M:cpu1
32        1540 0.4129 0.2933 0.3339 0.0000
6         M:cpu0
32        1540 0.9325 0.7129 0.6264 0.0000
5         M:cpu
32        1540 1.2294 0.8847 0.9628 0.0000
8         M:syslog
39        1540 1091.0000 794.3600 829.9905 0.0000
8         M:ssh_in
32        1540 2.0000 1.8200 0.6000 0.0000
13        M:cfengine_in
32        1540 1.0000 0.9100 0.3000 0.0000
9         M:loadavg
32        1540 0.0391 0.0284 0.0299 0.0000
10        M:diskfree
35        1540 66.0000 60.0600 19.8000 0.0000
12        M:otherprocs
32        1540 6.0000 5.4600 1.8000 0.0000
11        M:rootprocs
36        1540 109.0000 99.1900 32.7000 0.0000
7         M:users
32        1540 6.0000 5.4600 1.8000 0.0000
3         MOY
15        M:entropy_avail
34        155 84.5000 59.1500 70.8474 0.0000
12        M:mem_cached
39        155 1058.9355 741.2549 1546.1225 0.0000
16        M:io_writtendata
31        155 0.0479 0.0335 0.0419 0.0000
11        M:io_writes
31        155 3.0000 2.1000 2.6458 0.0000
6         M:cpu3
31        155 0.0133 0.0093 0.0111 0.0000
6         M:cpu2
31        155 0.0866 0.0606 0.0949 0.0000
6         M:cpu1
31        155 0.0999 0.0699 0.1070 0.0000
6         M:cpu0
31        155 0.1432 0.1002 0.1206 0.0000
5         M:cpu
31        155 0.0849 0.0594 0.0710 0.0000
8         M:syslog
37        155 145.0000 101.5000 121.3157 0.0000
8         M:ssh_in
31        155 2.0000 1.4000 1.6733 0.0000
13        M:cfengine_in
31        155 1.0000 0.7000 0.8367 0.0000
9         M:loadavg
31        155 0.0039 0.0027 0.0034 0.0000
10        M:diskfree
34        155 73.5000 51.4500 61.5642 0.0000
12        M:otherprocs
31        155 6.0000 4.2000 5.0200 0.0000
11        M:rootprocs
35        155 109.5000 76.6500 91.6152 0.0000
7         M:users
31        155 6.0000 4.2000 5.0200 0.0000
# send QUERY complete successful
