# delta from 1679731998 to 1679732059 at 1679732059
22        CFR: 0 1679732058 1634
3         PRD
60        Packing reports: delta,0.035552,0.129340,0.124035,1679731999
3         EXS
16        f,295,1679731960
3         MOM
15        M:entropy_avail
36        1538 101.0000 70.7000 84.5027 0.0000
12        M:mem_cached
41        1538 1799.8672 1259.9070 1505.8769 0.0000
10        M:mem_free
39        1538 13548.2148 9483.7504 0.0000 0.0000
11        M:mem_total
40        1538 15817.1836 11072.0285 0.0000 0.0000
16        M:io_writtendata
32        1538 0.0410 0.0287 0.0343 0.0000
11        M:io_writes
32        1538 2.0000 1.4000 1.6733 0.0000
6         M:cpu3
32        1538 0.0333 0.0233 0.0278 0.0000
6         M:cpu2
32        1538 0.3733 0.2613 0.3124 0.0000
6         M:cpu1
32        1538 0.1265 0.0886 0.1059 0.0000
6         M:cpu0
32        1538 0.0466 0.0326 0.0390 0.0000
5         M:cpu
32        1538 0.1399 0.0979 0.1170 0.0000
8         M:syslog
38        1538 146.0000 102.2000 122.1524 0.0000
8         M:ssh_in
34        1538 14.0000 9.8000 11.7132 0.0000
13        M:cfengine_in
32        1538 1.0000 0.7000 0.8367 0.0000
9         M:loadavg
32        1538 0.0059 0.0041 0.0049 0.0000
10        M:diskfree
35        1538 66.0000 46.2000 55.2196 0.0000
12        M:otherprocs
32        1538 7.0000 4.9000 5.8566 0.0000
11        M:rootprocs
37        1538 122.0000 85.4000 102.0725 0.0000
7         M:users
32        1538 7.0000 4.9000 5.8566 0.0000
3         MOY
15        M:entropy_avail
34        155 84.5000 59.1500 70.8474 0.0000
12        M:mem_cached
39        155 1058.9355 741.2549 1546.1225 0.0000
16        M:io_writtendata
31        155 0.0479 0.0335 0.0419 0.0000
11        M:io_writes
31        155 3.0000 2.1000 2.6458 0.0000
6         M:cpu3
31        155 0.0133 0.0093 0.0111 0.0000
6         M:cpu2
31        155 0.0866 0.0606 0.0949 0.0000
6         M:cpu1
31        155 0.0999 0.0699 0.1070 0.0000
6         M:cpu0
31        155 0.1432 0.1002 0.1206 0.0000
5         M:cpu
31        155 0.0849 0.0594 0.0710 0.0000
8         M:syslog
37        155 145.0000 101.5000 121.3157 0.0000
8         M:ssh_in
31        155 2.0000 1.4000 1.6733 0.0000
13        M:cfengine_in
31        155 1.0000 0.7000 0.8367 0.0000
9         M:loadavg
31        155 0.0039 0.0027 0.0034 0.0000
10        M:diskfree
34        155 73.5000 51.4500 61.5642 0.0000
12        M:otherprocs
31        155 6.0000 4.2000 5.0200 0.0000
11        M:rootprocs
35        155 109.5000 76.6500 91.6152 0.0000
7         M:users
31        155 6.0000 4.2000 5.0200 0.0000
# send QUERY complete successful
