# delta from 1679727558 to 1679727619 at 1679727619
22        CFR: 0 1679727618 1712
3         PRD
60        Packing reports: delta,0.032062,0.102798,0.098615,1679727559
83        Sample(/proc/sys/kernel/random/entropy_avail),0.005002,0.002502,0.003365,1679727584
3         EXS
16        f,299,1679727471
3         MOM
15        M:entropy_avail
34        1523 4.0000 21.2800 62.8385 0.0000
12        M:mem_cached
40        1523 1776.5000 1616.2688 534.1039 0.0000
10        M:mem_free
40        1523 13587.3789 12362.2803 0.0000 0.0000
11        M:mem_total
40        1523 15817.1836 14393.6371 0.0000 0.0000
16        M:io_writtendata
32        1523 0.1611 0.1194 0.1174 0.0000
11        M:io_writes
32        1523 8.0000 6.0200 5.5975 0.0000
6         M:cpu3
32        1523 1.1664 0.8221 0.9604 0.0000
6         M:cpu2
32        1523 1.3495 0.9866 1.0161 0.0000
6         M:cpu1
32        1523 2.1245 1.5096 1.7158 0.0000
6         M:cpu0
32        1523 0.4861 0.3445 0.3951 0.0000
5         M:cpu
32        1523 1.2810 0.9149 1.0218 0.0000
8         M:syslog
38        1523 843.0000 620.7600 623.3984 0.0000
8         M:ssh_in
32        1523 2.0000 1.8200 0.6000 0.0000
13        M:cfengine_in
32        1523 1.0000 0.9100 0.3000 0.0000
9         M:loadavg
32        1523 0.0088 0.0062 0.0074 0.0000
10        M:diskfree
35        1523 66.0000 60.0600 19.8000 0.0000
12        M:otherprocs
32        1523 6.0000 5.4600 1.8000 0.0000
11        M:rootprocs
36        1523 109.0000 99.1900 32.7000 0.0000
7         M:users
32        1523 6.0000 5.4600 1.8000 0.0000
3         MOY
15        M:entropy_avail
34        155 84.5000 59.1500 70.8474 0.0000
12        M:mem_cached
39        155 1058.9355 741.2549 1546.1225 0.0000
16        M:io_writtendata
31        155 0.0479 0.0335 0.0419 0.0000
11        M:io_writes
31        155 3.0000 2.1000 2.6458 0.0000
6         M:cpu3
31        155 0.0133 0.0093 0.0111 0.0000
6         M:cpu2
31        155 0.0866 0.0606 0.0949 0.0000
6         M:cpu1
31        155 0.0999 0.0699 0.1070 0.0000
6         M:cpu0
31        155 0.1432 0.1002 0.1206 0.0000
5         M:cpu
31        155 0.0849 0.0594 0.0710 0.0000
8         M:syslog
37        155 145.0000 101.5000 121.3157 0.0000
8         M:ssh_in
31        155 2.0000 1.4000 1.6733 0.0000
13        M:cfengine_in
31        155 1.0000 0.7000 0.8367 0.0000
9         M:loadavg
31        155 0.0039 0.0027 0.0034 0.0000
10        M:diskfree
34        155 73.5000 51.4500 61.5642 0.0000
12        M:otherprocs
31        155 6.0000 4.2000 5.0200 0.0000
11        M:rootprocs
35        155 109.5000 76.6500 91.6152 0.0000
7         M:users
31        155 6.0000 4.2000 5.0200 0.0000
# send QUERY complete successful
