# delta from 1679711299 to 1679711359 at 1679711359
22        CFR: 0 1679711358 1713
3         PRD
60        Packing reports: delta,0.035150,0.123550,0.122170,1679711300
83        Sample(/proc/sys/kernel/random/entropy_avail),0.004485,0.002012,0.002103,1679711359
3         EXS
16        f,295,1679711225
3         MOM
15        M:entropy_avail
34        1469 4.0000 19.1800 55.4066 0.0000
12        M:mem_cached
40        1469 1684.5156 1532.5688 506.4895 0.0000
10        M:mem_free
40        1469 13677.5781 12448.5402 0.0000 0.0000
11        M:mem_total
40        1469 15817.1836 14393.6371 0.0000 0.0000
16        M:io_writtendata
32        1469 0.1562 0.1170 0.1108 0.0000
11        M:io_writes
32        1469 8.0000 6.0200 5.5975 0.0000
6         M:cpu3
32        1469 0.3664 0.2579 0.3027 0.0000
6         M:cpu2
32        1469 1.6009 1.1864 1.1648 0.0000
6         M:cpu1
32        1469 1.8196 1.2765 1.5146 0.0000
6         M:cpu0
32        1469 1.0594 0.7681 0.8143 0.0000
5         M:cpu
32        1469 1.2130 0.8732 0.9490 0.0000
8         M:syslog
39        1469 1079.0000 785.7500 820.5301 0.0000
8         M:ssh_in
32        1469 2.0000 1.8200 0.6000 0.0000
13        M:cfengine_in
32        1469 1.0000 0.9100 0.3000 0.0000
9         M:loadavg
32        1469 0.0186 0.0238 0.0173 0.0000
10        M:diskfree
35        1469 67.0000 60.9700 20.1000 0.0000
12        M:otherprocs
32        1469 6.0000 5.4600 1.8000 0.0000
11        M:rootprocs
36        1469 109.0000 99.1900 32.7000 0.0000
7         M:users
32        1469 6.0000 5.4600 1.8000 0.0000
3         MOY
15        M:entropy_avail
34        155 84.5000 59.1500 70.8474 0.0000
12        M:mem_cached
39        155 1058.9355 741.2549 1546.1225 0.0000
16        M:io_writtendata
31        155 0.0479 0.0335 0.0419 0.0000
11        M:io_writes
31        155 3.0000 2.1000 2.6458 0.0000
6         M:cpu3
31        155 0.0133 0.0093 0.0111 0.0000
6         M:cpu2
31        155 0.0866 0.0606 0.0949 0.0000
6         M:cpu1
31        155 0.0999 0.0699 0.1070 0.0000
6         M:cpu0
31        155 0.1432 0.1002 0.1206 0.0000
5         M:cpu
31        155 0.0849 0.0594 0.0710 0.0000
8         M:syslog
37        155 145.0000 101.5000 121.3157 0.0000
8         M:ssh_in
31        155 2.0000 1.4000 1.6733 0.0000
13        M:cfengine_in
31        155 1.0000 0.7000 0.8367 0.0000
9         M:loadavg
31        155 0.0039 0.0027 0.0034 0.0000
10        M:diskfree
34        155 73.5000 51.4500 61.5642 0.0000
12        M:otherprocs
31        155 6.0000 4.2000 5.0200 0.0000
11        M:rootprocs
35        155 109.5000 76.6500 91.6152 0.0000
7         M:users
31        155 6.0000 4.2000 5.0200 0.0000
# send QUERY complete successful
