# delta from 1679683098 to 1679683159 at 1679683159
22        CFR: 0 1679683158 1711
3         PRD
60        Packing reports: delta,0.029992,0.089952,0.077311,1679683099
83        Sample(/proc/sys/kernel/random/entropy_avail),0.005260,0.002767,0.002316,1679683113
3         EXS
16        f,295,1679683050
3         MOM
15        M:entropy_avail
34        1375 8.0000 22.4000 54.3765 0.0000
12        M:mem_cached
40        1375 1498.3047 1363.1021 450.6754 0.0000
10        M:mem_free
38        1375 9715.5844 9715.5844 0.0000 0.0000
11        M:mem_total
40        1375 11072.0285 11072.0285 0.0000 0.0000
16        M:io_writtendata
32        1375 0.1514 0.1129 0.1083 0.0000
11        M:io_writes
32        1375 8.0000 6.0200 5.5975 0.0000
6         M:cpu3
32        1375 0.5666 0.4218 0.4076 0.0000
6         M:cpu2
32        1375 1.3081 0.9395 1.0295 0.0000
6         M:cpu1
32        1375 2.2817 1.6195 1.8472 0.0000
6         M:cpu0
32        1375 1.1598 0.8133 0.9665 0.0000
5         M:cpu
32        1375 1.3272 0.9472 1.0605 0.0000
8         M:syslog
39        1375 1074.0000 782.2500 816.3606 0.0000
8         M:ssh_in
32        1375 2.0000 1.8200 0.6000 0.0000
13        M:cfengine_in
32        1375 1.0000 0.9100 0.3000 0.0000
9         M:loadavg
32        1375 0.0513 0.0359 0.0429 0.0000
10        M:diskfree
35        1375 69.0000 63.0000 20.0000 0.0000
12        M:otherprocs
32        1375 6.0000 5.4600 1.8000 0.0000
11        M:rootprocs
36        1375 109.0000 99.1900 32.7000 0.0000
7         M:users
32        1375 6.0000 5.4600 1.8000 0.0000
3         MOY
15        M:entropy_avail
34        155 84.5000 59.1500 70.8474 0.0000
12        M:mem_cached
39        155 1058.9355 741.2549 1546.1225 0.0000
16        M:io_writtendata
31        155 0.0479 0.0335 0.0419 0.0000
11        M:io_writes
31        155 3.0000 2.1000 2.6458 0.0000
6         M:cpu3
31        155 0.0133 0.0093 0.0111 0.0000
6         M:cpu2
31        155 0.0866 0.0606 0.0949 0.0000
6         M:cpu1
31        155 0.0999 0.0699 0.1070 0.0000
6         M:cpu0
31        155 0.1432 0.1002 0.1206 0.0000
5         M:cpu
31        155 0.0849 0.0594 0.0710 0.0000
8         M:syslog
37        155 145.0000 101.5000 121.3157 0.0000
8         M:ssh_in
31        155 2.0000 1.4000 1.6733 0.0000
13        M:cfengine_in
31        155 1.0000 0.7000 0.8367 0.0000
9         M:loadavg
31        155 0.0039 0.0027 0.0034 0.0000
10        M:diskfree
34        155 73.5000 51.4500 61.5642 0.0000
12        M:otherprocs
31        155 6.0000 4.2000 5.0200 0.0000
11        M:rootprocs
35        155 109.5000 76.6500 91.6152 0.0000
7         M:users
31        155 6.0000 4.2000 5.0200 0.0000
# send QUERY complete successful
