# delta from 1679665518 to 1679665579 at 1679665579
22        CFR: 0 1679665578 1709
3         PRD
60        Packing reports: delta,0.054702,0.167275,0.221243,1679665519
83        Sample(/proc/sys/kernel/random/entropy_avail),0.004881,0.002383,0.002150,1679665529
3         EXS
16        f,295,1679665329
3         MOM
15        M:entropy_avail
35        1317 84.0000 58.8000 70.2794 0.0000
12        M:mem_cached
38        1317 862.1602 603.5121 721.3349 0.0000
10        M:mem_free
40        1317 14567.4609 10197.2227 0.0000 0.0000
11        M:mem_total
40        1317 15817.1836 11072.0285 0.0000 0.0000
16        M:io_writtendata
32        1317 0.0371 0.0260 0.0310 0.0000
11        M:io_writes
32        1317 2.0000 1.4000 1.6733 0.0000
6         M:cpu3
32        1317 0.3398 0.2379 0.2843 0.0000
6         M:cpu2
32        1317 0.0266 0.0186 0.0223 0.0000
6         M:cpu1
32        1317 0.0266 0.0186 0.0223 0.0000
6         M:cpu0
32        1317 0.1398 0.0979 0.1170 0.0000
5         M:cpu
32        1317 0.1331 0.0932 0.1114 0.0000
8         M:syslog
38        1317 145.0000 101.5000 121.3157 0.0000
8         M:ssh_in
32        1317 2.0000 1.4000 1.6733 0.0000
13        M:cfengine_in
32        1317 1.0000 0.7000 0.8367 0.0000
9         M:loadavg
32        1317 0.0029 0.0021 0.0025 0.0000
10        M:diskfree
35        1317 75.0000 52.5000 62.7495 0.0000
12        M:otherprocs
32        1317 6.0000 4.2000 5.0200 0.0000
11        M:rootprocs
36        1317 109.0000 76.3000 91.1959 0.0000
7         M:users
32        1317 6.0000 4.2000 5.0200 0.0000
3         MOY
15        M:entropy_avail
34        155 86.5000 60.5500 72.6426 0.0000
12        M:mem_cached
37        155 751.0039 525.7027 634.0092 0.0000
16        M:io_writtendata
31        155 0.0562 0.0393 0.0508 0.0000
11        M:io_writes
31        155 2.0000 1.4000 1.6733 0.0000
6         M:cpu3
31        155 0.1333 0.0933 0.1500 0.0000
6         M:cpu2
31        155 0.0899 0.0629 0.0953 0.0000
6         M:cpu1
31        155 0.1869 0.1308 0.2097 0.0000
6         M:cpu0
31        155 0.0899 0.0629 0.0953 0.0000
5         M:cpu
31        155 0.1232 0.0863 0.1076 0.0000
8         M:syslog
37        155 145.0000 101.5000 121.3157 0.0000
8         M:ssh_in
31        155 2.0000 1.4000 1.6733 0.0000
13        M:cfengine_in
31        155 1.0000 0.7000 0.8367 0.0000
9         M:loadavg
31        155 0.0054 0.0038 0.0049 0.0000
10        M:diskfree
34        155 76.0000 53.2000 63.5917 0.0000
12        M:otherprocs
31        155 6.0000 4.2000 5.0200 0.0000
11        M:rootprocs
35        155 109.0000 76.3000 91.1998 0.0000
7         M:users
31        155 6.0000 4.2000 5.0200 0.0000
# send QUERY complete successful
