# delta from 1679666718 to 1679666779 at 1679666779
22        CFR: 0 1679666778 1709
3         PRD
60        Packing reports: delta,0.056694,0.169403,0.146387,1679666719
83        Sample(/proc/sys/kernel/random/entropy_avail),0.005157,0.002660,0.002563,1679666731
3         EXS
16        f,299,1679666571
3         MOM
15        M:entropy_avail
35        1321 86.0000 60.2000 71.9528 0.0000
12        M:mem_cached
38        1321 868.3047 607.8133 726.4758 0.0000
10        M:mem_free
40        1321 14553.2461 10187.2723 0.0000 0.0000
11        M:mem_total
40        1321 15817.1836 11072.0285 0.0000 0.0000
16        M:io_writtendata
32        1321 0.0635 0.0444 0.0531 0.0000
11        M:io_writes
32        1321 2.0000 1.4000 1.6733 0.0000
6         M:cpu3
32        1321 0.2466 0.1726 0.2063 0.0000
6         M:cpu2
32        1321 0.1334 0.0934 0.1116 0.0000
6         M:cpu1
32        1321 0.1066 0.0746 0.0892 0.0000
6         M:cpu0
32        1321 0.0067 0.0047 0.0056 0.0000
5         M:cpu
32        1321 0.1249 0.0874 0.1045 0.0000
8         M:syslog
38        1321 145.0000 101.5000 121.3157 0.0000
8         M:ssh_in
32        1321 2.0000 1.4000 1.6733 0.0000
13        M:cfengine_in
32        1321 1.0000 0.7000 0.8367 0.0000
9         M:loadavg
32        1321 0.0137 0.0096 0.0114 0.0000
10        M:diskfree
35        1321 75.0000 52.5000 62.7495 0.0000
12        M:otherprocs
32        1321 6.0000 4.2000 5.0200 0.0000
11        M:rootprocs
36        1321 108.0000 75.6000 90.3593 0.0000
7         M:users
32        1321 6.0000 4.2000 5.0200 0.0000
3         MOY
15        M:entropy_avail
34        155 86.5000 60.5500 72.6426 0.0000
12        M:mem_cached
37        155 751.0039 525.7027 634.0092 0.0000
16        M:io_writtendata
31        155 0.0562 0.0393 0.0508 0.0000
11        M:io_writes
31        155 2.0000 1.4000 1.6733 0.0000
6         M:cpu3
31        155 0.1333 0.0933 0.1500 0.0000
6         M:cpu2
31        155 0.0899 0.0629 0.0953 0.0000
6         M:cpu1
31        155 0.1869 0.1308 0.2097 0.0000
6         M:cpu0
31        155 0.0899 0.0629 0.0953 0.0000
5         M:cpu
31        155 0.1232 0.0863 0.1076 0.0000
8         M:syslog
37        155 145.0000 101.5000 121.3157 0.0000
8         M:ssh_in
31        155 2.0000 1.4000 1.6733 0.0000
13        M:cfengine_in
31        155 1.0000 0.7000 0.8367 0.0000
9         M:loadavg
31        155 0.0054 0.0038 0.0049 0.0000
10        M:diskfree
34        155 76.0000 53.2000 63.5917 0.0000
12        M:otherprocs
31        155 6.0000 4.2000 5.0200 0.0000
11        M:rootprocs
35        155 109.0000 76.3000 91.1998 0.0000
7         M:users
31        155 6.0000 4.2000 5.0200 0.0000
# send QUERY complete successful
