# delta from 1679757503 to 1679757564 at 1679757564
22        CFR: 0 1679757563 1675
3         PRD
60        Packing reports: delta,0.035406,0.125357,0.124891,1679757504
3         EXS
16        f,337,1679757479
3         MOM
15        M:entropy_avail
35        1623 88.0000 62.4400 71.3070 0.0000
12        M:mem_cached
40        1623 1945.6484 1770.2005 584.8266 0.0000
10        M:mem_free
38        1623 9373.0355 9373.0355 0.0000 0.0000
11        M:mem_total
40        1623 11072.0285 11072.0285 0.0000 0.0000
16        M:io_writtendata
32        1623 0.1260 0.0964 0.0844 0.0000
11        M:io_writes
32        1623 6.0000 4.6200 3.9563 0.0000
6         M:cpu3
32        1623 0.4199 0.3205 0.2832 0.0000
6         M:cpu2
32        1623 1.5009 1.1024 1.1172 0.0000
6         M:cpu1
32        1623 1.7602 1.2350 1.4649 0.0000
6         M:cpu0
32        1623 1.2463 0.8962 0.9779 0.0000
5         M:cpu
32        1623 1.2285 0.8865 0.9555 0.0000
8         M:syslog
38        1623 896.0000 657.8600 667.5023 0.0000
8         M:ssh_in
32        1623 2.0000 1.8200 0.6000 0.0000
14        M:cfengine_out
32        1623 1.0000 0.7000 0.8367 0.0000
13        M:cfengine_in
32        1623 1.0000 0.9100 0.3000 0.0000
9         M:loadavg
32        1623 0.1602 0.1121 0.1340 0.0000
10        M:diskfree
35        1623 64.0000 58.2400 19.2000 0.0000
12        M:otherprocs
32        1623 6.0000 5.4600 1.8000 0.0000
11        M:rootprocs
37        1623 110.0000 100.1000 33.0000 0.0000
7         M:users
32        1623 6.0000 5.4600 1.8000 0.0000
3         MOY
15        M:entropy_avail
34        155 84.5000 59.1500 70.8474 0.0000
12        M:mem_cached
39        155 1058.9355 741.2549 1546.1225 0.0000
16        M:io_writtendata
31        155 0.0479 0.0335 0.0419 0.0000
11        M:io_writes
31        155 3.0000 2.1000 2.6458 0.0000
6         M:cpu3
31        155 0.0133 0.0093 0.0111 0.0000
6         M:cpu2
31        155 0.0866 0.0606 0.0949 0.0000
6         M:cpu1
31        155 0.0999 0.0699 0.1070 0.0000
6         M:cpu0
31        155 0.1432 0.1002 0.1206 0.0000
5         M:cpu
31        155 0.0849 0.0594 0.0710 0.0000
8         M:syslog
37        155 145.0000 101.5000 121.3157 0.0000
8         M:ssh_in
31        155 2.0000 1.4000 1.6733 0.0000
13        M:cfengine_in
31        155 1.0000 0.7000 0.8367 0.0000
9         M:loadavg
31        155 0.0039 0.0027 0.0034 0.0000
10        M:diskfree
34        155 73.5000 51.4500 61.5642 0.0000
12        M:otherprocs
31        155 6.0000 4.2000 5.0200 0.0000
11        M:rootprocs
35        155 109.5000 76.6500 91.6152 0.0000
7         M:users
31        155 6.0000 4.2000 5.0200 0.0000
# send QUERY complete successful
