# delta from 1679733258 to 1679733319 at 1679733319
22        CFR: 0 1679733318 1755
3         PRD
60        Packing reports: delta,0.030593,0.114057,0.101320,1679733259
83        Sample(/proc/sys/kernel/random/entropy_avail),0.004529,0.002051,0.001936,1679733292
3         EXS
16        f,295,1679733141
3         MOM
15        M:entropy_avail
34        1542 5.0000 22.6100 64.4282 0.0000
12        M:mem_cached
40        1542 1808.4297 1645.6669 542.5426 0.0000
10        M:mem_free
38        1542 9480.2449 9480.2449 0.0000 0.0000
11        M:mem_total
40        1542 11072.0285 11072.0285 0.0000 0.0000
16        M:io_writtendata
32        1542 0.0674 0.0777 0.0345 0.0000
11        M:io_writes
32        1542 4.0000 4.4800 1.6000 0.0000
6         M:cpu3
32        1542 0.0266 0.2216 0.7011 0.0000
6         M:cpu2
32        1542 0.1932 0.3285 0.4512 0.0000
6         M:cpu1
32        1542 0.0200 0.5399 1.8493 0.0000
6         M:cpu0
32        1542 0.1465 0.2383 0.3059 0.0000
5         M:cpu
32        1542 0.0949 0.3310 0.8755 0.0000
8         M:syslog
36        1542 0.0000 207.4800 734.7160 0.0000
8         M:ssh_in
32        1542 2.0000 1.8200 0.6000 0.0000
14        M:cfengine_out
32        1542 0.0000 0.2100 0.7436 0.0000
13        M:cfengine_in
32        1542 1.0000 0.9100 0.3000 0.0000
9         M:loadavg
32        1542 0.0034 0.0178 0.0522 0.0000
10        M:diskfree
35        1542 65.0000 59.1500 19.5000 0.0000
12        M:otherprocs
32        1542 6.0000 5.4600 1.8000 0.0000
11        M:rootprocs
37        1542 110.0000 100.1000 33.0000 0.0000
7         M:users
32        1542 6.0000 5.4600 1.8000 0.0000
3         MOY
15        M:entropy_avail
34        155 84.5000 59.1500 70.8474 0.0000
12        M:mem_cached
39        155 1058.9355 741.2549 1546.1225 0.0000
16        M:io_writtendata
31        155 0.0479 0.0335 0.0419 0.0000
11        M:io_writes
31        155 3.0000 2.1000 2.6458 0.0000
6         M:cpu3
31        155 0.0133 0.0093 0.0111 0.0000
6         M:cpu2
31        155 0.0866 0.0606 0.0949 0.0000
6         M:cpu1
31        155 0.0999 0.0699 0.1070 0.0000
6         M:cpu0
31        155 0.1432 0.1002 0.1206 0.0000
5         M:cpu
31        155 0.0849 0.0594 0.0710 0.0000
8         M:syslog
37        155 145.0000 101.5000 121.3157 0.0000
8         M:ssh_in
31        155 2.0000 1.4000 1.6733 0.0000
13        M:cfengine_in
31        155 1.0000 0.7000 0.8367 0.0000
9         M:loadavg
31        155 0.0039 0.0027 0.0034 0.0000
10        M:diskfree
34        155 73.5000 51.4500 61.5642 0.0000
12        M:otherprocs
31        155 6.0000 4.2000 5.0200 0.0000
11        M:rootprocs
35        155 109.5000 76.6500 91.6152 0.0000
7         M:users
31        155 6.0000 4.2000 5.0200 0.0000
# send QUERY complete successful
