# delta from 1679720058 to 1679720120 at 1679720120
22        CFR: 0 1679720119 1714
3         PRD
60        Packing reports: delta,0.032380,0.079402,0.110323,1679720059
83        Sample(/proc/sys/kernel/random/entropy_avail),0.004536,0.002058,0.001816,1679720071
3         EXS
16        f,299,1679719969
3         MOM
15        M:entropy_avail
34        1498 5.0000 19.6700 54.0272 0.0000
12        M:mem_cached
40        1498 1733.4766 1577.0896 521.2898 0.0000
10        M:mem_free
38        1498 9536.3160 9536.3160 0.0000 0.0000
11        M:mem_total
40        1498 11072.0285 11072.0285 0.0000 0.0000
16        M:io_writtendata
32        1498 0.1826 0.1346 0.1347 0.0000
11        M:io_writes
33        1498 10.0000 7.4200 7.2534 0.0000
6         M:cpu3
32        1498 1.8084 1.2952 1.4325 0.0000
6         M:cpu2
32        1498 2.3084 1.6466 1.8467 0.0000
6         M:cpu1
32        1498 0.4999 0.3513 0.4143 0.0000
6         M:cpu0
32        1498 0.4267 0.3015 0.3493 0.0000
5         M:cpu
32        1498 1.2621 0.8996 1.0117 0.0000
8         M:syslog
40        1498 1319.0000 953.7500 1020.7985 0.0000
8         M:ssh_in
32        1498 2.0000 1.8200 0.6000 0.0000
13        M:cfengine_in
32        1498 1.0000 0.9100 0.3000 0.0000
9         M:loadavg
32        1498 0.0181 0.0138 0.0122 0.0000
10        M:diskfree
35        1498 66.0000 60.0600 19.8000 0.0000
12        M:otherprocs
32        1498 6.0000 5.4600 1.8000 0.0000
11        M:rootprocs
37        1498 110.0000 100.1000 33.0000 0.0000
7         M:users
32        1498 6.0000 5.4600 1.8000 0.0000
3         MOY
15        M:entropy_avail
34        155 84.5000 59.1500 70.8474 0.0000
12        M:mem_cached
39        155 1058.9355 741.2549 1546.1225 0.0000
16        M:io_writtendata
31        155 0.0479 0.0335 0.0419 0.0000
11        M:io_writes
31        155 3.0000 2.1000 2.6458 0.0000
6         M:cpu3
31        155 0.0133 0.0093 0.0111 0.0000
6         M:cpu2
31        155 0.0866 0.0606 0.0949 0.0000
6         M:cpu1
31        155 0.0999 0.0699 0.1070 0.0000
6         M:cpu0
31        155 0.1432 0.1002 0.1206 0.0000
5         M:cpu
31        155 0.0849 0.0594 0.0710 0.0000
8         M:syslog
37        155 145.0000 101.5000 121.3157 0.0000
8         M:ssh_in
31        155 2.0000 1.4000 1.6733 0.0000
13        M:cfengine_in
31        155 1.0000 0.7000 0.8367 0.0000
9         M:loadavg
31        155 0.0039 0.0027 0.0034 0.0000
10        M:diskfree
34        155 73.5000 51.4500 61.5642 0.0000
12        M:otherprocs
31        155 6.0000 4.2000 5.0200 0.0000
11        M:rootprocs
35        155 109.5000 76.6500 91.6152 0.0000
7         M:users
31        155 6.0000 4.2000 5.0200 0.0000
# send QUERY complete successful
