# delta from 1679752643 to 1679752704 at 1679752704
22        CFR: 0 1679752703 1760
3         PRD
60        Packing reports: delta,0.032410,0.105041,0.107624,1679752644
83        Sample(/proc/sys/kernel/random/entropy_avail),0.004421,0.001954,0.002002,1679752671
3         EXS
16        f,295,1679752634
3         MOM
15        M:entropy_avail
35        1607 87.0000 61.7400 70.4706 0.0000
12        M:mem_cached
40        1607 1918.8867 1745.8325 576.8473 0.0000
10        M:mem_free
40        1607 13436.8828 12226.7865 0.0000 0.0000
11        M:mem_total
40        1607 15817.1836 14393.6371 0.0000 0.0000
16        M:io_writtendata
32        1607 0.1582 0.1175 0.1144 0.0000
11        M:io_writes
32        1607 8.0000 6.0200 5.5975 0.0000
6         M:cpu3
32        1607 1.3612 1.0004 1.0116 0.0000
6         M:cpu2
32        1607 1.6345 1.1554 1.3366 0.0000
6         M:cpu1
32        1607 0.8727 0.6137 0.7224 0.0000
6         M:cpu0
32        1607 1.1521 0.8219 0.9216 0.0000
5         M:cpu
32        1607 1.2533 0.8969 0.9949 0.0000
8         M:syslog
39        1607 1080.0000 786.6600 820.8175 0.0000
8         M:ssh_in
32        1607 2.0000 1.8200 0.6000 0.0000
14        M:cfengine_out
32        1607 1.0000 0.7000 0.8367 0.0000
13        M:cfengine_in
32        1607 1.0000 0.9100 0.3000 0.0000
9         M:loadavg
32        1607 0.1289 0.0925 0.1017 0.0000
10        M:diskfree
35        1607 64.0000 58.2400 19.2000 0.0000
12        M:otherprocs
32        1607 6.0000 5.4600 1.8000 0.0000
11        M:rootprocs
36        1607 110.0000 99.8900 33.7000 0.0000
7         M:users
32        1607 6.0000 5.4600 1.8000 0.0000
3         MOY
15        M:entropy_avail
34        155 84.5000 59.1500 70.8474 0.0000
12        M:mem_cached
39        155 1058.9355 741.2549 1546.1225 0.0000
16        M:io_writtendata
31        155 0.0479 0.0335 0.0419 0.0000
11        M:io_writes
31        155 3.0000 2.1000 2.6458 0.0000
6         M:cpu3
31        155 0.0133 0.0093 0.0111 0.0000
6         M:cpu2
31        155 0.0866 0.0606 0.0949 0.0000
6         M:cpu1
31        155 0.0999 0.0699 0.1070 0.0000
6         M:cpu0
31        155 0.1432 0.1002 0.1206 0.0000
5         M:cpu
31        155 0.0849 0.0594 0.0710 0.0000
8         M:syslog
37        155 145.0000 101.5000 121.3157 0.0000
8         M:ssh_in
31        155 2.0000 1.4000 1.6733 0.0000
13        M:cfengine_in
31        155 1.0000 0.7000 0.8367 0.0000
9         M:loadavg
31        155 0.0039 0.0027 0.0034 0.0000
10        M:diskfree
34        155 73.5000 51.4500 61.5642 0.0000
12        M:otherprocs
31        155 6.0000 4.2000 5.0200 0.0000
11        M:rootprocs
35        155 109.5000 76.6500 91.6152 0.0000
7         M:users
31        155 6.0000 4.2000 5.0200 0.0000
# send QUERY complete successful
