# delta from 1679715798 to 1679715859 at 1679715859
22        CFR: 0 1679715858 1630
3         PRD
60        Packing reports: delta,0.021697,0.047077,0.058840,1679715799
3         EXS
16        f,308,1679715775
3         MOM
15        M:entropy_avail
35        1484 88.0000 61.6000 73.6261 0.0000
12        M:mem_cached
41        1484 1708.1250 1195.6875 1429.1199 0.0000
10        M:mem_free
39        1484 13644.4922 9551.1445 0.0000 0.0000
11        M:mem_total
40        1484 15817.1836 11072.0285 0.0000 0.0000
16        M:io_writtendata
32        1484 0.0361 0.0253 0.0302 0.0000
11        M:io_writes
32        1484 2.0000 1.4000 1.6733 0.0000
6         M:cpu3
32        1484 0.3598 0.2518 0.3010 0.0000
6         M:cpu2
32        1484 0.0200 0.0140 0.0167 0.0000
6         M:cpu1
32        1484 0.0999 0.0699 0.0836 0.0000
6         M:cpu0
32        1484 0.0266 0.0186 0.0223 0.0000
5         M:cpu
32        1484 0.1282 0.0898 0.1073 0.0000
8         M:syslog
38        1484 666.0000 466.2000 557.2156 0.0000
8         M:ssh_in
32        1484 2.0000 1.4000 1.6733 0.0000
13        M:cfengine_in
32        1484 1.0000 0.7000 0.8367 0.0000
9         M:loadavg
32        1484 0.0015 0.0010 0.0012 0.0000
10        M:diskfree
35        1484 67.0000 46.9000 56.0562 0.0000
12        M:otherprocs
32        1484 6.0000 4.2000 5.0200 0.0000
11        M:rootprocs
36        1484 112.0000 78.4000 93.7059 0.0000
7         M:users
32        1484 6.0000 4.2000 5.0200 0.0000
3         MOY
15        M:entropy_avail
34        155 84.5000 59.1500 70.8474 0.0000
12        M:mem_cached
39        155 1058.9355 741.2549 1546.1225 0.0000
16        M:io_writtendata
31        155 0.0479 0.0335 0.0419 0.0000
11        M:io_writes
31        155 3.0000 2.1000 2.6458 0.0000
6         M:cpu3
31        155 0.0133 0.0093 0.0111 0.0000
6         M:cpu2
31        155 0.0866 0.0606 0.0949 0.0000
6         M:cpu1
31        155 0.0999 0.0699 0.1070 0.0000
6         M:cpu0
31        155 0.1432 0.1002 0.1206 0.0000
5         M:cpu
31        155 0.0849 0.0594 0.0710 0.0000
8         M:syslog
37        155 145.0000 101.5000 121.3157 0.0000
8         M:ssh_in
31        155 2.0000 1.4000 1.6733 0.0000
13        M:cfengine_in
31        155 1.0000 0.7000 0.8367 0.0000
9         M:loadavg
31        155 0.0039 0.0027 0.0034 0.0000
10        M:diskfree
34        155 73.5000 51.4500 61.5642 0.0000
12        M:otherprocs
31        155 6.0000 4.2000 5.0200 0.0000
11        M:rootprocs
35        155 109.5000 76.6500 91.6152 0.0000
7         M:users
31        155 6.0000 4.2000 5.0200 0.0000
# send QUERY complete successful
