# delta from 1679688198 to 1679688259 at 1679688259
22        CFR: 0 1679688258 1710
3         PRD
60        Packing reports: delta,0.046607,0.140885,0.187416,1679688199
83        Sample(/proc/sys/kernel/random/entropy_avail),0.004942,0.002443,0.001998,1679688222
3         EXS
16        f,295,1679688130
3         MOM
15        M:entropy_avail
34        1392 0.0000 17.6400 62.4657 0.0000
12        M:mem_cached
40        1392 1527.0234 1389.2443 459.2637 0.0000
10        M:mem_free
38        1392 9696.8867 9696.8867 0.0000 0.0000
11        M:mem_total
40        1392 11072.0285 11072.0285 0.0000 0.0000
16        M:io_writtendata
32        1392 0.1650 0.1223 0.1201 0.0000
11        M:io_writes
32        1392 8.0000 6.0200 5.5975 0.0000
6         M:cpu3
32        1392 0.7483 0.5518 0.5514 0.0000
6         M:cpu2
32        1392 1.6508 1.1850 1.3009 0.0000
6         M:cpu1
32        1392 1.0886 0.7676 0.8952 0.0000
6         M:cpu0
32        1392 1.8141 1.2852 1.4752 0.0000
5         M:cpu
32        1392 1.3289 0.9498 1.0581 0.0000
8         M:syslog
38        1392 793.0000 585.5500 582.3537 0.0000
8         M:ssh_in
32        1392 2.0000 1.8200 0.6000 0.0000
13        M:cfengine_in
32        1392 1.0000 0.9100 0.3000 0.0000
9         M:loadavg
32        1392 0.0322 0.0226 0.0270 0.0000
10        M:diskfree
35        1392 69.0000 62.7900 20.7000 0.0000
12        M:otherprocs
32        1392 6.0000 5.4600 1.8000 0.0000
11        M:rootprocs
36        1392 109.0000 99.1900 32.7000 0.0000
7         M:users
32        1392 6.0000 5.4600 1.8000 0.0000
3         MOY
15        M:entropy_avail
34        155 84.5000 59.1500 70.8474 0.0000
12        M:mem_cached
39        155 1058.9355 741.2549 1546.1225 0.0000
16        M:io_writtendata
31        155 0.0479 0.0335 0.0419 0.0000
11        M:io_writes
31        155 3.0000 2.1000 2.6458 0.0000
6         M:cpu3
31        155 0.0133 0.0093 0.0111 0.0000
6         M:cpu2
31        155 0.0866 0.0606 0.0949 0.0000
6         M:cpu1
31        155 0.0999 0.0699 0.1070 0.0000
6         M:cpu0
31        155 0.1432 0.1002 0.1206 0.0000
5         M:cpu
31        155 0.0849 0.0594 0.0710 0.0000
8         M:syslog
37        155 145.0000 101.5000 121.3157 0.0000
8         M:ssh_in
31        155 2.0000 1.4000 1.6733 0.0000
13        M:cfengine_in
31        155 1.0000 0.7000 0.8367 0.0000
9         M:loadavg
31        155 0.0039 0.0027 0.0034 0.0000
10        M:diskfree
34        155 73.5000 51.4500 61.5642 0.0000
12        M:otherprocs
31        155 6.0000 4.2000 5.0200 0.0000
11        M:rootprocs
35        155 109.5000 76.6500 91.6152 0.0000
7         M:users
31        155 6.0000 4.2000 5.0200 0.0000
# send QUERY complete successful
