# delta from 1679747178 to 1679747239 at 1679747239
22        CFR: 0 1679747238 1627
3         PRD
60        Packing reports: delta,0.030387,0.120434,0.119626,1679747179
3         EXS
16        f,296,1679746963
3         MOM
15        M:entropy_avail
32        1589 5.0000 3.5000 4.1833 0.0000
12        M:mem_cached
41        1589 1886.9805 1320.8863 1578.7611 0.0000
10        M:mem_free
39        1589 13452.8008 9416.9605 0.0000 0.0000
11        M:mem_total
40        1589 15817.1836 11072.0285 0.0000 0.0000
16        M:io_writtendata
32        1589 0.0996 0.0697 0.0833 0.0000
11        M:io_writes
32        1589 6.0000 4.2000 5.0200 0.0000
6         M:cpu3
32        1589 0.0400 0.0280 0.0334 0.0000
6         M:cpu2
32        1589 0.4463 0.3124 0.3734 0.0000
6         M:cpu1
32        1589 0.7594 0.5316 0.6354 0.0000
6         M:cpu0
32        1589 0.2066 0.1446 0.1728 0.0000
5         M:cpu
32        1589 0.3614 0.2530 0.3024 0.0000
8         M:syslog
38        1589 580.0000 406.0000 485.2628 0.0000
8         M:ssh_in
32        1589 2.0000 1.4000 1.6733 0.0000
13        M:cfengine_in
32        1589 1.0000 0.7000 0.8367 0.0000
9         M:loadavg
32        1589 0.0107 0.0075 0.0090 0.0000
10        M:diskfree
35        1589 65.0000 45.5000 54.3829 0.0000
12        M:otherprocs
32        1589 6.0000 4.2000 5.0200 0.0000
11        M:rootprocs
36        1589 109.0000 76.3000 91.1959 0.0000
7         M:users
32        1589 6.0000 4.2000 5.0200 0.0000
3         MOY
15        M:entropy_avail
34        155 84.5000 59.1500 70.8474 0.0000
12        M:mem_cached
39        155 1058.9355 741.2549 1546.1225 0.0000
16        M:io_writtendata
31        155 0.0479 0.0335 0.0419 0.0000
11        M:io_writes
31        155 3.0000 2.1000 2.6458 0.0000
6         M:cpu3
31        155 0.0133 0.0093 0.0111 0.0000
6         M:cpu2
31        155 0.0866 0.0606 0.0949 0.0000
6         M:cpu1
31        155 0.0999 0.0699 0.1070 0.0000
6         M:cpu0
31        155 0.1432 0.1002 0.1206 0.0000
5         M:cpu
31        155 0.0849 0.0594 0.0710 0.0000
8         M:syslog
37        155 145.0000 101.5000 121.3157 0.0000
8         M:ssh_in
31        155 2.0000 1.4000 1.6733 0.0000
13        M:cfengine_in
31        155 1.0000 0.7000 0.8367 0.0000
9         M:loadavg
31        155 0.0039 0.0027 0.0034 0.0000
10        M:diskfree
34        155 73.5000 51.4500 61.5642 0.0000
12        M:otherprocs
31        155 6.0000 4.2000 5.0200 0.0000
11        M:rootprocs
35        155 109.5000 76.6500 91.6152 0.0000
7         M:users
31        155 6.0000 4.2000 5.0200 0.0000
# send QUERY complete successful
