# delta from 1679730858 to 1679730919 at 1679730919
22        CFR: 0 1679730918 1715
3         PRD
60        Packing reports: delta,0.035289,0.123149,0.109248,1679730859
83        Sample(/proc/sys/kernel/random/entropy_avail),0.004460,0.001989,0.001897,1679730889
3         EXS
16        f,337,1679730779
3         MOM
15        M:entropy_avail
34        1534 7.0000 22.7500 58.7080 0.0000
12        M:mem_cached
40        1534 1794.8672 1632.9838 539.6113 0.0000
10        M:mem_free
40        1534 13563.9375 12344.5637 0.0000 0.0000
11        M:mem_total
40        1534 15817.1836 14393.6371 0.0000 0.0000
16        M:io_writtendata
32        1534 0.1748 0.1289 0.1287 0.0000
11        M:io_writes
33        1534 10.0000 7.4200 7.2534 0.0000
6         M:cpu3
32        1534 1.8928 1.3474 1.5220 0.0000
6         M:cpu2
32        1534 1.3943 1.0194 1.0498 0.0000
6         M:cpu1
32        1534 0.7393 0.5287 0.5878 0.0000
6         M:cpu0
32        1534 0.9794 0.6870 0.8155 0.0000
5         M:cpu
32        1534 1.2496 0.8943 0.9918 0.0000
8         M:syslog
40        1534 1326.0000 958.8600 1026.0881 0.0000
8         M:ssh_in
32        1534 2.0000 1.8200 0.6000 0.0000
13        M:cfengine_in
32        1534 1.0000 0.9100 0.3000 0.0000
9         M:loadavg
32        1534 0.0122 0.0151 0.0097 0.0000
10        M:diskfree
35        1534 66.0000 60.0600 19.8000 0.0000
12        M:otherprocs
32        1534 6.0000 5.4600 1.8000 0.0000
11        M:rootprocs
36        1534 108.0000 98.4900 31.7000 0.0000
7         M:users
32        1534 6.0000 5.4600 1.8000 0.0000
3         MOY
15        M:entropy_avail
34        155 84.5000 59.1500 70.8474 0.0000
12        M:mem_cached
39        155 1058.9355 741.2549 1546.1225 0.0000
16        M:io_writtendata
31        155 0.0479 0.0335 0.0419 0.0000
11        M:io_writes
31        155 3.0000 2.1000 2.6458 0.0000
6         M:cpu3
31        155 0.0133 0.0093 0.0111 0.0000
6         M:cpu2
31        155 0.0866 0.0606 0.0949 0.0000
6         M:cpu1
31        155 0.0999 0.0699 0.1070 0.0000
6         M:cpu0
31        155 0.1432 0.1002 0.1206 0.0000
5         M:cpu
31        155 0.0849 0.0594 0.0710 0.0000
8         M:syslog
37        155 145.0000 101.5000 121.3157 0.0000
8         M:ssh_in
31        155 2.0000 1.4000 1.6733 0.0000
13        M:cfengine_in
31        155 1.0000 0.7000 0.8367 0.0000
9         M:loadavg
31        155 0.0039 0.0027 0.0034 0.0000
10        M:diskfree
34        155 73.5000 51.4500 61.5642 0.0000
12        M:otherprocs
31        155 6.0000 4.2000 5.0200 0.0000
11        M:rootprocs
35        155 109.5000 76.6500 91.6152 0.0000
7         M:users
31        155 6.0000 4.2000 5.0200 0.0000
# send QUERY complete successful
