# delta from 1679726358 to 1679726419 at 1679726419
22        CFR: 0 1679726418 1757
3         PRD
60        Packing reports: delta,0.030033,0.090201,0.104846,1679726359
83        Sample(/proc/sys/kernel/random/entropy_avail),0.005342,0.002854,0.004568,1679726382
3         EXS
16        f,295,1679726229
3         MOM
15        M:entropy_avail
34        1519 3.0000 20.7900 64.2258 0.0000
12        M:mem_cached
40        1519 1769.3555 1610.1069 530.8285 0.0000
10        M:mem_free
40        1519 13595.1133 12371.5990 0.0000 0.0000
11        M:mem_total
40        1519 15817.1836 14393.6371 0.0000 0.0000
16        M:io_writtendata
32        1519 0.0752 0.0770 0.0062 0.0000
11        M:io_writes
32        1519 4.0000 4.0600 0.2000 0.0000
6         M:cpu3
32        1519 0.0333 0.2009 0.6072 0.0000
6         M:cpu2
32        1519 0.1998 0.3594 0.5321 0.0000
6         M:cpu1
32        1519 0.1066 0.1809 0.2479 0.0000
6         M:cpu0
32        1519 0.0932 0.5543 1.6709 0.0000
5         M:cpu
32        1519 0.1049 0.3216 0.8116 0.0000
8         M:syslog
37        1519 0.0000 461.1600 1633.0328 0.0000
8         M:ssh_in
32        1519 2.0000 1.8200 0.6000 0.0000
14        M:cfengine_out
32        1519 0.0000 0.2100 0.7436 0.0000
13        M:cfengine_in
32        1519 1.0000 0.9100 0.3000 0.0000
9         M:loadavg
32        1519 0.0034 0.0178 0.0522 0.0000
10        M:diskfree
35        1519 66.0000 60.0600 19.8000 0.0000
12        M:otherprocs
32        1519 6.0000 5.4600 1.8000 0.0000
11        M:rootprocs
36        1519 108.0000 98.4900 31.7000 0.0000
7         M:users
32        1519 6.0000 5.4600 1.8000 0.0000
3         MOY
15        M:entropy_avail
34        155 84.5000 59.1500 70.8474 0.0000
12        M:mem_cached
39        155 1058.9355 741.2549 1546.1225 0.0000
16        M:io_writtendata
31        155 0.0479 0.0335 0.0419 0.0000
11        M:io_writes
31        155 3.0000 2.1000 2.6458 0.0000
6         M:cpu3
31        155 0.0133 0.0093 0.0111 0.0000
6         M:cpu2
31        155 0.0866 0.0606 0.0949 0.0000
6         M:cpu1
31        155 0.0999 0.0699 0.1070 0.0000
6         M:cpu0
31        155 0.1432 0.1002 0.1206 0.0000
5         M:cpu
31        155 0.0849 0.0594 0.0710 0.0000
8         M:syslog
37        155 145.0000 101.5000 121.3157 0.0000
8         M:ssh_in
31        155 2.0000 1.4000 1.6733 0.0000
13        M:cfengine_in
31        155 1.0000 0.7000 0.8367 0.0000
9         M:loadavg
31        155 0.0039 0.0027 0.0034 0.0000
10        M:diskfree
34        155 73.5000 51.4500 61.5642 0.0000
12        M:otherprocs
31        155 6.0000 4.2000 5.0200 0.0000
11        M:rootprocs
35        155 109.5000 76.6500 91.6152 0.0000
7         M:users
31        155 6.0000 4.2000 5.0200 0.0000
# send QUERY complete successful
