# delta from 1679668818 to 1679668879 at 1679668879
22        CFR: 0 1679668878 1709
3         PRD
60        Packing reports: delta,0.059634,0.178818,0.139815,1679668819
83        Sample(/proc/sys/kernel/random/entropy_avail),0.005125,0.002627,0.002202,1679668836
3         EXS
16        f,295,1679668637
3         MOM
15        M:entropy_avail
35        1328 86.0000 60.2000 71.9528 0.0000
12        M:mem_cached
38        1328 878.5547 614.9883 735.0516 0.0000
10        M:mem_free
40        1328 14539.7930 10177.8551 0.0000 0.0000
11        M:mem_total
40        1328 15817.1836 11072.0285 0.0000 0.0000
16        M:io_writtendata
32        1328 0.0400 0.0280 0.0335 0.0000
11        M:io_writes
32        1328 2.0000 1.4000 1.6733 0.0000
6         M:cpu3
32        1328 0.3335 0.2335 0.2790 0.0000
6         M:cpu2
32        1328 0.1199 0.0839 0.1003 0.0000
6         M:cpu1
32        1328 0.0466 0.0326 0.0390 0.0000
6         M:cpu0
32        1328 0.0200 0.0140 0.0167 0.0000
5         M:cpu
32        1328 0.1282 0.0898 0.1073 0.0000
8         M:syslog
38        1328 145.0000 101.5000 121.3157 0.0000
8         M:ssh_in
32        1328 2.0000 1.4000 1.6733 0.0000
13        M:cfengine_in
32        1328 1.0000 0.7000 0.8367 0.0000
9         M:loadavg
32        1328 0.0054 0.0038 0.0045 0.0000
10        M:diskfree
35        1328 74.0000 51.8000 61.9128 0.0000
12        M:otherprocs
32        1328 6.0000 4.2000 5.0200 0.0000
11        M:rootprocs
36        1328 110.0000 77.0000 92.0326 0.0000
7         M:users
32        1328 6.0000 4.2000 5.0200 0.0000
3         MOY
15        M:entropy_avail
34        155 82.5000 57.7500 69.0865 0.0000
12        M:mem_cached
37        155 759.8086 531.8660 642.3242 0.0000
16        M:io_writtendata
31        155 0.0537 0.0376 0.0481 0.0000
11        M:io_writes
31        155 3.0000 2.1000 2.6458 0.0000
6         M:cpu3
31        155 0.1100 0.0770 0.1225 0.0000
6         M:cpu2
31        155 0.0966 0.0676 0.0966 0.0000
6         M:cpu1
31        155 0.1401 0.0981 0.1544 0.0000
6         M:cpu0
31        155 0.0833 0.0583 0.0947 0.0000
5         M:cpu
31        155 0.1066 0.0746 0.0907 0.0000
8         M:syslog
37        155 145.0000 101.5000 121.3157 0.0000
8         M:ssh_in
31        155 2.0000 1.4000 1.6733 0.0000
13        M:cfengine_in
31        155 1.0000 0.7000 0.8367 0.0000
9         M:loadavg
31        155 0.0027 0.0019 0.0023 0.0000
10        M:diskfree
34        155 76.0000 53.2000 63.5917 0.0000
12        M:otherprocs
31        155 6.0000 4.2000 5.0200 0.0000
11        M:rootprocs
35        155 109.5000 76.6500 91.6152 0.0000
7         M:users
31        155 6.0000 4.2000 5.0200 0.0000
# send QUERY complete successful
