# delta from 1679661499 to 1679661559 at 1679661559
22        CFR: 0 1679661558 1678
3         PRD
60        Packing reports: delta,0.033363,0.217366,0.220913,1679661500
3         EXS
16        f,252,1679661430
3         MOM
15        M:entropy_avail
34        1303 8.0000 27.4400 72.1851 0.0000
12        M:mem_cached
38        1303 844.1562 767.8631 254.3105 0.0000
10        M:mem_free
40        1303 10220.8449 10220.8449 0.0000 0.0000
11        M:mem_total
40        1303 11072.0285 11072.0285 0.0000 0.0000
16        M:io_writtendata
32        1303 0.2080 0.1669 0.1236 0.0000
11        M:io_writes
33        1303 10.0000 7.4200 7.2534 0.0000
6         M:cpu3
32        1303 1.1798 0.8412 0.9448 0.0000
6         M:cpu2
32        1303 2.2461 1.6409 1.6946 0.0000
6         M:cpu1
32        1303 1.1606 0.8306 0.9212 0.0000
6         M:cpu0
32        1303 0.7995 0.6450 0.4694 0.0000
5         M:cpu
32        1303 1.3459 0.9890 1.0006 0.0000
8         M:syslog
41        1303 1516.8336 1092.2335 1186.0159 0.0000
8         M:ssh_in
32        1303 2.0000 1.8200 0.6000 0.0000
14        M:cfengine_out
32        1303 1.0000 0.7000 0.8367 0.0000
13        M:cfengine_in
32        1303 1.0000 0.9100 0.3000 0.0000
9         M:loadavg
32        1303 0.1436 0.1014 0.1176 0.0000
10        M:diskfree
35        1303 75.0000 68.2500 22.5000 0.0000
12        M:otherprocs
32        1303 6.0000 5.4600 1.8000 0.0000
11        M:rootprocs
36        1303 109.0000 99.1900 32.7000 0.0000
7         M:users
32        1303 6.0000 5.4600 1.8000 0.0000
3         MOY
15        M:entropy_avail
37        155 259.0000 181.3000 263.8877 0.0000
12        M:mem_cached
37        155 742.6699 519.8689 626.1966 0.0000
16        M:io_writtendata
31        155 0.0454 0.0318 0.0393 0.0000
11        M:io_writes
31        155 2.0000 1.4000 1.6733 0.0000
6         M:cpu3
31        155 0.0799 0.0559 0.0870 0.0000
6         M:cpu2
31        155 0.2633 0.1843 0.2367 0.0000
6         M:cpu1
31        155 0.0166 0.0116 0.0142 0.0000
6         M:cpu0
31        155 0.0866 0.0606 0.0949 0.0000
5         M:cpu
31        155 0.1124 0.0787 0.0965 0.0000
8         M:syslog
37        155 145.0000 101.5000 121.3157 0.0000
8         M:ssh_in
31        155 2.0000 1.4000 1.6733 0.0000
13        M:cfengine_in
31        155 1.0000 0.7000 0.8367 0.0000
9         M:loadavg
31        155 0.0015 0.0010 0.0017 0.0000
10        M:diskfree
34        155 76.0000 53.2000 63.5917 0.0000
12        M:otherprocs
31        155 6.0000 4.2000 5.0200 0.0000
11        M:rootprocs
35        155 110.0000 77.0000 92.0326 0.0000
7         M:users
31        155 6.0000 4.2000 5.0200 0.0000
# send QUERY complete successful
