# delta from 1679712978 to 1679713039 at 1679713039
22        CFR: 0 1679713038 1713
3         PRD
60        Packing reports: delta,0.034968,0.122273,0.124804,1679712979
83        Sample(/proc/sys/kernel/random/entropy_avail),0.004333,0.001877,0.001661,1679713011
3         EXS
16        f,296,1679712762
3         MOM
15        M:entropy_avail
35        1475 85.0000 59.5000 71.1161 0.0000
12        M:mem_cached
41        1475 1692.9141 1185.0398 1416.3935 0.0000
10        M:mem_free
39        1475 13676.6523 9573.6566 0.0000 0.0000
11        M:mem_total
40        1475 15817.1836 11072.0285 0.0000 0.0000
16        M:io_writtendata
32        1475 0.0342 0.0239 0.0286 0.0000
11        M:io_writes
32        1475 2.0000 1.4000 1.6733 0.0000
6         M:cpu3
32        1475 0.0333 0.0233 0.0279 0.0000
6         M:cpu2
32        1475 0.2399 0.1679 0.2007 0.0000
6         M:cpu1
32        1475 0.0200 0.0140 0.0167 0.0000
6         M:cpu0
32        1475 0.0999 0.0699 0.0836 0.0000
5         M:cpu
32        1475 0.0982 0.0688 0.0822 0.0000
8         M:syslog
38        1475 145.0000 101.5000 121.3157 0.0000
8         M:ssh_in
32        1475 2.0000 1.4000 1.6733 0.0000
13        M:cfengine_in
32        1475 1.0000 0.7000 0.8367 0.0000
9         M:loadavg
32        1475 0.0024 0.0017 0.0020 0.0000
10        M:diskfree
35        1475 67.0000 46.9000 56.0562 0.0000
12        M:otherprocs
32        1475 6.0000 4.2000 5.0200 0.0000
11        M:rootprocs
36        1475 109.0000 76.3000 91.1959 0.0000
7         M:users
32        1475 6.0000 4.2000 5.0200 0.0000
3         MOY
15        M:entropy_avail
34        155 84.5000 59.1500 70.8474 0.0000
12        M:mem_cached
39        155 1058.9355 741.2549 1546.1225 0.0000
16        M:io_writtendata
31        155 0.0479 0.0335 0.0419 0.0000
11        M:io_writes
31        155 3.0000 2.1000 2.6458 0.0000
6         M:cpu3
31        155 0.0133 0.0093 0.0111 0.0000
6         M:cpu2
31        155 0.0866 0.0606 0.0949 0.0000
6         M:cpu1
31        155 0.0999 0.0699 0.1070 0.0000
6         M:cpu0
31        155 0.1432 0.1002 0.1206 0.0000
5         M:cpu
31        155 0.0849 0.0594 0.0710 0.0000
8         M:syslog
37        155 145.0000 101.5000 121.3157 0.0000
8         M:ssh_in
31        155 2.0000 1.4000 1.6733 0.0000
13        M:cfengine_in
31        155 1.0000 0.7000 0.8367 0.0000
9         M:loadavg
31        155 0.0039 0.0027 0.0034 0.0000
10        M:diskfree
34        155 73.5000 51.4500 61.5642 0.0000
12        M:otherprocs
31        155 6.0000 4.2000 5.0200 0.0000
11        M:rootprocs
35        155 109.5000 76.6500 91.6152 0.0000
7         M:users
31        155 6.0000 4.2000 5.0200 0.0000
# send QUERY complete successful
