# delta from 1679667259 to 1679667319 at 1679667319
22        CFR: 0 1679667318 1673
3         PRD
60        Packing reports: delta,0.037873,0.205906,0.238518,1679667260
3         EXS
16        f,294,1679667161
3         MOM
15        M:entropy_avail
34        1322 7.0000 22.9600 59.4502 0.0000
12        M:mem_cached
38        1322 871.1953 792.4883 262.3566 0.0000
10        M:mem_free
40        1322 14574.5391 13261.6969 0.0000 0.0000
11        M:mem_total
40        1322 15817.1836 14393.6371 0.0000 0.0000
16        M:io_writtendata
32        1322 0.1113 0.0935 0.0602 0.0000
11        M:io_writes
32        1322 6.0000 5.0400 3.2447 0.0000
6         M:cpu3
32        1322 1.6368 1.1892 1.2520 0.0000
6         M:cpu2
32        1322 0.8073 0.5721 0.6561 0.0000
6         M:cpu1
32        1322 1.3134 0.9740 0.9540 0.0000
6         M:cpu0
32        1322 1.6162 1.1328 1.3484 0.0000
5         M:cpu
32        1322 1.3433 0.9669 1.0513 0.0000
8         M:syslog
40        1322 1319.0000 953.7500 1020.7985 0.0000
8         M:ssh_in
32        1322 2.0000 1.8200 0.6000 0.0000
14        M:cfengine_out
32        1322 1.0000 0.7000 0.8367 0.0000
13        M:cfengine_in
32        1322 1.0000 0.9100 0.3000 0.0000
9         M:loadavg
32        1322 0.1089 0.0767 0.0897 0.0000
10        M:diskfree
35        1322 75.0000 68.2500 22.5000 0.0000
12        M:otherprocs
32        1322 6.0000 5.4600 1.8000 0.0000
11        M:rootprocs
36        1322 110.0000 99.8900 33.7000 0.0000
7         M:users
32        1322 6.0000 5.4600 1.8000 0.0000
3         MOY
15        M:entropy_avail
34        155 82.5000 57.7500 69.0865 0.0000
12        M:mem_cached
37        155 759.8086 531.8660 642.3242 0.0000
16        M:io_writtendata
31        155 0.0537 0.0376 0.0481 0.0000
11        M:io_writes
31        155 3.0000 2.1000 2.6458 0.0000
6         M:cpu3
31        155 0.1100 0.0770 0.1225 0.0000
6         M:cpu2
31        155 0.0966 0.0676 0.0966 0.0000
6         M:cpu1
31        155 0.1401 0.0981 0.1544 0.0000
6         M:cpu0
31        155 0.0833 0.0583 0.0947 0.0000
5         M:cpu
31        155 0.1066 0.0746 0.0907 0.0000
8         M:syslog
37        155 145.0000 101.5000 121.3157 0.0000
8         M:ssh_in
31        155 2.0000 1.4000 1.6733 0.0000
13        M:cfengine_in
31        155 1.0000 0.7000 0.8367 0.0000
9         M:loadavg
31        155 0.0027 0.0019 0.0023 0.0000
10        M:diskfree
34        155 76.0000 53.2000 63.5917 0.0000
12        M:otherprocs
31        155 6.0000 4.2000 5.0200 0.0000
11        M:rootprocs
35        155 109.5000 76.6500 91.6152 0.0000
7         M:users
31        155 6.0000 4.2000 5.0200 0.0000
# send QUERY complete successful
