# delta from 1679693358 to 1679693419 at 1679693419
22        CFR: 0 1679693418 1676
3         PRD
60        Packing reports: delta,0.043447,0.066779,0.050291,1679693359
3         EXS
16        f,299,1679693270
3         MOM
15        M:entropy_avail
34        1409 2.0000 19.0400 61.1566 0.0000
12        M:mem_cached
40        1409 1558.1680 1417.5555 468.7082 0.0000
10        M:mem_free
40        1409 13827.0742 12582.8361 0.0000 0.0000
11        M:mem_total
40        1409 15817.1836 14393.6371 0.0000 0.0000
16        M:io_writtendata
32        1409 0.1602 0.1211 0.1106 0.0000
13        M:io_readdata
32        1409 0.0000 0.0059 0.0211 0.0000
11        M:io_writes
33        1409 10.0000 7.4200 7.2534 0.0000
6         M:cpu3
32        1409 1.0620 0.7490 0.8730 0.0000
6         M:cpu2
32        1409 2.2286 1.6328 1.6691 0.0000
6         M:cpu1
32        1409 0.5799 0.4101 0.4736 0.0000
6         M:cpu0
32        1409 1.2789 0.8994 1.0583 0.0000
5         M:cpu
32        1409 1.2872 0.9224 1.0185 0.0000
8         M:syslog
38        1409 837.0000 702.8700 452.8589 0.0000
8         M:ssh_in
32        1409 2.0000 1.8200 0.6000 0.0000
13        M:cfengine_in
32        1409 1.0000 0.9100 0.3000 0.0000
9         M:loadavg
32        1409 0.0615 0.0605 0.0034 0.0000
10        M:diskfree
35        1409 69.0000 62.7900 20.7000 0.0000
12        M:otherprocs
32        1409 6.0000 5.4600 1.8000 0.0000
11        M:rootprocs
37        1409 111.0000 101.0100 33.3000 0.0000
7         M:users
32        1409 6.0000 5.4600 1.8000 0.0000
3         MOY
15        M:entropy_avail
34        155 84.5000 59.1500 70.8474 0.0000
12        M:mem_cached
39        155 1058.9355 741.2549 1546.1225 0.0000
16        M:io_writtendata
31        155 0.0479 0.0335 0.0419 0.0000
11        M:io_writes
31        155 3.0000 2.1000 2.6458 0.0000
6         M:cpu3
31        155 0.0133 0.0093 0.0111 0.0000
6         M:cpu2
31        155 0.0866 0.0606 0.0949 0.0000
6         M:cpu1
31        155 0.0999 0.0699 0.1070 0.0000
6         M:cpu0
31        155 0.1432 0.1002 0.1206 0.0000
5         M:cpu
31        155 0.0849 0.0594 0.0710 0.0000
8         M:syslog
37        155 145.0000 101.5000 121.3157 0.0000
8         M:ssh_in
31        155 2.0000 1.4000 1.6733 0.0000
13        M:cfengine_in
31        155 1.0000 0.7000 0.8367 0.0000
9         M:loadavg
31        155 0.0039 0.0027 0.0034 0.0000
10        M:diskfree
34        155 73.5000 51.4500 61.5642 0.0000
12        M:otherprocs
31        155 6.0000 4.2000 5.0200 0.0000
11        M:rootprocs
35        155 109.5000 76.6500 91.6152 0.0000
7         M:users
31        155 6.0000 4.2000 5.0200 0.0000
# send QUERY complete successful
