# delta from 1679666058 to 1679666120 at 1679666120
22        CFR: 0 1679666119 1673
3         PRD
60        Packing reports: delta,0.040607,0.148445,0.112069,1679666059
3         EXS
16        f,337,1679665979
3         MOM
15        M:entropy_avail
34        1318 1.0000 17.0800 57.3473 0.0000
12        M:mem_cached
38        1318 865.4258 787.2167 260.6969 0.0000
10        M:mem_free
40        1318 14580.4727 13265.8840 0.0000 0.0000
11        M:mem_total
40        1318 15817.1836 14393.6371 0.0000 0.0000
16        M:io_writtendata
32        1318 0.1143 0.0882 0.0749 0.0000
11        M:io_writes
32        1318 6.0000 4.6200 3.9563 0.0000
6         M:cpu3
32        1318 1.5087 1.0589 1.2545 0.0000
6         M:cpu2
32        1318 0.8887 0.7173 0.5213 0.0000
6         M:cpu1
32        1318 1.3807 0.9721 1.1397 0.0000
6         M:cpu0
32        1318 1.2539 0.8777 1.0491 0.0000
5         M:cpu
32        1318 1.2582 0.9066 0.9821 0.0000
8         M:syslog
39        1318 1272.0000 920.8500 981.5622 0.0000
8         M:ssh_in
32        1318 2.0000 1.8200 0.6000 0.0000
14        M:cfengine_out
32        1318 1.0000 0.7000 0.8367 0.0000
13        M:cfengine_in
32        1318 1.0000 0.9100 0.3000 0.0000
9         M:loadavg
32        1318 0.0732 0.0513 0.0613 0.0000
10        M:diskfree
35        1318 75.0000 68.2500 22.5000 0.0000
12        M:otherprocs
32        1318 6.0000 5.4600 1.8000 0.0000
11        M:rootprocs
37        1318 112.0000 101.2900 35.7000 0.0000
7         M:users
32        1318 6.0000 5.4600 1.8000 0.0000
3         MOY
15        M:entropy_avail
34        155 86.5000 60.5500 72.6426 0.0000
12        M:mem_cached
37        155 751.0039 525.7027 634.0092 0.0000
16        M:io_writtendata
31        155 0.0562 0.0393 0.0508 0.0000
11        M:io_writes
31        155 2.0000 1.4000 1.6733 0.0000
6         M:cpu3
31        155 0.1333 0.0933 0.1500 0.0000
6         M:cpu2
31        155 0.0899 0.0629 0.0953 0.0000
6         M:cpu1
31        155 0.1869 0.1308 0.2097 0.0000
6         M:cpu0
31        155 0.0899 0.0629 0.0953 0.0000
5         M:cpu
31        155 0.1232 0.0863 0.1076 0.0000
8         M:syslog
37        155 145.0000 101.5000 121.3157 0.0000
8         M:ssh_in
31        155 2.0000 1.4000 1.6733 0.0000
13        M:cfengine_in
31        155 1.0000 0.7000 0.8367 0.0000
9         M:loadavg
31        155 0.0054 0.0038 0.0049 0.0000
10        M:diskfree
34        155 76.0000 53.2000 63.5917 0.0000
12        M:otherprocs
31        155 6.0000 4.2000 5.0200 0.0000
11        M:rootprocs
35        155 109.0000 76.3000 91.1998 0.0000
7         M:users
31        155 6.0000 4.2000 5.0200 0.0000
# send QUERY complete successful
