# delta from 1679670378 to 1679670439 at 1679670439
22        CFR: 0 1679670438 1588
3         PRD
60        Packing reports: delta,0.051006,0.204004,0.252741,1679670379
3         EXS
16        f,299,1679670174
3         MOM
15        M:entropy_avail
35        1333 84.0000 58.8000 70.2794 0.0000
12        M:mem_cached
38        1333 886.1484 620.3039 741.4050 0.0000
10        M:mem_free
40        1333 14529.9414 10170.9590 0.0000 0.0000
11        M:mem_total
40        1333 15817.1836 11072.0285 0.0000 0.0000
16        M:io_writtendata
32        1333 0.0723 0.0506 0.0605 0.0000
11        M:io_writes
32        1333 4.0000 2.8000 3.3466 0.0000
6         M:cpu3
32        1333 0.1199 0.0839 0.1003 0.0000
6         M:cpu2
32        1333 0.0333 0.0233 0.0278 0.0000
6         M:cpu1
32        1333 0.3804 0.2663 0.3182 0.0000
5         M:cpu
32        1333 0.1349 0.0944 0.1129 0.0000
8         M:syslog
38        1333 145.0000 101.5000 121.3157 0.0000
8         M:ssh_in
32        1333 2.0000 1.4000 1.6733 0.0000
13        M:cfengine_in
32        1333 1.0000 0.7000 0.8367 0.0000
9         M:loadavg
32        1333 0.1455 0.1019 0.1217 0.0000
10        M:diskfree
35        1333 74.0000 51.8000 61.9128 0.0000
12        M:otherprocs
32        1333 6.0000 4.2000 5.0200 0.0000
11        M:rootprocs
36        1333 110.0000 77.0000 92.0326 0.0000
7         M:users
32        1333 6.0000 4.2000 5.0200 0.0000
3         MOY
15        M:entropy_avail
34        155 82.5000 57.7500 69.0865 0.0000
12        M:mem_cached
37        155 759.8086 531.8660 642.3242 0.0000
16        M:io_writtendata
31        155 0.0537 0.0376 0.0481 0.0000
11        M:io_writes
31        155 3.0000 2.1000 2.6458 0.0000
6         M:cpu3
31        155 0.1100 0.0770 0.1225 0.0000
6         M:cpu2
31        155 0.0966 0.0676 0.0966 0.0000
6         M:cpu1
31        155 0.1401 0.0981 0.1544 0.0000
6         M:cpu0
31        155 0.0833 0.0583 0.0947 0.0000
5         M:cpu
31        155 0.1066 0.0746 0.0907 0.0000
8         M:syslog
37        155 145.0000 101.5000 121.3157 0.0000
8         M:ssh_in
31        155 2.0000 1.4000 1.6733 0.0000
13        M:cfengine_in
31        155 1.0000 0.7000 0.8367 0.0000
9         M:loadavg
31        155 0.0027 0.0019 0.0023 0.0000
10        M:diskfree
34        155 76.0000 53.2000 63.5917 0.0000
12        M:otherprocs
31        155 6.0000 4.2000 5.0200 0.0000
11        M:rootprocs
35        155 109.5000 76.6500 91.6152 0.0000
7         M:users
31        155 6.0000 4.2000 5.0200 0.0000
# send QUERY complete successful
