# delta from 1679736558 to 1679736619 at 1679736619
22        CFR: 0 1679736618 1756
3         PRD
60        Packing reports: delta,0.039821,0.115682,0.082447,1679736559
83        Sample(/proc/sys/kernel/random/entropy_avail),0.004505,0.002030,0.002143,1679736597
3         EXS
16        f,293,1679736449
3         MOM
15        M:entropy_avail
34        1553 7.0000 21.9100 55.7393 0.0000
12        M:mem_cached
40        1553 1827.4414 1662.6427 549.3289 0.0000
10        M:mem_free
38        1553 9444.8566 9444.8566 0.0000 0.0000
11        M:mem_total
40        1553 11072.0285 11072.0285 0.0000 0.0000
16        M:io_writtendata
32        1553 0.1670 0.1261 0.1157 0.0000
11        M:io_writes
32        1553 8.0000 6.0200 5.5975 0.0000
6         M:cpu3
32        1553 0.6067 0.5002 0.3395 0.0000
6         M:cpu2
32        1553 0.3933 0.3831 0.0342 0.0000
6         M:cpu1
32        1553 0.8995 0.7262 0.5272 0.0000
6         M:cpu0
32        1553 0.2597 0.6086 1.1631 0.0000
5         M:cpu
32        1553 0.5414 0.5557 0.0475 0.0000
8         M:syslog
38        1553 602.0000 452.0600 423.4813 0.0000
8         M:ssh_in
32        1553 2.0000 1.8200 0.6000 0.0000
14        M:cfengine_out
32        1553 0.0000 0.2100 0.7436 0.0000
13        M:cfengine_in
32        1553 1.0000 0.9100 0.3000 0.0000
9         M:loadavg
32        1553 0.0576 0.0628 0.0172 0.0000
10        M:diskfree
35        1553 65.0000 59.1500 19.5000 0.0000
12        M:otherprocs
32        1553 6.0000 5.4600 1.8000 0.0000
11        M:rootprocs
36        1553 109.0000 99.8200 30.6000 0.0000
7         M:users
32        1553 6.0000 5.4600 1.8000 0.0000
3         MOY
15        M:entropy_avail
34        155 84.5000 59.1500 70.8474 0.0000
12        M:mem_cached
39        155 1058.9355 741.2549 1546.1225 0.0000
16        M:io_writtendata
31        155 0.0479 0.0335 0.0419 0.0000
11        M:io_writes
31        155 3.0000 2.1000 2.6458 0.0000
6         M:cpu3
31        155 0.0133 0.0093 0.0111 0.0000
6         M:cpu2
31        155 0.0866 0.0606 0.0949 0.0000
6         M:cpu1
31        155 0.0999 0.0699 0.1070 0.0000
6         M:cpu0
31        155 0.1432 0.1002 0.1206 0.0000
5         M:cpu
31        155 0.0849 0.0594 0.0710 0.0000
8         M:syslog
37        155 145.0000 101.5000 121.3157 0.0000
8         M:ssh_in
31        155 2.0000 1.4000 1.6733 0.0000
13        M:cfengine_in
31        155 1.0000 0.7000 0.8367 0.0000
9         M:loadavg
31        155 0.0039 0.0027 0.0034 0.0000
10        M:diskfree
34        155 73.5000 51.4500 61.5642 0.0000
12        M:otherprocs
31        155 6.0000 4.2000 5.0200 0.0000
11        M:rootprocs
35        155 109.5000 76.6500 91.6152 0.0000
7         M:users
31        155 6.0000 4.2000 5.0200 0.0000
# send QUERY complete successful
