# delta from 1679754383 to 1679754444 at 1679754444
22        CFR: 0 1679754443 1627
3         PRD
60        Packing reports: delta,0.034242,0.117254,0.114367,1679754384
3         EXS
16        f,298,1679754170
3         MOM
15        M:entropy_avail
32        1613 4.0000 2.8000 3.3466 0.0000
12        M:mem_cached
41        1613 1927.1914 1349.0340 1612.4040 0.0000
10        M:mem_free
39        1613 13414.0938 9389.8656 0.0000 0.0000
11        M:mem_total
40        1613 15817.1836 11072.0285 0.0000 0.0000
16        M:io_writtendata
32        1613 0.0635 0.0444 0.0531 0.0000
11        M:io_writes
32        1613 2.0000 1.4000 1.6733 0.0000
6         M:cpu3
32        1613 0.1998 0.1399 0.1672 0.0000
6         M:cpu2
32        1613 0.0133 0.0093 0.0111 0.0000
6         M:cpu1
32        1613 0.2665 0.1866 0.2230 0.0000
6         M:cpu0
32        1613 0.0133 0.0093 0.0111 0.0000
5         M:cpu
32        1613 0.1232 0.0862 0.1031 0.0000
8         M:syslog
38        1613 146.0000 102.2000 122.1524 0.0000
8         M:ssh_in
32        1613 2.0000 1.4000 1.6733 0.0000
13        M:cfengine_in
32        1613 1.0000 0.7000 0.8367 0.0000
9         M:loadavg
32        1613 0.0034 0.0024 0.0029 0.0000
10        M:diskfree
35        1613 64.0000 44.8000 53.5462 0.0000
12        M:otherprocs
32        1613 6.0000 4.2000 5.0200 0.0000
11        M:rootprocs
36        1613 108.0000 75.6000 90.3593 0.0000
7         M:users
32        1613 6.0000 4.2000 5.0200 0.0000
3         MOY
15        M:entropy_avail
34        155 84.5000 59.1500 70.8474 0.0000
12        M:mem_cached
39        155 1058.9355 741.2549 1546.1225 0.0000
16        M:io_writtendata
31        155 0.0479 0.0335 0.0419 0.0000
11        M:io_writes
31        155 3.0000 2.1000 2.6458 0.0000
6         M:cpu3
31        155 0.0133 0.0093 0.0111 0.0000
6         M:cpu2
31        155 0.0866 0.0606 0.0949 0.0000
6         M:cpu1
31        155 0.0999 0.0699 0.1070 0.0000
6         M:cpu0
31        155 0.1432 0.1002 0.1206 0.0000
5         M:cpu
31        155 0.0849 0.0594 0.0710 0.0000
8         M:syslog
37        155 145.0000 101.5000 121.3157 0.0000
8         M:ssh_in
31        155 2.0000 1.4000 1.6733 0.0000
13        M:cfengine_in
31        155 1.0000 0.7000 0.8367 0.0000
9         M:loadavg
31        155 0.0039 0.0027 0.0034 0.0000
10        M:diskfree
34        155 73.5000 51.4500 61.5642 0.0000
12        M:otherprocs
31        155 6.0000 4.2000 5.0200 0.0000
11        M:rootprocs
35        155 109.5000 76.6500 91.6152 0.0000
7         M:users
31        155 6.0000 4.2000 5.0200 0.0000
# send QUERY complete successful
