# delta from 1679673679 to 1679673739 at 1679673739
22        CFR: 0 1679673738 1590
3         PRD
60        Packing reports: delta,0.030348,0.092099,0.094736,1679673680
3         EXS
16        f,337,1679673481
3         MOM
15        M:entropy_avail
35        1344 86.0000 60.2000 71.9528 0.0000
12        M:mem_cached
41        1344 1444.9023 1011.4316 1208.8920 0.0000
10        M:mem_free
39        1344 13962.0977 9773.4684 0.0000 0.0000
11        M:mem_total
40        1344 15817.1836 11072.0285 0.0000 0.0000
16        M:io_writtendata
32        1344 0.0801 0.0561 0.0670 0.0000
11        M:io_writes
32        1344 2.0000 1.4000 1.6733 0.0000
6         M:cpu3
32        1344 0.0666 0.0466 0.0557 0.0000
6         M:cpu2
32        1344 0.3402 0.2381 0.2846 0.0000
6         M:cpu1
32        1344 0.0599 0.0419 0.0501 0.0000
5         M:cpu
32        1344 0.1199 0.0839 0.1003 0.0000
8         M:syslog
38        1344 145.0000 101.5000 121.3157 0.0000
8         M:ssh_in
32        1344 2.0000 1.4000 1.6733 0.0000
13        M:cfengine_in
32        1344 1.0000 0.7000 0.8367 0.0000
9         M:loadavg
32        1344 0.0269 0.0188 0.0225 0.0000
10        M:diskfree
35        1344 70.0000 49.0000 58.5662 0.0000
12        M:otherprocs
32        1344 6.0000 4.2000 5.0200 0.0000
11        M:rootprocs
36        1344 109.0000 76.3000 91.1959 0.0000
7         M:users
32        1344 6.0000 4.2000 5.0200 0.0000
3         MOY
15        M:entropy_avail
34        155 84.0000 58.8000 70.4038 0.0000
12        M:mem_cached
37        155 768.7441 538.1209 650.8247 0.0000
16        M:io_writtendata
31        155 0.0483 0.0338 0.0424 0.0000
11        M:io_writes
31        155 2.0000 1.4000 1.6733 0.0000
6         M:cpu3
31        155 0.0999 0.0699 0.1106 0.0000
6         M:cpu2
31        155 0.0933 0.0653 0.0959 0.0000
6         M:cpu1
31        155 0.1600 0.1120 0.1779 0.0000
6         M:cpu0
31        155 0.0966 0.0676 0.0966 0.0000
5         M:cpu
31        155 0.1115 0.0781 0.0956 0.0000
8         M:syslog
37        155 145.0000 101.5000 121.3157 0.0000
8         M:ssh_in
31        155 2.0000 1.4000 1.6733 0.0000
13        M:cfengine_in
31        155 1.0000 0.7000 0.8367 0.0000
9         M:loadavg
31        155 0.0071 0.0050 0.0069 0.0000
10        M:diskfree
34        155 75.5000 52.8500 63.1803 0.0000
12        M:otherprocs
31        155 6.0000 4.2000 5.0200 0.0000
11        M:rootprocs
35        155 109.5000 76.6500 91.6152 0.0000
7         M:users
31        155 6.0000 4.2000 5.0200 0.0000
# send QUERY complete successful
