# delta from 1679740998 to 1679741059 at 1679741059
22        CFR: 0 1679741058 1676
3         PRD
60        Packing reports: delta,0.024396,0.059517,0.058396,1679740999
3         EXS
16        f,295,1679740938
3         MOM
15        M:entropy_avail
35        1568 92.0000 66.5000 71.2636 0.0000
12        M:mem_cached
40        1568 1852.8750 1685.7734 557.0055 0.0000
10        M:mem_free
38        1568 9449.9836 9449.9836 0.0000 0.0000
11        M:mem_total
40        1568 11072.0285 11072.0285 0.0000 0.0000
16        M:io_writtendata
32        1568 0.1006 0.0821 0.0575 0.0000
11        M:io_writes
32        1568 4.0000 3.2200 2.3605 0.0000
6         M:cpu3
32        1568 0.7725 0.6009 0.4962 0.0000
6         M:cpu2
32        1568 1.1591 0.8169 0.9542 0.0000
6         M:cpu1
32        1568 0.6460 0.4522 0.5405 0.0000
6         M:cpu0
32        1568 2.2851 1.5996 1.9119 0.0000
5         M:cpu
32        1568 1.2156 0.8677 0.9710 0.0000
8         M:syslog
40        1568 1326.0000 958.8600 1026.0881 0.0000
8         M:ssh_in
32        1568 2.0000 1.8200 0.6000 0.0000
14        M:cfengine_out
32        1568 1.0000 0.7000 0.8367 0.0000
13        M:cfengine_in
32        1568 1.0000 0.9100 0.3000 0.0000
9         M:loadavg
32        1568 0.1279 0.0912 0.1025 0.0000
10        M:diskfree
35        1568 65.0000 59.1500 19.5000 0.0000
12        M:otherprocs
32        1568 6.0000 5.4600 1.8000 0.0000
11        M:rootprocs
36        1568 109.0000 99.4000 32.0000 0.0000
7         M:users
32        1568 6.0000 5.4600 1.8000 0.0000
3         MOY
15        M:entropy_avail
34        155 84.5000 59.1500 70.8474 0.0000
12        M:mem_cached
39        155 1058.9355 741.2549 1546.1225 0.0000
16        M:io_writtendata
31        155 0.0479 0.0335 0.0419 0.0000
11        M:io_writes
31        155 3.0000 2.1000 2.6458 0.0000
6         M:cpu3
31        155 0.0133 0.0093 0.0111 0.0000
6         M:cpu2
31        155 0.0866 0.0606 0.0949 0.0000
6         M:cpu1
31        155 0.0999 0.0699 0.1070 0.0000
6         M:cpu0
31        155 0.1432 0.1002 0.1206 0.0000
5         M:cpu
31        155 0.0849 0.0594 0.0710 0.0000
8         M:syslog
37        155 145.0000 101.5000 121.3157 0.0000
8         M:ssh_in
31        155 2.0000 1.4000 1.6733 0.0000
13        M:cfengine_in
31        155 1.0000 0.7000 0.8367 0.0000
9         M:loadavg
31        155 0.0039 0.0027 0.0034 0.0000
10        M:diskfree
34        155 73.5000 51.4500 61.5642 0.0000
12        M:otherprocs
31        155 6.0000 4.2000 5.0200 0.0000
11        M:rootprocs
35        155 109.5000 76.6500 91.6152 0.0000
7         M:users
31        155 6.0000 4.2000 5.0200 0.0000
# send QUERY complete successful
