# delta from 1679668218 to 1679668279 at 1679668279
22        CFR: 0 1679668278 1709
3         PRD
60        Packing reports: delta,0.046732,0.164411,0.174815,1679668219
83        Sample(/proc/sys/kernel/random/entropy_avail),0.005844,0.003415,0.003144,1679668235
3         EXS
16        f,295,1679668047
3         MOM
15        M:entropy_avail
35        1326 82.0000 57.4000 68.6061 0.0000
12        M:mem_cached
38        1326 875.6367 612.9457 732.6102 0.0000
10        M:mem_free
40        1326 14548.6367 10184.0457 0.0000 0.0000
11        M:mem_total
40        1326 15817.1836 11072.0285 0.0000 0.0000
16        M:io_writtendata
32        1326 0.0391 0.0273 0.0327 0.0000
11        M:io_writes
32        1326 2.0000 1.4000 1.6733 0.0000
6         M:cpu3
32        1326 0.2531 0.1772 0.2118 0.0000
6         M:cpu2
32        1326 0.2466 0.1726 0.2063 0.0000
6         M:cpu1
32        1326 0.0200 0.0140 0.0167 0.0000
6         M:cpu0
32        1326 0.0266 0.0186 0.0223 0.0000
5         M:cpu
32        1326 0.1365 0.0955 0.1142 0.0000
8         M:syslog
38        1326 145.0000 101.5000 121.3157 0.0000
8         M:ssh_in
32        1326 2.0000 1.4000 1.6733 0.0000
13        M:cfengine_in
32        1326 1.0000 0.7000 0.8367 0.0000
9         M:loadavg
32        1326 0.0107 0.0075 0.0090 0.0000
10        M:diskfree
35        1326 74.0000 51.8000 61.9128 0.0000
12        M:otherprocs
32        1326 6.0000 4.2000 5.0200 0.0000
11        M:rootprocs
36        1326 109.0000 76.3000 91.1959 0.0000
7         M:users
32        1326 6.0000 4.2000 5.0200 0.0000
3         MOY
15        M:entropy_avail
34        155 82.5000 57.7500 69.0865 0.0000
12        M:mem_cached
37        155 759.8086 531.8660 642.3242 0.0000
16        M:io_writtendata
31        155 0.0537 0.0376 0.0481 0.0000
11        M:io_writes
31        155 3.0000 2.1000 2.6458 0.0000
6         M:cpu3
31        155 0.1100 0.0770 0.1225 0.0000
6         M:cpu2
31        155 0.0966 0.0676 0.0966 0.0000
6         M:cpu1
31        155 0.1401 0.0981 0.1544 0.0000
6         M:cpu0
31        155 0.0833 0.0583 0.0947 0.0000
5         M:cpu
31        155 0.1066 0.0746 0.0907 0.0000
8         M:syslog
37        155 145.0000 101.5000 121.3157 0.0000
8         M:ssh_in
31        155 2.0000 1.4000 1.6733 0.0000
13        M:cfengine_in
31        155 1.0000 0.7000 0.8367 0.0000
9         M:loadavg
31        155 0.0027 0.0019 0.0023 0.0000
10        M:diskfree
34        155 76.0000 53.2000 63.5917 0.0000
12        M:otherprocs
31        155 6.0000 4.2000 5.0200 0.0000
11        M:rootprocs
35        155 109.5000 76.6500 91.6152 0.0000
7         M:users
31        155 6.0000 4.2000 5.0200 0.0000
# send QUERY complete successful
