# delta from 1679735958 to 1679736019 at 1679736019
22        CFR: 0 1679736018 1713
3         PRD
60        Packing reports: delta,0.031142,0.130476,0.142839,1679735959
83        Sample(/proc/sys/kernel/random/entropy_avail),0.004790,0.002294,0.002366,1679735996
3         EXS
16        f,275,1679735858
3         MOM
15        M:entropy_avail
34        1551 1.0000 18.9700 64.0398 0.0000
12        M:mem_cached
40        1551 1824.1211 1659.6048 548.3875 0.0000
10        M:mem_free
40        1551 13527.6406 12312.3178 0.0000 0.0000
11        M:mem_total
40        1551 15817.1836 14393.6371 0.0000 0.0000
16        M:io_writtendata
32        1551 0.1543 0.1170 0.1058 0.0000
11        M:io_writes
32        1551 8.0000 6.0200 5.5975 0.0000
6         M:cpu3
32        1551 0.5198 0.3667 0.4272 0.0000
6         M:cpu2
32        1551 0.6534 0.5161 0.4037 0.0000
6         M:cpu1
32        1551 2.3454 1.6446 1.9545 0.0000
6         M:cpu0
32        1551 1.4274 1.0426 1.0775 0.0000
5         M:cpu
32        1551 1.2366 0.8922 0.9622 0.0000
8         M:syslog
39        1551 1323.0000 979.0200 966.2401 0.0000
8         M:ssh_in
32        1551 2.0000 1.8200 0.6000 0.0000
13        M:cfengine_in
32        1551 1.0000 0.9100 0.3000 0.0000
9         M:loadavg
32        1551 0.0137 0.0110 0.0081 0.0000
10        M:diskfree
35        1551 65.0000 59.1500 19.5000 0.0000
12        M:otherprocs
32        1551 6.0000 5.4600 1.8000 0.0000
11        M:rootprocs
36        1551 109.0000 99.4000 32.0000 0.0000
7         M:users
32        1551 6.0000 5.4600 1.8000 0.0000
3         MOY
15        M:entropy_avail
34        155 84.5000 59.1500 70.8474 0.0000
12        M:mem_cached
39        155 1058.9355 741.2549 1546.1225 0.0000
16        M:io_writtendata
31        155 0.0479 0.0335 0.0419 0.0000
11        M:io_writes
31        155 3.0000 2.1000 2.6458 0.0000
6         M:cpu3
31        155 0.0133 0.0093 0.0111 0.0000
6         M:cpu2
31        155 0.0866 0.0606 0.0949 0.0000
6         M:cpu1
31        155 0.0999 0.0699 0.1070 0.0000
6         M:cpu0
31        155 0.1432 0.1002 0.1206 0.0000
5         M:cpu
31        155 0.0849 0.0594 0.0710 0.0000
8         M:syslog
37        155 145.0000 101.5000 121.3157 0.0000
8         M:ssh_in
31        155 2.0000 1.4000 1.6733 0.0000
13        M:cfengine_in
31        155 1.0000 0.7000 0.8367 0.0000
9         M:loadavg
31        155 0.0039 0.0027 0.0034 0.0000
10        M:diskfree
34        155 73.5000 51.4500 61.5642 0.0000
12        M:otherprocs
31        155 6.0000 4.2000 5.0200 0.0000
11        M:rootprocs
35        155 109.5000 76.6500 91.6152 0.0000
7         M:users
31        155 6.0000 4.2000 5.0200 0.0000
# send QUERY complete successful
