# delta from 1679728458 to 1679728519 at 1679728519
22        CFR: 0 1679728518 1711
3         PRD
60        Packing reports: delta,0.031586,0.099767,0.091236,1679728459
83        Sample(/proc/sys/kernel/random/entropy_avail),0.004627,0.002141,0.001568,1679728485
3         EXS
16        f,295,1679728357
3         MOM
15        M:entropy_avail
34        1526 3.0000 18.9000 57.5352 0.0000
12        M:mem_cached
40        1526 1781.4453 1620.7715 535.5793 0.0000
10        M:mem_free
38        1526 9497.9336 9497.9336 0.0000 0.0000
11        M:mem_total
40        1526 11072.0285 11072.0285 0.0000 0.0000
16        M:io_writtendata
32        1526 0.1689 0.1252 0.1228 0.0000
11        M:io_writes
32        1526 8.0000 6.0200 5.5975 0.0000
6         M:cpu3
32        1526 2.2052 1.5492 1.8294 0.0000
6         M:cpu2
32        1526 1.5154 1.1055 1.1471 0.0000
6         M:cpu1
32        1526 0.8583 0.6050 0.7065 0.0000
6         M:cpu0
32        1526 0.4592 0.3452 0.3221 0.0000
5         M:cpu
32        1526 1.2574 0.8998 0.9983 0.0000
8         M:syslog
39        1526 1091.0000 794.3600 829.9905 0.0000
8         M:ssh_in
32        1526 2.0000 1.8200 0.6000 0.0000
13        M:cfengine_in
32        1526 1.0000 0.9100 0.3000 0.0000
9         M:loadavg
32        1526 0.0059 0.0041 0.0049 0.0000
10        M:diskfree
35        1526 66.0000 60.0600 19.8000 0.0000
12        M:otherprocs
32        1526 6.0000 5.4600 1.8000 0.0000
11        M:rootprocs
36        1526 109.0000 99.1900 32.7000 0.0000
7         M:users
32        1526 6.0000 5.4600 1.8000 0.0000
3         MOY
15        M:entropy_avail
34        155 84.5000 59.1500 70.8474 0.0000
12        M:mem_cached
39        155 1058.9355 741.2549 1546.1225 0.0000
16        M:io_writtendata
31        155 0.0479 0.0335 0.0419 0.0000
11        M:io_writes
31        155 3.0000 2.1000 2.6458 0.0000
6         M:cpu3
31        155 0.0133 0.0093 0.0111 0.0000
6         M:cpu2
31        155 0.0866 0.0606 0.0949 0.0000
6         M:cpu1
31        155 0.0999 0.0699 0.1070 0.0000
6         M:cpu0
31        155 0.1432 0.1002 0.1206 0.0000
5         M:cpu
31        155 0.0849 0.0594 0.0710 0.0000
8         M:syslog
37        155 145.0000 101.5000 121.3157 0.0000
8         M:ssh_in
31        155 2.0000 1.4000 1.6733 0.0000
13        M:cfengine_in
31        155 1.0000 0.7000 0.8367 0.0000
9         M:loadavg
31        155 0.0039 0.0027 0.0034 0.0000
10        M:diskfree
34        155 73.5000 51.4500 61.5642 0.0000
12        M:otherprocs
31        155 6.0000 4.2000 5.0200 0.0000
11        M:rootprocs
35        155 109.5000 76.6500 91.6152 0.0000
7         M:users
31        155 6.0000 4.2000 5.0200 0.0000
# send QUERY complete successful
