# delta from 1679671398 to 1679671459 at 1679671459
22        CFR: 0 1679671458 1672
3         PRD
60        Packing reports: delta,0.047742,0.194585,0.227396,1679671399
3         EXS
16        f,295,1679671354
3         MOM
15        M:entropy_avail
34        1336 3.0000 18.4800 56.0485 0.0000
12        M:mem_cached
38        1336 892.0859 811.4799 268.6867 0.0000
10        M:mem_free
40        1336 14529.5508 13222.9798 0.0000 0.0000
11        M:mem_total
40        1336 15817.1836 14393.6371 0.0000 0.0000
16        M:io_writtendata
32        1336 0.1543 0.1166 0.1067 0.0000
11        M:io_writes
32        1336 8.0000 6.0200 5.5975 0.0000
6         M:cpu3
32        1336 3.1764 2.2725 2.5233 0.0000
6         M:cpu2
32        1336 0.3133 0.2501 0.1887 0.0000
6         M:cpu1
32        1336 0.7324 0.5379 0.5453 0.0000
6         M:cpu0
32        1336 0.8210 0.5789 0.6752 0.0000
5         M:cpu
32        1336 1.2626 0.9111 0.9821 0.0000
8         M:syslog
39        1336 1082.0000 787.8500 823.0318 0.0000
8         M:ssh_in
32        1336 2.0000 1.8200 0.6000 0.0000
14        M:cfengine_out
32        1336 1.0000 0.7000 0.8367 0.0000
13        M:cfengine_in
32        1336 1.0000 0.9100 0.3000 0.0000
9         M:loadavg
32        1336 0.0840 0.0589 0.0700 0.0000
10        M:diskfree
35        1336 74.0000 67.3400 22.2000 0.0000
12        M:otherprocs
32        1336 6.0000 5.4600 1.8000 0.0000
11        M:rootprocs
36        1336 110.0000 99.6800 34.4000 0.0000
7         M:users
32        1336 6.0000 5.4600 1.8000 0.0000
3         MOY
15        M:entropy_avail
34        155 84.0000 58.8000 70.4038 0.0000
12        M:mem_cached
37        155 768.7441 538.1209 650.8247 0.0000
16        M:io_writtendata
31        155 0.0483 0.0338 0.0424 0.0000
11        M:io_writes
31        155 2.0000 1.4000 1.6733 0.0000
6         M:cpu3
31        155 0.0999 0.0699 0.1106 0.0000
6         M:cpu2
31        155 0.0933 0.0653 0.0959 0.0000
6         M:cpu1
31        155 0.1600 0.1120 0.1779 0.0000
6         M:cpu0
31        155 0.0966 0.0676 0.0966 0.0000
5         M:cpu
31        155 0.1115 0.0781 0.0956 0.0000
8         M:syslog
37        155 145.0000 101.5000 121.3157 0.0000
8         M:ssh_in
31        155 2.0000 1.4000 1.6733 0.0000
13        M:cfengine_in
31        155 1.0000 0.7000 0.8367 0.0000
9         M:loadavg
31        155 0.0071 0.0050 0.0069 0.0000
10        M:diskfree
34        155 75.5000 52.8500 63.1803 0.0000
12        M:otherprocs
31        155 6.0000 4.2000 5.0200 0.0000
11        M:rootprocs
35        155 109.5000 76.6500 91.6152 0.0000
7         M:users
31        155 6.0000 4.2000 5.0200 0.0000
# send QUERY complete successful
