# delta from 1679675478 to 1679675539 at 1679675539
22        CFR: 0 1679675538 1630
3         PRD
60        Packing reports: delta,0.030738,0.094481,0.098772,1679675479
3         EXS
16        f,295,1679675253
3         MOM
15        M:entropy_avail
35        1350 83.0000 58.1000 69.4428 0.0000
12        M:mem_cached
41        1350 1454.8906 1018.4234 1217.2488 0.0000
10        M:mem_free
39        1350 13936.5117 9755.5582 0.0000 0.0000
11        M:mem_total
40        1350 15817.1836 11072.0285 0.0000 0.0000
16        M:io_writtendata
32        1350 0.0518 0.0362 0.0433 0.0000
11        M:io_writes
32        1350 2.0000 1.4000 1.6733 0.0000
6         M:cpu3
32        1350 0.0266 0.0186 0.0223 0.0000
6         M:cpu2
32        1350 0.4133 0.2893 0.3458 0.0000
6         M:cpu1
32        1350 0.0333 0.0233 0.0279 0.0000
6         M:cpu0
32        1350 0.0133 0.0093 0.0111 0.0000
5         M:cpu
32        1350 0.1199 0.0839 0.1003 0.0000
8         M:syslog
38        1350 145.0000 101.5000 121.3157 0.0000
8         M:ssh_in
32        1350 2.0000 1.4000 1.6733 0.0000
13        M:cfengine_in
32        1350 1.0000 0.7000 0.8367 0.0000
9         M:loadavg
32        1350 0.0034 0.0024 0.0029 0.0000
10        M:diskfree
35        1350 70.0000 49.0000 58.5662 0.0000
12        M:otherprocs
32        1350 6.0000 4.2000 5.0200 0.0000
11        M:rootprocs
36        1350 109.0000 76.3000 91.1959 0.0000
7         M:users
32        1350 6.0000 4.2000 5.0200 0.0000
3         MOY
15        M:entropy_avail
34        155 82.5000 57.7500 69.0865 0.0000
12        M:mem_cached
39        155 1049.0156 734.3109 1532.5382 0.0000
16        M:io_writtendata
31        155 0.0479 0.0335 0.0419 0.0000
11        M:io_writes
31        155 3.0000 2.1000 2.6458 0.0000
6         M:cpu3
31        155 0.0233 0.0163 0.0212 0.0000
6         M:cpu2
31        155 0.1966 0.1376 0.1673 0.0000
6         M:cpu1
31        155 0.0166 0.0116 0.0142 0.0000
6         M:cpu0
31        155 0.1798 0.1259 0.1514 0.0000
5         M:cpu
31        155 0.1049 0.0734 0.0891 0.0000
8         M:syslog
37        155 145.0000 101.5000 121.3157 0.0000
8         M:ssh_in
31        155 2.0000 1.4000 1.6733 0.0000
13        M:cfengine_in
31        155 1.0000 0.7000 0.8367 0.0000
9         M:loadavg
31        155 0.0042 0.0029 0.0036 0.0000
10        M:diskfree
34        155 73.5000 51.4500 61.5642 0.0000
12        M:otherprocs
31        155 6.0000 4.2000 5.0200 0.0000
11        M:rootprocs
35        155 109.5000 76.6500 91.6152 0.0000
7         M:users
31        155 6.0000 4.2000 5.0200 0.0000
# send QUERY complete successful
