# delta from 1679664378 to 1679664439 at 1679664439
22        CFR: 0 1679664438 1734
3         PRD
108       CFEngine Execution (policy filename: '/var/cfengine/inputs/update.cf'),0.202862,0.543909,0.747577,1679664434
60        Packing reports: delta,0.064109,0.168726,0.117911,1679664379
3         EXS
16        f,293,1679664147
3         MOM
15        M:entropy_avail
35        1313 93.0000 65.1000 77.8094 0.0000
12        M:mem_cached
38        1313 856.6484 599.6539 716.7235 0.0000
10        M:mem_free
40        1313 14586.6836 10210.6785 0.0000 0.0000
11        M:mem_total
40        1313 15817.1836 11072.0285 0.0000 0.0000
16        M:io_writtendata
32        1313 0.0762 0.0533 0.0637 0.0000
11        M:io_writes
32        1313 2.0000 1.4000 1.6733 0.0000
6         M:cpu3
32        1313 0.1265 0.0886 0.1059 0.0000
6         M:cpu2
32        1313 0.3203 0.2242 0.2680 0.0000
6         M:cpu1
32        1313 0.0133 0.0093 0.0111 0.0000
6         M:cpu0
32        1313 0.1733 0.1213 0.1450 0.0000
5         M:cpu
32        1313 0.1599 0.1120 0.1338 0.0000
8         M:syslog
38        1313 145.0000 101.5000 121.3157 0.0000
8         M:ssh_in
32        1313 2.0000 1.4000 1.6733 0.0000
13        M:cfengine_in
32        1313 1.0000 0.7000 0.8367 0.0000
9         M:loadavg
32        1313 0.0054 0.0038 0.0045 0.0000
10        M:diskfree
35        1313 75.0000 52.5000 62.7495 0.0000
12        M:otherprocs
32        1313 6.0000 4.2000 5.0200 0.0000
11        M:rootprocs
36        1313 108.0000 75.6000 90.3593 0.0000
7         M:users
32        1313 6.0000 4.2000 5.0200 0.0000
3         MOY
15        M:entropy_avail
34        155 86.5000 60.5500 72.6426 0.0000
12        M:mem_cached
37        155 751.0039 525.7027 634.0092 0.0000
16        M:io_writtendata
31        155 0.0562 0.0393 0.0508 0.0000
11        M:io_writes
31        155 2.0000 1.4000 1.6733 0.0000
6         M:cpu3
31        155 0.1333 0.0933 0.1500 0.0000
6         M:cpu2
31        155 0.0899 0.0629 0.0953 0.0000
6         M:cpu1
31        155 0.1869 0.1308 0.2097 0.0000
6         M:cpu0
31        155 0.0899 0.0629 0.0953 0.0000
5         M:cpu
31        155 0.1232 0.0863 0.1076 0.0000
8         M:syslog
37        155 145.0000 101.5000 121.3157 0.0000
8         M:ssh_in
31        155 2.0000 1.4000 1.6733 0.0000
13        M:cfengine_in
31        155 1.0000 0.7000 0.8367 0.0000
9         M:loadavg
31        155 0.0054 0.0038 0.0049 0.0000
10        M:diskfree
34        155 76.0000 53.2000 63.5917 0.0000
12        M:otherprocs
31        155 6.0000 4.2000 5.0200 0.0000
11        M:rootprocs
35        155 109.0000 76.3000 91.1998 0.0000
7         M:users
31        155 6.0000 4.2000 5.0200 0.0000
# send QUERY complete successful
