# delta from 1679692998 to 1679693059 at 1679693059
22        CFR: 0 1679693058 1713
3         PRD
60        Packing reports: delta,0.039070,0.152649,0.137148,1679692999
83        Sample(/proc/sys/kernel/random/entropy_avail),0.004678,0.002189,0.001864,1679693030
3         EXS
16        f,307,1679692974
3         MOM
15        M:entropy_avail
34        1408 6.0000 22.2600 60.0792 0.0000
12        M:mem_cached
40        1408 1554.2656 1414.0298 467.4527 0.0000
10        M:mem_free
40        1408 13830.4805 12583.3050 0.0000 0.0000
11        M:mem_total
40        1408 15817.1836 14393.6371 0.0000 0.0000
16        M:io_writtendata
32        1408 0.1455 0.1086 0.1039 0.0000
11        M:io_writes
32        1408 6.0000 4.6200 3.9563 0.0000
6         M:cpu3
32        1408 0.8792 0.6196 0.7239 0.0000
6         M:cpu2
32        1408 2.5826 1.8932 1.9316 0.0000
6         M:cpu1
32        1408 1.1279 0.7937 0.9320 0.0000
6         M:cpu0
32        1408 0.6192 0.4460 0.4838 0.0000
5         M:cpu
32        1408 1.3016 0.9377 1.0166 0.0000
8         M:syslog
39        1408 1077.0000 784.3500 818.8623 0.0000
8         M:ssh_in
32        1408 2.0000 1.8200 0.6000 0.0000
13        M:cfengine_in
32        1408 1.0000 1.1200 0.4000 0.0000
9         M:loadavg
32        1408 0.0615 0.0501 0.0353 0.0000
10        M:diskfree
35        1408 69.0000 62.7900 20.7000 0.0000
12        M:otherprocs
32        1408 6.0000 5.4600 1.8000 0.0000
11        M:rootprocs
36        1408 109.0000 99.1900 32.7000 0.0000
7         M:users
32        1408 6.0000 5.4600 1.8000 0.0000
3         MOY
15        M:entropy_avail
34        155 84.5000 59.1500 70.8474 0.0000
12        M:mem_cached
39        155 1058.9355 741.2549 1546.1225 0.0000
16        M:io_writtendata
31        155 0.0479 0.0335 0.0419 0.0000
11        M:io_writes
31        155 3.0000 2.1000 2.6458 0.0000
6         M:cpu3
31        155 0.0133 0.0093 0.0111 0.0000
6         M:cpu2
31        155 0.0866 0.0606 0.0949 0.0000
6         M:cpu1
31        155 0.0999 0.0699 0.1070 0.0000
6         M:cpu0
31        155 0.1432 0.1002 0.1206 0.0000
5         M:cpu
31        155 0.0849 0.0594 0.0710 0.0000
8         M:syslog
37        155 145.0000 101.5000 121.3157 0.0000
8         M:ssh_in
31        155 2.0000 1.4000 1.6733 0.0000
13        M:cfengine_in
31        155 1.0000 0.7000 0.8367 0.0000
9         M:loadavg
31        155 0.0039 0.0027 0.0034 0.0000
10        M:diskfree
34        155 73.5000 51.4500 61.5642 0.0000
12        M:otherprocs
31        155 6.0000 4.2000 5.0200 0.0000
11        M:rootprocs
35        155 109.5000 76.6500 91.6152 0.0000
7         M:users
31        155 6.0000 4.2000 5.0200 0.0000
# send QUERY complete successful
