# delta from 1679671998 to 1679672059 at 1679672059
22        CFR: 0 1679672058 1672
3         PRD
60        Packing reports: delta,0.031085,0.049823,0.043247,1679671999
3         EXS
16        f,294,1679671944
3         MOM
15        M:entropy_avail
34        1338 8.0000 22.8200 55.8596 0.0000
12        M:mem_cached
38        1338 895.1562 814.2920 269.5477 0.0000
10        M:mem_free
40        1338 14521.3906 13216.3579 0.0000 0.0000
11        M:mem_total
40        1338 15817.1836 14393.6371 0.0000 0.0000
16        M:io_writtendata
32        1338 0.1191 0.0918 0.0784 0.0000
11        M:io_writes
32        1338 6.0000 4.6200 3.9563 0.0000
6         M:cpu3
32        1338 0.5329 0.4038 0.3663 0.0000
6         M:cpu2
32        1338 1.4798 1.0596 1.1730 0.0000
6         M:cpu1
32        1338 1.7513 1.2413 1.4228 0.0000
6         M:cpu0
32        1338 1.0003 0.7156 0.7947 0.0000
5         M:cpu
32        1338 1.1873 0.8524 0.9351 0.0000
8         M:syslog
39        1338 1079.0000 785.7500 820.5301 0.0000
8         M:ssh_in
32        1338 2.0000 1.8200 0.6000 0.0000
14        M:cfengine_out
32        1338 1.0000 0.7000 0.8367 0.0000
13        M:cfengine_in
32        1338 1.0000 0.9100 0.3000 0.0000
9         M:loadavg
32        1338 0.0708 0.0496 0.0592 0.0000
10        M:diskfree
35        1338 74.0000 67.3400 22.2000 0.0000
12        M:otherprocs
32        1338 6.0000 5.4600 1.8000 0.0000
11        M:rootprocs
36        1338 110.0000 99.6800 34.4000 0.0000
7         M:users
32        1338 6.0000 5.4600 1.8000 0.0000
3         MOY
15        M:entropy_avail
34        155 84.0000 58.8000 70.4038 0.0000
12        M:mem_cached
37        155 768.7441 538.1209 650.8247 0.0000
16        M:io_writtendata
31        155 0.0483 0.0338 0.0424 0.0000
11        M:io_writes
31        155 2.0000 1.4000 1.6733 0.0000
6         M:cpu3
31        155 0.0999 0.0699 0.1106 0.0000
6         M:cpu2
31        155 0.0933 0.0653 0.0959 0.0000
6         M:cpu1
31        155 0.1600 0.1120 0.1779 0.0000
6         M:cpu0
31        155 0.0966 0.0676 0.0966 0.0000
5         M:cpu
31        155 0.1115 0.0781 0.0956 0.0000
8         M:syslog
37        155 145.0000 101.5000 121.3157 0.0000
8         M:ssh_in
31        155 2.0000 1.4000 1.6733 0.0000
13        M:cfengine_in
31        155 1.0000 0.7000 0.8367 0.0000
9         M:loadavg
31        155 0.0071 0.0050 0.0069 0.0000
10        M:diskfree
34        155 75.5000 52.8500 63.1803 0.0000
12        M:otherprocs
31        155 6.0000 4.2000 5.0200 0.0000
11        M:rootprocs
35        155 109.5000 76.6500 91.6152 0.0000
7         M:users
31        155 6.0000 4.2000 5.0200 0.0000
# send QUERY complete successful
