# delta from 1679699238 to 1679699299 at 1679699299
22        CFR: 0 1679699298 1589
3         PRD
60        Packing reports: delta,0.026534,0.070405,0.074990,1679699239
3         EXS
16        f,295,1679699235
3         MOM
15        M:entropy_avail
35        1429 83.0000 58.1000 69.4428 0.0000
12        M:mem_cached
41        1429 1590.4805 1113.3363 1330.6914 0.0000
10        M:mem_free
39        1429 13767.6172 9637.3320 0.0000 0.0000
11        M:mem_total
40        1429 15817.1836 11072.0285 0.0000 0.0000
16        M:io_writtendata
32        1429 0.0400 0.0280 0.0335 0.0000
11        M:io_writes
32        1429 2.0000 1.4000 1.6733 0.0000
6         M:cpu3
32        1429 0.0333 0.0233 0.0278 0.0000
6         M:cpu2
32        1429 0.2397 0.1678 0.2005 0.0000
6         M:cpu1
32        1429 0.1398 0.0979 0.1170 0.0000
6         M:cpu0
32        1429 0.0067 0.0047 0.0056 0.0000
5         M:cpu
32        1429 0.1048 0.0734 0.0877 0.0000
8         M:syslog
38        1429 145.0000 101.5000 121.3157 0.0000
8         M:ssh_in
32        1429 2.0000 1.4000 1.6733 0.0000
13        M:cfengine_in
32        1429 1.0000 0.7000 0.8367 0.0000
10        M:diskfree
35        1429 68.0000 47.6000 56.8929 0.0000
12        M:otherprocs
32        1429 6.0000 4.2000 5.0200 0.0000
11        M:rootprocs
36        1429 110.0000 77.0000 92.0326 0.0000
7         M:users
32        1429 6.0000 4.2000 5.0200 0.0000
3         MOY
15        M:entropy_avail
34        155 84.5000 59.1500 70.8474 0.0000
12        M:mem_cached
39        155 1058.9355 741.2549 1546.1225 0.0000
16        M:io_writtendata
31        155 0.0479 0.0335 0.0419 0.0000
11        M:io_writes
31        155 3.0000 2.1000 2.6458 0.0000
6         M:cpu3
31        155 0.0133 0.0093 0.0111 0.0000
6         M:cpu2
31        155 0.0866 0.0606 0.0949 0.0000
6         M:cpu1
31        155 0.0999 0.0699 0.1070 0.0000
6         M:cpu0
31        155 0.1432 0.1002 0.1206 0.0000
5         M:cpu
31        155 0.0849 0.0594 0.0710 0.0000
8         M:syslog
37        155 145.0000 101.5000 121.3157 0.0000
8         M:ssh_in
31        155 2.0000 1.4000 1.6733 0.0000
13        M:cfengine_in
31        155 1.0000 0.7000 0.8367 0.0000
9         M:loadavg
31        155 0.0039 0.0027 0.0034 0.0000
10        M:diskfree
34        155 73.5000 51.4500 61.5642 0.0000
12        M:otherprocs
31        155 6.0000 4.2000 5.0200 0.0000
11        M:rootprocs
35        155 109.5000 76.6500 91.6152 0.0000
7         M:users
31        155 6.0000 4.2000 5.0200 0.0000
# send QUERY complete successful
