# delta from 1679679798 to 1679679860 at 1679679860
22        CFR: 0 1679679859 1713
3         PRD
60        Packing reports: delta,0.029301,0.085852,0.090150,1679679799
83        Sample(/proc/sys/kernel/random/entropy_avail),0.006638,0.004407,0.002929,1679679806
3         EXS
16        f,295,1679679742
3         MOM
15        M:entropy_avail
34        1364 3.0000 19.7400 60.5087 0.0000
12        M:mem_cached
40        1364 1479.9023 1346.3592 445.1437 0.0000
10        M:mem_free
38        1364 9741.1590 9741.1590 0.0000 0.0000
11        M:mem_total
40        1364 11072.0285 11072.0285 0.0000 0.0000
16        M:io_writtendata
32        1364 0.1611 0.1196 0.1169 0.0000
11        M:io_writes
32        1364 8.0000 6.0200 5.5975 0.0000
6         M:cpu3
32        1364 2.3273 1.6319 1.9394 0.0000
6         M:cpu2
32        1364 1.0068 0.7243 0.7889 0.0000
6         M:cpu1
32        1364 1.0796 0.7837 0.8275 0.0000
6         M:cpu0
32        1364 0.9206 0.6640 0.7169 0.0000
5         M:cpu
32        1364 1.3336 0.9503 1.0696 0.0000
8         M:syslog
41        1364 1562.0000 1123.8500 1223.7473 0.0000
8         M:ssh_in
32        1364 2.0000 1.8200 0.6000 0.0000
13        M:cfengine_in
32        1364 1.0000 0.9100 0.3000 0.0000
9         M:loadavg
32        1364 0.0278 0.0288 0.0033 0.0000
10        M:diskfree
35        1364 70.0000 63.7000 21.0000 0.0000
12        M:otherprocs
32        1364 6.0000 5.4600 1.8000 0.0000
11        M:rootprocs
36        1364 110.0000 99.8900 33.7000 0.0000
7         M:users
32        1364 6.0000 5.4600 1.8000 0.0000
3         MOY
15        M:entropy_avail
34        155 84.5000 59.1500 70.8474 0.0000
12        M:mem_cached
39        155 1058.9355 741.2549 1546.1225 0.0000
16        M:io_writtendata
31        155 0.0479 0.0335 0.0419 0.0000
11        M:io_writes
31        155 3.0000 2.1000 2.6458 0.0000
6         M:cpu3
31        155 0.0133 0.0093 0.0111 0.0000
6         M:cpu2
31        155 0.0866 0.0606 0.0949 0.0000
6         M:cpu1
31        155 0.0999 0.0699 0.1070 0.0000
6         M:cpu0
31        155 0.1432 0.1002 0.1206 0.0000
5         M:cpu
31        155 0.0849 0.0594 0.0710 0.0000
8         M:syslog
37        155 145.0000 101.5000 121.3157 0.0000
8         M:ssh_in
31        155 2.0000 1.4000 1.6733 0.0000
13        M:cfengine_in
31        155 1.0000 0.7000 0.8367 0.0000
9         M:loadavg
31        155 0.0039 0.0027 0.0034 0.0000
10        M:diskfree
34        155 73.5000 51.4500 61.5642 0.0000
12        M:otherprocs
31        155 6.0000 4.2000 5.0200 0.0000
11        M:rootprocs
35        155 109.5000 76.6500 91.6152 0.0000
7         M:users
31        155 6.0000 4.2000 5.0200 0.0000
# send QUERY complete successful
