# delta from 1679713758 to 1679713819 at 1679713819
22        CFR: 0 1679713818 1715
3         PRD
60        Packing reports: delta,0.035259,0.124317,0.124560,1679713759
83        Sample(/proc/sys/kernel/random/entropy_avail),0.004588,0.002105,0.001892,1679713762
3         EXS
16        f,295,1679713648
3         MOM
15        M:entropy_avail
34        1477 0.0000 16.3800 58.0039 0.0000
12        M:mem_cached
40        1477 1698.0703 1544.8675 510.6762 0.0000
10        M:mem_free
40        1477 13668.9492 12437.1844 0.0000 0.0000
11        M:mem_total
40        1477 15817.1836 14393.6371 0.0000 0.0000
16        M:io_writtendata
32        1477 0.1797 0.1323 0.1328 0.0000
11        M:io_writes
33        1477 10.0000 7.4200 7.2534 0.0000
6         M:cpu3
32        1477 1.9778 1.3844 1.6547 0.0000
6         M:cpu2
32        1477 1.2533 0.9543 0.8507 0.0000
6         M:cpu1
32        1477 0.5060 0.3570 0.4156 0.0000
6         M:cpu0
32        1477 1.3197 0.9252 1.1003 0.0000
5         M:cpu
32        1477 1.2609 0.9032 0.9984 0.0000
8         M:syslog
40        1477 1325.0000 957.9500 1025.8079 0.0000
8         M:ssh_in
32        1477 2.0000 1.8200 0.6000 0.0000
13        M:cfengine_in
32        1477 1.0000 0.9100 0.3000 0.0000
9         M:loadavg
32        1477 0.0322 0.0226 0.0270 0.0000
10        M:diskfree
35        1477 67.0000 60.9700 20.1000 0.0000
12        M:otherprocs
32        1477 6.0000 5.4600 1.8000 0.0000
11        M:rootprocs
36        1477 109.0000 99.1900 32.7000 0.0000
7         M:users
32        1477 6.0000 5.4600 1.8000 0.0000
3         MOY
15        M:entropy_avail
34        155 84.5000 59.1500 70.8474 0.0000
12        M:mem_cached
39        155 1058.9355 741.2549 1546.1225 0.0000
16        M:io_writtendata
31        155 0.0479 0.0335 0.0419 0.0000
11        M:io_writes
31        155 3.0000 2.1000 2.6458 0.0000
6         M:cpu3
31        155 0.0133 0.0093 0.0111 0.0000
6         M:cpu2
31        155 0.0866 0.0606 0.0949 0.0000
6         M:cpu1
31        155 0.0999 0.0699 0.1070 0.0000
6         M:cpu0
31        155 0.1432 0.1002 0.1206 0.0000
5         M:cpu
31        155 0.0849 0.0594 0.0710 0.0000
8         M:syslog
37        155 145.0000 101.5000 121.3157 0.0000
8         M:ssh_in
31        155 2.0000 1.4000 1.6733 0.0000
13        M:cfengine_in
31        155 1.0000 0.7000 0.8367 0.0000
9         M:loadavg
31        155 0.0039 0.0027 0.0034 0.0000
10        M:diskfree
34        155 73.5000 51.4500 61.5642 0.0000
12        M:otherprocs
31        155 6.0000 4.2000 5.0200 0.0000
11        M:rootprocs
35        155 109.5000 76.6500 91.6152 0.0000
7         M:users
31        155 6.0000 4.2000 5.0200 0.0000
# send QUERY complete successful
