# delta from 1679737458 to 1679737519 at 1679737519
22        CFR: 0 1679737518 1757
3         PRD
60        Packing reports: delta,0.022986,0.052836,0.042597,1679737459
83        Sample(/proc/sys/kernel/random/entropy_avail),0.005034,0.002534,0.003018,1679737498
3         EXS
16        f,296,1679737336
3         MOM
15        M:entropy_avail
34        1556 3.0000 21.2100 65.7127 0.0000
12        M:mem_cached
40        1556 1832.5742 1667.6499 549.7477 0.0000
10        M:mem_free
40        1556 13508.0664 12292.6497 0.0000 0.0000
11        M:mem_total
40        1556 15817.1836 14393.6371 0.0000 0.0000
16        M:io_writtendata
32        1556 0.0547 0.0729 0.0608 0.0000
11        M:io_writes
32        1556 2.0000 3.5000 5.0000 0.0000
6         M:cpu3
32        1556 0.0067 0.1656 0.5657 0.0000
6         M:cpu2
32        1556 0.1665 0.4097 0.8107 0.0000
6         M:cpu1
32        1556 0.0067 0.2036 0.7000 0.0000
6         M:cpu0
32        1556 0.0932 0.4928 1.4535 0.0000
5         M:cpu
32        1556 0.0683 0.3179 0.9122 0.0000
8         M:syslog
37        1556 0.0000 309.7500 1096.8686 0.0000
8         M:ssh_in
32        1556 2.0000 1.8200 0.6000 0.0000
14        M:cfengine_out
32        1556 0.0000 0.2100 0.7436 0.0000
13        M:cfengine_in
32        1556 1.0000 0.9100 0.3000 0.0000
9         M:loadavg
32        1556 0.0078 0.0326 0.0912 0.0000
10        M:diskfree
35        1556 65.0000 59.1500 19.5000 0.0000
12        M:otherprocs
32        1556 6.0000 5.4600 1.8000 0.0000
11        M:rootprocs
36        1556 109.0000 99.4000 32.0000 0.0000
7         M:users
32        1556 6.0000 5.4600 1.8000 0.0000
3         MOY
15        M:entropy_avail
34        155 84.5000 59.1500 70.8474 0.0000
12        M:mem_cached
39        155 1058.9355 741.2549 1546.1225 0.0000
16        M:io_writtendata
31        155 0.0479 0.0335 0.0419 0.0000
11        M:io_writes
31        155 3.0000 2.1000 2.6458 0.0000
6         M:cpu3
31        155 0.0133 0.0093 0.0111 0.0000
6         M:cpu2
31        155 0.0866 0.0606 0.0949 0.0000
6         M:cpu1
31        155 0.0999 0.0699 0.1070 0.0000
6         M:cpu0
31        155 0.1432 0.1002 0.1206 0.0000
5         M:cpu
31        155 0.0849 0.0594 0.0710 0.0000
8         M:syslog
37        155 145.0000 101.5000 121.3157 0.0000
8         M:ssh_in
31        155 2.0000 1.4000 1.6733 0.0000
13        M:cfengine_in
31        155 1.0000 0.7000 0.8367 0.0000
9         M:loadavg
31        155 0.0039 0.0027 0.0034 0.0000
10        M:diskfree
34        155 73.5000 51.4500 61.5642 0.0000
12        M:otherprocs
31        155 6.0000 4.2000 5.0200 0.0000
11        M:rootprocs
35        155 109.5000 76.6500 91.6152 0.0000
7         M:users
31        155 6.0000 4.2000 5.0200 0.0000
# send QUERY complete successful
