# delta from 1679685498 to 1679685559 at 1679685559
22        CFR: 0 1679685558 1760
3         PRD
60        Packing reports: delta,0.030469,0.119691,0.109738,1679685499
83        Sample(/proc/sys/kernel/random/entropy_avail),0.004700,0.002209,0.002065,1679685517
3         EXS
16        f,298,1679685472
3         MOM
15        M:entropy_avail
34        1383 0.0000 17.4300 61.7221 0.0000
12        M:mem_cached
40        1383 1511.9297 1375.4877 454.8066 0.0000
10        M:mem_free
40        1383 13860.6484 12614.5444 0.0000 0.0000
11        M:mem_total
40        1383 15817.1836 14393.6371 0.0000 0.0000
16        M:io_writtendata
32        1383 0.1729 0.1282 0.1256 0.0000
11        M:io_writes
33        1383 10.0000 7.4200 7.2534 0.0000
6         M:cpu3
32        1383 0.6611 0.4656 0.5454 0.0000
6         M:cpu2
32        1383 2.0623 1.4674 1.6600 0.0000
6         M:cpu1
32        1383 0.7268 0.5158 0.5888 0.0000
6         M:cpu0
32        1383 1.7850 1.2957 1.3684 0.0000
5         M:cpu
32        1383 1.3107 0.9370 1.0428 0.0000
8         M:syslog
38        1383 948.0000 694.0500 711.3430 0.0000
8         M:ssh_in
32        1383 2.0000 1.8200 0.6000 0.0000
14        M:cfengine_out
32        1383 1.0000 0.7000 0.8367 0.0000
13        M:cfengine_in
32        1383 1.0000 0.9100 0.3000 0.0000
9         M:loadavg
32        1383 0.0356 0.0250 0.0298 0.0000
10        M:diskfree
35        1383 69.0000 62.7900 20.7000 0.0000
12        M:otherprocs
32        1383 6.0000 5.4600 1.8000 0.0000
11        M:rootprocs
37        1383 111.0000 100.8000 34.0000 0.0000
7         M:users
32        1383 6.0000 5.4600 1.8000 0.0000
3         MOY
15        M:entropy_avail
34        155 84.5000 59.1500 70.8474 0.0000
12        M:mem_cached
39        155 1058.9355 741.2549 1546.1225 0.0000
16        M:io_writtendata
31        155 0.0479 0.0335 0.0419 0.0000
11        M:io_writes
31        155 3.0000 2.1000 2.6458 0.0000
6         M:cpu3
31        155 0.0133 0.0093 0.0111 0.0000
6         M:cpu2
31        155 0.0866 0.0606 0.0949 0.0000
6         M:cpu1
31        155 0.0999 0.0699 0.1070 0.0000
6         M:cpu0
31        155 0.1432 0.1002 0.1206 0.0000
5         M:cpu
31        155 0.0849 0.0594 0.0710 0.0000
8         M:syslog
37        155 145.0000 101.5000 121.3157 0.0000
8         M:ssh_in
31        155 2.0000 1.4000 1.6733 0.0000
13        M:cfengine_in
31        155 1.0000 0.7000 0.8367 0.0000
9         M:loadavg
31        155 0.0039 0.0027 0.0034 0.0000
10        M:diskfree
34        155 73.5000 51.4500 61.5642 0.0000
12        M:otherprocs
31        155 6.0000 4.2000 5.0200 0.0000
11        M:rootprocs
35        155 109.5000 76.6500 91.6152 0.0000
7         M:users
31        155 6.0000 4.2000 5.0200 0.0000
# send QUERY complete successful
