# delta from 1679742558 to 1679742619 at 1679742619
22        CFR: 0 1679742618 2358
3         PRD
60        Packing reports: delta,0.024751,0.061259,0.062990,1679742559
83        Sample(/proc/sys/kernel/random/entropy_avail),0.004525,0.002047,0.001895,1679742606
3         EXS
16        f,308,1679742475
3         MOM
15        M:entropy_avail
35        1573 85.0000 61.6000 65.4202 0.0000
32        1574 2.0000 1.4000 1.6733 0.0000
12        M:mem_cached
40        1573 1859.4375 1692.0848 557.8422 0.0000
41        1574 1861.2070 1302.8449 1557.1975 0.0000
10        M:mem_free
38        1573 9446.6531 9446.6531 0.0000 0.0000
39        1574 13499.0078 9449.3055 0.0000 0.0000
11        M:mem_total
40        1573 11072.0285 11072.0285 0.0000 0.0000
40        1574 15817.1836 11072.0285 0.0000 0.0000
16        M:io_writtendata
32        1573 0.0381 0.0597 0.0720 0.0000
32        1574 0.1660 0.1162 0.1389 0.0000
11        M:io_writes
32        1573 2.0000 3.0800 3.6000 0.0000
33        1574 10.0000 7.0000 8.3666 0.0000
6         M:cpu3
32        1573 0.0266 0.1236 0.3544 0.0000
32        1574 2.1211 1.4848 1.7747 0.0000
6         M:cpu2
32        1573 0.2397 0.4856 0.8198 0.0000
32        1574 1.1136 0.7795 0.9317 0.0000
6         M:cpu1
32        1573 0.1066 0.4091 1.1158 0.0000
32        1574 0.6065 0.4245 0.5074 0.0000
6         M:cpu0
32        1573 0.0067 0.2774 0.9614 0.0000
32        1574 1.1931 0.8352 0.9982 0.0000
5         M:cpu
32        1573 0.0916 0.3219 0.8541 0.0000
32        1574 1.2634 0.8843 1.0570 0.0000
8         M:syslog
36        1573 0.0000 258.3000 914.6768 0.0000
41        1574 1472.0000 1030.4000 1231.5636 0.0000
8         M:ssh_in
32        1573 2.0000 1.8200 0.6000 0.0000
32        1574 2.0000 1.4000 1.6733 0.0000
13        M:cfengine_in
32        1573 1.0000 0.9100 0.3000 0.0000
32        1574 1.0000 0.7000 0.8367 0.0000
9         M:loadavg
32        1573 0.0000 0.0057 0.0203 0.0000
32        1574 0.0293 0.0205 0.0245 0.0000
10        M:diskfree
35        1573 65.0000 59.1500 19.5000 0.0000
35        1574 65.0000 45.5000 54.3829 0.0000
12        M:otherprocs
32        1573 6.0000 5.4600 1.8000 0.0000
32        1574 6.0000 4.2000 5.0200 0.0000
11        M:rootprocs
36        1573 109.0000 99.1900 32.7000 0.0000
36        1574 109.0000 76.3000 91.1959 0.0000
7         M:users
32        1573 6.0000 5.4600 1.8000 0.0000
32        1574 6.0000 4.2000 5.0200 0.0000
3         MOY
15        M:entropy_avail
34        155 84.5000 59.1500 70.8474 0.0000
12        M:mem_cached
39        155 1058.9355 741.2549 1546.1225 0.0000
16        M:io_writtendata
31        155 0.0479 0.0335 0.0419 0.0000
11        M:io_writes
31        155 3.0000 2.1000 2.6458 0.0000
6         M:cpu3
31        155 0.0133 0.0093 0.0111 0.0000
6         M:cpu2
31        155 0.0866 0.0606 0.0949 0.0000
6         M:cpu1
31        155 0.0999 0.0699 0.1070 0.0000
6         M:cpu0
31        155 0.1432 0.1002 0.1206 0.0000
5         M:cpu
31        155 0.0849 0.0594 0.0710 0.0000
8         M:syslog
37        155 145.0000 101.5000 121.3157 0.0000
8         M:ssh_in
31        155 2.0000 1.4000 1.6733 0.0000
13        M:cfengine_in
31        155 1.0000 0.7000 0.8367 0.0000
9         M:loadavg
31        155 0.0039 0.0027 0.0034 0.0000
10        M:diskfree
34        155 73.5000 51.4500 61.5642 0.0000
12        M:otherprocs
31        155 6.0000 4.2000 5.0200 0.0000
11        M:rootprocs
35        155 109.5000 76.6500 91.6152 0.0000
7         M:users
31        155 6.0000 4.2000 5.0200 0.0000
# send QUERY complete successful
