# delta from 1679672658 to 1679672719 at 1679672719
22        CFR: 0 1679672718 1629
3         PRD
60        Packing reports: delta,0.028690,0.082310,0.072681,1679672659
3         EXS
16        f,295,1679672535
3         MOM
15        M:entropy_avail
35        1340 51.0000 80.8500 99.5000 0.0000
12        M:mem_cached
40        1340 1439.9805 1309.9803 433.3340 0.0000
10        M:mem_free
38        1340 9774.7645 9774.7645 0.0000 0.0000
11        M:mem_total
40        1340 11072.0285 11072.0285 0.0000 0.0000
16        M:io_writtendata
32        1340 0.1455 0.1146 0.0906 0.0000
11        M:io_writes
32        1340 6.0000 5.0400 3.2447 0.0000
6         M:cpu3
32        1340 0.4535 0.3427 0.3141 0.0000
6         M:cpu2
32        1340 0.9133 0.6421 0.7563 0.0000
6         M:cpu1
32        1340 2.7268 1.9676 2.1214 0.0000
6         M:cpu0
32        1340 1.0202 0.7211 0.8342 0.0000
5         M:cpu
32        1340 1.2769 0.9180 1.0024 0.0000
8         M:syslog
40        1340 1313.0000 949.5500 1015.7893 0.0000
8         M:ssh_in
32        1340 2.0000 1.8200 0.6000 0.0000
13        M:cfengine_in
32        1340 1.0000 0.9100 0.3000 0.0000
9         M:loadavg
32        1340 0.0376 0.0289 0.0249 0.0000
10        M:diskfree
35        1340 70.0000 63.7000 21.0000 0.0000
12        M:otherprocs
32        1340 6.0000 5.4600 1.8000 0.0000
11        M:rootprocs
37        1340 108.0000 105.0000 10.0000 0.0000
7         M:users
32        1340 6.0000 5.4600 1.8000 0.0000
3         MOY
15        M:entropy_avail
34        155 84.0000 58.8000 70.4038 0.0000
12        M:mem_cached
37        155 768.7441 538.1209 650.8247 0.0000
16        M:io_writtendata
31        155 0.0483 0.0338 0.0424 0.0000
11        M:io_writes
31        155 2.0000 1.4000 1.6733 0.0000
6         M:cpu3
31        155 0.0999 0.0699 0.1106 0.0000
6         M:cpu2
31        155 0.0933 0.0653 0.0959 0.0000
6         M:cpu1
31        155 0.1600 0.1120 0.1779 0.0000
6         M:cpu0
31        155 0.0966 0.0676 0.0966 0.0000
5         M:cpu
31        155 0.1115 0.0781 0.0956 0.0000
8         M:syslog
37        155 145.0000 101.5000 121.3157 0.0000
8         M:ssh_in
31        155 2.0000 1.4000 1.6733 0.0000
13        M:cfengine_in
31        155 1.0000 0.7000 0.8367 0.0000
9         M:loadavg
31        155 0.0071 0.0050 0.0069 0.0000
10        M:diskfree
34        155 75.5000 52.8500 63.1803 0.0000
12        M:otherprocs
31        155 6.0000 4.2000 5.0200 0.0000
11        M:rootprocs
35        155 109.5000 76.6500 91.6152 0.0000
7         M:users
31        155 6.0000 4.2000 5.0200 0.0000
# send QUERY complete successful
