# delta from 1679677518 to 1679677579 at 1679677579
22        CFR: 0 1679677578 1713
3         PRD
60        Packing reports: delta,0.030460,0.092784,0.104500,1679677519
83        Sample(/proc/sys/kernel/random/entropy_avail),0.005470,0.002992,0.004360,1679677552
3         EXS
16        f,337,1679677380
3         MOM
15        M:entropy_avail
35        1357 77.0000 53.9000 64.4228 0.0000
12        M:mem_cached
41        1357 1466.3945 1026.4762 1226.8737 0.0000
10        M:mem_free
39        1357 13929.5078 9750.6555 0.0000 0.0000
11        M:mem_total
40        1357 15817.1836 11072.0285 0.0000 0.0000
16        M:io_writtendata
32        1357 0.0586 0.0410 0.0490 0.0000
11        M:io_writes
32        1357 2.0000 1.4000 1.6733 0.0000
6         M:cpu3
32        1357 0.2532 0.1773 0.2119 0.0000
6         M:cpu2
32        1357 0.0266 0.0186 0.0223 0.0000
6         M:cpu1
32        1357 0.0399 0.0280 0.0334 0.0000
6         M:cpu0
32        1357 0.0333 0.0233 0.0278 0.0000
5         M:cpu
32        1357 0.0882 0.0617 0.0738 0.0000
8         M:syslog
38        1357 145.0000 101.5000 121.3157 0.0000
8         M:ssh_in
32        1357 2.0000 1.4000 1.6733 0.0000
13        M:cfengine_in
32        1357 1.0000 0.7000 0.8367 0.0000
9         M:loadavg
32        1357 0.0122 0.0085 0.0102 0.0000
10        M:diskfree
35        1357 70.0000 49.0000 58.5662 0.0000
12        M:otherprocs
32        1357 6.0000 4.2000 5.0200 0.0000
11        M:rootprocs
36        1357 109.0000 76.3000 91.1959 0.0000
7         M:users
32        1357 6.0000 4.2000 5.0200 0.0000
3         MOY
15        M:entropy_avail
34        155 82.5000 57.7500 69.0865 0.0000
12        M:mem_cached
39        155 1049.0156 734.3109 1532.5382 0.0000
16        M:io_writtendata
31        155 0.0479 0.0335 0.0419 0.0000
11        M:io_writes
31        155 3.0000 2.1000 2.6458 0.0000
6         M:cpu3
31        155 0.0233 0.0163 0.0212 0.0000
6         M:cpu2
31        155 0.1966 0.1376 0.1673 0.0000
6         M:cpu1
31        155 0.0166 0.0116 0.0142 0.0000
6         M:cpu0
31        155 0.1798 0.1259 0.1514 0.0000
5         M:cpu
31        155 0.1049 0.0734 0.0891 0.0000
8         M:syslog
37        155 145.0000 101.5000 121.3157 0.0000
8         M:ssh_in
31        155 2.0000 1.4000 1.6733 0.0000
13        M:cfengine_in
31        155 1.0000 0.7000 0.8367 0.0000
9         M:loadavg
31        155 0.0042 0.0029 0.0036 0.0000
10        M:diskfree
34        155 73.5000 51.4500 61.5642 0.0000
12        M:otherprocs
31        155 6.0000 4.2000 5.0200 0.0000
11        M:rootprocs
35        155 109.5000 76.6500 91.6152 0.0000
7         M:users
31        155 6.0000 4.2000 5.0200 0.0000
# send QUERY complete successful
