# delta from 1679707638 to 1679707699 at 1679707699
22        CFR: 0 1679707698 1589
3         PRD
60        Packing reports: delta,0.032024,0.102555,0.114519,1679707639
3         EXS
16        f,295,1679707622
3         MOM
15        M:entropy_avail
35        1457 80.0000 56.0000 66.9328 0.0000
12        M:mem_cached
41        1457 1638.0508 1146.6355 1370.4916 0.0000
10        M:mem_free
39        1457 13726.4258 9608.4980 0.0000 0.0000
11        M:mem_total
40        1457 15817.1836 11072.0285 0.0000 0.0000
16        M:io_writtendata
32        1457 0.0361 0.0253 0.0302 0.0000
11        M:io_writes
32        1457 2.0000 1.4000 1.6733 0.0000
6         M:cpu3
32        1457 0.1932 0.1352 0.1616 0.0000
6         M:cpu2
32        1457 0.0133 0.0093 0.0111 0.0000
6         M:cpu1
32        1457 0.1332 0.0932 0.1114 0.0000
6         M:cpu0
32        1457 0.0999 0.0699 0.0836 0.0000
5         M:cpu
32        1457 0.1082 0.0758 0.0906 0.0000
8         M:syslog
38        1457 145.0000 101.5000 121.3157 0.0000
8         M:ssh_in
32        1457 2.0000 1.4000 1.6733 0.0000
13        M:cfengine_in
32        1457 1.0000 0.7000 0.8367 0.0000
10        M:diskfree
35        1457 68.0000 47.6000 56.8929 0.0000
12        M:otherprocs
32        1457 6.0000 4.2000 5.0200 0.0000
11        M:rootprocs
36        1457 109.0000 76.3000 91.1959 0.0000
7         M:users
32        1457 6.0000 4.2000 5.0200 0.0000
3         MOY
15        M:entropy_avail
34        155 84.5000 59.1500 70.8474 0.0000
12        M:mem_cached
39        155 1058.9355 741.2549 1546.1225 0.0000
16        M:io_writtendata
31        155 0.0479 0.0335 0.0419 0.0000
11        M:io_writes
31        155 3.0000 2.1000 2.6458 0.0000
6         M:cpu3
31        155 0.0133 0.0093 0.0111 0.0000
6         M:cpu2
31        155 0.0866 0.0606 0.0949 0.0000
6         M:cpu1
31        155 0.0999 0.0699 0.1070 0.0000
6         M:cpu0
31        155 0.1432 0.1002 0.1206 0.0000
5         M:cpu
31        155 0.0849 0.0594 0.0710 0.0000
8         M:syslog
37        155 145.0000 101.5000 121.3157 0.0000
8         M:ssh_in
31        155 2.0000 1.4000 1.6733 0.0000
13        M:cfengine_in
31        155 1.0000 0.7000 0.8367 0.0000
9         M:loadavg
31        155 0.0039 0.0027 0.0034 0.0000
10        M:diskfree
34        155 73.5000 51.4500 61.5642 0.0000
12        M:otherprocs
31        155 6.0000 4.2000 5.0200 0.0000
11        M:rootprocs
35        155 109.5000 76.6500 91.6152 0.0000
7         M:users
31        155 6.0000 4.2000 5.0200 0.0000
# send QUERY complete successful
