# delta from 1679733498 to 1679733559 at 1679733559
22        CFR: 0 1679733558 1678
3         PRD
60        Packing reports: delta,0.035325,0.124788,0.129941,1679733499
3         EXS
16        f,295,1679733436
3         MOM
15        M:entropy_avail
35        1543 96.0000 67.2000 80.3194 0.0000
12        M:mem_cached
41        1543 1810.1367 1267.0957 1514.4690 0.0000
10        M:mem_free
39        1543 13543.6719 9480.5703 0.0000 0.0000
11        M:mem_total
40        1543 15817.1836 11072.0285 0.0000 0.0000
16        M:io_writtendata
32        1543 0.1484 0.1039 0.1242 0.0000
11        M:io_writes
32        1543 8.0000 5.6000 6.6933 0.0000
6         M:cpu3
32        1543 1.9277 1.3494 1.6128 0.0000
6         M:cpu2
32        1543 0.8200 0.5740 0.6861 0.0000
6         M:cpu1
32        1543 1.3661 0.9563 1.1430 0.0000
6         M:cpu0
32        1543 0.9529 0.6670 0.7972 0.0000
5         M:cpu
32        1543 1.2666 0.8866 1.0597 0.0000
8         M:syslog
40        1543 1230.0000 861.0000 1029.0918 0.0000
8         M:ssh_in
32        1543 2.0000 1.4000 1.6733 0.0000
14        M:cfengine_out
32        1543 1.0000 0.7000 0.8367 0.0000
13        M:cfengine_in
32        1543 1.0000 0.7000 0.8367 0.0000
9         M:loadavg
32        1543 0.0669 0.0468 0.0560 0.0000
10        M:diskfree
35        1543 65.0000 45.5000 54.3829 0.0000
12        M:otherprocs
32        1543 6.0000 4.2000 5.0200 0.0000
11        M:rootprocs
36        1543 111.0000 77.7000 92.8693 0.0000
7         M:users
32        1543 6.0000 4.2000 5.0200 0.0000
3         MOY
15        M:entropy_avail
34        155 84.5000 59.1500 70.8474 0.0000
12        M:mem_cached
39        155 1058.9355 741.2549 1546.1225 0.0000
16        M:io_writtendata
31        155 0.0479 0.0335 0.0419 0.0000
11        M:io_writes
31        155 3.0000 2.1000 2.6458 0.0000
6         M:cpu3
31        155 0.0133 0.0093 0.0111 0.0000
6         M:cpu2
31        155 0.0866 0.0606 0.0949 0.0000
6         M:cpu1
31        155 0.0999 0.0699 0.1070 0.0000
6         M:cpu0
31        155 0.1432 0.1002 0.1206 0.0000
5         M:cpu
31        155 0.0849 0.0594 0.0710 0.0000
8         M:syslog
37        155 145.0000 101.5000 121.3157 0.0000
8         M:ssh_in
31        155 2.0000 1.4000 1.6733 0.0000
13        M:cfengine_in
31        155 1.0000 0.7000 0.8367 0.0000
9         M:loadavg
31        155 0.0039 0.0027 0.0034 0.0000
10        M:diskfree
34        155 73.5000 51.4500 61.5642 0.0000
12        M:otherprocs
31        155 6.0000 4.2000 5.0200 0.0000
11        M:rootprocs
35        155 109.5000 76.6500 91.6152 0.0000
7         M:users
31        155 6.0000 4.2000 5.0200 0.0000
# send QUERY complete successful
