# delta from 1679673978 to 1679674039 at 1679674039
22        CFR: 0 1679674038 1628
3         PRD
60        Packing reports: delta,0.028313,0.080161,0.072104,1679673979
3         EXS
16        f,307,1679673776
3         MOM
15        M:entropy_avail
35        1345 83.0000 58.1000 69.4428 0.0000
12        M:mem_cached
41        1345 1446.5469 1012.5828 1210.2679 0.0000
10        M:mem_free
39        1345 13939.1953 9757.4367 0.0000 0.0000
11        M:mem_total
40        1345 15817.1836 11072.0285 0.0000 0.0000
16        M:io_writtendata
32        1345 0.0791 0.0554 0.0662 0.0000
11        M:io_writes
32        1345 2.0000 1.4000 1.6733 0.0000
6         M:cpu3
32        1345 0.0333 0.0233 0.0278 0.0000
6         M:cpu2
32        1345 0.2265 0.1586 0.1895 0.0000
6         M:cpu1
32        1345 0.0732 0.0513 0.0613 0.0000
6         M:cpu0
32        1345 0.1532 0.1072 0.1282 0.0000
5         M:cpu
32        1345 0.1199 0.0839 0.1003 0.0000
8         M:syslog
38        1345 145.0000 101.5000 121.3157 0.0000
8         M:ssh_in
32        1345 2.0000 1.4000 1.6733 0.0000
13        M:cfengine_in
32        1345 2.0000 1.4000 1.6733 0.0000
9         M:loadavg
32        1345 0.0566 0.0396 0.0474 0.0000
10        M:diskfree
35        1345 70.0000 49.0000 58.5662 0.0000
12        M:otherprocs
32        1345 6.0000 4.2000 5.0200 0.0000
11        M:rootprocs
36        1345 109.0000 76.3000 91.1959 0.0000
7         M:users
32        1345 6.0000 4.2000 5.0200 0.0000
3         MOY
15        M:entropy_avail
34        155 84.0000 58.8000 70.4038 0.0000
12        M:mem_cached
37        155 768.7441 538.1209 650.8247 0.0000
16        M:io_writtendata
31        155 0.0483 0.0338 0.0424 0.0000
11        M:io_writes
31        155 2.0000 1.4000 1.6733 0.0000
6         M:cpu3
31        155 0.0999 0.0699 0.1106 0.0000
6         M:cpu2
31        155 0.0933 0.0653 0.0959 0.0000
6         M:cpu1
31        155 0.1600 0.1120 0.1779 0.0000
6         M:cpu0
31        155 0.0966 0.0676 0.0966 0.0000
5         M:cpu
31        155 0.1115 0.0781 0.0956 0.0000
8         M:syslog
37        155 145.0000 101.5000 121.3157 0.0000
8         M:ssh_in
31        155 2.0000 1.4000 1.6733 0.0000
13        M:cfengine_in
31        155 1.0000 0.7000 0.8367 0.0000
9         M:loadavg
31        155 0.0071 0.0050 0.0069 0.0000
10        M:diskfree
34        155 75.5000 52.8500 63.1803 0.0000
12        M:otherprocs
31        155 6.0000 4.2000 5.0200 0.0000
11        M:rootprocs
35        155 109.5000 76.6500 91.6152 0.0000
7         M:users
31        155 6.0000 4.2000 5.0200 0.0000
# send QUERY complete successful
