# delta from 1679670978 to 1679671039 at 1679671039
22        CFR: 0 1679671038 1626
3         PRD
60        Packing reports: delta,0.041421,0.184623,0.151192,1679670979
3         EXS
16        f,294,1679670763
3         MOM
15        M:entropy_avail
35        1335 92.0000 64.4000 76.9727 0.0000
12        M:mem_cached
38        1335 889.1055 622.3738 743.8790 0.0000
10        M:mem_free
40        1335 14524.1016 10166.8711 0.0000 0.0000
11        M:mem_total
40        1335 15817.1836 11072.0285 0.0000 0.0000
16        M:io_writtendata
32        1335 0.0615 0.0431 0.0515 0.0000
11        M:io_writes
32        1335 2.0000 1.4000 1.6733 0.0000
6         M:cpu3
32        1335 0.1331 0.0932 0.1114 0.0000
6         M:cpu2
32        1335 0.0067 0.0047 0.0056 0.0000
6         M:cpu1
32        1335 0.2868 0.2007 0.2399 0.0000
6         M:cpu0
32        1335 0.1265 0.0886 0.1058 0.0000
5         M:cpu
32        1335 0.1365 0.0956 0.1142 0.0000
8         M:syslog
38        1335 145.0000 101.5000 121.3157 0.0000
8         M:ssh_in
32        1335 2.0000 1.4000 1.6733 0.0000
13        M:cfengine_in
32        1335 1.0000 0.7000 0.8367 0.0000
9         M:loadavg
32        1335 0.0054 0.0038 0.0045 0.0000
10        M:diskfree
35        1335 74.0000 51.8000 61.9128 0.0000
12        M:otherprocs
32        1335 6.0000 4.2000 5.0200 0.0000
11        M:rootprocs
36        1335 109.0000 76.3000 91.1959 0.0000
7         M:users
32        1335 6.0000 4.2000 5.0200 0.0000
3         MOY
15        M:entropy_avail
34        155 84.0000 58.8000 70.4038 0.0000
12        M:mem_cached
37        155 768.7441 538.1209 650.8247 0.0000
16        M:io_writtendata
31        155 0.0483 0.0338 0.0424 0.0000
11        M:io_writes
31        155 2.0000 1.4000 1.6733 0.0000
6         M:cpu3
31        155 0.0999 0.0699 0.1106 0.0000
6         M:cpu2
31        155 0.0933 0.0653 0.0959 0.0000
6         M:cpu1
31        155 0.1600 0.1120 0.1779 0.0000
6         M:cpu0
31        155 0.0966 0.0676 0.0966 0.0000
5         M:cpu
31        155 0.1115 0.0781 0.0956 0.0000
8         M:syslog
37        155 145.0000 101.5000 121.3157 0.0000
8         M:ssh_in
31        155 2.0000 1.4000 1.6733 0.0000
13        M:cfengine_in
31        155 1.0000 0.7000 0.8367 0.0000
9         M:loadavg
31        155 0.0071 0.0050 0.0069 0.0000
10        M:diskfree
34        155 75.5000 52.8500 63.1803 0.0000
12        M:otherprocs
31        155 6.0000 4.2000 5.0200 0.0000
11        M:rootprocs
35        155 109.5000 76.6500 91.6152 0.0000
7         M:users
31        155 6.0000 4.2000 5.0200 0.0000
# send QUERY complete successful
