# delta from 1679712858 to 1679712919 at 1679712919
22        CFR: 0 1679712918 1713
3         PRD
60        Packing reports: delta,0.034706,0.120449,0.115008,1679712859
83        Sample(/proc/sys/kernel/random/entropy_avail),0.004439,0.001970,0.001782,1679712861
3         EXS
16        f,296,1679712762
3         MOM
15        M:entropy_avail
34        1474 1.0000 18.1300 61.0654 0.0000
12        M:mem_cached
40        1474 1692.9062 1540.1969 509.0312 0.0000
10        M:mem_free
40        1474 13677.3867 12445.2899 0.0000 0.0000
11        M:mem_total
40        1474 15817.1836 14393.6371 0.0000 0.0000
16        M:io_writtendata
32        1474 0.1699 0.1253 0.1252 0.0000
11        M:io_writes
33        1474 10.0000 7.4200 7.2534 0.0000
6         M:cpu3
32        1474 1.0665 0.7913 0.7736 0.0000
6         M:cpu2
32        1474 2.0935 1.4710 1.7360 0.0000
6         M:cpu1
32        1474 0.7930 0.5831 0.5886 0.0000
6         M:cpu0
32        1474 1.1856 0.8313 0.9880 0.0000
5         M:cpu
32        1474 1.2862 0.9202 1.0214 0.0000
8         M:syslog
38        1474 837.0000 616.3500 618.9406 0.0000
8         M:ssh_in
32        1474 2.0000 1.8200 0.6000 0.0000
13        M:cfengine_in
32        1474 1.0000 0.9100 0.3000 0.0000
9         M:loadavg
32        1474 0.0615 0.0431 0.0515 0.0000
10        M:diskfree
35        1474 67.0000 60.9700 20.1000 0.0000
12        M:otherprocs
32        1474 6.0000 5.4600 1.8000 0.0000
11        M:rootprocs
36        1474 109.0000 99.1900 32.7000 0.0000
7         M:users
32        1474 6.0000 5.4600 1.8000 0.0000
3         MOY
15        M:entropy_avail
34        155 84.5000 59.1500 70.8474 0.0000
12        M:mem_cached
39        155 1058.9355 741.2549 1546.1225 0.0000
16        M:io_writtendata
31        155 0.0479 0.0335 0.0419 0.0000
11        M:io_writes
31        155 3.0000 2.1000 2.6458 0.0000
6         M:cpu3
31        155 0.0133 0.0093 0.0111 0.0000
6         M:cpu2
31        155 0.0866 0.0606 0.0949 0.0000
6         M:cpu1
31        155 0.0999 0.0699 0.1070 0.0000
6         M:cpu0
31        155 0.1432 0.1002 0.1206 0.0000
5         M:cpu
31        155 0.0849 0.0594 0.0710 0.0000
8         M:syslog
37        155 145.0000 101.5000 121.3157 0.0000
8         M:ssh_in
31        155 2.0000 1.4000 1.6733 0.0000
13        M:cfengine_in
31        155 1.0000 0.7000 0.8367 0.0000
9         M:loadavg
31        155 0.0039 0.0027 0.0034 0.0000
10        M:diskfree
34        155 73.5000 51.4500 61.5642 0.0000
12        M:otherprocs
31        155 6.0000 4.2000 5.0200 0.0000
11        M:rootprocs
35        155 109.5000 76.6500 91.6152 0.0000
7         M:users
31        155 6.0000 4.2000 5.0200 0.0000
# send QUERY complete successful
