# delta from 1679743458 to 1679743519 at 1679743519
22        CFR: 0 1679743518 2404
3         PRD
60        Packing reports: delta,0.027992,0.078353,0.069259,1679743459
83        Sample(/proc/sys/kernel/random/entropy_avail),0.004415,0.001949,0.001911,1679743507
3         EXS
16        f,296,1679743361
3         MOM
15        M:entropy_avail
35        1576 84.0000 59.4300 68.5362 0.0000
32        1577 3.0000 2.1000 2.5100 0.0000
12        M:mem_cached
40        1576 1864.6406 1696.8025 559.4605 0.0000
41        1577 1866.2031 1306.3422 1561.3776 0.0000
10        M:mem_free
40        1576 13454.6133 12251.0735 0.0000 0.0000
39        1577 13491.0234 9443.7164 0.0000 0.0000
11        M:mem_total
40        1576 15817.1836 14393.6371 0.0000 0.0000
40        1577 15817.1836 11072.0285 0.0000 0.0000
16        M:io_writtendata
32        1576 0.0400 0.0604 0.0680 0.0000
32        1577 0.1797 0.1258 0.1503 0.0000
11        M:io_writes
32        1576 2.0000 3.0800 3.6000 0.0000
33        1577 10.0000 7.0000 8.3666 0.0000
6         M:cpu3
32        1576 1.5266 1.5611 0.1152 0.0000
32        1577 0.8136 0.5695 0.6807 0.0000
6         M:cpu2
32        1576 0.6199 0.6971 0.2575 0.0000
32        1577 1.3739 0.9617 1.1495 0.0000
6         M:cpu1
32        1576 0.0799 0.1301 0.1672 0.0000
32        1577 0.2797 0.1958 0.2340 0.0000
6         M:cpu0
32        1576 0.2664 0.3487 0.2744 0.0000
32        1577 0.3330 0.2331 0.2786 0.0000
5         M:cpu
32        1576 0.6230 0.6851 0.2071 0.0000
32        1577 0.6981 0.4887 0.5841 0.0000
8         M:syslog
36        1576 0.0000 157.0800 556.2425 0.0000
38        1577 988.0000 691.6000 826.6201 0.0000
8         M:ssh_in
32        1576 2.0000 1.8200 0.6000 0.0000
32        1577 2.0000 1.4000 1.6733 0.0000
14        M:cfengine_out
32        1576 1.0000 0.7000 0.8367 0.0000
13        M:cfengine_in
32        1576 1.0000 0.9100 0.3000 0.0000
32        1577 1.0000 0.7000 0.8367 0.0000
9         M:loadavg
32        1576 0.0801 0.0586 0.0601 0.0000
32        1577 0.0249 0.0174 0.0208 0.0000
10        M:diskfree
35        1576 65.0000 59.1500 19.5000 0.0000
35        1577 65.0000 45.5000 54.3829 0.0000
12        M:otherprocs
32        1576 6.0000 5.4600 1.8000 0.0000
32        1577 6.0000 4.2000 5.0200 0.0000
11        M:rootprocs
37        1576 113.0000 102.2000 36.0000 0.0000
36        1577 108.0000 75.6000 90.3593 0.0000
7         M:users
32        1576 6.0000 5.4600 1.8000 0.0000
32        1577 6.0000 4.2000 5.0200 0.0000
3         MOY
15        M:entropy_avail
34        155 84.5000 59.1500 70.8474 0.0000
12        M:mem_cached
39        155 1058.9355 741.2549 1546.1225 0.0000
16        M:io_writtendata
31        155 0.0479 0.0335 0.0419 0.0000
11        M:io_writes
31        155 3.0000 2.1000 2.6458 0.0000
6         M:cpu3
31        155 0.0133 0.0093 0.0111 0.0000
6         M:cpu2
31        155 0.0866 0.0606 0.0949 0.0000
6         M:cpu1
31        155 0.0999 0.0699 0.1070 0.0000
6         M:cpu0
31        155 0.1432 0.1002 0.1206 0.0000
5         M:cpu
31        155 0.0849 0.0594 0.0710 0.0000
8         M:syslog
37        155 145.0000 101.5000 121.3157 0.0000
8         M:ssh_in
31        155 2.0000 1.4000 1.6733 0.0000
13        M:cfengine_in
31        155 1.0000 0.7000 0.8367 0.0000
9         M:loadavg
31        155 0.0039 0.0027 0.0034 0.0000
10        M:diskfree
34        155 73.5000 51.4500 61.5642 0.0000
12        M:otherprocs
31        155 6.0000 4.2000 5.0200 0.0000
11        M:rootprocs
35        155 109.5000 76.6500 91.6152 0.0000
7         M:users
31        155 6.0000 4.2000 5.0200 0.0000
# send QUERY complete successful
