# delta from 1679702658 to 1679702719 at 1679702719
22        CFR: 0 1679702718 1677
3         PRD
60        Packing reports: delta,0.030643,0.104596,0.111763,1679702659
3         EXS
16        f,295,1679702543
3         MOM
15        M:entropy_avail
34        1440 3.0000 19.5300 59.7653 0.0000
12        M:mem_cached
40        1440 1611.3750 1465.9993 484.5855 0.0000
10        M:mem_free
40        1440 13754.8984 12517.7320 0.0000 0.0000
11        M:mem_total
40        1440 15817.1836 14393.6371 0.0000 0.0000
16        M:io_writtendata
32        1440 0.1562 0.1209 0.1018 0.0000
13        M:io_readdata
32        1440 0.0000 0.0004 0.0015 0.0000
11        M:io_writes
32        1440 8.0000 6.0200 5.5975 0.0000
6         M:cpu3
32        1440 2.7717 1.9458 2.3034 0.0000
6         M:cpu2
32        1440 0.3870 0.3297 0.2050 0.0000
6         M:cpu1
32        1440 1.0462 0.7379 0.8598 0.0000
6         M:cpu0
32        1440 0.8605 0.6401 0.6200 0.0000
5         M:cpu
32        1440 1.2651 0.9125 0.9851 0.0000
8         M:syslog
40        1440 1558.0000 1227.5200 968.8847 0.0000
8         M:ssh_in
32        1440 2.0000 1.8200 0.6000 0.0000
13        M:cfengine_in
32        1440 1.0000 0.9100 0.3000 0.0000
9         M:loadavg
32        1440 0.0269 0.0188 0.0225 0.0000
10        M:diskfree
35        1440 68.0000 61.8800 20.4000 0.0000
12        M:otherprocs
32        1440 6.0000 5.4600 1.8000 0.0000
11        M:rootprocs
37        1440 113.0000 102.8300 33.9000 0.0000
7         M:users
32        1440 6.0000 5.4600 1.8000 0.0000
3         MOY
15        M:entropy_avail
34        155 84.5000 59.1500 70.8474 0.0000
12        M:mem_cached
39        155 1058.9355 741.2549 1546.1225 0.0000
16        M:io_writtendata
31        155 0.0479 0.0335 0.0419 0.0000
11        M:io_writes
31        155 3.0000 2.1000 2.6458 0.0000
6         M:cpu3
31        155 0.0133 0.0093 0.0111 0.0000
6         M:cpu2
31        155 0.0866 0.0606 0.0949 0.0000
6         M:cpu1
31        155 0.0999 0.0699 0.1070 0.0000
6         M:cpu0
31        155 0.1432 0.1002 0.1206 0.0000
5         M:cpu
31        155 0.0849 0.0594 0.0710 0.0000
8         M:syslog
37        155 145.0000 101.5000 121.3157 0.0000
8         M:ssh_in
31        155 2.0000 1.4000 1.6733 0.0000
13        M:cfengine_in
31        155 1.0000 0.7000 0.8367 0.0000
9         M:loadavg
31        155 0.0039 0.0027 0.0034 0.0000
10        M:diskfree
34        155 73.5000 51.4500 61.5642 0.0000
12        M:otherprocs
31        155 6.0000 4.2000 5.0200 0.0000
11        M:rootprocs
35        155 109.5000 76.6500 91.6152 0.0000
7         M:users
31        155 6.0000 4.2000 5.0200 0.0000
# send QUERY complete successful
