# delta from 1679724558 to 1679724619 at 1679724619
22        CFR: 0 1679724618 1714
3         PRD
60        Packing reports: delta,0.028937,0.083736,0.076207,1679724559
83        Sample(/proc/sys/kernel/random/entropy_avail),0.005244,0.002750,0.001947,1679724579
3         EXS
16        f,295,1679724458
3         MOM
15        M:entropy_avail
34        1513 7.0000 22.1200 56.4814 0.0000
12        M:mem_cached
40        1513 1759.1836 1600.5150 528.8953 0.0000
10        M:mem_free
40        1513 13592.0625 12370.8555 0.0000 0.0000
11        M:mem_total
40        1513 15817.1836 14393.6371 0.0000 0.0000
16        M:io_writtendata
32        1513 0.1768 0.1305 0.1299 0.0000
11        M:io_writes
33        1513 10.0000 7.4200 7.2534 0.0000
6         M:cpu3
32        1513 2.2194 1.5760 1.7951 0.0000
6         M:cpu2
32        1513 0.7599 0.5529 0.5791 0.0000
6         M:cpu1
32        1513 1.1788 0.8266 0.9824 0.0000
6         M:cpu0
32        1513 0.7928 0.5829 0.5885 0.0000
5         M:cpu
32        1513 1.2393 0.8854 0.9879 0.0000
8         M:syslog
39        1513 1077.0000 784.3500 818.8623 0.0000
8         M:ssh_in
32        1513 2.0000 1.8200 0.6000 0.0000
13        M:cfengine_in
32        1513 1.0000 0.9100 0.3000 0.0000
9         M:loadavg
32        1513 0.0078 0.0055 0.0065 0.0000
10        M:diskfree
35        1513 66.0000 60.0600 19.8000 0.0000
12        M:otherprocs
32        1513 6.0000 5.4600 1.8000 0.0000
11        M:rootprocs
36        1513 109.0000 99.1900 32.7000 0.0000
7         M:users
32        1513 6.0000 5.4600 1.8000 0.0000
3         MOY
15        M:entropy_avail
34        155 84.5000 59.1500 70.8474 0.0000
12        M:mem_cached
39        155 1058.9355 741.2549 1546.1225 0.0000
16        M:io_writtendata
31        155 0.0479 0.0335 0.0419 0.0000
11        M:io_writes
31        155 3.0000 2.1000 2.6458 0.0000
6         M:cpu3
31        155 0.0133 0.0093 0.0111 0.0000
6         M:cpu2
31        155 0.0866 0.0606 0.0949 0.0000
6         M:cpu1
31        155 0.0999 0.0699 0.1070 0.0000
6         M:cpu0
31        155 0.1432 0.1002 0.1206 0.0000
5         M:cpu
31        155 0.0849 0.0594 0.0710 0.0000
8         M:syslog
37        155 145.0000 101.5000 121.3157 0.0000
8         M:ssh_in
31        155 2.0000 1.4000 1.6733 0.0000
13        M:cfengine_in
31        155 1.0000 0.7000 0.8367 0.0000
9         M:loadavg
31        155 0.0039 0.0027 0.0034 0.0000
10        M:diskfree
34        155 73.5000 51.4500 61.5642 0.0000
12        M:otherprocs
31        155 6.0000 4.2000 5.0200 0.0000
11        M:rootprocs
35        155 109.5000 76.6500 91.6152 0.0000
7         M:users
31        155 6.0000 4.2000 5.0200 0.0000
# send QUERY complete successful
