# delta from 1679733558 to 1679733619 at 1679733619
22        CFR: 0 1679733618 1754
3         PRD
60        Packing reports: delta,0.035001,0.122509,0.117190,1679733559
83        Sample(/proc/sys/kernel/random/entropy_avail),0.004357,0.001898,0.001603,1679733593
3         EXS
16        f,295,1679733436
3         MOM
15        M:entropy_avail
34        1543 7.0000 25.0600 66.8744 0.0000
12        M:mem_cached
40        1543 1810.1094 1647.2053 543.0137 0.0000
10        M:mem_free
38        1543 9480.5703 9480.5703 0.0000 0.0000
11        M:mem_total
40        1543 11072.0285 11072.0285 0.0000 0.0000
16        M:io_writtendata
32        1543 0.0547 0.0695 0.0492 0.0000
11        M:io_writes
32        1543 2.0000 3.0800 3.6000 0.0000
6         M:cpu3
32        1543 0.0067 0.4095 1.4291 0.0000
6         M:cpu2
32        1543 0.1266 0.2608 0.4474 0.0000
6         M:cpu1
32        1543 0.0133 0.2962 1.0072 0.0000
6         M:cpu0
32        1543 0.2132 0.3493 0.4539 0.0000
5         M:cpu
32        1543 0.0932 0.3312 0.8818 0.0000
8         M:syslog
36        1543 0.0000 258.3000 914.6768 0.0000
8         M:ssh_in
32        1543 2.0000 1.8200 0.6000 0.0000
14        M:cfengine_out
32        1543 0.0000 0.2100 0.7436 0.0000
13        M:cfengine_in
32        1543 1.0000 0.9100 0.3000 0.0000
9         M:loadavg
32        1543 0.0029 0.0161 0.0478 0.0000
10        M:diskfree
35        1543 65.0000 59.1500 19.5000 0.0000
12        M:otherprocs
32        1543 6.0000 5.4600 1.8000 0.0000
11        M:rootprocs
36        1543 108.0000 98.9100 30.3000 0.0000
7         M:users
32        1543 6.0000 5.4600 1.8000 0.0000
3         MOY
15        M:entropy_avail
34        155 84.5000 59.1500 70.8474 0.0000
12        M:mem_cached
39        155 1058.9355 741.2549 1546.1225 0.0000
16        M:io_writtendata
31        155 0.0479 0.0335 0.0419 0.0000
11        M:io_writes
31        155 3.0000 2.1000 2.6458 0.0000
6         M:cpu3
31        155 0.0133 0.0093 0.0111 0.0000
6         M:cpu2
31        155 0.0866 0.0606 0.0949 0.0000
6         M:cpu1
31        155 0.0999 0.0699 0.1070 0.0000
6         M:cpu0
31        155 0.1432 0.1002 0.1206 0.0000
5         M:cpu
31        155 0.0849 0.0594 0.0710 0.0000
8         M:syslog
37        155 145.0000 101.5000 121.3157 0.0000
8         M:ssh_in
31        155 2.0000 1.4000 1.6733 0.0000
13        M:cfengine_in
31        155 1.0000 0.7000 0.8367 0.0000
9         M:loadavg
31        155 0.0039 0.0027 0.0034 0.0000
10        M:diskfree
34        155 73.5000 51.4500 61.5642 0.0000
12        M:otherprocs
31        155 6.0000 4.2000 5.0200 0.0000
11        M:rootprocs
35        155 109.5000 76.6500 91.6152 0.0000
7         M:users
31        155 6.0000 4.2000 5.0200 0.0000
# send QUERY complete successful
