# delta from 1679734458 to 1679734519 at 1679734519
22        CFR: 0 1679734518 1757
3         PRD
60        Packing reports: delta,0.030457,0.138050,0.128455,1679734459
83        Sample(/proc/sys/kernel/random/entropy_avail),0.004399,0.001935,0.002034,1679734494
3         EXS
16        f,295,1679734322
3         MOM
15        M:entropy_avail
34        1546 1.0000 20.2300 68.5015 0.0000
12        M:mem_cached
40        1546 1815.5664 1652.1728 544.6453 0.0000
10        M:mem_free
40        1546 13540.4258 12321.9942 0.0000 0.0000
11        M:mem_total
40        1546 15817.1836 14393.6371 0.0000 0.0000
16        M:io_writtendata
32        1546 0.0557 0.0681 0.0414 0.0000
11        M:io_writes
32        1546 2.0000 3.0800 3.6000 0.0000
6         M:cpu3
32        1546 0.0067 0.2188 0.7539 0.0000
6         M:cpu2
32        1546 0.2199 0.4020 0.6067 0.0000
6         M:cpu1
32        1546 0.0133 0.1590 0.5214 0.0000
6         M:cpu0
32        1546 0.1465 0.5520 1.4970 0.0000
5         M:cpu
32        1546 0.0966 0.3326 0.8760 0.0000
8         M:syslog
37        1546 0.0000 360.7800 1277.5730 0.0000
8         M:ssh_in
32        1546 2.0000 1.8200 0.6000 0.0000
14        M:cfengine_out
32        1546 0.0000 0.2100 0.7436 0.0000
13        M:cfengine_in
32        1546 1.0000 0.9100 0.3000 0.0000
9         M:loadavg
32        1546 0.0015 0.0118 0.0372 0.0000
10        M:diskfree
35        1546 65.0000 59.1500 19.5000 0.0000
12        M:otherprocs
32        1546 6.0000 5.4600 1.8000 0.0000
11        M:rootprocs
36        1546 108.0000 98.7000 31.0000 0.0000
7         M:users
32        1546 6.0000 5.4600 1.8000 0.0000
3         MOY
15        M:entropy_avail
34        155 84.5000 59.1500 70.8474 0.0000
12        M:mem_cached
39        155 1058.9355 741.2549 1546.1225 0.0000
16        M:io_writtendata
31        155 0.0479 0.0335 0.0419 0.0000
11        M:io_writes
31        155 3.0000 2.1000 2.6458 0.0000
6         M:cpu3
31        155 0.0133 0.0093 0.0111 0.0000
6         M:cpu2
31        155 0.0866 0.0606 0.0949 0.0000
6         M:cpu1
31        155 0.0999 0.0699 0.1070 0.0000
6         M:cpu0
31        155 0.1432 0.1002 0.1206 0.0000
5         M:cpu
31        155 0.0849 0.0594 0.0710 0.0000
8         M:syslog
37        155 145.0000 101.5000 121.3157 0.0000
8         M:ssh_in
31        155 2.0000 1.4000 1.6733 0.0000
13        M:cfengine_in
31        155 1.0000 0.7000 0.8367 0.0000
9         M:loadavg
31        155 0.0039 0.0027 0.0034 0.0000
10        M:diskfree
34        155 73.5000 51.4500 61.5642 0.0000
12        M:otherprocs
31        155 6.0000 4.2000 5.0200 0.0000
11        M:rootprocs
35        155 109.5000 76.6500 91.6152 0.0000
7         M:users
31        155 6.0000 4.2000 5.0200 0.0000
# send QUERY complete successful
