# delta from 1679743098 to 1679743159 at 1679743159
22        CFR: 0 1679743158 1630
3         PRD
60        Packing reports: delta,0.027399,0.075072,0.066865,1679743099
3         EXS
16        f,296,1679743065
3         MOM
15        M:entropy_avail
35        1575 88.0000 62.2300 71.8822 0.0000
12        M:mem_cached
40        1575 1862.8867 1695.2236 558.8770 0.0000
10        M:mem_free
40        1575 13490.6914 12276.5292 0.0000 0.0000
11        M:mem_total
40        1575 15817.1836 14393.6371 0.0000 0.0000
16        M:io_writtendata
32        1575 0.0430 0.0651 0.0739 0.0000
11        M:io_writes
32        1575 2.0000 3.5000 5.0000 0.0000
6         M:cpu3
32        1575 0.1265 0.3418 0.8159 0.0000
6         M:cpu2
32        1575 0.1933 0.4801 0.9559 0.0000
6         M:cpu1
32        1575 0.0067 0.3756 1.3090 0.0000
6         M:cpu0
32        1575 0.0599 0.0965 0.1219 0.0000
5         M:cpu
32        1575 0.0932 0.3211 0.8457 0.0000
8         M:syslog
38        1575 106.0000 332.7100 847.3391 0.0000
8         M:ssh_in
32        1575 2.0000 1.8200 0.6000 0.0000
13        M:cfengine_in
32        1575 1.0000 0.9100 0.3000 0.0000
9         M:loadavg
32        1575 0.0000 0.0029 0.0102 0.0000
10        M:diskfree
35        1575 65.0000 59.1500 19.5000 0.0000
12        M:otherprocs
32        1575 6.0000 5.4600 1.8000 0.0000
11        M:rootprocs
36        1575 109.0000 99.1900 32.7000 0.0000
7         M:users
32        1575 6.0000 5.4600 1.8000 0.0000
3         MOY
15        M:entropy_avail
34        155 84.5000 59.1500 70.8474 0.0000
12        M:mem_cached
39        155 1058.9355 741.2549 1546.1225 0.0000
16        M:io_writtendata
31        155 0.0479 0.0335 0.0419 0.0000
11        M:io_writes
31        155 3.0000 2.1000 2.6458 0.0000
6         M:cpu3
31        155 0.0133 0.0093 0.0111 0.0000
6         M:cpu2
31        155 0.0866 0.0606 0.0949 0.0000
6         M:cpu1
31        155 0.0999 0.0699 0.1070 0.0000
6         M:cpu0
31        155 0.1432 0.1002 0.1206 0.0000
5         M:cpu
31        155 0.0849 0.0594 0.0710 0.0000
8         M:syslog
37        155 145.0000 101.5000 121.3157 0.0000
8         M:ssh_in
31        155 2.0000 1.4000 1.6733 0.0000
13        M:cfengine_in
31        155 1.0000 0.7000 0.8367 0.0000
9         M:loadavg
31        155 0.0039 0.0027 0.0034 0.0000
10        M:diskfree
34        155 73.5000 51.4500 61.5642 0.0000
12        M:otherprocs
31        155 6.0000 4.2000 5.0200 0.0000
11        M:rootprocs
35        155 109.5000 76.6500 91.6152 0.0000
7         M:users
31        155 6.0000 4.2000 5.0200 0.0000
# send QUERY complete successful
