# delta from 1679683998 to 1679684059 at 1679684059
22        CFR: 0 1679684058 1715
3         PRD
60        Packing reports: delta,0.037037,0.121425,0.155093,1679683999
83        Sample(/proc/sys/kernel/random/entropy_avail),0.005314,0.002824,0.003812,1679684014
3         EXS
16        f,295,1679683936
3         MOM
15        M:entropy_avail
34        1378 3.0000 19.7400 60.5087 0.0000
12        M:mem_cached
40        1378 1503.5586 1367.8643 452.3145 0.0000
10        M:mem_free
40        1378 13882.0078 12633.4917 0.0000 0.0000
11        M:mem_total
40        1378 15817.1836 14393.6371 0.0000 0.0000
16        M:io_writtendata
32        1378 0.1562 0.1159 0.1133 0.0000
11        M:io_writes
32        1378 8.0000 6.0200 5.5975 0.0000
6         M:cpu3
32        1378 1.0490 0.7371 0.8699 0.0000
6         M:cpu2
32        1378 1.2361 0.9114 0.9110 0.0000
6         M:cpu1
32        1378 2.1697 1.5440 1.7460 0.0000
6         M:cpu0
32        1378 0.9138 0.6411 0.7607 0.0000
5         M:cpu
32        1378 1.3438 0.9592 1.0734 0.0000
8         M:syslog
41        1378 1797.0000 1288.3500 1420.1125 0.0000
8         M:ssh_in
32        1378 2.0000 1.8200 0.6000 0.0000
13        M:cfengine_in
32        1378 1.0000 0.9100 0.3000 0.0000
9         M:loadavg
32        1378 0.0186 0.0130 0.0155 0.0000
10        M:diskfree
35        1378 69.0000 62.7900 20.7000 0.0000
12        M:otherprocs
32        1378 6.0000 5.4600 1.8000 0.0000
11        M:rootprocs
36        1378 109.0000 98.9800 33.4000 0.0000
7         M:users
32        1378 6.0000 5.4600 1.8000 0.0000
3         MOY
15        M:entropy_avail
34        155 84.5000 59.1500 70.8474 0.0000
12        M:mem_cached
39        155 1058.9355 741.2549 1546.1225 0.0000
16        M:io_writtendata
31        155 0.0479 0.0335 0.0419 0.0000
11        M:io_writes
31        155 3.0000 2.1000 2.6458 0.0000
6         M:cpu3
31        155 0.0133 0.0093 0.0111 0.0000
6         M:cpu2
31        155 0.0866 0.0606 0.0949 0.0000
6         M:cpu1
31        155 0.0999 0.0699 0.1070 0.0000
6         M:cpu0
31        155 0.1432 0.1002 0.1206 0.0000
5         M:cpu
31        155 0.0849 0.0594 0.0710 0.0000
8         M:syslog
37        155 145.0000 101.5000 121.3157 0.0000
8         M:ssh_in
31        155 2.0000 1.4000 1.6733 0.0000
13        M:cfengine_in
31        155 1.0000 0.7000 0.8367 0.0000
9         M:loadavg
31        155 0.0039 0.0027 0.0034 0.0000
10        M:diskfree
34        155 73.5000 51.4500 61.5642 0.0000
12        M:otherprocs
31        155 6.0000 4.2000 5.0200 0.0000
11        M:rootprocs
35        155 109.5000 76.6500 91.6152 0.0000
7         M:users
31        155 6.0000 4.2000 5.0200 0.0000
# send QUERY complete successful
