# delta from 1679697678 to 1679697739 at 1679697739
22        CFR: 0 1679697738 1758
3         PRD
60        Packing reports: delta,0.025476,0.064905,0.061191,1679697679
83        Sample(/proc/sys/kernel/random/entropy_avail),0.004275,0.001828,0.001925,1679697687
3         EXS
16        f,296,1679697463
3         MOM
15        M:entropy_avail
35        1424 91.0000 63.7000 76.1361 0.0000
12        M:mem_cached
41        1424 1582.0781 1107.4547 1323.6615 0.0000
10        M:mem_free
39        1424 13789.7773 9652.8441 0.0000 0.0000
11        M:mem_total
40        1424 15817.1836 11072.0285 0.0000 0.0000
16        M:io_writtendata
32        1424 0.0420 0.0294 0.0351 0.0000
13        M:io_readdata
32        1424 0.0059 0.0041 0.0049 0.0000
11        M:io_writes
32        1424 2.0000 1.4000 1.6733 0.0000
6         M:cpu3
32        1424 0.0133 0.0093 0.0111 0.0000
6         M:cpu2
32        1424 0.1798 0.1259 0.1505 0.0000
6         M:cpu1
32        1424 0.0266 0.0186 0.0223 0.0000
6         M:cpu0
32        1424 0.2065 0.1445 0.1727 0.0000
5         M:cpu
32        1424 0.1066 0.0746 0.0892 0.0000
8         M:syslog
38        1424 145.0000 101.5000 121.3157 0.0000
8         M:ssh_in
32        1424 2.0000 1.4000 1.6733 0.0000
13        M:cfengine_in
32        1424 1.0000 0.7000 0.8367 0.0000
9         M:loadavg
32        1424 0.0010 0.0007 0.0008 0.0000
10        M:diskfree
35        1424 68.0000 47.6000 56.8929 0.0000
12        M:otherprocs
32        1424 6.0000 4.2000 5.0200 0.0000
11        M:rootprocs
36        1424 108.0000 75.6000 90.3593 0.0000
7         M:users
32        1424 6.0000 4.2000 5.0200 0.0000
3         MOY
15        M:entropy_avail
34        155 84.5000 59.1500 70.8474 0.0000
12        M:mem_cached
39        155 1058.9355 741.2549 1546.1225 0.0000
16        M:io_writtendata
31        155 0.0479 0.0335 0.0419 0.0000
11        M:io_writes
31        155 3.0000 2.1000 2.6458 0.0000
6         M:cpu3
31        155 0.0133 0.0093 0.0111 0.0000
6         M:cpu2
31        155 0.0866 0.0606 0.0949 0.0000
6         M:cpu1
31        155 0.0999 0.0699 0.1070 0.0000
6         M:cpu0
31        155 0.1432 0.1002 0.1206 0.0000
5         M:cpu
31        155 0.0849 0.0594 0.0710 0.0000
8         M:syslog
37        155 145.0000 101.5000 121.3157 0.0000
8         M:ssh_in
31        155 2.0000 1.4000 1.6733 0.0000
13        M:cfengine_in
31        155 1.0000 0.7000 0.8367 0.0000
9         M:loadavg
31        155 0.0039 0.0027 0.0034 0.0000
10        M:diskfree
34        155 73.5000 51.4500 61.5642 0.0000
12        M:otherprocs
31        155 6.0000 4.2000 5.0200 0.0000
11        M:rootprocs
35        155 109.5000 76.6500 91.6152 0.0000
7         M:users
31        155 6.0000 4.2000 5.0200 0.0000
# send QUERY complete successful
