# delta from 1679729658 to 1679729719 at 1679729719
22        CFR: 0 1679729718 1759
3         PRD
60        Packing reports: delta,0.035240,0.105910,0.091799,1679729659
83        Sample(/proc/sys/kernel/random/entropy_avail),0.004458,0.001987,0.002137,1679729687
3         EXS
16        f,295,1679729538
3         MOM
15        M:entropy_avail
34        1530 6.0000 21.6300 57.8513 0.0000
12        M:mem_cached
40        1530 1788.1562 1626.8957 537.5352 0.0000
10        M:mem_free
40        1530 13555.5273 12330.7745 0.0000 0.0000
11        M:mem_total
40        1530 15817.1836 14393.6371 0.0000 0.0000
16        M:io_writtendata
32        1530 0.0977 0.0870 0.0354 0.0000
11        M:io_writes
32        1530 4.0000 4.0600 0.2000 0.0000
6         M:cpu3
32        1530 0.0466 0.0844 0.1260 0.0000
6         M:cpu2
32        1530 0.4065 0.4569 0.1679 0.0000
6         M:cpu1
32        1530 0.4929 0.5115 0.0619 0.0000
6         M:cpu0
32        1530 0.2731 0.6498 1.2557 0.0000
5         M:cpu
32        1530 0.3048 0.4250 0.4008 0.0000
8         M:syslog
38        1530 434.0000 471.1700 123.9000 0.0000
8         M:ssh_in
32        1530 2.0000 1.8200 0.6000 0.0000
14        M:cfengine_out
32        1530 0.0000 0.2100 0.7436 0.0000
13        M:cfengine_in
32        1530 1.0000 0.9100 0.3000 0.0000
9         M:loadavg
32        1530 0.0039 0.0196 0.0570 0.0000
10        M:diskfree
35        1530 66.0000 60.0600 19.8000 0.0000
12        M:otherprocs
32        1530 6.0000 5.4600 1.8000 0.0000
11        M:rootprocs
37        1530 109.0000 100.2400 29.2000 0.0000
7         M:users
32        1530 6.0000 5.4600 1.8000 0.0000
3         MOY
15        M:entropy_avail
34        155 84.5000 59.1500 70.8474 0.0000
12        M:mem_cached
39        155 1058.9355 741.2549 1546.1225 0.0000
16        M:io_writtendata
31        155 0.0479 0.0335 0.0419 0.0000
11        M:io_writes
31        155 3.0000 2.1000 2.6458 0.0000
6         M:cpu3
31        155 0.0133 0.0093 0.0111 0.0000
6         M:cpu2
31        155 0.0866 0.0606 0.0949 0.0000
6         M:cpu1
31        155 0.0999 0.0699 0.1070 0.0000
6         M:cpu0
31        155 0.1432 0.1002 0.1206 0.0000
5         M:cpu
31        155 0.0849 0.0594 0.0710 0.0000
8         M:syslog
37        155 145.0000 101.5000 121.3157 0.0000
8         M:ssh_in
31        155 2.0000 1.4000 1.6733 0.0000
13        M:cfengine_in
31        155 1.0000 0.7000 0.8367 0.0000
9         M:loadavg
31        155 0.0039 0.0027 0.0034 0.0000
10        M:diskfree
34        155 73.5000 51.4500 61.5642 0.0000
12        M:otherprocs
31        155 6.0000 4.2000 5.0200 0.0000
11        M:rootprocs
35        155 109.5000 76.6500 91.6152 0.0000
7         M:users
31        155 6.0000 4.2000 5.0200 0.0000
# send QUERY complete successful
