# delta from 1679670798 to 1679670859 at 1679670859
22        CFR: 0 1679670858 1673
3         PRD
60        Packing reports: delta,0.031596,0.173752,0.153456,1679670799
3         EXS
16        f,294,1679670763
3         MOM
15        M:entropy_avail
34        1334 5.0000 22.1900 62.9421 0.0000
12        M:mem_cached
38        1334 889.0742 808.7565 267.7258 0.0000
10        M:mem_free
40        1334 10172.9578 10172.9578 0.0000 0.0000
11        M:mem_total
40        1334 11072.0285 11072.0285 0.0000 0.0000
16        M:io_writtendata
32        1334 0.1152 0.0940 0.0660 0.0000
11        M:io_writes
32        1334 6.0000 4.6200 3.9563 0.0000
6         M:cpu3
32        1334 0.6804 0.5155 0.4679 0.0000
6         M:cpu2
32        1334 0.8939 0.6313 0.7324 0.0000
6         M:cpu1
32        1334 1.5491 1.1474 1.1287 0.0000
6         M:cpu0
32        1334 1.8118 1.2752 1.4964 0.0000
5         M:cpu
32        1334 1.2372 0.8947 0.9572 0.0000
8         M:syslog
40        1334 1324.0000 957.2500 1024.9730 0.0000
8         M:ssh_in
32        1334 2.0000 1.8200 0.6000 0.0000
14        M:cfengine_out
32        1334 1.0000 0.7000 0.8367 0.0000
13        M:cfengine_in
32        1334 1.0000 0.9100 0.3000 0.0000
9         M:loadavg
32        1334 0.1001 0.0724 0.0773 0.0000
10        M:diskfree
35        1334 74.0000 67.3400 22.2000 0.0000
12        M:otherprocs
32        1334 6.0000 5.4600 1.8000 0.0000
11        M:rootprocs
36        1334 110.0000 99.8900 33.7000 0.0000
7         M:users
32        1334 6.0000 5.4600 1.8000 0.0000
3         MOY
15        M:entropy_avail
34        155 84.0000 58.8000 70.4038 0.0000
12        M:mem_cached
37        155 768.7441 538.1209 650.8247 0.0000
16        M:io_writtendata
31        155 0.0483 0.0338 0.0424 0.0000
11        M:io_writes
31        155 2.0000 1.4000 1.6733 0.0000
6         M:cpu3
31        155 0.0999 0.0699 0.1106 0.0000
6         M:cpu2
31        155 0.0933 0.0653 0.0959 0.0000
6         M:cpu1
31        155 0.1600 0.1120 0.1779 0.0000
6         M:cpu0
31        155 0.0966 0.0676 0.0966 0.0000
5         M:cpu
31        155 0.1115 0.0781 0.0956 0.0000
8         M:syslog
37        155 145.0000 101.5000 121.3157 0.0000
8         M:ssh_in
31        155 2.0000 1.4000 1.6733 0.0000
13        M:cfengine_in
31        155 1.0000 0.7000 0.8367 0.0000
9         M:loadavg
31        155 0.0071 0.0050 0.0069 0.0000
10        M:diskfree
34        155 75.5000 52.8500 63.1803 0.0000
12        M:otherprocs
31        155 6.0000 4.2000 5.0200 0.0000
11        M:rootprocs
35        155 109.5000 76.6500 91.6152 0.0000
7         M:users
31        155 6.0000 4.2000 5.0200 0.0000
# send QUERY complete successful
