# delta from 1679665638 to 1679665700 at 1679665700
22        CFR: 0 1679665699 1712
3         PRD
60        Packing reports: delta,0.046644,0.188434,0.218312,1679665639
83        Sample(/proc/sys/kernel/random/entropy_avail),0.004861,0.002363,0.002316,1679665679
3         EXS
16        f,295,1679665624
3         MOM
15        M:entropy_avail
34        1317 1.0000 18.3400 61.8090 0.0000
12        M:mem_cached
38        1317 863.9297 785.8044 260.4176 0.0000
10        M:mem_free
40        1317 14569.0703 13257.5160 0.0000 0.0000
11        M:mem_total
40        1317 15817.1836 14393.6371 0.0000 0.0000
16        M:io_writtendata
32        1317 0.1602 0.1199 0.1135 0.0000
11        M:io_writes
33        1317 10.0000 7.4200 7.2534 0.0000
6         M:cpu3
32        1317 0.7619 0.6047 0.4653 0.0000
6         M:cpu2
32        1317 1.3414 0.9446 1.1068 0.0000
6         M:cpu1
32        1317 0.6396 0.4533 0.5197 0.0000
6         M:cpu0
32        1317 2.5362 1.8047 2.0411 0.0000
5         M:cpu
32        1317 1.3180 0.9505 1.0266 0.0000
8         M:syslog
41        1317 1803.0000 1292.5500 1425.1270 0.0000
8         M:ssh_in
32        1317 2.0000 1.8200 0.6000 0.0000
13        M:cfengine_in
32        1317 1.0000 0.9100 0.3000 0.0000
9         M:loadavg
32        1317 0.0366 0.0262 0.0290 0.0000
10        M:diskfree
35        1317 75.0000 68.2500 22.5000 0.0000
12        M:otherprocs
32        1317 6.0000 5.4600 1.8000 0.0000
11        M:rootprocs
36        1317 109.0000 99.1900 32.7000 0.0000
7         M:users
32        1317 6.0000 5.4600 1.8000 0.0000
3         MOY
15        M:entropy_avail
34        155 86.5000 60.5500 72.6426 0.0000
12        M:mem_cached
37        155 751.0039 525.7027 634.0092 0.0000
16        M:io_writtendata
31        155 0.0562 0.0393 0.0508 0.0000
11        M:io_writes
31        155 2.0000 1.4000 1.6733 0.0000
6         M:cpu3
31        155 0.1333 0.0933 0.1500 0.0000
6         M:cpu2
31        155 0.0899 0.0629 0.0953 0.0000
6         M:cpu1
31        155 0.1869 0.1308 0.2097 0.0000
6         M:cpu0
31        155 0.0899 0.0629 0.0953 0.0000
5         M:cpu
31        155 0.1232 0.0863 0.1076 0.0000
8         M:syslog
37        155 145.0000 101.5000 121.3157 0.0000
8         M:ssh_in
31        155 2.0000 1.4000 1.6733 0.0000
13        M:cfengine_in
31        155 1.0000 0.7000 0.8367 0.0000
9         M:loadavg
31        155 0.0054 0.0038 0.0049 0.0000
10        M:diskfree
34        155 76.0000 53.2000 63.5917 0.0000
12        M:otherprocs
31        155 6.0000 4.2000 5.0200 0.0000
11        M:rootprocs
35        155 109.0000 76.3000 91.1998 0.0000
7         M:users
31        155 6.0000 4.2000 5.0200 0.0000
# send QUERY complete successful
