# delta from 1679702298 to 1679702359 at 1679702359
22        CFR: 0 1679702358 1712
3         PRD
60        Packing reports: delta,0.028515,0.081308,0.082079,1679702299
83        Sample(/proc/sys/kernel/random/entropy_avail),0.004317,0.001864,0.001891,1679702345
3         EXS
16        f,295,1679702248
3         MOM
15        M:entropy_avail
34        1439 4.0000 20.4400 59.8656 0.0000
12        M:mem_cached
40        1439 1608.9609 1463.8050 483.8531 0.0000
10        M:mem_free
40        1439 13755.9570 12518.8528 0.0000 0.0000
11        M:mem_total
40        1439 15817.1836 14393.6371 0.0000 0.0000
16        M:io_writtendata
32        1439 0.1299 0.0993 0.0872 0.0000
11        M:io_writes
32        1439 6.0000 4.6200 3.9563 0.0000
6         M:cpu3
32        1439 1.1754 0.8256 0.9756 0.0000
6         M:cpu2
32        1439 0.8069 0.6236 0.5271 0.0000
6         M:cpu1
32        1439 1.7939 1.2823 1.4280 0.0000
6         M:cpu0
32        1439 1.2211 0.8562 1.0178 0.0000
5         M:cpu
32        1439 1.2494 0.8969 0.9841 0.0000
8         M:syslog
38        1439 838.0000 617.0500 619.7724 0.0000
8         M:ssh_in
32        1439 2.0000 1.8200 0.6000 0.0000
13        M:cfengine_in
32        1439 1.0000 1.1200 0.4000 0.0000
9         M:loadavg
32        1439 0.0293 0.0205 0.0245 0.0000
10        M:diskfree
35        1439 68.0000 61.8800 20.4000 0.0000
12        M:otherprocs
32        1439 6.0000 5.4600 1.8000 0.0000
11        M:rootprocs
36        1439 108.0000 98.4900 31.7000 0.0000
7         M:users
32        1439 6.0000 5.4600 1.8000 0.0000
3         MOY
15        M:entropy_avail
34        155 84.5000 59.1500 70.8474 0.0000
12        M:mem_cached
39        155 1058.9355 741.2549 1546.1225 0.0000
16        M:io_writtendata
31        155 0.0479 0.0335 0.0419 0.0000
11        M:io_writes
31        155 3.0000 2.1000 2.6458 0.0000
6         M:cpu3
31        155 0.0133 0.0093 0.0111 0.0000
6         M:cpu2
31        155 0.0866 0.0606 0.0949 0.0000
6         M:cpu1
31        155 0.0999 0.0699 0.1070 0.0000
6         M:cpu0
31        155 0.1432 0.1002 0.1206 0.0000
5         M:cpu
31        155 0.0849 0.0594 0.0710 0.0000
8         M:syslog
37        155 145.0000 101.5000 121.3157 0.0000
8         M:ssh_in
31        155 2.0000 1.4000 1.6733 0.0000
13        M:cfengine_in
31        155 1.0000 0.7000 0.8367 0.0000
9         M:loadavg
31        155 0.0039 0.0027 0.0034 0.0000
10        M:diskfree
34        155 73.5000 51.4500 61.5642 0.0000
12        M:otherprocs
31        155 6.0000 4.2000 5.0200 0.0000
11        M:rootprocs
35        155 109.5000 76.6500 91.6152 0.0000
7         M:users
31        155 6.0000 4.2000 5.0200 0.0000
# send QUERY complete successful
