# delta from 1679735358 to 1679735419 at 1679735419
22        CFR: 0 1679735418 1712
3         PRD
60        Packing reports: delta,0.030363,0.130424,0.137415,1679735359
83        Sample(/proc/sys/kernel/random/entropy_avail),0.005075,0.002576,0.004137,1679735395
3         EXS
16        f,298,1679735268
3         MOM
15        M:entropy_avail
34        1549 6.0000 22.2600 60.0792 0.0000
12        M:mem_cached
40        1549 1820.6641 1656.4368 547.4242 0.0000
10        M:mem_free
40        1549 13535.7344 12318.1762 0.0000 0.0000
11        M:mem_total
40        1549 15817.1836 14393.6371 0.0000 0.0000
16        M:io_writtendata
32        1549 0.1348 0.1034 0.0898 0.0000
11        M:io_writes
32        1549 6.0000 4.6200 3.9563 0.0000
6         M:cpu3
32        1549 2.3863 1.6732 1.9888 0.0000
6         M:cpu2
32        1549 0.7673 0.6337 0.4281 0.0000
6         M:cpu1
32        1549 0.6529 0.4626 0.5308 0.0000
6         M:cpu0
32        1549 1.1464 0.8025 0.9592 0.0000
5         M:cpu
32        1549 1.2366 0.8926 0.9613 0.0000
8         M:syslog
38        1549 602.0000 452.0600 423.4813 0.0000
8         M:ssh_in
32        1549 2.0000 1.8200 0.6000 0.0000
13        M:cfengine_in
32        1549 1.0000 0.9100 0.3000 0.0000
9         M:loadavg
32        1549 0.0059 0.0041 0.0049 0.0000
10        M:diskfree
35        1549 65.0000 59.1500 19.5000 0.0000
12        M:otherprocs
32        1549 6.0000 5.4600 1.8000 0.0000
11        M:rootprocs
36        1549 109.0000 99.1900 32.7000 0.0000
7         M:users
32        1549 6.0000 5.4600 1.8000 0.0000
3         MOY
15        M:entropy_avail
34        155 84.5000 59.1500 70.8474 0.0000
12        M:mem_cached
39        155 1058.9355 741.2549 1546.1225 0.0000
16        M:io_writtendata
31        155 0.0479 0.0335 0.0419 0.0000
11        M:io_writes
31        155 3.0000 2.1000 2.6458 0.0000
6         M:cpu3
31        155 0.0133 0.0093 0.0111 0.0000
6         M:cpu2
31        155 0.0866 0.0606 0.0949 0.0000
6         M:cpu1
31        155 0.0999 0.0699 0.1070 0.0000
6         M:cpu0
31        155 0.1432 0.1002 0.1206 0.0000
5         M:cpu
31        155 0.0849 0.0594 0.0710 0.0000
8         M:syslog
37        155 145.0000 101.5000 121.3157 0.0000
8         M:ssh_in
31        155 2.0000 1.4000 1.6733 0.0000
13        M:cfengine_in
31        155 1.0000 0.7000 0.8367 0.0000
9         M:loadavg
31        155 0.0039 0.0027 0.0034 0.0000
10        M:diskfree
34        155 73.5000 51.4500 61.5642 0.0000
12        M:otherprocs
31        155 6.0000 4.2000 5.0200 0.0000
11        M:rootprocs
35        155 109.5000 76.6500 91.6152 0.0000
7         M:users
31        155 6.0000 4.2000 5.0200 0.0000
# send QUERY complete successful
