# delta from 1679663718 to 1679663779 at 1679663779
22        CFR: 0 1679663778 1709
3         PRD
60        Packing reports: delta,0.053113,0.169030,0.138693,1679663719
83        Sample(/proc/sys/kernel/random/entropy_avail),0.005309,0.002819,0.002379,1679663725
3         EXS
16        f,294,1679663557
3         MOM
15        M:entropy_avail
35        1311 84.0000 58.8000 70.2794 0.0000
12        M:mem_cached
38        1311 853.6055 597.5238 714.1776 0.0000
10        M:mem_free
40        1311 14585.6445 10209.9512 0.0000 0.0000
11        M:mem_total
40        1311 15817.1836 11072.0285 0.0000 0.0000
16        M:io_writtendata
32        1311 0.0781 0.0547 0.0654 0.0000
11        M:io_writes
32        1311 2.0000 1.4000 1.6733 0.0000
6         M:cpu3
32        1311 0.0400 0.0280 0.0334 0.0000
6         M:cpu2
32        1311 0.0200 0.0140 0.0167 0.0000
6         M:cpu1
32        1311 0.5535 0.3875 0.4631 0.0000
6         M:cpu0
32        1311 0.0133 0.0093 0.0111 0.0000
5         M:cpu
32        1311 0.1549 0.1084 0.1296 0.0000
8         M:syslog
38        1311 145.0000 101.5000 121.3157 0.0000
8         M:ssh_in
32        1311 2.0000 1.4000 1.6733 0.0000
13        M:cfengine_in
32        1311 1.0000 0.7000 0.8367 0.0000
9         M:loadavg
32        1311 0.0020 0.0014 0.0016 0.0000
10        M:diskfree
35        1311 75.0000 52.5000 62.7495 0.0000
12        M:otherprocs
32        1311 6.0000 4.2000 5.0200 0.0000
11        M:rootprocs
36        1311 109.0000 76.3000 91.1959 0.0000
7         M:users
32        1311 6.0000 4.2000 5.0200 0.0000
3         MOY
15        M:entropy_avail
34        155 86.5000 60.5500 72.6426 0.0000
12        M:mem_cached
37        155 751.0039 525.7027 634.0092 0.0000
16        M:io_writtendata
31        155 0.0562 0.0393 0.0508 0.0000
11        M:io_writes
31        155 2.0000 1.4000 1.6733 0.0000
6         M:cpu3
31        155 0.1333 0.0933 0.1500 0.0000
6         M:cpu2
31        155 0.0899 0.0629 0.0953 0.0000
6         M:cpu1
31        155 0.1869 0.1308 0.2097 0.0000
6         M:cpu0
31        155 0.0899 0.0629 0.0953 0.0000
5         M:cpu
31        155 0.1232 0.0863 0.1076 0.0000
8         M:syslog
37        155 145.0000 101.5000 121.3157 0.0000
8         M:ssh_in
31        155 2.0000 1.4000 1.6733 0.0000
13        M:cfengine_in
31        155 1.0000 0.7000 0.8367 0.0000
9         M:loadavg
31        155 0.0054 0.0038 0.0049 0.0000
10        M:diskfree
34        155 76.0000 53.2000 63.5917 0.0000
12        M:otherprocs
31        155 6.0000 4.2000 5.0200 0.0000
11        M:rootprocs
35        155 109.0000 76.3000 91.1998 0.0000
7         M:users
31        155 6.0000 4.2000 5.0200 0.0000
# send QUERY complete successful
