# delta from 1679736258 to 1679736319 at 1679736319
22        CFR: 0 1679736318 1715
3         PRD
60        Packing reports: delta,0.043461,0.149400,0.126645,1679736259
83        Sample(/proc/sys/kernel/random/entropy_avail),0.004470,0.001998,0.001668,1679736297
3         EXS
16        f,289,1679736154
3         MOM
15        M:entropy_avail
34        1552 4.0000 18.9700 54.6635 0.0000
12        M:mem_cached
40        1552 1825.7773 1661.1120 548.8844 0.0000
10        M:mem_free
40        1552 13518.1719 12303.4272 0.0000 0.0000
11        M:mem_total
40        1552 15817.1836 14393.6371 0.0000 0.0000
16        M:io_writtendata
32        1552 0.1553 0.1177 0.1066 0.0000
11        M:io_writes
32        1552 8.0000 6.0200 5.5975 0.0000
6         M:cpu3
32        1552 0.3533 0.2529 0.2803 0.0000
6         M:cpu2
32        1552 0.9929 0.7693 0.6445 0.0000
6         M:cpu1
32        1552 0.6330 0.4473 0.5180 0.0000
6         M:cpu0
32        1552 2.9535 2.0926 2.4015 0.0000
5         M:cpu
32        1552 1.2347 0.8916 0.9588 0.0000
8         M:syslog
40        1552 1325.0000 1016.5400 881.9238 0.0000
8         M:ssh_in
32        1552 2.0000 1.8200 0.6000 0.0000
13        M:cfengine_in
32        1552 1.0000 0.9100 0.3000 0.0000
9         M:loadavg
32        1552 0.0205 0.0144 0.0172 0.0000
10        M:diskfree
35        1552 65.0000 59.1500 19.5000 0.0000
12        M:otherprocs
32        1552 6.0000 5.4600 1.8000 0.0000
11        M:rootprocs
37        1552 110.0000 100.1000 33.0000 0.0000
7         M:users
32        1552 6.0000 5.4600 1.8000 0.0000
3         MOY
15        M:entropy_avail
34        155 84.5000 59.1500 70.8474 0.0000
12        M:mem_cached
39        155 1058.9355 741.2549 1546.1225 0.0000
16        M:io_writtendata
31        155 0.0479 0.0335 0.0419 0.0000
11        M:io_writes
31        155 3.0000 2.1000 2.6458 0.0000
6         M:cpu3
31        155 0.0133 0.0093 0.0111 0.0000
6         M:cpu2
31        155 0.0866 0.0606 0.0949 0.0000
6         M:cpu1
31        155 0.0999 0.0699 0.1070 0.0000
6         M:cpu0
31        155 0.1432 0.1002 0.1206 0.0000
5         M:cpu
31        155 0.0849 0.0594 0.0710 0.0000
8         M:syslog
37        155 145.0000 101.5000 121.3157 0.0000
8         M:ssh_in
31        155 2.0000 1.4000 1.6733 0.0000
13        M:cfengine_in
31        155 1.0000 0.7000 0.8367 0.0000
9         M:loadavg
31        155 0.0039 0.0027 0.0034 0.0000
10        M:diskfree
34        155 73.5000 51.4500 61.5642 0.0000
12        M:otherprocs
31        155 6.0000 4.2000 5.0200 0.0000
11        M:rootprocs
35        155 109.5000 76.6500 91.6152 0.0000
7         M:users
31        155 6.0000 4.2000 5.0200 0.0000
# send QUERY complete successful
