# delta from 1679678299 to 1679678359 at 1679678359
22        CFR: 0 1679678358 1760
3         PRD
60        Packing reports: delta,0.030417,0.092517,0.099380,1679678300
83        Sample(/proc/sys/kernel/random/entropy_avail),0.004976,0.002476,0.002769,1679678304
3         EXS
16        f,297,1679678267
3         MOM
15        M:entropy_avail
34        1359 7.0000 21.2800 53.5133 0.0000
12        M:mem_cached
40        1359 1471.4688 1338.6600 442.6957 0.0000
10        M:mem_free
40        1359 13925.7461 12673.0434 0.0000 0.0000
11        M:mem_total
40        1359 15817.1836 14393.6371 0.0000 0.0000
16        M:io_writtendata
32        1359 0.1982 0.1462 0.1462 0.0000
11        M:io_writes
33        1359 12.0000 8.8200 8.9158 0.0000
6         M:cpu3
32        1359 0.8751 0.6307 0.6826 0.0000
6         M:cpu2
32        1359 2.7405 1.9211 2.2850 0.0000
6         M:cpu1
32        1359 1.0955 0.7850 0.8667 0.0000
6         M:cpu0
32        1359 0.7337 0.5402 0.5429 0.0000
5         M:cpu
32        1359 1.3608 0.9697 1.0913 0.0000
8         M:syslog
39        1359 1182.0000 857.8500 906.4499 0.0000
8         M:ssh_in
32        1359 2.0000 1.8200 0.6000 0.0000
14        M:cfengine_out
32        1359 1.0000 0.7000 0.8367 0.0000
13        M:cfengine_in
32        1359 1.0000 0.9100 0.3000 0.0000
9         M:loadavg
32        1359 0.0391 0.0274 0.0324 0.0000
10        M:diskfree
35        1359 70.0000 63.7000 21.0000 0.0000
12        M:otherprocs
32        1359 6.0000 5.4600 1.8000 0.0000
11        M:rootprocs
36        1359 110.0000 99.8900 33.7000 0.0000
7         M:users
32        1359 6.0000 5.4600 1.8000 0.0000
3         MOY
15        M:entropy_avail
34        155 84.5000 59.1500 70.8474 0.0000
12        M:mem_cached
39        155 1058.9355 741.2549 1546.1225 0.0000
16        M:io_writtendata
31        155 0.0479 0.0335 0.0419 0.0000
11        M:io_writes
31        155 3.0000 2.1000 2.6458 0.0000
6         M:cpu3
31        155 0.0133 0.0093 0.0111 0.0000
6         M:cpu2
31        155 0.0866 0.0606 0.0949 0.0000
6         M:cpu1
31        155 0.0999 0.0699 0.1070 0.0000
6         M:cpu0
31        155 0.1432 0.1002 0.1206 0.0000
5         M:cpu
31        155 0.0849 0.0594 0.0710 0.0000
8         M:syslog
37        155 145.0000 101.5000 121.3157 0.0000
8         M:ssh_in
31        155 2.0000 1.4000 1.6733 0.0000
13        M:cfengine_in
31        155 1.0000 0.7000 0.8367 0.0000
9         M:loadavg
31        155 0.0039 0.0027 0.0034 0.0000
10        M:diskfree
34        155 73.5000 51.4500 61.5642 0.0000
12        M:otherprocs
31        155 6.0000 4.2000 5.0200 0.0000
11        M:rootprocs
35        155 109.5000 76.6500 91.6152 0.0000
7         M:users
31        155 6.0000 4.2000 5.0200 0.0000
# send QUERY complete successful
