# delta from 1679729599 to 1679729659 at 1679729659
22        CFR: 0 1679729658 1676
3         PRD
60        Packing reports: delta,0.039999,0.111957,0.102843,1679729600
3         EXS
16        f,295,1679729538
3         MOM
15        M:entropy_avail
35        1530 83.0000 58.1000 69.4428 0.0000
12        M:mem_cached
41        1530 1786.6016 1250.6211 1494.7781 0.0000
10        M:mem_free
39        1530 13532.8828 9473.0180 0.0000 0.0000
11        M:mem_total
40        1530 15817.1836 11072.0285 0.0000 0.0000
16        M:io_writtendata
32        1530 0.0889 0.0622 0.0744 0.0000
11        M:io_writes
32        1530 6.0000 4.2000 5.0200 0.0000
6         M:cpu3
32        1530 0.2465 0.1726 0.2063 0.0000
6         M:cpu2
32        1530 0.8206 0.5744 0.6866 0.0000
6         M:cpu1
32        1530 0.7926 0.5549 0.6632 0.0000
6         M:cpu0
32        1530 2.1840 1.5288 1.8273 0.0000
5         M:cpu
32        1530 1.0079 0.7055 0.8433 0.0000
8         M:syslog
38        1530 797.0000 557.9000 666.8180 0.0000
8         M:ssh_in
32        1530 2.0000 1.4000 1.6733 0.0000
14        M:cfengine_out
32        1530 1.0000 0.7000 0.8367 0.0000
13        M:cfengine_in
32        1530 1.0000 0.7000 0.8367 0.0000
9         M:loadavg
32        1530 0.0801 0.0561 0.0670 0.0000
10        M:diskfree
35        1530 66.0000 46.2000 55.2196 0.0000
12        M:otherprocs
32        1530 6.0000 4.2000 5.0200 0.0000
11        M:rootprocs
36        1530 114.0000 79.8000 95.3792 0.0000
7         M:users
32        1530 6.0000 4.2000 5.0200 0.0000
3         MOY
15        M:entropy_avail
34        155 84.5000 59.1500 70.8474 0.0000
12        M:mem_cached
39        155 1058.9355 741.2549 1546.1225 0.0000
16        M:io_writtendata
31        155 0.0479 0.0335 0.0419 0.0000
11        M:io_writes
31        155 3.0000 2.1000 2.6458 0.0000
6         M:cpu3
31        155 0.0133 0.0093 0.0111 0.0000
6         M:cpu2
31        155 0.0866 0.0606 0.0949 0.0000
6         M:cpu1
31        155 0.0999 0.0699 0.1070 0.0000
6         M:cpu0
31        155 0.1432 0.1002 0.1206 0.0000
5         M:cpu
31        155 0.0849 0.0594 0.0710 0.0000
8         M:syslog
37        155 145.0000 101.5000 121.3157 0.0000
8         M:ssh_in
31        155 2.0000 1.4000 1.6733 0.0000
13        M:cfengine_in
31        155 1.0000 0.7000 0.8367 0.0000
9         M:loadavg
31        155 0.0039 0.0027 0.0034 0.0000
10        M:diskfree
34        155 73.5000 51.4500 61.5642 0.0000
12        M:otherprocs
31        155 6.0000 4.2000 5.0200 0.0000
11        M:rootprocs
35        155 109.5000 76.6500 91.6152 0.0000
7         M:users
31        155 6.0000 4.2000 5.0200 0.0000
# send QUERY complete successful
