# delta from 1679757803 to 1679757864 at 1679757864
22        CFR: 0 1679757863 1675
3         PRD
60        Packing reports: delta,0.030763,0.130886,0.140770,1679757804
3         EXS
16        f,307,1679757774
3         MOM
15        M:entropy_avail
35        1624 91.0000 64.9600 72.6741 0.0000
12        M:mem_cached
40        1624 1947.3047 1771.7027 585.3398 0.0000
10        M:mem_free
38        1624 9374.3754 9374.3754 0.0000 0.0000
11        M:mem_total
40        1624 11072.0285 11072.0285 0.0000 0.0000
16        M:io_writtendata
32        1624 0.1123 0.0936 0.0616 0.0000
11        M:io_writes
32        1624 6.0000 5.0400 3.2447 0.0000
6         M:cpu3
32        1624 0.7598 0.6088 0.4534 0.0000
6         M:cpu2
32        1624 0.7792 0.5510 0.6364 0.0000
6         M:cpu1
32        1624 0.8729 0.6334 0.6697 0.0000
6         M:cpu0
32        1624 2.3986 1.6790 2.0068 0.0000
5         M:cpu
32        1624 1.2026 0.8684 0.9339 0.0000
8         M:syslog
39        1624 1083.0000 788.7600 823.3191 0.0000
8         M:ssh_in
32        1624 2.0000 1.8200 0.6000 0.0000
14        M:cfengine_out
32        1624 1.0000 0.7000 0.8367 0.0000
13        M:cfengine_in
32        1624 1.0000 0.9100 0.3000 0.0000
9         M:loadavg
32        1624 0.0732 0.0533 0.0557 0.0000
10        M:diskfree
35        1624 64.0000 58.2400 19.2000 0.0000
12        M:otherprocs
32        1624 6.0000 5.4600 1.8000 0.0000
11        M:rootprocs
36        1624 110.0000 99.8900 33.7000 0.0000
7         M:users
32        1624 6.0000 5.4600 1.8000 0.0000
3         MOY
15        M:entropy_avail
34        155 84.5000 59.1500 70.8474 0.0000
12        M:mem_cached
39        155 1058.9355 741.2549 1546.1225 0.0000
16        M:io_writtendata
31        155 0.0479 0.0335 0.0419 0.0000
11        M:io_writes
31        155 3.0000 2.1000 2.6458 0.0000
6         M:cpu3
31        155 0.0133 0.0093 0.0111 0.0000
6         M:cpu2
31        155 0.0866 0.0606 0.0949 0.0000
6         M:cpu1
31        155 0.0999 0.0699 0.1070 0.0000
6         M:cpu0
31        155 0.1432 0.1002 0.1206 0.0000
5         M:cpu
31        155 0.0849 0.0594 0.0710 0.0000
8         M:syslog
37        155 145.0000 101.5000 121.3157 0.0000
8         M:ssh_in
31        155 2.0000 1.4000 1.6733 0.0000
13        M:cfengine_in
31        155 1.0000 0.7000 0.8367 0.0000
9         M:loadavg
31        155 0.0039 0.0027 0.0034 0.0000
10        M:diskfree
34        155 73.5000 51.4500 61.5642 0.0000
12        M:otherprocs
31        155 6.0000 4.2000 5.0200 0.0000
11        M:rootprocs
35        155 109.5000 76.6500 91.6152 0.0000
7         M:users
31        155 6.0000 4.2000 5.0200 0.0000
# send QUERY complete successful
