# delta from 1679745439 to 1679745499 at 1679745499
22        CFR: 0 1679745498 1760
3         PRD
60        Packing reports: delta,0.027832,0.077460,0.076214,1679745440
83        Sample(/proc/sys/kernel/random/entropy_avail),0.004473,0.002001,0.001964,1679745460
3         EXS
16        f,299,1679745433
3         MOM
15        M:entropy_avail
35        1583 91.0000 64.5400 73.8162 0.0000
12        M:mem_cached
40        1583 1878.3086 1708.8794 564.7641 0.0000
10        M:mem_free
38        1583 9430.2633 9430.2633 0.0000 0.0000
11        M:mem_total
40        1583 11072.0285 11072.0285 0.0000 0.0000
16        M:io_writtendata
32        1583 0.1855 0.1410 0.1267 0.0000
11        M:io_writes
33        1583 10.0000 7.4200 7.2534 0.0000
6         M:cpu3
32        1583 1.6344 1.1707 1.2946 0.0000
6         M:cpu2
32        1583 2.1552 1.5422 1.7111 0.0000
6         M:cpu1
32        1583 1.9884 1.3961 1.6519 0.0000
6         M:cpu0
32        1583 3.1458 2.2161 2.5932 0.0000
5         M:cpu
32        1583 2.2394 1.5868 1.8205 0.0000
8         M:syslog
39        1583 1232.2999 893.2699 947.8736 0.0000
8         M:ssh_in
32        1583 2.0000 1.8200 0.6000 0.0000
14        M:cfengine_out
32        1583 1.0000 0.7000 0.8367 0.0000
13        M:cfengine_in
32        1583 1.0000 0.9100 0.3000 0.0000
9         M:loadavg
32        1583 0.1450 0.1044 0.1135 0.0000
10        M:diskfree
35        1583 65.0000 59.1500 19.5000 0.0000
12        M:otherprocs
32        1583 6.0000 5.4600 1.8000 0.0000
11        M:rootprocs
37        1583 111.0000 100.8000 34.0000 0.0000
7         M:users
32        1583 6.0000 5.4600 1.8000 0.0000
3         MOY
15        M:entropy_avail
34        155 84.5000 59.1500 70.8474 0.0000
12        M:mem_cached
39        155 1058.9355 741.2549 1546.1225 0.0000
16        M:io_writtendata
31        155 0.0479 0.0335 0.0419 0.0000
11        M:io_writes
31        155 3.0000 2.1000 2.6458 0.0000
6         M:cpu3
31        155 0.0133 0.0093 0.0111 0.0000
6         M:cpu2
31        155 0.0866 0.0606 0.0949 0.0000
6         M:cpu1
31        155 0.0999 0.0699 0.1070 0.0000
6         M:cpu0
31        155 0.1432 0.1002 0.1206 0.0000
5         M:cpu
31        155 0.0849 0.0594 0.0710 0.0000
8         M:syslog
37        155 145.0000 101.5000 121.3157 0.0000
8         M:ssh_in
31        155 2.0000 1.4000 1.6733 0.0000
13        M:cfengine_in
31        155 1.0000 0.7000 0.8367 0.0000
9         M:loadavg
31        155 0.0039 0.0027 0.0034 0.0000
10        M:diskfree
34        155 73.5000 51.4500 61.5642 0.0000
12        M:otherprocs
31        155 6.0000 4.2000 5.0200 0.0000
11        M:rootprocs
35        155 109.5000 76.6500 91.6152 0.0000
7         M:users
31        155 6.0000 4.2000 5.0200 0.0000
# send QUERY complete successful
