# delta from 1679672118 to 1679672179 at 1679672179
22        CFR: 0 1679672178 1709
3         PRD
60        Packing reports: delta,0.022440,0.050357,0.047815,1679672119
83        Sample(/proc/sys/kernel/random/entropy_avail),0.005664,0.003208,0.002468,1679672142
3         EXS
16        f,294,1679671944
3         MOM
15        M:entropy_avail
35        1339 86.0000 60.2000 71.9528 0.0000
12        M:mem_cached
38        1339 895.1797 626.6258 748.9611 0.0000
10        M:mem_free
40        1339 14522.2305 10165.5613 0.0000 0.0000
11        M:mem_total
40        1339 15817.1836 11072.0285 0.0000 0.0000
16        M:io_writtendata
32        1339 0.0391 0.0273 0.0327 0.0000
11        M:io_writes
32        1339 2.0000 1.4000 1.6733 0.0000
6         M:cpu3
32        1339 0.0266 0.0186 0.0223 0.0000
6         M:cpu2
32        1339 0.1599 0.1119 0.1338 0.0000
6         M:cpu1
32        1339 0.0866 0.0606 0.0724 0.0000
6         M:cpu0
32        1339 0.1065 0.0746 0.0891 0.0000
5         M:cpu
32        1339 0.0982 0.0688 0.0822 0.0000
8         M:syslog
38        1339 145.0000 101.5000 121.3157 0.0000
8         M:ssh_in
32        1339 2.0000 1.4000 1.6733 0.0000
13        M:cfengine_in
32        1339 1.0000 0.7000 0.8367 0.0000
9         M:loadavg
32        1339 0.0410 0.0287 0.0343 0.0000
10        M:diskfree
35        1339 74.0000 51.8000 61.9128 0.0000
12        M:otherprocs
32        1339 6.0000 4.2000 5.0200 0.0000
11        M:rootprocs
36        1339 109.0000 76.3000 91.1959 0.0000
7         M:users
32        1339 6.0000 4.2000 5.0200 0.0000
3         MOY
15        M:entropy_avail
34        155 84.0000 58.8000 70.4038 0.0000
12        M:mem_cached
37        155 768.7441 538.1209 650.8247 0.0000
16        M:io_writtendata
31        155 0.0483 0.0338 0.0424 0.0000
11        M:io_writes
31        155 2.0000 1.4000 1.6733 0.0000
6         M:cpu3
31        155 0.0999 0.0699 0.1106 0.0000
6         M:cpu2
31        155 0.0933 0.0653 0.0959 0.0000
6         M:cpu1
31        155 0.1600 0.1120 0.1779 0.0000
6         M:cpu0
31        155 0.0966 0.0676 0.0966 0.0000
5         M:cpu
31        155 0.1115 0.0781 0.0956 0.0000
8         M:syslog
37        155 145.0000 101.5000 121.3157 0.0000
8         M:ssh_in
31        155 2.0000 1.4000 1.6733 0.0000
13        M:cfengine_in
31        155 1.0000 0.7000 0.8367 0.0000
9         M:loadavg
31        155 0.0071 0.0050 0.0069 0.0000
10        M:diskfree
34        155 75.5000 52.8500 63.1803 0.0000
12        M:otherprocs
31        155 6.0000 4.2000 5.0200 0.0000
11        M:rootprocs
35        155 109.5000 76.6500 91.6152 0.0000
7         M:users
31        155 6.0000 4.2000 5.0200 0.0000
# send QUERY complete successful
