# delta from 1679661018 to 1679661080 at 1679661080
22        CFR: 0 1679661079 1719
3         PRD
60        Packing reports: delta,0.063276,0.217945,0.186338,1679661019
83        Sample(/proc/sys/kernel/random/entropy_avail),0.005686,0.003233,0.002043,1679661020
3         EXS
15        f,76,1679660947
3         MOM
15        M:entropy_avail
38        1302 193.0000 135.1000 161.4754 0.0000
12        M:mem_cached
38        1302 841.1211 588.7848 703.7324 0.0000
10        M:mem_free
40        1302 14594.3984 10216.0789 0.0000 0.0000
11        M:mem_total
40        1302 15817.1836 11072.0285 0.0000 0.0000
16        M:io_writtendata
32        1302 0.4600 0.3220 0.3848 0.0000
11        M:io_writes
35        1302 24.0000 16.8000 20.0798 0.0000
6         M:cpu3
32        1302 2.4037 1.6826 2.0111 0.0000
6         M:cpu2
32        1302 2.4433 1.7103 2.0442 0.0000
6         M:cpu1
32        1302 3.6763 2.5734 3.0758 0.0000
6         M:cpu0
32        1302 2.1016 1.4711 1.7583 0.0000
5         M:cpu
32        1302 2.6556 1.8589 2.2219 0.0000
8         M:syslog
40        1302 31397.0000 21977.9000 0.0000 0.0000
8         M:ssh_in
32        1302 5.0000 3.5000 4.1833 0.0000
13        M:cfengine_in
32        1302 1.0000 0.7000 0.8367 0.0000
9         M:loadavg
32        1302 0.0659 0.0461 0.0552 0.0000
10        M:diskfree
35        1302 75.0000 52.5000 62.7495 0.0000
12        M:otherprocs
32        1302 6.0000 4.2000 5.0200 0.0000
11        M:rootprocs
36        1302 109.0000 76.3000 91.1959 0.0000
7         M:users
32        1302 6.0000 4.2000 5.0200 0.0000
3         MOY
15        M:entropy_avail
37        155 259.0000 181.3000 263.8877 0.0000
12        M:mem_cached
37        155 742.6699 519.8689 626.1966 0.0000
16        M:io_writtendata
31        155 0.0454 0.0318 0.0393 0.0000
11        M:io_writes
31        155 2.0000 1.4000 1.6733 0.0000
6         M:cpu3
31        155 0.0799 0.0559 0.0870 0.0000
6         M:cpu2
31        155 0.2633 0.1843 0.2367 0.0000
6         M:cpu1
31        155 0.0166 0.0116 0.0142 0.0000
6         M:cpu0
31        155 0.0866 0.0606 0.0949 0.0000
5         M:cpu
31        155 0.1124 0.0787 0.0965 0.0000
8         M:syslog
37        155 145.0000 101.5000 121.3157 0.0000
8         M:ssh_in
31        155 2.0000 1.4000 1.6733 0.0000
13        M:cfengine_in
31        155 1.0000 0.7000 0.8367 0.0000
9         M:loadavg
31        155 0.0015 0.0010 0.0017 0.0000
10        M:diskfree
34        155 76.0000 53.2000 63.5917 0.0000
12        M:otherprocs
31        155 6.0000 4.2000 5.0200 0.0000
11        M:rootprocs
35        155 110.0000 77.0000 92.0326 0.0000
7         M:users
31        155 6.0000 4.2000 5.0200 0.0000
# send QUERY complete successful
