# delta from 1679725158 to 1679725219 at 1679725219
22        CFR: 0 1679725218 1712
3         PRD
60        Packing reports: delta,0.028550,0.081511,0.074812,1679725159
83        Sample(/proc/sys/kernel/random/entropy_avail),0.005020,0.002520,0.002028,1679725180
3         EXS
16        f,295,1679725048
3         MOM
15        M:entropy_avail
34        1515 7.0000 22.5400 57.9657 0.0000
12        M:mem_cached
40        1515 1762.6172 1603.6379 529.9309 0.0000
10        M:mem_free
38        1515 9521.0609 9521.0609 0.0000 0.0000
11        M:mem_total
40        1515 11072.0285 11072.0285 0.0000 0.0000
16        M:io_writtendata
32        1515 0.1406 0.1058 0.0984 0.0000
11        M:io_writes
32        1515 8.0000 6.0200 5.5975 0.0000
6         M:cpu3
32        1515 2.3863 1.7180 1.8668 0.0000
6         M:cpu2
32        1515 0.6934 0.4924 0.5608 0.0000
6         M:cpu1
32        1515 0.7728 0.5605 0.5935 0.0000
6         M:cpu0
32        1515 0.9994 0.7066 0.8168 0.0000
5         M:cpu
32        1515 1.2146 0.8701 0.9616 0.0000
8         M:syslog
39        1515 1088.0000 814.5200 771.3923 0.0000
8         M:ssh_in
32        1515 2.0000 1.8200 0.6000 0.0000
13        M:cfengine_in
32        1515 1.0000 0.9100 0.3000 0.0000
9         M:loadavg
32        1515 0.0059 0.0042 0.0046 0.0000
10        M:diskfree
35        1515 66.0000 60.0600 19.8000 0.0000
12        M:otherprocs
32        1515 6.0000 5.4600 1.8000 0.0000
11        M:rootprocs
37        1515 110.0000 100.1000 33.0000 0.0000
7         M:users
32        1515 6.0000 5.4600 1.8000 0.0000
3         MOY
15        M:entropy_avail
34        155 84.5000 59.1500 70.8474 0.0000
12        M:mem_cached
39        155 1058.9355 741.2549 1546.1225 0.0000
16        M:io_writtendata
31        155 0.0479 0.0335 0.0419 0.0000
11        M:io_writes
31        155 3.0000 2.1000 2.6458 0.0000
6         M:cpu3
31        155 0.0133 0.0093 0.0111 0.0000
6         M:cpu2
31        155 0.0866 0.0606 0.0949 0.0000
6         M:cpu1
31        155 0.0999 0.0699 0.1070 0.0000
6         M:cpu0
31        155 0.1432 0.1002 0.1206 0.0000
5         M:cpu
31        155 0.0849 0.0594 0.0710 0.0000
8         M:syslog
37        155 145.0000 101.5000 121.3157 0.0000
8         M:ssh_in
31        155 2.0000 1.4000 1.6733 0.0000
13        M:cfengine_in
31        155 1.0000 0.7000 0.8367 0.0000
9         M:loadavg
31        155 0.0039 0.0027 0.0034 0.0000
10        M:diskfree
34        155 73.5000 51.4500 61.5642 0.0000
12        M:otherprocs
31        155 6.0000 4.2000 5.0200 0.0000
11        M:rootprocs
35        155 109.5000 76.6500 91.6152 0.0000
7         M:users
31        155 6.0000 4.2000 5.0200 0.0000
# send QUERY complete successful
