# delta from 1679753963 to 1679754024 at 1679754024
22        CFR: 0 1679754023 1676
3         PRD
60        Packing reports: delta,0.034909,0.121867,0.125779,1679753964
3         EXS
16        f,308,1679753876
3         MOM
15        M:entropy_avail
35        1611 85.0000 60.9700 67.0932 0.0000
12        M:mem_cached
40        1611 1924.0195 1750.8389 577.2688 0.0000
10        M:mem_free
38        1611 9405.7797 9405.7797 0.0000 0.0000
11        M:mem_total
40        1611 11072.0285 11072.0285 0.0000 0.0000
16        M:io_writtendata
32        1611 0.0449 0.0653 0.0679 0.0000
11        M:io_writes
32        1611 2.0000 3.5000 5.0000 0.0000
6         M:cpu3
32        1611 1.4277 1.1619 0.8218 0.0000
6         M:cpu2
32        1611 0.6867 0.9858 0.9971 0.0000
6         M:cpu1
32        1611 0.7929 0.7524 0.1349 0.0000
6         M:cpu0
32        1611 0.0399 0.2056 0.6030 0.0000
5         M:cpu
32        1611 0.7348 0.7747 0.1330 0.0000
8         M:syslog
39        1611 106.0000 586.6000 1745.4910 0.0000
8         M:ssh_in
32        1611 2.0000 1.8200 0.6000 0.0000
14        M:cfengine_out
32        1611 1.0000 0.7000 0.8367 0.0000
13        M:cfengine_in
32        1611 1.0000 0.9100 0.3000 0.0000
9         M:loadavg
32        1611 0.0000 0.0010 0.0036 0.0000
10        M:diskfree
35        1611 64.0000 58.2400 19.2000 0.0000
12        M:otherprocs
32        1611 6.0000 5.4600 1.8000 0.0000
11        M:rootprocs
37        1611 112.0000 101.0800 36.4000 0.0000
7         M:users
32        1611 6.0000 5.4600 1.8000 0.0000
3         MOY
15        M:entropy_avail
34        155 84.5000 59.1500 70.8474 0.0000
12        M:mem_cached
39        155 1058.9355 741.2549 1546.1225 0.0000
16        M:io_writtendata
31        155 0.0479 0.0335 0.0419 0.0000
11        M:io_writes
31        155 3.0000 2.1000 2.6458 0.0000
6         M:cpu3
31        155 0.0133 0.0093 0.0111 0.0000
6         M:cpu2
31        155 0.0866 0.0606 0.0949 0.0000
6         M:cpu1
31        155 0.0999 0.0699 0.1070 0.0000
6         M:cpu0
31        155 0.1432 0.1002 0.1206 0.0000
5         M:cpu
31        155 0.0849 0.0594 0.0710 0.0000
8         M:syslog
37        155 145.0000 101.5000 121.3157 0.0000
8         M:ssh_in
31        155 2.0000 1.4000 1.6733 0.0000
13        M:cfengine_in
31        155 1.0000 0.7000 0.8367 0.0000
9         M:loadavg
31        155 0.0039 0.0027 0.0034 0.0000
10        M:diskfree
34        155 73.5000 51.4500 61.5642 0.0000
12        M:otherprocs
31        155 6.0000 4.2000 5.0200 0.0000
11        M:rootprocs
35        155 109.5000 76.6500 91.6152 0.0000
7         M:users
31        155 6.0000 4.2000 5.0200 0.0000
# send QUERY complete successful
