# delta from 1679671098 to 1679671159 at 1679671159
22        CFR: 0 1679671158 1673
3         PRD
60        Packing reports: delta,0.041328,0.159599,0.132818,1679671099
3         EXS
16        f,295,1679671059
3         MOM
15        M:entropy_avail
34        1335 0.0000 19.3200 68.4149 0.0000
12        M:mem_cached
38        1335 890.5430 810.0922 268.1691 0.0000
10        M:mem_free
40        1335 14530.6289 13221.5016 0.0000 0.0000
11        M:mem_total
40        1335 15817.1836 14393.6371 0.0000 0.0000
16        M:io_writtendata
32        1335 0.1641 0.1278 0.1051 0.0000
11        M:io_writes
33        1335 10.0000 7.4200 7.2534 0.0000
6         M:cpu3
32        1335 1.9159 1.3691 1.5262 0.0000
6         M:cpu2
32        1335 0.5606 0.3938 0.4651 0.0000
6         M:cpu1
32        1335 1.0798 0.8161 0.7471 0.0000
6         M:cpu0
32        1335 1.6322 1.1691 1.2928 0.0000
5         M:cpu
32        1335 1.2952 0.9353 1.0056 0.0000
8         M:syslog
39        1335 1184.0000 859.2500 908.1187 0.0000
8         M:ssh_in
32        1335 2.0000 1.8200 0.6000 0.0000
14        M:cfengine_out
32        1335 1.0000 0.7000 0.8367 0.0000
13        M:cfengine_in
32        1335 1.0000 0.9100 0.3000 0.0000
9         M:loadavg
32        1335 0.0430 0.0312 0.0329 0.0000
10        M:diskfree
35        1335 74.0000 67.3400 22.2000 0.0000
12        M:otherprocs
32        1335 6.0000 5.4600 1.8000 0.0000
11        M:rootprocs
36        1335 110.0000 99.8900 33.7000 0.0000
7         M:users
32        1335 6.0000 5.4600 1.8000 0.0000
3         MOY
15        M:entropy_avail
34        155 84.0000 58.8000 70.4038 0.0000
12        M:mem_cached
37        155 768.7441 538.1209 650.8247 0.0000
16        M:io_writtendata
31        155 0.0483 0.0338 0.0424 0.0000
11        M:io_writes
31        155 2.0000 1.4000 1.6733 0.0000
6         M:cpu3
31        155 0.0999 0.0699 0.1106 0.0000
6         M:cpu2
31        155 0.0933 0.0653 0.0959 0.0000
6         M:cpu1
31        155 0.1600 0.1120 0.1779 0.0000
6         M:cpu0
31        155 0.0966 0.0676 0.0966 0.0000
5         M:cpu
31        155 0.1115 0.0781 0.0956 0.0000
8         M:syslog
37        155 145.0000 101.5000 121.3157 0.0000
8         M:ssh_in
31        155 2.0000 1.4000 1.6733 0.0000
13        M:cfengine_in
31        155 1.0000 0.7000 0.8367 0.0000
9         M:loadavg
31        155 0.0071 0.0050 0.0069 0.0000
10        M:diskfree
34        155 75.5000 52.8500 63.1803 0.0000
12        M:otherprocs
31        155 6.0000 4.2000 5.0200 0.0000
11        M:rootprocs
35        155 109.5000 76.6500 91.6152 0.0000
7         M:users
31        155 6.0000 4.2000 5.0200 0.0000
# send QUERY complete successful
