# delta from 1679693178 to 1679693239 at 1679693239
22        CFR: 0 1679693238 1758
3         PRD
60        Packing reports: delta,0.062839,0.086292,0.064129,1679693179
83        Sample(/proc/sys/kernel/random/entropy_avail),0.004653,0.002165,0.002110,1679693180
3         EXS
16        f,307,1679692974
3         MOM
15        M:entropy_avail
35        1409 84.0000 58.8000 70.2794 0.0000
12        M:mem_cached
41        1409 1556.3711 1089.4598 1302.1535 0.0000
10        M:mem_free
39        1409 13828.0195 9679.6137 0.0000 0.0000
11        M:mem_total
40        1409 15817.1836 11072.0285 0.0000 0.0000
16        M:io_writtendata
32        1409 0.0430 0.0301 0.0360 0.0000
13        M:io_readdata
32        1409 0.0283 0.0198 0.0237 0.0000
11        M:io_writes
32        1409 2.0000 1.4000 1.6733 0.0000
6         M:cpu3
32        1409 0.0266 0.0186 0.0223 0.0000
6         M:cpu2
32        1409 0.3466 0.2427 0.2900 0.0000
6         M:cpu1
32        1409 0.0200 0.0140 0.0167 0.0000
6         M:cpu0
32        1409 0.0200 0.0140 0.0167 0.0000
5         M:cpu
32        1409 0.1016 0.0711 0.0850 0.0000
8         M:syslog
38        1409 557.0000 389.9000 466.0196 0.0000
8         M:ssh_in
32        1409 2.0000 1.4000 1.6733 0.0000
13        M:cfengine_in
32        1409 1.0000 0.7000 0.8367 0.0000
9         M:loadavg
32        1409 0.0830 0.0581 0.0694 0.0000
10        M:diskfree
35        1409 69.0000 48.3000 57.7295 0.0000
12        M:otherprocs
32        1409 6.0000 4.2000 5.0200 0.0000
11        M:rootprocs
36        1409 111.0000 77.7000 92.8693 0.0000
7         M:users
32        1409 6.0000 4.2000 5.0200 0.0000
3         MOY
15        M:entropy_avail
34        155 84.5000 59.1500 70.8474 0.0000
12        M:mem_cached
39        155 1058.9355 741.2549 1546.1225 0.0000
16        M:io_writtendata
31        155 0.0479 0.0335 0.0419 0.0000
11        M:io_writes
31        155 3.0000 2.1000 2.6458 0.0000
6         M:cpu3
31        155 0.0133 0.0093 0.0111 0.0000
6         M:cpu2
31        155 0.0866 0.0606 0.0949 0.0000
6         M:cpu1
31        155 0.0999 0.0699 0.1070 0.0000
6         M:cpu0
31        155 0.1432 0.1002 0.1206 0.0000
5         M:cpu
31        155 0.0849 0.0594 0.0710 0.0000
8         M:syslog
37        155 145.0000 101.5000 121.3157 0.0000
8         M:ssh_in
31        155 2.0000 1.4000 1.6733 0.0000
13        M:cfengine_in
31        155 1.0000 0.7000 0.8367 0.0000
9         M:loadavg
31        155 0.0039 0.0027 0.0034 0.0000
10        M:diskfree
34        155 73.5000 51.4500 61.5642 0.0000
12        M:otherprocs
31        155 6.0000 4.2000 5.0200 0.0000
11        M:rootprocs
35        155 109.5000 76.6500 91.6152 0.0000
7         M:users
31        155 6.0000 4.2000 5.0200 0.0000
# send QUERY complete successful
