# delta from 1679706198 to 1679706259 at 1679706259
22        CFR: 0 1679706258 1713
3         PRD
60        Packing reports: delta,0.030163,0.108257,0.100688,1679706199
83        Sample(/proc/sys/kernel/random/entropy_avail),0.004850,0.002353,0.003502,1679706251
3         EXS
16        f,295,1679706146
3         MOM
15        M:entropy_avail
34        1452 5.0000 20.7200 57.7414 0.0000
12        M:mem_cached
40        1452 1631.4961 1484.3128 490.6109 0.0000
10        M:mem_free
40        1452 13741.8789 12503.6537 0.0000 0.0000
11        M:mem_total
40        1452 15817.1836 14393.6371 0.0000 0.0000
16        M:io_writtendata
32        1452 0.1465 0.1103 0.1022 0.0000
11        M:io_writes
32        1452 8.0000 6.0200 5.5975 0.0000
6         M:cpu3
32        1452 0.8068 0.5858 0.6182 0.0000
6         M:cpu2
32        1452 1.8480 1.3412 1.4173 0.0000
6         M:cpu1
32        1452 1.4931 1.0676 1.1878 0.0000
6         M:cpu0
32        1452 0.8594 0.6044 0.7113 0.0000
5         M:cpu
32        1452 1.2517 0.8993 0.9842 0.0000
8         M:syslog
39        1452 1082.0000 787.8500 823.0318 0.0000
8         M:ssh_in
32        1452 2.0000 1.8200 0.6000 0.0000
13        M:cfengine_in
32        1452 1.0000 0.9100 0.3000 0.0000
9         M:loadavg
32        1452 0.0244 0.0171 0.0204 0.0000
10        M:diskfree
35        1452 68.0000 61.8800 20.4000 0.0000
12        M:otherprocs
32        1452 6.0000 5.4600 1.8000 0.0000
11        M:rootprocs
36        1452 109.0000 99.4000 32.0000 0.0000
7         M:users
32        1452 6.0000 5.4600 1.8000 0.0000
3         MOY
15        M:entropy_avail
34        155 84.5000 59.1500 70.8474 0.0000
12        M:mem_cached
39        155 1058.9355 741.2549 1546.1225 0.0000
16        M:io_writtendata
31        155 0.0479 0.0335 0.0419 0.0000
11        M:io_writes
31        155 3.0000 2.1000 2.6458 0.0000
6         M:cpu3
31        155 0.0133 0.0093 0.0111 0.0000
6         M:cpu2
31        155 0.0866 0.0606 0.0949 0.0000
6         M:cpu1
31        155 0.0999 0.0699 0.1070 0.0000
6         M:cpu0
31        155 0.1432 0.1002 0.1206 0.0000
5         M:cpu
31        155 0.0849 0.0594 0.0710 0.0000
8         M:syslog
37        155 145.0000 101.5000 121.3157 0.0000
8         M:ssh_in
31        155 2.0000 1.4000 1.6733 0.0000
13        M:cfengine_in
31        155 1.0000 0.7000 0.8367 0.0000
9         M:loadavg
31        155 0.0039 0.0027 0.0034 0.0000
10        M:diskfree
34        155 73.5000 51.4500 61.5642 0.0000
12        M:otherprocs
31        155 6.0000 4.2000 5.0200 0.0000
11        M:rootprocs
35        155 109.5000 76.6500 91.6152 0.0000
7         M:users
31        155 6.0000 4.2000 5.0200 0.0000
# send QUERY complete successful
