# delta from 1679683698 to 1679683759 at 1679683759
22        CFR: 0 1679683758 1712
3         PRD
60        Packing reports: delta,0.030975,0.114123,0.132953,1679683699
83        Sample(/proc/sys/kernel/random/entropy_avail),0.005135,0.002636,0.002887,1679683714
3         EXS
16        f,295,1679683640
3         MOM
15        M:entropy_avail
34        1377 6.0000 21.2100 56.3662 0.0000
12        M:mem_cached
40        1377 1501.8086 1366.2693 451.7977 0.0000
10        M:mem_free
40        1377 13888.3398 12638.7256 0.0000 0.0000
11        M:mem_total
40        1377 15817.1836 14393.6371 0.0000 0.0000
16        M:io_writtendata
32        1377 0.1504 0.1122 0.1075 0.0000
11        M:io_writes
32        1377 8.0000 6.0200 5.5975 0.0000
6         M:cpu3
32        1377 1.4664 1.0335 1.2075 0.0000
6         M:cpu2
32        1377 0.9461 0.6846 0.7308 0.0000
6         M:cpu1
32        1377 1.8931 1.3503 1.5146 0.0000
6         M:cpu0
32        1377 0.7197 0.5248 0.5456 0.0000
5         M:cpu
32        1377 1.2562 0.8976 1.0011 0.0000
8         M:syslog
38        1377 598.0000 449.0500 420.6826 0.0000
8         M:ssh_in
32        1377 2.0000 1.8200 0.6000 0.0000
13        M:cfengine_in
32        1377 1.0000 1.1200 0.4000 0.0000
9         M:loadavg
32        1377 0.0205 0.0144 0.0172 0.0000
10        M:diskfree
35        1377 69.0000 62.7900 20.7000 0.0000
12        M:otherprocs
32        1377 6.0000 5.4600 1.8000 0.0000
11        M:rootprocs
36        1377 108.0000 98.2800 32.4000 0.0000
7         M:users
32        1377 6.0000 5.4600 1.8000 0.0000
3         MOY
15        M:entropy_avail
34        155 84.5000 59.1500 70.8474 0.0000
12        M:mem_cached
39        155 1058.9355 741.2549 1546.1225 0.0000
16        M:io_writtendata
31        155 0.0479 0.0335 0.0419 0.0000
11        M:io_writes
31        155 3.0000 2.1000 2.6458 0.0000
6         M:cpu3
31        155 0.0133 0.0093 0.0111 0.0000
6         M:cpu2
31        155 0.0866 0.0606 0.0949 0.0000
6         M:cpu1
31        155 0.0999 0.0699 0.1070 0.0000
6         M:cpu0
31        155 0.1432 0.1002 0.1206 0.0000
5         M:cpu
31        155 0.0849 0.0594 0.0710 0.0000
8         M:syslog
37        155 145.0000 101.5000 121.3157 0.0000
8         M:ssh_in
31        155 2.0000 1.4000 1.6733 0.0000
13        M:cfengine_in
31        155 1.0000 0.7000 0.8367 0.0000
9         M:loadavg
31        155 0.0039 0.0027 0.0034 0.0000
10        M:diskfree
34        155 73.5000 51.4500 61.5642 0.0000
12        M:otherprocs
31        155 6.0000 4.2000 5.0200 0.0000
11        M:rootprocs
35        155 109.5000 76.6500 91.6152 0.0000
7         M:users
31        155 6.0000 4.2000 5.0200 0.0000
# send QUERY complete successful
