# delta from 1679719758 to 1679719819 at 1679719819
22        CFR: 0 1679719818 1716
3         PRD
60        Packing reports: delta,0.026003,0.067616,0.078275,1679719759
83        Sample(/proc/sys/kernel/random/entropy_avail),0.004734,0.002241,0.001786,1679719771
3         EXS
16        f,307,1679719673
3         MOM
15        M:entropy_avail
34        1497 0.0000 17.0100 60.2348 0.0000
12        M:mem_cached
40        1497 1731.6914 1575.4856 520.6859 0.0000
10        M:mem_free
40        1497 13625.0039 12397.5707 0.0000 0.0000
11        M:mem_total
40        1497 15817.1836 14393.6371 0.0000 0.0000
16        M:io_writtendata
32        1497 0.1719 0.1269 0.1263 0.0000
11        M:io_writes
33        1497 10.0000 7.4200 7.2534 0.0000
6         M:cpu3
32        1497 0.5932 0.4362 0.4402 0.0000
6         M:cpu2
32        1497 1.7058 1.2010 1.4077 0.0000
6         M:cpu1
32        1497 0.5729 0.4178 0.4341 0.0000
6         M:cpu0
32        1497 2.0397 1.4488 1.6487 0.0000
5         M:cpu
32        1497 1.2262 0.8748 0.9807 0.0000
8         M:syslog
41        1497 1558.0000 1121.0500 1220.4056 0.0000
8         M:ssh_in
32        1497 2.0000 1.8200 0.6000 0.0000
13        M:cfengine_in
32        1497 1.0000 0.9100 0.3000 0.0000
9         M:loadavg
32        1497 0.0137 0.0096 0.0114 0.0000
10        M:diskfree
35        1497 66.0000 60.0600 19.8000 0.0000
12        M:otherprocs
32        1497 6.0000 5.4600 1.8000 0.0000
11        M:rootprocs
36        1497 109.0000 98.9800 33.4000 0.0000
7         M:users
32        1497 6.0000 5.4600 1.8000 0.0000
3         MOY
15        M:entropy_avail
34        155 84.5000 59.1500 70.8474 0.0000
12        M:mem_cached
39        155 1058.9355 741.2549 1546.1225 0.0000
16        M:io_writtendata
31        155 0.0479 0.0335 0.0419 0.0000
11        M:io_writes
31        155 3.0000 2.1000 2.6458 0.0000
6         M:cpu3
31        155 0.0133 0.0093 0.0111 0.0000
6         M:cpu2
31        155 0.0866 0.0606 0.0949 0.0000
6         M:cpu1
31        155 0.0999 0.0699 0.1070 0.0000
6         M:cpu0
31        155 0.1432 0.1002 0.1206 0.0000
5         M:cpu
31        155 0.0849 0.0594 0.0710 0.0000
8         M:syslog
37        155 145.0000 101.5000 121.3157 0.0000
8         M:ssh_in
31        155 2.0000 1.4000 1.6733 0.0000
13        M:cfengine_in
31        155 1.0000 0.7000 0.8367 0.0000
9         M:loadavg
31        155 0.0039 0.0027 0.0034 0.0000
10        M:diskfree
34        155 73.5000 51.4500 61.5642 0.0000
12        M:otherprocs
31        155 6.0000 4.2000 5.0200 0.0000
11        M:rootprocs
35        155 109.5000 76.6500 91.6152 0.0000
7         M:users
31        155 6.0000 4.2000 5.0200 0.0000
# send QUERY complete successful
