# delta from 1679666658 to 1679666719 at 1679666719
22        CFR: 0 1679666718 1672
3         PRD
60        Packing reports: delta,0.064252,0.179267,0.170527,1679666659
3         EXS
16        f,299,1679666571
3         MOM
15        M:entropy_avail
34        1320 6.0000 22.2600 60.0792 0.0000
12        M:mem_cached
38        1320 868.2812 789.8300 261.5043 0.0000
10        M:mem_free
40        1320 14550.1719 13241.3627 0.0000 0.0000
11        M:mem_total
40        1320 15817.1836 14393.6371 0.0000 0.0000
16        M:io_writtendata
32        1320 0.1104 0.0914 0.0612 0.0000
11        M:io_writes
32        1320 6.0000 4.6200 3.9563 0.0000
6         M:cpu3
32        1320 1.1195 0.8733 0.7138 0.0000
6         M:cpu2
32        1320 0.9138 0.6452 0.7490 0.0000
6         M:cpu1
32        1320 1.0382 0.7422 0.8265 0.0000
6         M:cpu0
32        1320 2.2727 1.5909 1.9015 0.0000
5         M:cpu
32        1320 1.3394 0.9645 1.0472 0.0000
8         M:syslog
39        1320 1078.0000 785.0500 819.6962 0.0000
8         M:ssh_in
32        1320 2.0000 1.8200 0.6000 0.0000
14        M:cfengine_out
32        1320 1.0000 0.7000 0.8367 0.0000
13        M:cfengine_in
32        1320 1.0000 0.9100 0.3000 0.0000
9         M:loadavg
32        1320 0.1973 0.1413 0.1563 0.0000
10        M:diskfree
35        1320 75.0000 68.2500 22.5000 0.0000
12        M:otherprocs
32        1320 6.0000 5.4600 1.8000 0.0000
11        M:rootprocs
36        1320 110.0000 99.8900 33.7000 0.0000
7         M:users
32        1320 6.0000 5.4600 1.8000 0.0000
3         MOY
15        M:entropy_avail
34        155 86.5000 60.5500 72.6426 0.0000
12        M:mem_cached
37        155 751.0039 525.7027 634.0092 0.0000
16        M:io_writtendata
31        155 0.0562 0.0393 0.0508 0.0000
11        M:io_writes
31        155 2.0000 1.4000 1.6733 0.0000
6         M:cpu3
31        155 0.1333 0.0933 0.1500 0.0000
6         M:cpu2
31        155 0.0899 0.0629 0.0953 0.0000
6         M:cpu1
31        155 0.1869 0.1308 0.2097 0.0000
6         M:cpu0
31        155 0.0899 0.0629 0.0953 0.0000
5         M:cpu
31        155 0.1232 0.0863 0.1076 0.0000
8         M:syslog
37        155 145.0000 101.5000 121.3157 0.0000
8         M:ssh_in
31        155 2.0000 1.4000 1.6733 0.0000
13        M:cfengine_in
31        155 1.0000 0.7000 0.8367 0.0000
9         M:loadavg
31        155 0.0054 0.0038 0.0049 0.0000
10        M:diskfree
34        155 76.0000 53.2000 63.5917 0.0000
12        M:otherprocs
31        155 6.0000 4.2000 5.0200 0.0000
11        M:rootprocs
35        155 109.0000 76.3000 91.1998 0.0000
7         M:users
31        155 6.0000 4.2000 5.0200 0.0000
# send QUERY complete successful
