# delta from 1679672718 to 1679672779 at 1679672779
22        CFR: 0 1679672778 1713
3         PRD
60        Packing reports: delta,0.030303,0.091830,0.114043,1679672719
83        Sample(/proc/sys/kernel/random/entropy_avail),0.004982,0.002482,0.002440,1679672743
3         EXS
16        f,295,1679672535
3         MOM
15        M:entropy_avail
37        1341 134.0000 93.8000 112.1124 0.0000
12        M:mem_cached
41        1341 1439.9453 1007.9617 1204.7447 0.0000
10        M:mem_free
39        1341 13957.5977 9770.3184 0.0000 0.0000
11        M:mem_total
40        1341 15817.1836 11072.0285 0.0000 0.0000
16        M:io_writtendata
32        1341 0.0527 0.0369 0.0441 0.0000
11        M:io_writes
32        1341 2.0000 1.4000 1.6733 0.0000
6         M:cpu3
32        1341 0.0266 0.0186 0.0223 0.0000
6         M:cpu2
32        1341 0.2467 0.1727 0.2064 0.0000
6         M:cpu1
32        1341 0.0999 0.0699 0.0836 0.0000
6         M:cpu0
32        1341 0.0799 0.0559 0.0669 0.0000
5         M:cpu
32        1341 0.1132 0.0793 0.0947 0.0000
8         M:syslog
38        1341 145.0000 101.5000 121.3157 0.0000
8         M:ssh_in
32        1341 2.0000 1.4000 1.6733 0.0000
13        M:cfengine_in
32        1341 1.0000 0.7000 0.8367 0.0000
9         M:loadavg
32        1341 0.0137 0.0096 0.0114 0.0000
10        M:diskfree
35        1341 70.0000 49.0000 58.5662 0.0000
12        M:otherprocs
32        1341 6.0000 4.2000 5.0200 0.0000
11        M:rootprocs
36        1341 109.0000 76.3000 91.1959 0.0000
7         M:users
32        1341 6.0000 4.2000 5.0200 0.0000
3         MOY
15        M:entropy_avail
34        155 84.0000 58.8000 70.4038 0.0000
12        M:mem_cached
37        155 768.7441 538.1209 650.8247 0.0000
16        M:io_writtendata
31        155 0.0483 0.0338 0.0424 0.0000
11        M:io_writes
31        155 2.0000 1.4000 1.6733 0.0000
6         M:cpu3
31        155 0.0999 0.0699 0.1106 0.0000
6         M:cpu2
31        155 0.0933 0.0653 0.0959 0.0000
6         M:cpu1
31        155 0.1600 0.1120 0.1779 0.0000
6         M:cpu0
31        155 0.0966 0.0676 0.0966 0.0000
5         M:cpu
31        155 0.1115 0.0781 0.0956 0.0000
8         M:syslog
37        155 145.0000 101.5000 121.3157 0.0000
8         M:ssh_in
31        155 2.0000 1.4000 1.6733 0.0000
13        M:cfengine_in
31        155 1.0000 0.7000 0.8367 0.0000
9         M:loadavg
31        155 0.0071 0.0050 0.0069 0.0000
10        M:diskfree
34        155 75.5000 52.8500 63.1803 0.0000
12        M:otherprocs
31        155 6.0000 4.2000 5.0200 0.0000
11        M:rootprocs
35        155 109.5000 76.6500 91.6152 0.0000
7         M:users
31        155 6.0000 4.2000 5.0200 0.0000
# send QUERY complete successful
