# delta from 1679737998 to 1679738059 at 1679738059
22        CFR: 0 1679738058 1860
3         PRD
60        Packing reports: delta,0.027367,0.074895,0.078456,1679737999
83        Sample(/proc/sys/kernel/random/entropy_avail),0.004991,0.002491,0.002438,1679738012
3         EXS
16        f,319,1679737944
3         MOM
15        M:entropy_avail
40        1558 2100.0000 1939.1400 536.2000 0.0000
12        M:mem_cached
39        1558 1038.4336 944.8286 312.0168 0.0000
10        M:mem_free
38        1558 9604.6891 9604.6891 0.0000 0.0000
11        M:mem_total
40        1558 10529.5203 10529.5203 0.0000 0.0000
16        M:io_writtendata
32        1558 0.0996 0.0761 0.0671 0.0000
11        M:io_writes
32        1558 6.0000 4.6200 3.9563 0.0000
6         M:cpu3
32        1558 1.2657 0.8902 1.0473 0.0000
6         M:cpu2
32        1558 1.1531 0.8701 0.8011 0.0000
6         M:cpu1
32        1558 1.0857 0.7642 0.8967 0.0000
6         M:cpu0
32        1558 1.1057 0.7754 0.9212 0.0000
5         M:cpu
32        1558 1.1525 0.8250 0.9144 0.0000
10        M:messages
38        1558 310.0000 217.0000 259.3646 0.0000
8         M:syslog
39        1558 1082.4153 825.7307 731.0945 0.0000
8         M:ssh_in
32        1558 5.0000 3.9200 3.1483 0.0000
13        M:cfengine_in
32        1558 1.0000 0.9100 0.3000 0.0000
9         M:loadavg
32        1558 0.0200 0.0140 0.0167 0.0000
10        M:diskfree
35        1558 79.0000 71.8900 23.7000 0.0000
12        M:otherprocs
32        1558 4.0000 3.4300 2.1017 0.0000
11        M:rootprocs
35        1558 95.0000 86.2400 29.2000 0.0000
7         M:users
32        1558 5.0000 4.3400 2.2000 0.0000
3         MOY
15        M:entropy_avail
40        155 1934.0000 1353.8000 3052.5656 0.0000
12        M:mem_cached
37        155 567.7695 397.4387 537.7864 0.0000
16        M:io_writtendata
31        155 0.0586 0.0410 0.0585 0.0000
11        M:io_writes
31        155 2.0000 1.4000 2.3664 0.0000
6         M:cpu3
31        155 0.6365 0.4455 0.7492 0.0000
6         M:cpu2
31        155 0.9225 0.6457 1.0836 0.0000
6         M:cpu1
31        155 0.4430 0.3101 0.4722 0.0000
6         M:cpu0
31        155 0.5662 0.3964 0.5767 0.0000
5         M:cpu
31        155 0.6404 0.4483 0.7176 0.0000
10        M:messages
37        155 154.0000 107.8000 182.2153 0.0000
8         M:syslog
39        155 4248.0000 2973.6000 139.0279 0.0000
8         M:ssh_in
31        155 2.0000 1.4000 1.6733 0.0000
14        M:cfengine_out
31        155 0.5000 0.3500 0.5916 0.0000
13        M:cfengine_in
31        155 1.0000 0.7000 0.8367 0.0000
9         M:loadavg
31        155 0.0500 0.0350 0.0592 0.0000
10        M:diskfree
34        155 83.0000 58.1000 69.4629 0.0000
12        M:otherprocs
31        155 3.0000 2.1000 2.5100 0.0000
11        M:rootprocs
34        155 94.0000 65.8000 78.6505 0.0000
7         M:users
31        155 4.0000 2.8000 3.3466 0.0000
# send QUERY complete successful
