# delta from 1679711658 to 1679711719 at 1679711719
22        CFR: 0 1679711718 1825
3         PRD
60        Packing reports: delta,0.036869,0.135935,0.134682,1679711659
3         EXS
16        f,290,1679711530
3         MOM
15        M:entropy_avail
40        1470 1936.0000 1790.5300 484.9000 0.0000
12        M:mem_cached
38        1470 966.1211 879.0160 290.3504 0.0000
10        M:mem_free
40        1470 13804.3086 12562.1054 0.0000 0.0000
11        M:mem_total
40        1470 15042.1719 13688.3764 0.0000 0.0000
16        M:io_writtendata
32        1470 0.1309 0.1012 0.0852 0.0000
11        M:io_writes
32        1470 8.0000 6.0200 5.5975 0.0000
6         M:cpu3
32        1470 0.9935 0.6954 0.8312 0.0000
6         M:cpu2
32        1470 1.3535 1.0608 0.8530 0.0000
6         M:cpu1
32        1470 1.1986 0.8390 1.0029 0.0000
6         M:cpu0
32        1470 1.1725 0.8221 0.9771 0.0000
5         M:cpu
32        1470 1.1795 0.8547 0.9082 0.0000
10        M:messages
38        1470 306.0000 214.2000 256.0180 0.0000
8         M:syslog
40        1470 8009.0000 5655.2300 194.9418 0.0000
8         M:ssh_in
32        1470 2.0000 1.8200 0.6000 0.0000
14        M:cfengine_out
32        1470 1.0000 0.7000 0.8367 0.0000
13        M:cfengine_in
32        1470 1.0000 0.9100 0.3000 0.0000
9         M:loadavg
32        1470 0.0300 0.0210 0.0251 0.0000
10        M:diskfree
35        1470 80.0000 72.8000 24.0000 0.0000
12        M:otherprocs
32        1470 3.0000 2.7300 0.9000 0.0000
11        M:rootprocs
35        1470 95.0000 86.2400 29.2000 0.0000
7         M:users
32        1470 4.0000 3.6400 1.2000 0.0000
3         MOY
15        M:entropy_avail
40        155 1934.0000 1353.8000 3052.5656 0.0000
12        M:mem_cached
37        155 567.7695 397.4387 537.7864 0.0000
16        M:io_writtendata
31        155 0.0586 0.0410 0.0585 0.0000
11        M:io_writes
31        155 2.0000 1.4000 2.3664 0.0000
6         M:cpu3
31        155 0.6365 0.4455 0.7492 0.0000
6         M:cpu2
31        155 0.9225 0.6457 1.0836 0.0000
6         M:cpu1
31        155 0.4430 0.3101 0.4722 0.0000
6         M:cpu0
31        155 0.5662 0.3964 0.5767 0.0000
5         M:cpu
31        155 0.6404 0.4483 0.7176 0.0000
10        M:messages
37        155 154.0000 107.8000 182.2153 0.0000
8         M:syslog
39        155 4248.0000 2973.6000 139.0279 0.0000
8         M:ssh_in
31        155 2.0000 1.4000 1.6733 0.0000
14        M:cfengine_out
31        155 0.5000 0.3500 0.5916 0.0000
13        M:cfengine_in
31        155 1.0000 0.7000 0.8367 0.0000
9         M:loadavg
31        155 0.0500 0.0350 0.0592 0.0000
10        M:diskfree
34        155 83.0000 58.1000 69.4629 0.0000
12        M:otherprocs
31        155 3.0000 2.1000 2.5100 0.0000
11        M:rootprocs
34        155 94.0000 65.8000 78.6505 0.0000
7         M:users
31        155 4.0000 2.8000 3.3466 0.0000
# send QUERY complete successful
