# delta from 1679672238 to 1679672299 at 1679672299
22        CFR: 0 1679672298 1823
3         PRD
60        Packing reports: delta,0.024224,0.058680,0.062634,1679672239
3         EXS
16        f,280,1679672213
3         MOM
15        M:entropy_avail
41        1339 1966.0000 1376.2000 1644.8736 0.0000
12        M:mem_cached
38        1339 847.2578 593.0805 708.8667 0.0000
10        M:mem_free
39        1339 13956.5703 9769.5992 0.0000 0.0000
11        M:mem_total
40        1339 15042.1719 10529.5203 0.0000 0.0000
16        M:io_writtendata
32        1339 0.0977 0.0684 0.0817 0.0000
11        M:io_writes
32        1339 4.0000 2.8000 3.3466 0.0000
6         M:cpu3
32        1339 1.4199 0.9939 1.1880 0.0000
6         M:cpu2
32        1339 1.3789 0.9652 1.1537 0.0000
6         M:cpu1
32        1339 0.9458 0.6621 0.7914 0.0000
6         M:cpu0
32        1339 0.9462 0.6624 0.7917 0.0000
5         M:cpu
32        1339 1.1727 0.8209 0.9812 0.0000
10        M:messages
38        1339 308.0000 215.6000 257.6913 0.0000
8         M:syslog
38        1339 7964.0000 5574.8000 0.0000 0.0000
8         M:ssh_in
32        1339 2.0000 1.4000 1.6733 0.0000
14        M:cfengine_out
32        1339 1.0000 0.7000 0.8367 0.0000
13        M:cfengine_in
32        1339 1.0000 0.7000 0.8367 0.0000
9         M:loadavg
32        1339 0.0500 0.0350 0.0418 0.0000
10        M:diskfree
35        1339 81.0000 56.7000 67.7695 0.0000
12        M:otherprocs
32        1339 3.0000 2.1000 2.5100 0.0000
11        M:rootprocs
35        1339 95.0000 66.5000 79.4827 0.0000
7         M:users
32        1339 4.0000 2.8000 3.3466 0.0000
3         MOY
15        M:entropy_avail
40        155 1939.0000 1357.3000 3058.9028 0.0000
12        M:mem_cached
37        155 555.0254 388.5178 523.3883 0.0000
16        M:io_writtendata
31        155 0.0806 0.0564 0.0841 0.0000
11        M:io_writes
31        155 4.0000 2.8000 4.7329 0.0000
6         M:cpu3
31        155 1.1202 0.7842 1.3215 0.0000
6         M:cpu2
31        155 0.4832 0.3382 0.5639 0.0000
6         M:cpu1
31        155 0.5630 0.3941 0.6135 0.0000
6         M:cpu0
31        155 0.3298 0.2309 0.3055 0.0000
5         M:cpu
31        155 0.6248 0.4373 0.6991 0.0000
10        M:messages
37        155 154.0000 107.8000 182.2153 0.0000
8         M:syslog
39        155 4217.5000 2952.2500 139.0279 0.0000
8         M:ssh_in
31        155 2.0000 1.4000 1.6733 0.0000
14        M:cfengine_out
31        155 0.5000 0.3500 0.5916 0.0000
13        M:cfengine_in
31        155 1.0000 0.7000 0.8367 0.0000
9         M:loadavg
31        155 0.0250 0.0175 0.0296 0.0000
10        M:diskfree
34        155 83.0000 58.1000 69.4629 0.0000
12        M:otherprocs
31        155 3.0000 2.1000 2.5100 0.0000
11        M:rootprocs
34        155 94.0000 65.8000 78.6505 0.0000
7         M:users
31        155 4.0000 2.8000 3.3466 0.0000
# send QUERY complete successful
