# delta from 1679695998 to 1679696059 at 1679696059
22        CFR: 0 1679696058 1825
3         PRD
60        Packing reports: delta,0.026343,0.069396,0.073189,1679695999
3         EXS
16        f,321,1679695961
3         MOM
15        M:entropy_avail
40        1418 1950.0000 1802.6400 491.2000 0.0000
12        M:mem_cached
38        1418 920.5742 837.5765 276.6590 0.0000
10        M:mem_free
40        1418 13855.5625 12609.1377 0.0000 0.0000
11        M:mem_total
40        1418 15042.1719 13688.3764 0.0000 0.0000
16        M:io_writtendata
32        1418 0.1133 0.0854 0.0788 0.0000
11        M:io_writes
32        1418 6.0000 4.6200 3.9563 0.0000
6         M:cpu3
32        1418 1.7598 1.2542 1.4107 0.0000
6         M:cpu2
32        1418 0.9724 0.7044 0.7490 0.0000
6         M:cpu1
32        1418 0.9061 0.6357 0.7542 0.0000
6         M:cpu0
32        1418 1.0667 0.7649 0.8427 0.0000
5         M:cpu
32        1418 1.1745 0.8386 0.9375 0.0000
10        M:messages
38        1418 310.0000 217.0000 259.3646 0.0000
8         M:syslog
40        1418 8438.0000 5955.9500 196.6151 0.0000
8         M:ssh_in
32        1418 2.0000 1.8200 0.6000 0.0000
14        M:cfengine_out
32        1418 1.0000 0.7000 0.8367 0.0000
13        M:cfengine_in
32        1418 1.0000 0.9100 0.3000 0.0000
9         M:loadavg
32        1418 0.0800 0.0560 0.0669 0.0000
10        M:diskfree
35        1418 81.0000 73.7100 24.3000 0.0000
12        M:otherprocs
32        1418 3.0000 2.7300 0.9000 0.0000
11        M:rootprocs
35        1418 95.0000 86.2400 29.2000 0.0000
7         M:users
32        1418 4.0000 3.6400 1.2000 0.0000
3         MOY
15        M:entropy_avail
40        155 1934.0000 1353.8000 3052.5656 0.0000
12        M:mem_cached
37        155 567.7695 397.4387 537.7864 0.0000
16        M:io_writtendata
31        155 0.0586 0.0410 0.0585 0.0000
11        M:io_writes
31        155 2.0000 1.4000 2.3664 0.0000
6         M:cpu3
31        155 0.6365 0.4455 0.7492 0.0000
6         M:cpu2
31        155 0.9225 0.6457 1.0836 0.0000
6         M:cpu1
31        155 0.4430 0.3101 0.4722 0.0000
6         M:cpu0
31        155 0.5662 0.3964 0.5767 0.0000
5         M:cpu
31        155 0.6404 0.4483 0.7176 0.0000
10        M:messages
37        155 154.0000 107.8000 182.2153 0.0000
8         M:syslog
39        155 4248.0000 2973.6000 139.0279 0.0000
8         M:ssh_in
31        155 2.0000 1.4000 1.6733 0.0000
14        M:cfengine_out
31        155 0.5000 0.3500 0.5916 0.0000
13        M:cfengine_in
31        155 1.0000 0.7000 0.8367 0.0000
9         M:loadavg
31        155 0.0500 0.0350 0.0592 0.0000
10        M:diskfree
34        155 83.0000 58.1000 69.4629 0.0000
12        M:otherprocs
31        155 3.0000 2.1000 2.5100 0.0000
11        M:rootprocs
34        155 94.0000 65.8000 78.6505 0.0000
7         M:users
31        155 4.0000 2.8000 3.3466 0.0000
# send QUERY complete successful
