# delta from 1679718198 to 1679718259 at 1679718259
22        CFR: 0 1679718258 1822
3         PRD
60        Packing reports: delta,0.027531,0.075796,0.080250,1679718199
3         EXS
16        f,319,1679718148
3         MOM
15        M:entropy_avail
40        1492 1950.0000 1801.8000 494.0000 0.0000
12        M:mem_cached
38        1492 982.1094 893.5661 295.1441 0.0000
10        M:mem_free
38        1492 9650.8262 9650.8262 0.0000 0.0000
11        M:mem_total
40        1492 10529.5203 10529.5203 0.0000 0.0000
16        M:io_writtendata
32        1492 0.1211 0.0924 0.0818 0.0000
11        M:io_writes
32        1492 6.0000 4.6200 3.9563 0.0000
6         M:cpu3
32        1492 1.1661 0.8205 0.9640 0.0000
6         M:cpu2
32        1492 1.8601 1.3832 1.3417 0.0000
6         M:cpu1
32        1492 0.7126 0.5002 0.5923 0.0000
6         M:cpu0
32        1492 1.3658 0.9574 1.1388 0.0000
5         M:cpu
32        1492 1.2744 0.9144 1.0050 0.0000
10        M:messages
38        1492 308.0000 215.6000 257.6913 0.0000
8         M:syslog
39        1492 1267.7970 936.5979 929.8738 0.0000
8         M:ssh_in
32        1492 2.0000 1.8200 0.6000 0.0000
14        M:cfengine_out
32        1492 1.0000 0.7000 0.8367 0.0000
13        M:cfengine_in
32        1492 1.0000 0.9100 0.3000 0.0000
9         M:loadavg
32        1492 0.0400 0.0280 0.0335 0.0000
10        M:diskfree
35        1492 80.0000 72.8000 24.0000 0.0000
12        M:otherprocs
32        1492 3.0000 2.7300 0.9000 0.0000
11        M:rootprocs
35        1492 95.0000 86.2400 29.2000 0.0000
7         M:users
32        1492 4.0000 3.6400 1.2000 0.0000
3         MOY
15        M:entropy_avail
40        155 1934.0000 1353.8000 3052.5656 0.0000
12        M:mem_cached
37        155 567.7695 397.4387 537.7864 0.0000
16        M:io_writtendata
31        155 0.0586 0.0410 0.0585 0.0000
11        M:io_writes
31        155 2.0000 1.4000 2.3664 0.0000
6         M:cpu3
31        155 0.6365 0.4455 0.7492 0.0000
6         M:cpu2
31        155 0.9225 0.6457 1.0836 0.0000
6         M:cpu1
31        155 0.4430 0.3101 0.4722 0.0000
6         M:cpu0
31        155 0.5662 0.3964 0.5767 0.0000
5         M:cpu
31        155 0.6404 0.4483 0.7176 0.0000
10        M:messages
37        155 154.0000 107.8000 182.2153 0.0000
8         M:syslog
39        155 4248.0000 2973.6000 139.0279 0.0000
8         M:ssh_in
31        155 2.0000 1.4000 1.6733 0.0000
14        M:cfengine_out
31        155 0.5000 0.3500 0.5916 0.0000
13        M:cfengine_in
31        155 1.0000 0.7000 0.8367 0.0000
9         M:loadavg
31        155 0.0500 0.0350 0.0592 0.0000
10        M:diskfree
34        155 83.0000 58.1000 69.4629 0.0000
12        M:otherprocs
31        155 3.0000 2.1000 2.5100 0.0000
11        M:rootprocs
34        155 94.0000 65.8000 78.6505 0.0000
7         M:users
31        155 4.0000 2.8000 3.3466 0.0000
# send QUERY complete successful
