# delta from 1679668998 to 1679669060 at 1679669060
22        CFR: 0 1679669059 1647
3         PRD
60        Packing reports: delta,0.030723,0.135303,0.136889,1679668999
3         EXS
16        f,289,1679668934
3         MOM
15        M:entropy_avail
41        1328 1966.0000 1376.2000 1644.8736 0.0000
12        M:mem_cached
38        1328 839.2969 587.5078 702.2061 0.0000
10        M:mem_free
39        1328 13973.1836 9781.2285 0.0000 0.0000
11        M:mem_total
40        1328 15042.1719 10529.5203 0.0000 0.0000
16        M:io_writtendata
32        1328 0.0977 0.0684 0.0817 0.0000
11        M:io_writes
32        1328 4.0000 2.8000 3.3466 0.0000
6         M:cpu3
32        1328 1.4593 1.0215 1.2210 0.0000
6         M:cpu2
32        1328 1.3060 0.9142 1.0927 0.0000
6         M:cpu1
32        1328 0.9928 0.6950 0.8306 0.0000
6         M:cpu0
32        1328 1.0461 0.7323 0.8752 0.0000
5         M:cpu
32        1328 1.1978 0.8384 1.0021 0.0000
10        M:messages
38        1328 310.0000 217.0000 259.3646 0.0000
8         M:syslog
38        1328 8978.0000 6284.6000 0.0000 0.0000
8         M:ssh_in
32        1328 2.0000 1.4000 1.6733 0.0000
14        M:cfengine_out
32        1328 1.0000 0.7000 0.8367 0.0000
13        M:cfengine_in
32        1328 1.0000 0.7000 0.8367 0.0000
9         M:loadavg
32        1328 0.1500 0.1050 0.1255 0.0000
10        M:diskfree
35        1328 81.0000 56.7000 67.7695 0.0000
12        M:otherprocs
32        1328 3.0000 2.1000 2.5100 0.0000
11        M:rootprocs
35        1328 95.0000 66.5000 79.4827 0.0000
7         M:users
32        1328 4.0000 2.8000 3.3466 0.0000
3         MOY
15        M:entropy_avail
40        155 1943.0000 1360.1000 3063.9750 0.0000
12        M:mem_cached
37        155 550.2754 385.1928 518.0317 0.0000
16        M:io_writtendata
31        155 0.0239 0.0167 0.0202 0.0000
6         M:cpu3
31        155 0.0999 0.0699 0.1143 0.0000
6         M:cpu2
31        155 0.0966 0.0676 0.1067 0.0000
6         M:cpu1
31        155 0.0533 0.0373 0.0557 0.0000
6         M:cpu0
31        155 0.0933 0.0653 0.1028 0.0000
5         M:cpu
31        155 0.0841 0.0589 0.0713 0.0000
8         M:syslog
37        155 235.0000 164.5000 196.6151 0.0000
8         M:ssh_in
31        155 2.0000 1.4000 1.6733 0.0000
13        M:cfengine_in
31        155 1.0000 0.7000 0.8367 0.0000
10        M:diskfree
34        155 83.0000 58.1000 69.4629 0.0000
12        M:otherprocs
31        155 3.0000 2.1000 2.5100 0.0000
11        M:rootprocs
34        155 93.5000 65.4500 78.2288 0.0000
7         M:users
31        155 4.0000 2.8000 3.3466 0.0000
# send QUERY complete successful
