# delta from 1679666658 to 1679666719 at 1679666719
22        CFR: 0 1679666718 1687
3         PRD
60        Packing reports: delta,0.034843,0.121403,0.120661,1679666659
83        Sample(/proc/sys/kernel/random/entropy_avail),0.005625,0.003164,0.002195,1679666682
3         EXS
16        f,319,1679666543
3         MOM
15        M:entropy_avail
40        1320 2146.0000 1924.3000 739.0000 0.0000
12        M:mem_cached
38        1320 833.3672 758.2116 250.5188 0.0000
10        M:mem_free
40        1320 13985.3398 12727.1154 0.0000 0.0000
11        M:mem_total
40        1320 15042.1719 13688.3764 0.0000 0.0000
16        M:io_writtendata
32        1320 0.1445 0.1069 0.1057 0.0000
11        M:io_writes
32        1320 8.0000 6.0200 5.5975 0.0000
6         M:cpu3
32        1320 0.6665 0.5043 0.4598 0.0000
6         M:cpu2
32        1320 1.4125 1.0265 1.0796 0.0000
6         M:cpu1
32        1320 0.6730 0.4725 0.5592 0.0000
6         M:cpu0
32        1320 2.1665 1.5180 1.8087 0.0000
5         M:cpu
32        1320 1.2312 0.8814 0.9764 0.0000
10        M:messages
38        1320 310.0000 217.0000 259.3646 0.0000
8         M:syslog
40        1320 8491.0000 5993.0500 196.6151 0.0000
8         M:ssh_in
32        1320 2.0000 1.8200 0.6000 0.0000
13        M:cfengine_in
32        1320 1.0000 0.9100 0.3000 0.0000
10        M:diskfree
35        1320 81.0000 73.7100 24.3000 0.0000
12        M:otherprocs
32        1320 3.0000 2.7300 0.9000 0.0000
11        M:rootprocs
35        1320 94.0000 85.5400 28.2000 0.0000
7         M:users
32        1320 4.0000 3.6400 1.2000 0.0000
3         MOY
15        M:entropy_avail
40        155 2064.0000 1444.8000 3218.3282 0.0000
12        M:mem_cached
37        155 545.9062 382.1344 513.1096 0.0000
16        M:io_writtendata
31        155 0.0269 0.0188 0.0231 0.0000
11        M:io_writes
31        155 1.0000 0.7000 1.1832 0.0000
6         M:cpu3
31        155 0.0633 0.0443 0.0710 0.0000
6         M:cpu2
31        155 0.0899 0.0629 0.0988 0.0000
6         M:cpu1
31        155 0.0533 0.0373 0.0557 0.0000
6         M:cpu0
31        155 0.1299 0.0909 0.1145 0.0000
5         M:cpu
31        155 0.0833 0.0583 0.0705 0.0000
8         M:syslog
37        155 428.0000 299.6000 392.8143 0.0000
8         M:ssh_in
31        155 2.0000 1.4000 1.6733 0.0000
13        M:cfengine_in
31        155 1.0000 0.7000 0.8367 0.0000
10        M:diskfree
34        155 83.5000 58.4500 69.8724 0.0000
12        M:otherprocs
31        155 3.0000 2.1000 2.5100 0.0000
11        M:rootprocs
34        155 93.5000 65.4500 78.2288 0.0000
7         M:users
31        155 4.0000 2.8000 3.3466 0.0000
# send QUERY complete successful
