# delta from 1679714838 to 1679714899 at 1679714899
22        CFR: 0 1679714898 1860
3         PRD
60        Packing reports: delta,0.024947,0.062234,0.066735,1679714839
83        Sample(/proc/sys/kernel/random/entropy_avail),0.004783,0.002288,0.002260,1679714886
3         EXS
16        f,280,1679714809
3         MOM
15        M:entropy_avail
40        1481 1957.0000 1808.8000 494.0000 0.0000
12        M:mem_cached
38        1481 974.2539 886.4095 292.8148 0.0000
10        M:mem_free
38        1481 9658.1570 9658.1570 0.0000 0.0000
11        M:mem_total
40        1481 10529.5203 10529.5203 0.0000 0.0000
16        M:io_writtendata
32        1481 0.1270 0.0971 0.0852 0.0000
11        M:io_writes
32        1481 6.0000 4.6200 3.9563 0.0000
6         M:cpu3
32        1481 1.4595 1.0440 1.1597 0.0000
6         M:cpu2
32        1481 1.7726 1.2982 1.3290 0.0000
6         M:cpu1
32        1481 1.1392 0.8016 0.9414 0.0000
6         M:cpu0
32        1481 0.3199 0.2239 0.2676 0.0000
5         M:cpu
32        1481 1.1744 0.8427 0.9262 0.0000
10        M:messages
38        1481 308.0000 215.6000 257.6913 0.0000
8         M:syslog
40        1481 1473.2846 1142.8092 953.2334 0.0000
8         M:ssh_in
32        1481 2.0000 1.8200 0.6000 0.0000
13        M:cfengine_in
32        1481 1.0000 0.9100 0.3000 0.0000
9         M:loadavg
32        1481 0.0600 0.0462 0.0396 0.0000
10        M:diskfree
35        1481 80.0000 72.8000 24.0000 0.0000
12        M:otherprocs
32        1481 3.0000 2.7300 0.9000 0.0000
11        M:rootprocs
35        1481 94.0000 85.5400 28.2000 0.0000
7         M:users
32        1481 4.0000 3.6400 1.2000 0.0000
3         MOY
15        M:entropy_avail
40        155 1934.0000 1353.8000 3052.5656 0.0000
12        M:mem_cached
37        155 567.7695 397.4387 537.7864 0.0000
16        M:io_writtendata
31        155 0.0586 0.0410 0.0585 0.0000
11        M:io_writes
31        155 2.0000 1.4000 2.3664 0.0000
6         M:cpu3
31        155 0.6365 0.4455 0.7492 0.0000
6         M:cpu2
31        155 0.9225 0.6457 1.0836 0.0000
6         M:cpu1
31        155 0.4430 0.3101 0.4722 0.0000
6         M:cpu0
31        155 0.5662 0.3964 0.5767 0.0000
5         M:cpu
31        155 0.6404 0.4483 0.7176 0.0000
10        M:messages
37        155 154.0000 107.8000 182.2153 0.0000
8         M:syslog
39        155 4248.0000 2973.6000 139.0279 0.0000
8         M:ssh_in
31        155 2.0000 1.4000 1.6733 0.0000
14        M:cfengine_out
31        155 0.5000 0.3500 0.5916 0.0000
13        M:cfengine_in
31        155 1.0000 0.7000 0.8367 0.0000
9         M:loadavg
31        155 0.0500 0.0350 0.0592 0.0000
10        M:diskfree
34        155 83.0000 58.1000 69.4629 0.0000
12        M:otherprocs
31        155 3.0000 2.1000 2.5100 0.0000
11        M:rootprocs
34        155 94.0000 65.8000 78.6505 0.0000
7         M:users
31        155 4.0000 2.8000 3.3466 0.0000
# send QUERY complete successful
