# delta from 1679691138 to 1679691199 at 1679691199
22        CFR: 0 1679691198 1909
3         PRD
60        Packing reports: delta,0.036739,0.134976,0.138146,1679691139
83        Sample(/proc/sys/kernel/random/entropy_avail),0.004823,0.002326,0.002326,1679691159
3         EXS
16        f,289,1679691121
3         MOM
15        M:entropy_avail
40        1402 1961.0000 1811.8100 497.3000 0.0000
12        M:mem_cached
38        1402 908.9805 827.0090 273.2383 0.0000
10        M:mem_free
40        1402 13870.9453 12622.9671 0.0000 0.0000
11        M:mem_total
40        1402 15042.1719 13688.3764 0.0000 0.0000
16        M:io_writtendata
32        1402 0.1904 0.1419 0.1366 0.0000
11        M:io_writes
33        1402 10.0000 7.4200 7.2534 0.0000
6         M:cpu3
32        1402 1.1936 0.8621 0.9263 0.0000
6         M:cpu2
32        1402 2.0785 1.4969 1.6246 0.0000
6         M:cpu1
32        1402 0.8134 0.5694 0.6806 0.0000
6         M:cpu0
32        1402 0.8665 0.6275 0.6680 0.0000
5         M:cpu
32        1402 1.2398 0.8895 0.9780 0.0000
10        M:messages
38        1402 310.0000 217.0000 259.3646 0.0000
8         M:syslog
40        1402 8599.0000 6087.3400 271.0778 0.0000
8         M:ssh_in
32        1402 3.0000 2.9400 0.2000 0.0000
14        M:cfengine_out
32        1402 1.0000 0.7000 0.8367 0.0000
13        M:cfengine_in
32        1402 1.0000 0.9100 0.3000 0.0000
9         M:loadavg
32        1402 0.0800 0.0560 0.0669 0.0000
10        M:diskfree
35        1402 81.0000 73.7100 24.3000 0.0000
12        M:otherprocs
32        1402 3.0000 2.7300 0.9000 0.0000
11        M:rootprocs
35        1402 95.0000 86.2400 29.2000 0.0000
7         M:users
32        1402 4.0000 3.6400 1.2000 0.0000
3         MOY
15        M:entropy_avail
40        155 1934.0000 1353.8000 3052.5656 0.0000
12        M:mem_cached
37        155 567.7695 397.4387 537.7864 0.0000
16        M:io_writtendata
31        155 0.0586 0.0410 0.0585 0.0000
11        M:io_writes
31        155 2.0000 1.4000 2.3664 0.0000
6         M:cpu3
31        155 0.6365 0.4455 0.7492 0.0000
6         M:cpu2
31        155 0.9225 0.6457 1.0836 0.0000
6         M:cpu1
31        155 0.4430 0.3101 0.4722 0.0000
6         M:cpu0
31        155 0.5662 0.3964 0.5767 0.0000
5         M:cpu
31        155 0.6404 0.4483 0.7176 0.0000
10        M:messages
37        155 154.0000 107.8000 182.2153 0.0000
8         M:syslog
39        155 4248.0000 2973.6000 139.0279 0.0000
8         M:ssh_in
31        155 2.0000 1.4000 1.6733 0.0000
14        M:cfengine_out
31        155 0.5000 0.3500 0.5916 0.0000
13        M:cfengine_in
31        155 1.0000 0.7000 0.8367 0.0000
9         M:loadavg
31        155 0.0500 0.0350 0.0592 0.0000
10        M:diskfree
34        155 83.0000 58.1000 69.4629 0.0000
12        M:otherprocs
31        155 3.0000 2.1000 2.5100 0.0000
11        M:rootprocs
34        155 94.0000 65.8000 78.6505 0.0000
7         M:users
31        155 4.0000 2.8000 3.3466 0.0000
# send QUERY complete successful
