# delta from 1679668758 to 1679668819 at 1679668819
22        CFR: 0 1679668818 1682
3         PRD
60        Packing reports: delta,0.030518,0.133543,0.135370,1679668759
83        Sample(/proc/sys/kernel/random/entropy_avail),0.005126,0.002628,0.002224,1679668785
3         EXS
16        f,322,1679668658
3         MOM
15        M:entropy_avail
40        1327 2102.0000 1880.4800 738.4000 0.0000
12        M:mem_cached
38        1327 838.5078 762.8920 252.0527 0.0000
10        M:mem_free
38        1327 9783.2629 9783.2629 0.0000 0.0000
11        M:mem_total
40        1327 10529.5203 10529.5203 0.0000 0.0000
16        M:io_writtendata
32        1327 0.1367 0.1019 0.0982 0.0000
11        M:io_writes
32        1327 6.0000 4.6200 3.9563 0.0000
6         M:cpu3
32        1327 1.6530 1.1977 1.2729 0.0000
6         M:cpu2
32        1327 1.5130 1.0997 1.1562 0.0000
6         M:cpu1
32        1327 0.6728 0.4724 0.5590 0.0000
6         M:cpu0
32        1327 1.0862 0.7617 0.9049 0.0000
5         M:cpu
32        1327 1.2328 0.8840 0.9740 0.0000
10        M:messages
38        1327 310.0000 217.0000 259.3646 0.0000
8         M:syslog
38        1327 703.1158 541.5310 463.3272 0.0000
8         M:ssh_in
32        1327 2.0000 1.8200 0.6000 0.0000
13        M:cfengine_in
32        1327 1.0000 0.9100 0.3000 0.0000
9         M:loadavg
32        1327 0.0200 0.0140 0.0167 0.0000
10        M:diskfree
35        1327 81.0000 73.7100 24.3000 0.0000
12        M:otherprocs
32        1327 3.0000 2.7300 0.9000 0.0000
11        M:rootprocs
35        1327 94.0000 85.5400 28.2000 0.0000
7         M:users
32        1327 4.0000 3.6400 1.2000 0.0000
3         MOY
15        M:entropy_avail
40        155 1943.0000 1360.1000 3063.9750 0.0000
12        M:mem_cached
37        155 550.2754 385.1928 518.0317 0.0000
16        M:io_writtendata
31        155 0.0239 0.0167 0.0202 0.0000
6         M:cpu3
31        155 0.0999 0.0699 0.1143 0.0000
6         M:cpu2
31        155 0.0966 0.0676 0.1067 0.0000
6         M:cpu1
31        155 0.0533 0.0373 0.0557 0.0000
6         M:cpu0
31        155 0.0933 0.0653 0.1028 0.0000
5         M:cpu
31        155 0.0841 0.0589 0.0713 0.0000
8         M:syslog
37        155 235.0000 164.5000 196.6151 0.0000
8         M:ssh_in
31        155 2.0000 1.4000 1.6733 0.0000
13        M:cfengine_in
31        155 1.0000 0.7000 0.8367 0.0000
10        M:diskfree
34        155 83.0000 58.1000 69.4629 0.0000
12        M:otherprocs
31        155 3.0000 2.1000 2.5100 0.0000
11        M:rootprocs
34        155 93.5000 65.4500 78.2288 0.0000
7         M:users
31        155 4.0000 2.8000 3.3466 0.0000
# send QUERY complete successful
