# delta from 1679670258 to 1679670319 at 1679670319
22        CFR: 0 1679670318 1686
3         PRD
60        Packing reports: delta,0.037652,0.141771,0.143850,1679670259
83        Sample(/proc/sys/kernel/random/entropy_avail),0.004750,0.002256,0.002232,1679670286
3         EXS
16        f,321,1679670159
3         MOM
15        M:entropy_avail
40        1332 2095.0000 1874.1100 736.3000 0.0000
12        M:mem_cached
38        1332 842.1875 766.2372 253.1676 0.0000
10        M:mem_free
40        1332 13968.1406 12711.0859 0.0000 0.0000
11        M:mem_total
40        1332 15042.1719 13688.3764 0.0000 0.0000
16        M:io_writtendata
32        1332 0.1113 0.0843 0.0767 0.0000
11        M:io_writes
32        1332 6.0000 4.6200 3.9563 0.0000
6         M:cpu3
32        1332 1.5066 1.0938 1.1544 0.0000
6         M:cpu2
32        1332 1.6118 1.1716 1.2313 0.0000
6         M:cpu1
32        1332 0.4595 0.3245 0.3767 0.0000
6         M:cpu0
32        1332 1.3726 0.9622 1.1445 0.0000
5         M:cpu
32        1332 1.2375 0.8880 0.9761 0.0000
10        M:messages
38        1332 306.0000 214.2000 256.0180 0.0000
8         M:syslog
40        1332 8249.0000 5841.9200 269.4045 0.0000
8         M:ssh_in
32        1332 2.0000 2.0300 0.1000 0.0000
13        M:cfengine_in
32        1332 1.0000 0.9100 0.3000 0.0000
9         M:loadavg
32        1332 0.0200 0.0140 0.0167 0.0000
10        M:diskfree
35        1332 81.0000 73.7100 24.3000 0.0000
12        M:otherprocs
32        1332 3.0000 2.7300 0.9000 0.0000
11        M:rootprocs
35        1332 94.0000 85.5400 28.2000 0.0000
7         M:users
32        1332 4.0000 3.6400 1.2000 0.0000
3         MOY
15        M:entropy_avail
40        155 1943.0000 1360.1000 3063.9750 0.0000
12        M:mem_cached
37        155 550.2754 385.1928 518.0317 0.0000
16        M:io_writtendata
31        155 0.0239 0.0167 0.0202 0.0000
6         M:cpu3
31        155 0.0999 0.0699 0.1143 0.0000
6         M:cpu2
31        155 0.0966 0.0676 0.1067 0.0000
6         M:cpu1
31        155 0.0533 0.0373 0.0557 0.0000
6         M:cpu0
31        155 0.0933 0.0653 0.1028 0.0000
5         M:cpu
31        155 0.0841 0.0589 0.0713 0.0000
8         M:syslog
37        155 235.0000 164.5000 196.6151 0.0000
8         M:ssh_in
31        155 2.0000 1.4000 1.6733 0.0000
13        M:cfengine_in
31        155 1.0000 0.7000 0.8367 0.0000
10        M:diskfree
34        155 83.0000 58.1000 69.4629 0.0000
12        M:otherprocs
31        155 3.0000 2.1000 2.5100 0.0000
11        M:rootprocs
34        155 93.5000 65.4500 78.2288 0.0000
7         M:users
31        155 4.0000 2.8000 3.3466 0.0000
# send QUERY complete successful
