# delta from 1679669658 to 1679669719 at 1679669719
22        CFR: 0 1679669718 1645
3         PRD
60        Packing reports: delta,0.037122,0.137801,0.137172,1679669659
83        Sample(/proc/sys/kernel/random/entropy_avail),0.004955,0.002455,0.002443,1679669686
3         EXS
16        f,319,1679669547
3         MOM
15        M:entropy_avail
40        1330 2098.0000 1876.0000 740.0000 0.0000
12        M:mem_cached
38        1330 840.7148 764.8946 252.7340 0.0000
10        M:mem_free
40        1330 13969.9062 12713.1339 0.0000 0.0000
11        M:mem_total
40        1330 15042.1719 13688.3764 0.0000 0.0000
16        M:io_writtendata
32        1330 0.1426 0.1060 0.1030 0.0000
11        M:io_writes
32        1330 6.0000 4.6200 3.9563 0.0000
6         M:cpu3
32        1330 1.3337 0.9741 1.0066 0.0000
6         M:cpu2
32        1330 1.4730 1.0745 1.1155 0.0000
6         M:cpu1
32        1330 1.1724 0.8207 0.9809 0.0000
6         M:cpu0
32        1330 1.0125 0.7087 0.8471 0.0000
5         M:cpu
32        1330 1.2462 0.8933 0.9852 0.0000
10        M:messages
38        1330 310.0000 217.0000 259.3646 0.0000
8         M:syslog
40        1330 8919.0000 6292.6500 196.6151 0.0000
8         M:ssh_in
32        1330 2.0000 1.8200 0.6000 0.0000
13        M:cfengine_in
32        1330 1.0000 0.9100 0.3000 0.0000
10        M:diskfree
35        1330 81.0000 73.7100 24.3000 0.0000
12        M:otherprocs
32        1330 3.0000 2.7300 0.9000 0.0000
11        M:rootprocs
35        1330 94.0000 85.5400 28.2000 0.0000
7         M:users
32        1330 4.0000 3.6400 1.2000 0.0000
3         MOY
15        M:entropy_avail
40        155 1943.0000 1360.1000 3063.9750 0.0000
12        M:mem_cached
37        155 550.2754 385.1928 518.0317 0.0000
16        M:io_writtendata
31        155 0.0239 0.0167 0.0202 0.0000
6         M:cpu3
31        155 0.0999 0.0699 0.1143 0.0000
6         M:cpu2
31        155 0.0966 0.0676 0.1067 0.0000
6         M:cpu1
31        155 0.0533 0.0373 0.0557 0.0000
6         M:cpu0
31        155 0.0933 0.0653 0.1028 0.0000
5         M:cpu
31        155 0.0841 0.0589 0.0713 0.0000
8         M:syslog
37        155 235.0000 164.5000 196.6151 0.0000
8         M:ssh_in
31        155 2.0000 1.4000 1.6733 0.0000
13        M:cfengine_in
31        155 1.0000 0.7000 0.8367 0.0000
10        M:diskfree
34        155 83.0000 58.1000 69.4629 0.0000
12        M:otherprocs
31        155 3.0000 2.1000 2.5100 0.0000
11        M:rootprocs
34        155 93.5000 65.4500 78.2288 0.0000
7         M:users
31        155 4.0000 2.8000 3.3466 0.0000
# send QUERY complete successful
