# delta from 1679663958 to 1679664019 at 1679664019
22        CFR: 0 1679664018 1769
3         PRD
60        Packing reports: delta,0.034568,0.119496,0.120607,1679663959
83        Sample(/proc/sys/kernel/random/entropy_avail),0.004906,0.002407,0.002656,1679663979
3         EXS
16        f,289,1679663817
3         MOM
15        M:entropy_avail
40        1311 2303.0000 2074.1000 763.0000 0.0000
12        M:mem_cached
38        1311 826.7891 752.3756 248.0449 0.0000
10        M:mem_free
38        1311 9797.5828 9797.5828 0.0000 0.0000
11        M:mem_total
40        1311 10529.5203 10529.5203 0.0000 0.0000
16        M:io_writtendata
32        1311 0.0586 0.0656 0.0234 0.0000
11        M:io_writes
32        1311 2.0000 2.6600 2.2000 0.0000
6         M:cpu3
32        1311 0.2598 0.4872 0.7579 0.0000
6         M:cpu2
32        1311 0.2531 0.3618 0.3624 0.0000
6         M:cpu1
32        1311 0.0067 0.2663 0.9219 0.0000
6         M:cpu0
32        1311 0.0000 0.2560 0.9067 0.0000
5         M:cpu
32        1311 0.1299 0.3428 0.8092 0.0000
10        M:messages
35        1311 0.0000 65.1000 230.5283 0.0000
8         M:syslog
40        1311 5011.4293 5212.5705 560.9560 0.0000
8         M:ssh_in
32        1311 2.0000 1.8200 0.6000 0.0000
14        M:cfengine_out
32        1311 0.0000 0.2100 0.7436 0.0000
13        M:cfengine_in
32        1311 1.0000 0.9100 0.3000 0.0000
9         M:loadavg
32        1311 0.0000 0.0126 0.0446 0.0000
10        M:diskfree
35        1311 82.0000 74.6200 24.6000 0.0000
12        M:otherprocs
32        1311 3.0000 2.7300 0.9000 0.0000
11        M:rootprocs
35        1311 94.0000 85.7500 27.5000 0.0000
7         M:users
32        1311 4.0000 3.6400 1.2000 0.0000
3         MOY
15        M:entropy_avail
40        155 2064.0000 1444.8000 3218.3282 0.0000
12        M:mem_cached
37        155 545.9062 382.1344 513.1096 0.0000
16        M:io_writtendata
31        155 0.0269 0.0188 0.0231 0.0000
11        M:io_writes
31        155 1.0000 0.7000 1.1832 0.0000
6         M:cpu3
31        155 0.0633 0.0443 0.0710 0.0000
6         M:cpu2
31        155 0.0899 0.0629 0.0988 0.0000
6         M:cpu1
31        155 0.0533 0.0373 0.0557 0.0000
6         M:cpu0
31        155 0.1299 0.0909 0.1145 0.0000
5         M:cpu
31        155 0.0833 0.0583 0.0705 0.0000
8         M:syslog
37        155 428.0000 299.6000 392.8143 0.0000
8         M:ssh_in
31        155 2.0000 1.4000 1.6733 0.0000
13        M:cfengine_in
31        155 1.0000 0.7000 0.8367 0.0000
10        M:diskfree
34        155 83.5000 58.4500 69.8724 0.0000
12        M:otherprocs
31        155 3.0000 2.1000 2.5100 0.0000
11        M:rootprocs
34        155 93.5000 65.4500 78.2288 0.0000
7         M:users
31        155 4.0000 2.8000 3.3466 0.0000
# send QUERY complete successful
