# delta from 1679748498 to 1679748559 at 1679748559
22        CFR: 0 1679748558 1859
3         PRD
60        Packing reports: delta,0.034515,0.119126,0.123400,1679748499
83        Sample(/proc/sys/kernel/random/entropy_avail),0.005071,0.002571,0.002434,1679748524
3         EXS
16        f,322,1679748456
3         MOM
15        M:entropy_avail
40        1593 1938.0000 1792.3500 485.5000 0.0000
12        M:mem_cached
39        1593 1071.6992 975.0855 322.0457 0.0000
10        M:mem_free
38        1593 9580.2602 9580.2602 0.0000 0.0000
11        M:mem_total
40        1593 10529.5203 10529.5203 0.0000 0.0000
16        M:io_writtendata
32        1593 0.1387 0.1028 0.1008 0.0000
11        M:io_writes
32        1593 8.0000 6.0200 5.5975 0.0000
6         M:cpu3
32        1593 0.9531 0.6672 0.7975 0.0000
6         M:cpu2
32        1593 1.6070 1.1976 1.1526 0.0000
6         M:cpu1
32        1593 0.3332 0.2389 0.2635 0.0000
6         M:cpu0
32        1593 1.8316 1.2849 1.5247 0.0000
5         M:cpu
32        1593 1.1813 0.8472 0.9328 0.0000
10        M:messages
38        1593 310.0000 217.0000 259.3646 0.0000
8         M:syslog
38        1593 983.9336 738.1035 693.9937 0.0000
8         M:ssh_in
32        1593 2.0000 1.8200 0.6000 0.0000
13        M:cfengine_in
32        1593 1.0000 0.9100 0.3000 0.0000
9         M:loadavg
32        1593 0.0200 0.0140 0.0167 0.0000
10        M:diskfree
35        1593 79.0000 71.8900 23.7000 0.0000
12        M:otherprocs
32        1593 3.0000 2.7300 0.9000 0.0000
11        M:rootprocs
35        1593 94.0000 85.5400 28.2000 0.0000
7         M:users
32        1593 4.0000 3.6400 1.2000 0.0000
3         MOY
15        M:entropy_avail
40        155 1934.0000 1353.8000 3052.5656 0.0000
12        M:mem_cached
37        155 567.7695 397.4387 537.7864 0.0000
16        M:io_writtendata
31        155 0.0586 0.0410 0.0585 0.0000
11        M:io_writes
31        155 2.0000 1.4000 2.3664 0.0000
6         M:cpu3
31        155 0.6365 0.4455 0.7492 0.0000
6         M:cpu2
31        155 0.9225 0.6457 1.0836 0.0000
6         M:cpu1
31        155 0.4430 0.3101 0.4722 0.0000
6         M:cpu0
31        155 0.5662 0.3964 0.5767 0.0000
5         M:cpu
31        155 0.6404 0.4483 0.7176 0.0000
10        M:messages
37        155 154.0000 107.8000 182.2153 0.0000
8         M:syslog
39        155 4248.0000 2973.6000 139.0279 0.0000
8         M:ssh_in
31        155 2.0000 1.4000 1.6733 0.0000
14        M:cfengine_out
31        155 0.5000 0.3500 0.5916 0.0000
13        M:cfengine_in
31        155 1.0000 0.7000 0.8367 0.0000
9         M:loadavg
31        155 0.0500 0.0350 0.0592 0.0000
10        M:diskfree
34        155 83.0000 58.1000 69.4629 0.0000
12        M:otherprocs
31        155 3.0000 2.1000 2.5100 0.0000
11        M:rootprocs
34        155 94.0000 65.8000 78.6505 0.0000
7         M:users
31        155 4.0000 2.8000 3.3466 0.0000
# send QUERY complete successful
