# delta from 1679693298 to 1679693359 at 1679693359
22        CFR: 0 1679693358 1825
3         PRD
60        Packing reports: delta,0.024694,0.060977,0.062023,1679693299
3         EXS
16        f,290,1679693235
3         MOM
15        M:entropy_avail
40        1409 1948.0000 1801.2400 489.2000 0.0000
12        M:mem_cached
38        1409 914.1602 831.7332 274.7566 0.0000
10        M:mem_free
40        1409 13864.3594 12616.7475 0.0000 0.0000
11        M:mem_total
40        1409 15042.1719 13688.3764 0.0000 0.0000
16        M:io_writtendata
32        1409 0.1055 0.0839 0.0641 0.0000
11        M:io_writes
32        1409 6.0000 4.6200 3.9563 0.0000
6         M:cpu3
32        1409 0.9801 0.7294 0.7054 0.0000
6         M:cpu2
32        1409 0.9927 0.7172 0.7697 0.0000
6         M:cpu1
32        1409 1.0189 0.7146 0.8486 0.0000
6         M:cpu0
32        1409 1.7253 1.2119 1.4318 0.0000
5         M:cpu
32        1409 1.1793 0.8433 0.9377 0.0000
10        M:messages
38        1409 310.0000 217.0000 259.3646 0.0000
8         M:syslog
40        1409 7865.0000 5554.8500 196.6151 0.0000
8         M:ssh_in
32        1409 3.0000 2.7300 0.9000 0.0000
14        M:cfengine_out
32        1409 1.0000 0.7000 0.8367 0.0000
13        M:cfengine_in
32        1409 1.0000 0.9100 0.3000 0.0000
9         M:loadavg
32        1409 0.0500 0.0350 0.0418 0.0000
10        M:diskfree
35        1409 81.0000 73.7100 24.3000 0.0000
12        M:otherprocs
32        1409 3.0000 2.9400 0.2000 0.0000
11        M:rootprocs
35        1409 95.0000 86.4500 28.5000 0.0000
7         M:users
32        1409 4.0000 3.8500 0.5000 0.0000
3         MOY
15        M:entropy_avail
40        155 1934.0000 1353.8000 3052.5656 0.0000
12        M:mem_cached
37        155 567.7695 397.4387 537.7864 0.0000
16        M:io_writtendata
31        155 0.0586 0.0410 0.0585 0.0000
11        M:io_writes
31        155 2.0000 1.4000 2.3664 0.0000
6         M:cpu3
31        155 0.6365 0.4455 0.7492 0.0000
6         M:cpu2
31        155 0.9225 0.6457 1.0836 0.0000
6         M:cpu1
31        155 0.4430 0.3101 0.4722 0.0000
6         M:cpu0
31        155 0.5662 0.3964 0.5767 0.0000
5         M:cpu
31        155 0.6404 0.4483 0.7176 0.0000
10        M:messages
37        155 154.0000 107.8000 182.2153 0.0000
8         M:syslog
39        155 4248.0000 2973.6000 139.0279 0.0000
8         M:ssh_in
31        155 2.0000 1.4000 1.6733 0.0000
14        M:cfengine_out
31        155 0.5000 0.3500 0.5916 0.0000
13        M:cfengine_in
31        155 1.0000 0.7000 0.8367 0.0000
9         M:loadavg
31        155 0.0500 0.0350 0.0592 0.0000
10        M:diskfree
34        155 83.0000 58.1000 69.4629 0.0000
12        M:otherprocs
31        155 3.0000 2.1000 2.5100 0.0000
11        M:rootprocs
34        155 94.0000 65.8000 78.6505 0.0000
7         M:users
31        155 4.0000 2.8000 3.3466 0.0000
# send QUERY complete successful
