# delta from 1679672058 to 1679672119 at 1679672119
22        CFR: 0 1679672118 1901
3         PRD
60        Packing reports: delta,0.023984,0.057522,0.056854,1679672059
83        Sample(/proc/sys/kernel/random/entropy_avail),0.004912,0.002413,0.002599,1679672088
3         EXS
16        f,289,1679671937
3         MOM
15        M:entropy_avail
40        1338 2101.0000 1884.6100 721.3000 0.0000
12        M:mem_cached
38        1338 846.5625 770.3620 254.0016 0.0000
10        M:mem_free
40        1338 13958.2656 12701.8544 0.0000 0.0000
11        M:mem_total
40        1338 15042.1719 13688.3764 0.0000 0.0000
16        M:io_writtendata
32        1338 0.0537 0.0626 0.0297 0.0000
11        M:io_writes
32        1338 2.0000 2.6600 2.2000 0.0000
6         M:cpu3
32        1338 0.2465 0.6429 1.3217 0.0000
6         M:cpu2
32        1338 0.1465 0.2649 0.3945 0.0000
6         M:cpu1
32        1338 0.0067 0.3265 1.1352 0.0000
6         M:cpu0
32        1338 0.0067 0.0887 0.2931 0.0000
5         M:cpu
32        1338 0.0982 0.3291 0.8586 0.0000
10        M:messages
35        1338 0.0000 64.6800 229.0410 0.0000
8         M:syslog
36        1338 89.0000 1742.9300 0.0000 0.0000
8         M:ssh_in
32        1338 3.0000 2.5200 1.6223 0.0000
14        M:cfengine_out
32        1338 0.0000 0.2100 0.7436 0.0000
13        M:cfengine_in
32        1338 2.0000 1.6100 1.1803 0.0000
9         M:loadavg
32        1338 0.0000 0.0168 0.0595 0.0000
10        M:diskfree
35        1338 81.0000 73.7100 24.3000 0.0000
12        M:otherprocs
32        1338 3.0000 2.7300 0.9000 0.0000
11        M:rootprocs
35        1338 94.0000 85.7500 27.5000 0.0000
7         M:users
32        1338 4.0000 3.6400 1.2000 0.0000
3         MOY
15        M:entropy_avail
40        155 1939.0000 1357.3000 3058.9028 0.0000
12        M:mem_cached
37        155 555.0254 388.5178 523.3883 0.0000
16        M:io_writtendata
31        155 0.0806 0.0564 0.0841 0.0000
11        M:io_writes
31        155 4.0000 2.8000 4.7329 0.0000
6         M:cpu3
31        155 1.1202 0.7842 1.3215 0.0000
6         M:cpu2
31        155 0.4832 0.3382 0.5639 0.0000
6         M:cpu1
31        155 0.5630 0.3941 0.6135 0.0000
6         M:cpu0
31        155 0.3298 0.2309 0.3055 0.0000
5         M:cpu
31        155 0.6248 0.4373 0.6991 0.0000
10        M:messages
37        155 154.0000 107.8000 182.2153 0.0000
8         M:syslog
39        155 4217.5000 2952.2500 139.0279 0.0000
8         M:ssh_in
31        155 2.0000 1.4000 1.6733 0.0000
14        M:cfengine_out
31        155 0.5000 0.3500 0.5916 0.0000
13        M:cfengine_in
31        155 1.0000 0.7000 0.8367 0.0000
9         M:loadavg
31        155 0.0250 0.0175 0.0296 0.0000
10        M:diskfree
34        155 83.0000 58.1000 69.4629 0.0000
12        M:otherprocs
31        155 3.0000 2.1000 2.5100 0.0000
11        M:rootprocs
34        155 94.0000 65.8000 78.6505 0.0000
7         M:users
31        155 4.0000 2.8000 3.3466 0.0000
# send QUERY complete successful
