# delta from 1679661499 to 1679661559 at 1679661559
22        CFR: 0 1679661558 1823
3         PRD
60        Packing reports: delta,0.036285,0.131660,0.134732,1679661500
3         EXS
16        f,255,1679661426
3         MOM
15        M:entropy_avail
41        1303 2445.0000 1711.5000 2045.6338 0.0000
12        M:mem_cached
38        1303 821.3828 574.9680 687.2182 0.0000
10        M:mem_free
39        1303 13985.2266 9789.6586 0.0000 0.0000
11        M:mem_total
40        1303 15042.1719 10529.5203 0.0000 0.0000
16        M:io_writtendata
32        1303 0.0879 0.0615 0.0735 0.0000
11        M:io_writes
32        1303 4.0000 2.8000 3.3466 0.0000
6         M:cpu3
32        1303 1.2862 0.9004 1.0761 0.0000
6         M:cpu2
32        1303 2.2249 1.5574 1.8615 0.0000
6         M:cpu1
32        1303 0.4396 0.3078 0.3678 0.0000
6         M:cpu0
32        1303 0.2266 0.1586 0.1896 0.0000
5         M:cpu
32        1303 1.0427 0.7299 0.8724 0.0000
10        M:messages
38        1303 168.0000 117.6000 140.5589 0.0000
8         M:syslog
38        1303 8180.0000 5726.0000 0.0000 0.0000
8         M:ssh_in
32        1303 7.0000 4.9000 5.8566 0.0000
14        M:cfengine_out
32        1303 1.0000 0.7000 0.8367 0.0000
13        M:cfengine_in
32        1303 1.0000 0.7000 0.8367 0.0000
9         M:loadavg
32        1303 0.0800 0.0560 0.0669 0.0000
10        M:diskfree
35        1303 82.0000 57.4000 68.6061 0.0000
12        M:otherprocs
32        1303 3.0000 2.1000 2.5100 0.0000
11        M:rootprocs
35        1303 98.0000 68.6000 81.9927 0.0000
7         M:users
32        1303 4.0000 2.8000 3.3466 0.0000
3         MOY
15        M:entropy_avail
40        155 2267.5000 1587.2500 3481.4590 0.0000
12        M:mem_cached
37        155 542.2402 379.5682 508.9834 0.0000
16        M:io_writtendata
31        155 0.0767 0.0537 0.0795 0.0000
11        M:io_writes
31        155 3.0000 2.1000 3.5496 0.0000
6         M:cpu3
31        155 0.7130 0.4991 0.8398 0.0000
6         M:cpu2
31        155 0.9601 0.6720 1.1281 0.0000
6         M:cpu1
31        155 0.9157 0.6410 1.0298 0.0000
6         M:cpu0
31        155 1.0603 0.7422 1.1567 0.0000
5         M:cpu
31        155 0.9114 0.6380 1.0379 0.0000
10        M:messages
37        155 217.5000 152.2500 257.3495 0.0000
8         M:syslog
39        155 6509.5000 4556.6500 139.0279 0.0000
8         M:ssh_in
31        155 2.0000 1.4000 1.6733 0.0000
14        M:cfengine_out
31        155 0.5000 0.3500 0.5916 0.0000
13        M:cfengine_in
31        155 1.0000 0.7000 0.8367 0.0000
9         M:loadavg
31        155 0.0750 0.0525 0.0887 0.0000
10        M:diskfree
34        155 83.5000 58.4500 69.8724 0.0000
12        M:otherprocs
31        155 3.0000 2.1000 2.5100 0.0000
11        M:rootprocs
34        155 94.0000 65.8000 78.6505 0.0000
7         M:users
31        155 4.0000 2.8000 3.3466 0.0000
# send QUERY complete successful
