# delta from 1679696538 to 1679696599 at 1679696599
22        CFR: 0 1679696598 1904
3         PRD
60        Packing reports: delta,0.026557,0.070529,0.073682,1679696539
83        Sample(/proc/sys/kernel/random/entropy_avail),0.004959,0.002459,0.002620,1679696565
3         EXS
16        f,280,1679696514
3         MOM
15        M:entropy_avail
40        1420 1950.0000 1803.2700 489.1000 0.0000
12        M:mem_cached
38        1420 922.0234 838.8863 277.1238 0.0000
10        M:mem_free
38        1420 9699.4051 9699.4051 0.0000 0.0000
11        M:mem_total
40        1420 10529.5203 10529.5203 0.0000 0.0000
16        M:io_writtendata
32        1420 0.0996 0.0779 0.0631 0.0000
11        M:io_writes
32        1420 6.0000 4.6200 3.9563 0.0000
6         M:cpu3
32        1420 1.2129 0.8686 0.9611 0.0000
6         M:cpu2
32        1420 0.8594 0.6239 0.6584 0.0000
6         M:cpu1
32        1420 2.1448 1.5070 1.7789 0.0000
6         M:cpu0
32        1420 0.4796 0.3539 0.3528 0.0000
5         M:cpu
32        1420 1.1725 0.8375 0.9349 0.0000
10        M:messages
38        1420 310.0000 217.0000 259.3646 0.0000
8         M:syslog
38        1420 804.8367 612.7357 546.4605 0.0000
8         M:ssh_in
32        1420 2.0000 1.8200 0.6000 0.0000
14        M:cfengine_out
32        1420 1.0000 0.7000 0.8367 0.0000
13        M:cfengine_in
32        1420 1.0000 0.9100 0.3000 0.0000
9         M:loadavg
32        1420 0.0400 0.0301 0.0280 0.0000
10        M:diskfree
35        1420 81.0000 73.7100 24.3000 0.0000
12        M:otherprocs
32        1420 3.0000 2.7300 0.9000 0.0000
11        M:rootprocs
35        1420 95.0000 86.2400 29.2000 0.0000
7         M:users
32        1420 4.0000 3.6400 1.2000 0.0000
3         MOY
15        M:entropy_avail
40        155 1934.0000 1353.8000 3052.5656 0.0000
12        M:mem_cached
37        155 567.7695 397.4387 537.7864 0.0000
16        M:io_writtendata
31        155 0.0586 0.0410 0.0585 0.0000
11        M:io_writes
31        155 2.0000 1.4000 2.3664 0.0000
6         M:cpu3
31        155 0.6365 0.4455 0.7492 0.0000
6         M:cpu2
31        155 0.9225 0.6457 1.0836 0.0000
6         M:cpu1
31        155 0.4430 0.3101 0.4722 0.0000
6         M:cpu0
31        155 0.5662 0.3964 0.5767 0.0000
5         M:cpu
31        155 0.6404 0.4483 0.7176 0.0000
10        M:messages
37        155 154.0000 107.8000 182.2153 0.0000
8         M:syslog
39        155 4248.0000 2973.6000 139.0279 0.0000
8         M:ssh_in
31        155 2.0000 1.4000 1.6733 0.0000
14        M:cfengine_out
31        155 0.5000 0.3500 0.5916 0.0000
13        M:cfengine_in
31        155 1.0000 0.7000 0.8367 0.0000
9         M:loadavg
31        155 0.0500 0.0350 0.0592 0.0000
10        M:diskfree
34        155 83.0000 58.1000 69.4629 0.0000
12        M:otherprocs
31        155 3.0000 2.1000 2.5100 0.0000
11        M:rootprocs
34        155 94.0000 65.8000 78.6505 0.0000
7         M:users
31        155 4.0000 2.8000 3.3466 0.0000
# send QUERY complete successful
