# delta from 1679674098 to 1679674159 at 1679674159
22        CFR: 0 1679674158 1612
3         PRD
60        Packing reports: delta,0.025500,0.065025,0.068134,1679674099
3         EXS
16        f,319,1679674051
3         MOM
15        M:entropy_avail
41        1345 1949.0000 1364.3000 1630.6504 0.0000
12        M:mem_cached
38        1345 858.9102 601.2371 718.6158 0.0000
10        M:mem_free
39        1345 13943.3516 9760.3461 0.0000 0.0000
11        M:mem_total
40        1345 15042.1719 10529.5203 0.0000 0.0000
16        M:io_writtendata
32        1345 0.0371 0.0260 0.0310 0.0000
11        M:io_writes
32        1345 2.0000 1.4000 1.6733 0.0000
6         M:cpu3
32        1345 0.2398 0.1678 0.2006 0.0000
6         M:cpu2
32        1345 0.1532 0.1072 0.1282 0.0000
5         M:cpu
32        1345 0.0966 0.0676 0.0808 0.0000
8         M:syslog
38        1345 234.0000 163.8000 195.7784 0.0000
8         M:ssh_in
32        1345 2.0000 1.4000 1.6733 0.0000
13        M:cfengine_in
32        1345 1.0000 0.7000 0.8367 0.0000
10        M:diskfree
35        1345 81.0000 56.7000 67.7695 0.0000
12        M:otherprocs
32        1345 3.0000 2.1000 2.5100 0.0000
11        M:rootprocs
35        1345 94.0000 65.8000 78.6460 0.0000
7         M:users
32        1345 4.0000 2.8000 3.3466 0.0000
3         MOY
15        M:entropy_avail
40        155 1939.0000 1357.3000 3058.9028 0.0000
12        M:mem_cached
37        155 555.0254 388.5178 523.3883 0.0000
16        M:io_writtendata
31        155 0.0806 0.0564 0.0841 0.0000
11        M:io_writes
31        155 4.0000 2.8000 4.7329 0.0000
6         M:cpu3
31        155 1.1202 0.7842 1.3215 0.0000
6         M:cpu2
31        155 0.4832 0.3382 0.5639 0.0000
6         M:cpu1
31        155 0.5630 0.3941 0.6135 0.0000
6         M:cpu0
31        155 0.3298 0.2309 0.3055 0.0000
5         M:cpu
31        155 0.6248 0.4373 0.6991 0.0000
10        M:messages
37        155 154.0000 107.8000 182.2153 0.0000
8         M:syslog
39        155 4217.5000 2952.2500 139.0279 0.0000
8         M:ssh_in
31        155 2.0000 1.4000 1.6733 0.0000
14        M:cfengine_out
31        155 0.5000 0.3500 0.5916 0.0000
13        M:cfengine_in
31        155 1.0000 0.7000 0.8367 0.0000
9         M:loadavg
31        155 0.0250 0.0175 0.0296 0.0000
10        M:diskfree
34        155 83.0000 58.1000 69.4629 0.0000
12        M:otherprocs
31        155 3.0000 2.1000 2.5100 0.0000
11        M:rootprocs
34        155 94.0000 65.8000 78.6505 0.0000
7         M:users
31        155 4.0000 2.8000 3.3466 0.0000
# send QUERY complete successful
