# delta from 1679681958 to 1679682020 at 1679682020
22        CFR: 0 1679682019 1903
3         PRD
60        Packing reports: delta,0.031874,0.101593,0.100659,1679681959
83        Sample(/proc/sys/kernel/random/entropy_avail),0.004880,0.002381,0.002177,1679681999
3         EXS
16        f,290,1679681835
3         MOM
15        M:entropy_avail
40        1371 2099.0000 1882.3700 722.1000 0.0000
12        M:mem_cached
38        1371 878.6094 799.5378 263.5719 0.0000
10        M:mem_free
38        1371 9737.3582 9737.3582 0.0000 0.0000
11        M:mem_total
40        1371 10529.5203 10529.5203 0.0000 0.0000
16        M:io_writtendata
32        1371 0.0420 0.0597 0.0592 0.0000
11        M:io_writes
32        1371 2.0000 3.0800 3.6000 0.0000
6         M:cpu3
32        1371 0.1998 0.4325 0.7756 0.0000
6         M:cpu2
32        1371 0.1598 0.3946 0.7826 0.0000
6         M:cpu1
32        1371 0.0000 0.2449 0.8671 0.0000
6         M:cpu0
32        1371 0.0067 0.2159 0.7438 0.0000
5         M:cpu
32        1371 0.0899 0.3208 0.8551 0.0000
10        M:messages
35        1371 0.0000 65.1000 230.5283 0.0000
8         M:syslog
40        1371 5772.6658 5847.4961 208.6916 0.0000
8         M:ssh_in
32        1371 2.0000 1.8200 0.6000 0.0000
14        M:cfengine_out
32        1371 0.0000 0.2100 0.7436 0.0000
13        M:cfengine_in
32        1371 1.0000 0.9100 0.3000 0.0000
9         M:loadavg
32        1371 0.0000 0.0126 0.0446 0.0000
10        M:diskfree
35        1371 81.0000 73.7100 24.3000 0.0000
12        M:otherprocs
32        1371 3.0000 2.7300 0.9000 0.0000
11        M:rootprocs
35        1371 94.0000 85.7500 27.5000 0.0000
7         M:users
32        1371 4.0000 3.6400 1.2000 0.0000
3         MOY
15        M:entropy_avail
40        155 1934.0000 1353.8000 3052.5656 0.0000
12        M:mem_cached
37        155 567.7695 397.4387 537.7864 0.0000
16        M:io_writtendata
31        155 0.0586 0.0410 0.0585 0.0000
11        M:io_writes
31        155 2.0000 1.4000 2.3664 0.0000
6         M:cpu3
31        155 0.6365 0.4455 0.7492 0.0000
6         M:cpu2
31        155 0.9225 0.6457 1.0836 0.0000
6         M:cpu1
31        155 0.4430 0.3101 0.4722 0.0000
6         M:cpu0
31        155 0.5662 0.3964 0.5767 0.0000
5         M:cpu
31        155 0.6404 0.4483 0.7176 0.0000
10        M:messages
37        155 154.0000 107.8000 182.2153 0.0000
8         M:syslog
39        155 4248.0000 2973.6000 139.0279 0.0000
8         M:ssh_in
31        155 2.0000 1.4000 1.6733 0.0000
14        M:cfengine_out
31        155 0.5000 0.3500 0.5916 0.0000
13        M:cfengine_in
31        155 1.0000 0.7000 0.8367 0.0000
9         M:loadavg
31        155 0.0500 0.0350 0.0592 0.0000
10        M:diskfree
34        155 83.0000 58.1000 69.4629 0.0000
12        M:otherprocs
31        155 3.0000 2.1000 2.5100 0.0000
11        M:rootprocs
34        155 94.0000 65.8000 78.6505 0.0000
7         M:users
31        155 4.0000 2.8000 3.3466 0.0000
# send QUERY complete successful
