# delta from 1679730198 to 1679730259 at 1679730259
22        CFR: 0 1679730258 1905
3         PRD
60        Packing reports: delta,0.030224,0.130748,0.134980,1679730199
83        Sample(/proc/sys/kernel/random/entropy_avail),0.004785,0.002290,0.002324,1679730203
3         EXS
16        f,322,1679730161
3         MOM
15        M:entropy_avail
40        1532 1941.0000 1794.6600 487.8000 0.0000
12        M:mem_cached
39        1532 1019.5977 927.6739 306.4125 0.0000
10        M:mem_free
38        1532 9620.2969 9620.2969 0.0000 0.0000
11        M:mem_total
40        1532 10529.5203 10529.5203 0.0000 0.0000
16        M:io_writtendata
32        1532 0.1426 0.1060 0.1030 0.0000
11        M:io_writes
32        1532 8.0000 6.0200 5.5975 0.0000
6         M:cpu3
32        1532 1.5262 1.0725 1.2652 0.0000
6         M:cpu2
32        1532 1.6933 1.2637 1.2104 0.0000
6         M:cpu1
32        1532 0.5397 0.3792 0.4476 0.0000
6         M:cpu0
32        1532 1.1592 0.8129 0.9660 0.0000
5         M:cpu
32        1532 1.2311 0.8824 0.9735 0.0000
10        M:messages
38        1532 310.0000 217.0000 259.3646 0.0000
8         M:syslog
38        1532 809.5356 616.0249 550.3152 0.0000
8         M:ssh_in
32        1532 2.0000 1.8200 0.6000 0.0000
14        M:cfengine_out
32        1532 1.0000 0.7000 0.8367 0.0000
13        M:cfengine_in
32        1532 1.0000 1.1200 0.4000 0.0000
9         M:loadavg
32        1532 0.0400 0.0280 0.0335 0.0000
10        M:diskfree
35        1532 79.0000 71.8900 23.7000 0.0000
12        M:otherprocs
32        1532 3.0000 2.7300 0.9000 0.0000
11        M:rootprocs
35        1532 95.0000 86.2400 29.2000 0.0000
7         M:users
32        1532 4.0000 3.6400 1.2000 0.0000
3         MOY
15        M:entropy_avail
40        155 1934.0000 1353.8000 3052.5656 0.0000
12        M:mem_cached
37        155 567.7695 397.4387 537.7864 0.0000
16        M:io_writtendata
31        155 0.0586 0.0410 0.0585 0.0000
11        M:io_writes
31        155 2.0000 1.4000 2.3664 0.0000
6         M:cpu3
31        155 0.6365 0.4455 0.7492 0.0000
6         M:cpu2
31        155 0.9225 0.6457 1.0836 0.0000
6         M:cpu1
31        155 0.4430 0.3101 0.4722 0.0000
6         M:cpu0
31        155 0.5662 0.3964 0.5767 0.0000
5         M:cpu
31        155 0.6404 0.4483 0.7176 0.0000
10        M:messages
37        155 154.0000 107.8000 182.2153 0.0000
8         M:syslog
39        155 4248.0000 2973.6000 139.0279 0.0000
8         M:ssh_in
31        155 2.0000 1.4000 1.6733 0.0000
14        M:cfengine_out
31        155 0.5000 0.3500 0.5916 0.0000
13        M:cfengine_in
31        155 1.0000 0.7000 0.8367 0.0000
9         M:loadavg
31        155 0.0500 0.0350 0.0592 0.0000
10        M:diskfree
34        155 83.0000 58.1000 69.4629 0.0000
12        M:otherprocs
31        155 3.0000 2.1000 2.5100 0.0000
11        M:rootprocs
34        155 94.0000 65.8000 78.6505 0.0000
7         M:users
31        155 4.0000 2.8000 3.3466 0.0000
# send QUERY complete successful
