# delta from 1679680459 to 1679680519 at 1679680519
22        CFR: 0 1679680518 1901
3         PRD
60        Packing reports: delta,0.030732,0.094447,0.093633,1679680460
83        Sample(/proc/sys/kernel/random/entropy_avail),0.005106,0.002607,0.002621,1679680498
3         EXS
16        f,290,1679680334
3         MOM
15        M:entropy_avail
40        1366 2097.0000 1880.3400 722.2000 0.0000
12        M:mem_cached
38        1366 874.9844 796.2432 262.4707 0.0000
10        M:mem_free
40        1366 13917.0586 12664.3691 0.0000 0.0000
11        M:mem_total
40        1366 15042.1719 13688.3764 0.0000 0.0000
16        M:io_writtendata
32        1366 0.0439 0.0625 0.0620 0.0000
11        M:io_writes
32        1366 2.0000 3.0800 3.6000 0.0000
6         M:cpu3
32        1366 0.1332 0.2417 0.3615 0.0000
6         M:cpu2
32        1366 0.1465 0.2970 0.5017 0.0000
6         M:cpu1
32        1366 0.0133 0.2682 0.9081 0.0000
6         M:cpu0
32        1366 0.0599 0.4746 1.4928 0.0000
5         M:cpu
32        1366 0.0866 0.3196 0.8611 0.0000
10        M:messages
35        1366 0.0000 64.6800 229.0410 0.0000
8         M:syslog
36        1366 89.0000 1784.5100 0.0000 0.0000
8         M:ssh_in
32        1366 2.0000 1.8200 0.6000 0.0000
14        M:cfengine_out
32        1366 0.0000 0.2100 0.7436 0.0000
13        M:cfengine_in
32        1366 1.0000 0.9100 0.3000 0.0000
9         M:loadavg
32        1366 0.0000 0.0126 0.0446 0.0000
10        M:diskfree
35        1366 81.0000 73.7100 24.3000 0.0000
12        M:otherprocs
32        1366 3.0000 2.7300 0.9000 0.0000
11        M:rootprocs
35        1366 94.0000 85.7500 27.5000 0.0000
7         M:users
32        1366 4.0000 3.6400 1.2000 0.0000
3         MOY
15        M:entropy_avail
40        155 1934.0000 1353.8000 3052.5656 0.0000
12        M:mem_cached
37        155 567.7695 397.4387 537.7864 0.0000
16        M:io_writtendata
31        155 0.0586 0.0410 0.0585 0.0000
11        M:io_writes
31        155 2.0000 1.4000 2.3664 0.0000
6         M:cpu3
31        155 0.6365 0.4455 0.7492 0.0000
6         M:cpu2
31        155 0.9225 0.6457 1.0836 0.0000
6         M:cpu1
31        155 0.4430 0.3101 0.4722 0.0000
6         M:cpu0
31        155 0.5662 0.3964 0.5767 0.0000
5         M:cpu
31        155 0.6404 0.4483 0.7176 0.0000
10        M:messages
37        155 154.0000 107.8000 182.2153 0.0000
8         M:syslog
39        155 4248.0000 2973.6000 139.0279 0.0000
8         M:ssh_in
31        155 2.0000 1.4000 1.6733 0.0000
14        M:cfengine_out
31        155 0.5000 0.3500 0.5916 0.0000
13        M:cfengine_in
31        155 1.0000 0.7000 0.8367 0.0000
9         M:loadavg
31        155 0.0500 0.0350 0.0592 0.0000
10        M:diskfree
34        155 83.0000 58.1000 69.4629 0.0000
12        M:otherprocs
31        155 3.0000 2.1000 2.5100 0.0000
11        M:rootprocs
34        155 94.0000 65.8000 78.6505 0.0000
7         M:users
31        155 4.0000 2.8000 3.3466 0.0000
# send QUERY complete successful
