# delta from 1679662758 to 1679662819 at 1679662819
22        CFR: 0 1679662818 1862
3         PRD
60        Packing reports: delta,0.034985,0.122392,0.113000,1679662759
83        Sample(/proc/sys/kernel/random/entropy_avail),0.004842,0.002345,0.002319,1679662777
3         EXS
16        f,321,1679662651
3         MOM
15        M:entropy_avail
40        1307 2420.0000 2176.5800 811.4000 0.0000
12        M:mem_cached
38        1307 823.9180 749.6292 247.6293 0.0000
10        M:mem_free
40        1307 14003.0391 12743.2208 0.0000 0.0000
11        M:mem_total
40        1307 15042.1719 13688.3764 0.0000 0.0000
16        M:io_writtendata
32        1307 0.1260 0.0952 0.0873 0.0000
11        M:io_writes
32        1307 6.0000 4.6200 3.9563 0.0000
6         M:cpu3
32        1307 0.8401 0.6175 0.6243 0.0000
6         M:cpu2
32        1307 2.2382 1.6059 1.7655 0.0000
6         M:cpu1
32        1307 0.5662 0.3963 0.4737 0.0000
6         M:cpu0
32        1307 1.2328 0.8839 0.9740 0.0000
5         M:cpu
32        1307 1.2194 0.8770 0.9562 0.0000
10        M:messages
38        1307 310.0000 217.0000 259.3646 0.0000
8         M:syslog
40        1307 8347.0000 5892.2500 196.6151 0.0000
8         M:ssh_in
32        1307 2.0000 1.8200 0.6000 0.0000
13        M:cfengine_in
32        1307 1.0000 0.9100 0.3000 0.0000
9         M:loadavg
32        1307 0.0100 0.0070 0.0084 0.0000
10        M:diskfree
35        1307 82.0000 74.6200 24.6000 0.0000
12        M:otherprocs
32        1307 3.0000 2.7300 0.9000 0.0000
11        M:rootprocs
35        1307 94.0000 85.5400 28.2000 0.0000
7         M:users
32        1307 4.0000 3.6400 1.2000 0.0000
3         MOY
15        M:entropy_avail
40        155 2267.5000 1587.2500 3481.4590 0.0000
12        M:mem_cached
37        155 542.2402 379.5682 508.9834 0.0000
16        M:io_writtendata
31        155 0.0767 0.0537 0.0795 0.0000
11        M:io_writes
31        155 3.0000 2.1000 3.5496 0.0000
6         M:cpu3
31        155 0.7130 0.4991 0.8398 0.0000
6         M:cpu2
31        155 0.9601 0.6720 1.1281 0.0000
6         M:cpu1
31        155 0.9157 0.6410 1.0298 0.0000
6         M:cpu0
31        155 1.0603 0.7422 1.1567 0.0000
5         M:cpu
31        155 0.9114 0.6380 1.0379 0.0000
10        M:messages
37        155 217.5000 152.2500 257.3495 0.0000
8         M:syslog
39        155 6509.5000 4556.6500 139.0279 0.0000
8         M:ssh_in
31        155 2.0000 1.4000 1.6733 0.0000
14        M:cfengine_out
31        155 0.5000 0.3500 0.5916 0.0000
13        M:cfengine_in
31        155 1.0000 0.7000 0.8367 0.0000
9         M:loadavg
31        155 0.0750 0.0525 0.0887 0.0000
10        M:diskfree
34        155 83.5000 58.4500 69.8724 0.0000
12        M:otherprocs
31        155 3.0000 2.1000 2.5100 0.0000
11        M:rootprocs
34        155 94.0000 65.8000 78.6505 0.0000
7         M:users
31        155 4.0000 2.8000 3.3466 0.0000
# send QUERY complete successful
