# delta from 1679677758 to 1679677819 at 1679677819
22        CFR: 0 1679677818 1903
3         PRD
60        Packing reports: delta,0.028669,0.082189,0.083680,1679677759
83        Sample(/proc/sys/kernel/random/entropy_avail),0.005058,0.002559,0.002298,1679677795
3         EXS
16        f,280,1679677607
3         MOM
15        M:entropy_avail
40        1357 2087.0000 1871.2400 719.2000 0.0000
12        M:mem_cached
38        1357 868.4141 790.2617 260.5078 0.0000
10        M:mem_free
38        1357 9749.6574 9749.6574 0.0000 0.0000
11        M:mem_total
40        1357 10529.5203 10529.5203 0.0000 0.0000
16        M:io_writtendata
32        1357 0.0303 0.0587 0.0948 0.0000
11        M:io_writes
32        1357 2.0000 3.5000 5.0000 0.0000
6         M:cpu3
32        1357 0.1932 0.3522 0.5301 0.0000
6         M:cpu2
32        1357 0.1332 0.4432 1.1535 0.0000
6         M:cpu1
32        1357 0.0067 0.3126 1.0862 0.0000
6         M:cpu0
32        1357 0.0000 0.1526 0.5402 0.0000
5         M:cpu
32        1357 0.0816 0.3143 0.8581 0.0000
10        M:messages
35        1357 0.0000 64.6800 229.0410 0.0000
8         M:syslog
40        1357 5487.7038 5563.3927 211.0861 0.0000
8         M:ssh_in
32        1357 2.0000 1.8200 0.6000 0.0000
14        M:cfengine_out
32        1357 0.0000 0.2100 0.7436 0.0000
13        M:cfengine_in
32        1357 1.0000 0.9100 0.3000 0.0000
9         M:loadavg
32        1357 0.0200 0.0413 0.0710 0.0000
10        M:diskfree
35        1357 81.0000 73.7100 24.3000 0.0000
12        M:otherprocs
32        1357 3.0000 2.7300 0.9000 0.0000
11        M:rootprocs
35        1357 94.0000 85.7500 27.5000 0.0000
7         M:users
32        1357 4.0000 3.6400 1.2000 0.0000
3         MOY
15        M:entropy_avail
40        155 1942.5000 1359.7500 3063.3408 0.0000
12        M:mem_cached
37        155 563.3926 394.3748 532.8372 0.0000
16        M:io_writtendata
31        155 0.0825 0.0578 0.0864 0.0000
11        M:io_writes
31        155 4.0000 2.8000 4.7329 0.0000
6         M:cpu3
31        155 0.5669 0.3968 0.6668 0.0000
6         M:cpu2
31        155 0.6563 0.4594 0.7687 0.0000
6         M:cpu1
31        155 0.3965 0.2775 0.4176 0.0000
6         M:cpu0
31        155 0.9564 0.6695 1.0343 0.0000
5         M:cpu
31        155 0.6432 0.4502 0.7208 0.0000
10        M:messages
37        155 154.0000 107.8000 182.2153 0.0000
8         M:syslog
39        155 4459.5000 3121.6500 139.0279 0.0000
8         M:ssh_in
31        155 2.0000 1.4000 1.6733 0.0000
14        M:cfengine_out
31        155 0.5000 0.3500 0.5916 0.0000
13        M:cfengine_in
31        155 1.0000 0.7000 0.8367 0.0000
9         M:loadavg
31        155 0.0650 0.0455 0.0769 0.0000
10        M:diskfree
34        155 83.0000 58.1000 69.4629 0.0000
12        M:otherprocs
31        155 3.0000 2.1000 2.5100 0.0000
11        M:rootprocs
34        155 94.0000 65.8000 78.6505 0.0000
7         M:users
31        155 4.0000 2.8000 3.3466 0.0000
# send QUERY complete successful
