# delta from 1679692638 to 1679692699 at 1679692699
22        CFR: 0 1679692698 1908
3         PRD
60        Packing reports: delta,0.023968,0.057448,0.062186,1679692639
83        Sample(/proc/sys/kernel/random/entropy_avail),0.004786,0.002290,0.002218,1679692661
3         EXS
16        f,289,1679692622
3         MOM
15        M:entropy_avail
40        1407 1954.0000 1806.7000 491.0000 0.0000
12        M:mem_cached
38        1407 912.7656 830.4518 274.3793 0.0000
10        M:mem_free
40        1407 13867.2109 12619.5007 0.0000 0.0000
11        M:mem_total
40        1407 15042.1719 13688.3764 0.0000 0.0000
16        M:io_writtendata
32        1407 0.1270 0.0981 0.0830 0.0000
11        M:io_writes
32        1407 6.0000 4.6200 3.9563 0.0000
6         M:cpu3
32        1407 1.6395 1.1896 1.2580 0.0000
6         M:cpu2
32        1407 1.0531 0.7568 0.8276 0.0000
6         M:cpu1
32        1407 0.2932 0.2108 0.2300 0.0000
6         M:cpu0
32        1407 1.7729 1.2410 1.4833 0.0000
5         M:cpu
32        1407 1.1896 0.8495 0.9492 0.0000
10        M:messages
38        1407 310.0000 217.0000 259.3646 0.0000
8         M:syslog
40        1407 8456.0000 5968.5500 196.6151 0.0000
8         M:ssh_in
32        1407 2.0000 1.8200 0.6000 0.0000
14        M:cfengine_out
32        1407 1.0000 0.7000 0.8367 0.0000
13        M:cfengine_in
32        1407 1.0000 0.9100 0.3000 0.0000
9         M:loadavg
32        1407 0.0800 0.0581 0.0612 0.0000
10        M:diskfree
35        1407 81.0000 73.7100 24.3000 0.0000
12        M:otherprocs
32        1407 3.0000 2.7300 0.9000 0.0000
11        M:rootprocs
35        1407 95.0000 86.2400 29.2000 0.0000
7         M:users
32        1407 4.0000 3.6400 1.2000 0.0000
3         MOY
15        M:entropy_avail
40        155 1934.0000 1353.8000 3052.5656 0.0000
12        M:mem_cached
37        155 567.7695 397.4387 537.7864 0.0000
16        M:io_writtendata
31        155 0.0586 0.0410 0.0585 0.0000
11        M:io_writes
31        155 2.0000 1.4000 2.3664 0.0000
6         M:cpu3
31        155 0.6365 0.4455 0.7492 0.0000
6         M:cpu2
31        155 0.9225 0.6457 1.0836 0.0000
6         M:cpu1
31        155 0.4430 0.3101 0.4722 0.0000
6         M:cpu0
31        155 0.5662 0.3964 0.5767 0.0000
5         M:cpu
31        155 0.6404 0.4483 0.7176 0.0000
10        M:messages
37        155 154.0000 107.8000 182.2153 0.0000
8         M:syslog
39        155 4248.0000 2973.6000 139.0279 0.0000
8         M:ssh_in
31        155 2.0000 1.4000 1.6733 0.0000
14        M:cfengine_out
31        155 0.5000 0.3500 0.5916 0.0000
13        M:cfengine_in
31        155 1.0000 0.7000 0.8367 0.0000
9         M:loadavg
31        155 0.0500 0.0350 0.0592 0.0000
10        M:diskfree
34        155 83.0000 58.1000 69.4629 0.0000
12        M:otherprocs
31        155 3.0000 2.1000 2.5100 0.0000
11        M:rootprocs
34        155 94.0000 65.8000 78.6505 0.0000
7         M:users
31        155 4.0000 2.8000 3.3466 0.0000
# send QUERY complete successful
