# delta from 1679674338 to 1679674399 at 1679674399
22        CFR: 0 1679674398 1906
3         PRD
60        Packing reports: delta,0.025602,0.065544,0.068785,1679674339
83        Sample(/proc/sys/kernel/random/entropy_avail),0.004829,0.002332,0.002291,1679674341
3         EXS
16        f,289,1679674328
3         MOM
15        M:entropy_avail
41        1346 1968.0000 1377.6000 1646.5469 0.0000
12        M:mem_cached
38        1346 860.3477 602.2434 719.8185 0.0000
10        M:mem_free
39        1346 13940.3125 9758.2188 0.0000 0.0000
11        M:mem_total
40        1346 15042.1719 10529.5203 0.0000 0.0000
16        M:io_writtendata
32        1346 0.1445 0.1012 0.1209 0.0000
11        M:io_writes
32        1346 8.0000 5.6000 6.6933 0.0000
6         M:cpu3
32        1346 1.1271 0.7890 0.9430 0.0000
6         M:cpu2
32        1346 1.2992 0.9095 1.0870 0.0000
6         M:cpu1
32        1346 0.6997 0.4898 0.5854 0.0000
6         M:cpu0
32        1346 1.7397 1.2178 1.4555 0.0000
5         M:cpu
32        1346 1.2164 0.8515 1.0177 0.0000
10        M:messages
38        1346 308.0000 215.6000 257.6913 0.0000
8         M:syslog
38        1346 8684.0000 6078.8000 0.0000 0.0000
8         M:ssh_in
32        1346 2.0000 1.4000 1.6733 0.0000
14        M:cfengine_out
32        1346 1.0000 0.7000 0.8367 0.0000
13        M:cfengine_in
32        1346 1.0000 0.7000 0.8367 0.0000
9         M:loadavg
32        1346 0.1300 0.0910 0.1088 0.0000
10        M:diskfree
35        1346 81.0000 56.7000 67.7695 0.0000
12        M:otherprocs
32        1346 3.0000 2.1000 2.5100 0.0000
11        M:rootprocs
35        1346 95.0000 66.5000 79.4827 0.0000
7         M:users
32        1346 4.0000 2.8000 3.3466 0.0000
3         MOY
15        M:entropy_avail
40        155 1942.5000 1359.7500 3063.3408 0.0000
12        M:mem_cached
37        155 563.3926 394.3748 532.8372 0.0000
16        M:io_writtendata
31        155 0.0825 0.0578 0.0864 0.0000
11        M:io_writes
31        155 4.0000 2.8000 4.7329 0.0000
6         M:cpu3
31        155 0.5669 0.3968 0.6668 0.0000
6         M:cpu2
31        155 0.6563 0.4594 0.7687 0.0000
6         M:cpu1
31        155 0.3965 0.2775 0.4176 0.0000
6         M:cpu0
31        155 0.9564 0.6695 1.0343 0.0000
5         M:cpu
31        155 0.6432 0.4502 0.7208 0.0000
10        M:messages
37        155 154.0000 107.8000 182.2153 0.0000
8         M:syslog
39        155 4459.5000 3121.6500 139.0279 0.0000
8         M:ssh_in
31        155 2.0000 1.4000 1.6733 0.0000
14        M:cfengine_out
31        155 0.5000 0.3500 0.5916 0.0000
13        M:cfengine_in
31        155 1.0000 0.7000 0.8367 0.0000
9         M:loadavg
31        155 0.0650 0.0455 0.0769 0.0000
10        M:diskfree
34        155 83.0000 58.1000 69.4629 0.0000
12        M:otherprocs
31        155 3.0000 2.1000 2.5100 0.0000
11        M:rootprocs
34        155 94.0000 65.8000 78.6505 0.0000
7         M:users
31        155 4.0000 2.8000 3.3466 0.0000
# send QUERY complete successful
