# delta from 1679759783 to 1679759845 at 1679759845
22        CFR: 0 1679759844 1734
3         PRD
60        Packing reports: delta,0.027473,0.075478,0.074340,1679759784
83        Sample(/proc/sys/kernel/random/entropy_avail),0.004858,0.002360,0.002250,1679759786
3         EXS
16        f,289,1679759519
3         MOM
15        M:entropy_avail
41        1631 2076.0000 1453.2000 1736.9062 0.0000
12        M:mem_cached
39        1631 1098.3438 768.8406 918.9403 0.0000
10        M:mem_free
39        1631 13655.6367 9558.9457 0.0000 0.0000
11        M:mem_total
40        1631 15042.1719 10529.5203 0.0000 0.0000
16        M:io_writtendata
32        1631 0.0361 0.0253 0.0302 0.0000
11        M:io_writes
32        1631 2.0000 1.4000 1.6733 0.0000
6         M:cpu3
32        1631 0.1066 0.0746 0.0892 0.0000
6         M:cpu2
32        1631 0.3064 0.2145 0.2564 0.0000
6         M:cpu1
32        1631 0.0067 0.0047 0.0056 0.0000
5         M:cpu
32        1631 0.1066 0.0746 0.0892 0.0000
8         M:syslog
38        1631 324.0000 226.8000 271.0778 0.0000
8         M:ssh_in
32        1631 2.0000 1.4000 1.6733 0.0000
13        M:cfengine_in
32        1631 1.0000 0.7000 0.8367 0.0000
10        M:diskfree
35        1631 78.0000 54.6000 65.2595 0.0000
12        M:otherprocs
32        1631 3.0000 2.1000 2.5100 0.0000
11        M:rootprocs
35        1631 94.0000 65.8000 78.6460 0.0000
7         M:users
32        1631 4.0000 2.8000 3.3466 0.0000
3         MOY
15        M:entropy_avail
40        155 1934.0000 1353.8000 3052.5656 0.0000
12        M:mem_cached
37        155 567.7695 397.4387 537.7864 0.0000
16        M:io_writtendata
31        155 0.0586 0.0410 0.0585 0.0000
11        M:io_writes
31        155 2.0000 1.4000 2.3664 0.0000
6         M:cpu3
31        155 0.6365 0.4455 0.7492 0.0000
6         M:cpu2
31        155 0.9225 0.6457 1.0836 0.0000
6         M:cpu1
31        155 0.4430 0.3101 0.4722 0.0000
6         M:cpu0
31        155 0.5662 0.3964 0.5767 0.0000
5         M:cpu
31        155 0.6404 0.4483 0.7176 0.0000
10        M:messages
37        155 154.0000 107.8000 182.2153 0.0000
8         M:syslog
39        155 4248.0000 2973.6000 139.0279 0.0000
8         M:ssh_in
31        155 2.0000 1.4000 1.6733 0.0000
14        M:cfengine_out
31        155 0.5000 0.3500 0.5916 0.0000
13        M:cfengine_in
31        155 1.0000 0.7000 0.8367 0.0000
9         M:loadavg
31        155 0.0500 0.0350 0.0592 0.0000
10        M:diskfree
34        155 83.0000 58.1000 69.4629 0.0000
12        M:otherprocs
31        155 3.0000 2.1000 2.5100 0.0000
11        M:rootprocs
34        155 94.0000 65.8000 78.6505 0.0000
7         M:users
31        155 4.0000 2.8000 3.3466 0.0000
# send QUERY complete successful
