# delta from 1679668458 to 1679668519 at 1679668519
22        CFR: 0 1679668518 1727
3         PRD
60        Packing reports: delta,0.036380,0.132350,0.130588,1679668459
83        Sample(/proc/sys/kernel/random/entropy_avail),0.005479,0.003002,0.002828,1679668484
3         EXS
16        f,288,1679668321
3         MOM
15        M:entropy_avail
40        1326 2102.0000 1885.7300 720.9000 0.0000
12        M:mem_cached
38        1326 837.7852 762.3796 251.3520 0.0000
10        M:mem_free
38        1326 9783.0879 9783.0879 0.0000 0.0000
11        M:mem_total
40        1326 10529.5203 10529.5203 0.0000 0.0000
16        M:io_writtendata
32        1326 0.0518 0.0571 0.0180 0.0000
11        M:io_writes
32        1326 2.0000 2.2400 0.8000 0.0000
6         M:cpu3
32        1326 0.1599 0.2365 0.2553 0.0000
6         M:cpu2
32        1326 0.2931 0.4793 0.6209 0.0000
6         M:cpu1
32        1326 0.0067 0.1614 0.5506 0.0000
6         M:cpu0
32        1326 0.0866 0.5056 1.5193 0.0000
5         M:cpu
32        1326 0.1382 0.3472 0.6967 0.0000
10        M:messages
35        1326 0.0000 65.1000 230.5283 0.0000
8         M:syslog
40        1326 5495.2250 5581.4675 240.5189 0.0000
8         M:ssh_in
32        1326 2.0000 1.8200 0.6000 0.0000
14        M:cfengine_out
32        1326 0.0000 0.2100 0.7436 0.0000
13        M:cfengine_in
32        1326 1.0000 0.9100 0.3000 0.0000
9         M:loadavg
32        1326 0.0000 0.0126 0.0446 0.0000
10        M:diskfree
35        1326 81.0000 73.7100 24.3000 0.0000
12        M:otherprocs
32        1326 3.0000 2.7300 0.9000 0.0000
11        M:rootprocs
35        1326 94.0000 85.7500 27.5000 0.0000
7         M:users
32        1326 4.0000 3.6400 1.2000 0.0000
3         MOY
15        M:entropy_avail
40        155 1943.0000 1360.1000 3063.9750 0.0000
12        M:mem_cached
37        155 550.2754 385.1928 518.0317 0.0000
16        M:io_writtendata
31        155 0.0239 0.0167 0.0202 0.0000
6         M:cpu3
31        155 0.0999 0.0699 0.1143 0.0000
6         M:cpu2
31        155 0.0966 0.0676 0.1067 0.0000
6         M:cpu1
31        155 0.0533 0.0373 0.0557 0.0000
6         M:cpu0
31        155 0.0933 0.0653 0.1028 0.0000
5         M:cpu
31        155 0.0841 0.0589 0.0713 0.0000
8         M:syslog
37        155 235.0000 164.5000 196.6151 0.0000
8         M:ssh_in
31        155 2.0000 1.4000 1.6733 0.0000
13        M:cfengine_in
31        155 1.0000 0.7000 0.8367 0.0000
10        M:diskfree
34        155 83.0000 58.1000 69.4629 0.0000
12        M:otherprocs
31        155 3.0000 2.1000 2.5100 0.0000
11        M:rootprocs
34        155 93.5000 65.4500 78.2288 0.0000
7         M:users
31        155 4.0000 2.8000 3.3466 0.0000
# send QUERY complete successful
