# delta from 1679671158 to 1679671219 at 1679671219
22        CFR: 0 1679671218 1821
3         PRD
60        Packing reports: delta,0.023464,0.055058,0.052860,1679671159
83        Sample(/proc/sys/kernel/random/entropy_avail),0.004870,0.002372,0.002507,1679671187
3         EXS
16        f,319,1679671048
3         MOM
15        M:entropy_avail
40        1335 2096.0000 1875.2300 735.9000 0.0000
12        M:mem_cached
38        1335 844.3789 768.2347 253.8141 0.0000
10        M:mem_free
40        1335 13962.2266 12705.9067 0.0000 0.0000
11        M:mem_total
40        1335 15042.1719 13688.3764 0.0000 0.0000
16        M:io_writtendata
32        1335 0.1084 0.0820 0.0748 0.0000
11        M:io_writes
32        1335 6.0000 4.6200 3.9563 0.0000
6         M:cpu3
32        1335 0.9790 0.7259 0.7115 0.0000
6         M:cpu2
32        1335 1.3389 0.9554 1.0703 0.0000
6         M:cpu1
32        1335 2.0924 1.4688 1.7389 0.0000
6         M:cpu0
32        1335 0.3664 0.2565 0.3066 0.0000
5         M:cpu
32        1335 1.1925 0.8508 0.9535 0.0000
10        M:messages
38        1335 308.0000 215.6000 257.6913 0.0000
8         M:syslog
40        1335 8058.0000 5711.7900 283.6277 0.0000
8         M:ssh_in
32        1335 2.0000 1.8200 0.6000 0.0000
13        M:cfengine_in
32        1335 1.0000 0.9100 0.3000 0.0000
10        M:diskfree
35        1335 81.0000 73.7100 24.3000 0.0000
12        M:otherprocs
32        1335 3.0000 2.7300 0.9000 0.0000
11        M:rootprocs
35        1335 94.0000 85.5400 28.2000 0.0000
7         M:users
32        1335 4.0000 3.6400 1.2000 0.0000
3         MOY
15        M:entropy_avail
40        155 1939.0000 1357.3000 3058.9028 0.0000
12        M:mem_cached
37        155 555.0254 388.5178 523.3883 0.0000
16        M:io_writtendata
31        155 0.0806 0.0564 0.0841 0.0000
11        M:io_writes
31        155 4.0000 2.8000 4.7329 0.0000
6         M:cpu3
31        155 1.1202 0.7842 1.3215 0.0000
6         M:cpu2
31        155 0.4832 0.3382 0.5639 0.0000
6         M:cpu1
31        155 0.5630 0.3941 0.6135 0.0000
6         M:cpu0
31        155 0.3298 0.2309 0.3055 0.0000
5         M:cpu
31        155 0.6248 0.4373 0.6991 0.0000
10        M:messages
37        155 154.0000 107.8000 182.2153 0.0000
8         M:syslog
39        155 4217.5000 2952.2500 139.0279 0.0000
8         M:ssh_in
31        155 2.0000 1.4000 1.6733 0.0000
14        M:cfengine_out
31        155 0.5000 0.3500 0.5916 0.0000
13        M:cfengine_in
31        155 1.0000 0.7000 0.8367 0.0000
9         M:loadavg
31        155 0.0250 0.0175 0.0296 0.0000
10        M:diskfree
34        155 83.0000 58.1000 69.4629 0.0000
12        M:otherprocs
31        155 3.0000 2.1000 2.5100 0.0000
11        M:rootprocs
34        155 94.0000 65.8000 78.6505 0.0000
7         M:users
31        155 4.0000 2.8000 3.3466 0.0000
# send QUERY complete successful
