# delta from 1679685198 to 1679685259 at 1679685259
22        CFR: 0 1679685258 1825
3         PRD
60        Packing reports: delta,0.033683,0.113452,0.114347,1679685199
3         EXS
16        f,280,1679685114
3         MOM
15        M:entropy_avail
40        1382 1972.0000 1822.8700 497.1000 0.0000
12        M:mem_cached
38        1382 894.5781 813.9127 268.8848 0.0000
10        M:mem_free
40        1382 13893.4336 12642.9245 0.0000 0.0000
11        M:mem_total
40        1382 15042.1719 13688.3764 0.0000 0.0000
16        M:io_writtendata
32        1382 0.1113 0.0865 0.0716 0.0000
11        M:io_writes
32        1382 6.0000 4.6200 3.9563 0.0000
6         M:cpu3
32        1382 0.6665 0.5071 0.4532 0.0000
6         M:cpu2
32        1382 1.4856 1.0749 1.1479 0.0000
6         M:cpu1
32        1382 1.2054 0.8438 1.0085 0.0000
6         M:cpu0
32        1382 1.4789 1.0366 1.2335 0.0000
5         M:cpu
32        1382 1.2092 0.8660 0.9580 0.0000
10        M:messages
38        1382 310.0000 217.0000 259.3646 0.0000
8         M:syslog
40        1382 7627.0000 5406.9400 271.0778 0.0000
8         M:ssh_in
32        1382 2.0000 1.8200 0.6000 0.0000
14        M:cfengine_out
32        1382 1.0000 0.7000 0.8367 0.0000
13        M:cfengine_in
32        1382 1.0000 0.9100 0.3000 0.0000
9         M:loadavg
32        1382 0.0400 0.0280 0.0335 0.0000
10        M:diskfree
35        1382 81.0000 73.7100 24.3000 0.0000
12        M:otherprocs
32        1382 3.0000 2.7300 0.9000 0.0000
11        M:rootprocs
35        1382 95.0000 86.2400 29.2000 0.0000
7         M:users
32        1382 4.0000 3.6400 1.2000 0.0000
3         MOY
15        M:entropy_avail
40        155 1934.0000 1353.8000 3052.5656 0.0000
12        M:mem_cached
37        155 567.7695 397.4387 537.7864 0.0000
16        M:io_writtendata
31        155 0.0586 0.0410 0.0585 0.0000
11        M:io_writes
31        155 2.0000 1.4000 2.3664 0.0000
6         M:cpu3
31        155 0.6365 0.4455 0.7492 0.0000
6         M:cpu2
31        155 0.9225 0.6457 1.0836 0.0000
6         M:cpu1
31        155 0.4430 0.3101 0.4722 0.0000
6         M:cpu0
31        155 0.5662 0.3964 0.5767 0.0000
5         M:cpu
31        155 0.6404 0.4483 0.7176 0.0000
10        M:messages
37        155 154.0000 107.8000 182.2153 0.0000
8         M:syslog
39        155 4248.0000 2973.6000 139.0279 0.0000
8         M:ssh_in
31        155 2.0000 1.4000 1.6733 0.0000
14        M:cfengine_out
31        155 0.5000 0.3500 0.5916 0.0000
13        M:cfengine_in
31        155 1.0000 0.7000 0.8367 0.0000
9         M:loadavg
31        155 0.0500 0.0350 0.0592 0.0000
10        M:diskfree
34        155 83.0000 58.1000 69.4629 0.0000
12        M:otherprocs
31        155 3.0000 2.1000 2.5100 0.0000
11        M:rootprocs
34        155 94.0000 65.8000 78.6505 0.0000
7         M:users
31        155 4.0000 2.8000 3.3466 0.0000
# send QUERY complete successful
