# delta from 1679668578 to 1679668639 at 1679668639
22        CFR: 0 1679668638 1595
3         PRD
60        Packing reports: delta,0.036207,0.131098,0.129511,1679668579
83        Sample(/proc/sys/kernel/random/entropy_avail),0.005292,0.002801,0.002331,1679668634
3         EXS
16        f,288,1679668321
3         MOM
15        M:entropy_avail
41        1327 1948.0000 1363.6000 1629.8137 0.0000
12        M:mem_cached
38        1327 837.7930 586.4551 700.9479 0.0000
10        M:mem_free
39        1327 13976.0898 9783.2629 0.0000 0.0000
11        M:mem_total
40        1327 15042.1719 10529.5203 0.0000 0.0000
16        M:io_writtendata
32        1327 0.0293 0.0205 0.0245 0.0000
11        M:io_writes
32        1327 2.0000 1.4000 1.6733 0.0000
6         M:cpu3
32        1327 0.1932 0.1352 0.1616 0.0000
6         M:cpu2
32        1327 0.1931 0.1352 0.1616 0.0000
6         M:cpu1
32        1327 0.0067 0.0047 0.0056 0.0000
6         M:cpu0
32        1327 0.0067 0.0047 0.0056 0.0000
5         M:cpu
32        1327 0.0999 0.0699 0.0836 0.0000
8         M:syslog
38        1327 235.0000 164.5000 196.6151 0.0000
8         M:ssh_in
32        1327 2.0000 1.4000 1.6733 0.0000
13        M:cfengine_in
32        1327 1.0000 0.7000 0.8367 0.0000
10        M:diskfree
35        1327 81.0000 56.7000 67.7695 0.0000
12        M:otherprocs
32        1327 3.0000 2.1000 2.5100 0.0000
11        M:rootprocs
35        1327 94.0000 65.8000 78.6460 0.0000
7         M:users
32        1327 4.0000 2.8000 3.3466 0.0000
3         MOY
15        M:entropy_avail
40        155 1943.0000 1360.1000 3063.9750 0.0000
12        M:mem_cached
37        155 550.2754 385.1928 518.0317 0.0000
16        M:io_writtendata
31        155 0.0239 0.0167 0.0202 0.0000
6         M:cpu3
31        155 0.0999 0.0699 0.1143 0.0000
6         M:cpu2
31        155 0.0966 0.0676 0.1067 0.0000
6         M:cpu1
31        155 0.0533 0.0373 0.0557 0.0000
6         M:cpu0
31        155 0.0933 0.0653 0.1028 0.0000
5         M:cpu
31        155 0.0841 0.0589 0.0713 0.0000
8         M:syslog
37        155 235.0000 164.5000 196.6151 0.0000
8         M:ssh_in
31        155 2.0000 1.4000 1.6733 0.0000
13        M:cfengine_in
31        155 1.0000 0.7000 0.8367 0.0000
10        M:diskfree
34        155 83.0000 58.1000 69.4629 0.0000
12        M:otherprocs
31        155 3.0000 2.1000 2.5100 0.0000
11        M:rootprocs
34        155 93.5000 65.4500 78.2288 0.0000
7         M:users
31        155 4.0000 2.8000 3.3466 0.0000
# send QUERY complete successful
