# delta from 1679667498 to 1679667559 at 1679667559
22        CFR: 0 1679667558 1647
3         PRD
60        Packing reports: delta,0.035678,0.127293,0.128910,1679667499
3         EXS
16        f,290,1679667433
3         MOM
15        M:entropy_avail
41        1323 1985.0000 1389.5000 1660.7702 0.0000
12        M:mem_cached
38        1323 835.5664 584.8965 699.0850 0.0000
10        M:mem_free
39        1323 13979.2227 9785.4559 0.0000 0.0000
11        M:mem_total
40        1323 15042.1719 10529.5203 0.0000 0.0000
16        M:io_writtendata
32        1323 0.1299 0.0909 0.1087 0.0000
11        M:io_writes
32        1323 6.0000 4.2000 5.0200 0.0000
6         M:cpu3
32        1323 1.5926 1.1148 1.3325 0.0000
6         M:cpu2
32        1323 0.6802 0.4761 0.5691 0.0000
6         M:cpu1
32        1323 1.1994 0.8396 1.0035 0.0000
6         M:cpu0
32        1323 1.3727 0.9609 1.1485 0.0000
5         M:cpu
32        1323 1.2080 0.8456 1.0107 0.0000
10        M:messages
38        1323 310.0000 217.0000 259.3646 0.0000
8         M:syslog
38        1323 8848.0000 6193.6000 0.0000 0.0000
8         M:ssh_in
32        1323 2.0000 1.4000 1.6733 0.0000
14        M:cfengine_out
32        1323 1.0000 0.7000 0.8367 0.0000
13        M:cfengine_in
32        1323 1.0000 0.7000 0.8367 0.0000
9         M:loadavg
32        1323 0.1500 0.1050 0.1255 0.0000
10        M:diskfree
35        1323 81.0000 56.7000 67.7695 0.0000
12        M:otherprocs
32        1323 3.0000 2.1000 2.5100 0.0000
11        M:rootprocs
35        1323 95.0000 66.5000 79.4827 0.0000
7         M:users
32        1323 4.0000 2.8000 3.3466 0.0000
3         MOY
15        M:entropy_avail
40        155 1943.0000 1360.1000 3063.9750 0.0000
12        M:mem_cached
37        155 550.2754 385.1928 518.0317 0.0000
16        M:io_writtendata
31        155 0.0239 0.0167 0.0202 0.0000
6         M:cpu3
31        155 0.0999 0.0699 0.1143 0.0000
6         M:cpu2
31        155 0.0966 0.0676 0.1067 0.0000
6         M:cpu1
31        155 0.0533 0.0373 0.0557 0.0000
6         M:cpu0
31        155 0.0933 0.0653 0.1028 0.0000
5         M:cpu
31        155 0.0841 0.0589 0.0713 0.0000
8         M:syslog
37        155 235.0000 164.5000 196.6151 0.0000
8         M:ssh_in
31        155 2.0000 1.4000 1.6733 0.0000
13        M:cfengine_in
31        155 1.0000 0.7000 0.8367 0.0000
10        M:diskfree
34        155 83.0000 58.1000 69.4629 0.0000
12        M:otherprocs
31        155 3.0000 2.1000 2.5100 0.0000
11        M:rootprocs
34        155 93.5000 65.4500 78.2288 0.0000
7         M:users
31        155 4.0000 2.8000 3.3466 0.0000
# send QUERY complete successful
