# delta from 1679666838 to 1679666900 at 1679666900
22        CFR: 0 1679666899 1689
3         PRD
60        Packing reports: delta,0.035053,0.122872,0.127472,1679666839
3         EXS
16        f,289,1679666820
3         MOM
15        M:entropy_avail
41        1321 2009.0000 1406.3000 1680.8500 0.0000
12        M:mem_cached
38        1321 834.0664 583.8465 697.8300 0.0000
10        M:mem_free
39        1321 13982.7578 9787.9305 0.0000 0.0000
11        M:mem_total
40        1321 15042.1719 10529.5203 0.0000 0.0000
16        M:io_writtendata
32        1321 0.1104 0.0772 0.0923 0.0000
11        M:io_writes
32        1321 6.0000 4.2000 5.0200 0.0000
6         M:cpu3
32        1321 0.6400 0.4480 0.5355 0.0000
6         M:cpu2
32        1321 1.8654 1.3058 1.5607 0.0000
6         M:cpu1
32        1321 1.1589 0.8112 0.9696 0.0000
6         M:cpu0
32        1321 1.1461 0.8022 0.9589 0.0000
5         M:cpu
32        1321 1.2010 0.8407 1.0049 0.0000
10        M:messages
38        1321 310.0000 217.0000 259.3646 0.0000
8         M:syslog
38        1321 8499.0000 5949.3000 0.0000 0.0000
8         M:ssh_in
32        1321 2.0000 1.4000 1.6733 0.0000
14        M:cfengine_out
32        1321 1.0000 0.7000 0.8367 0.0000
13        M:cfengine_in
32        1321 2.0000 1.4000 1.6733 0.0000
9         M:loadavg
32        1321 0.0600 0.0420 0.0502 0.0000
10        M:diskfree
35        1321 81.0000 56.7000 67.7695 0.0000
12        M:otherprocs
32        1321 3.0000 2.1000 2.5100 0.0000
11        M:rootprocs
35        1321 95.0000 66.5000 79.4827 0.0000
7         M:users
32        1321 4.0000 2.8000 3.3466 0.0000
3         MOY
15        M:entropy_avail
40        155 2064.0000 1444.8000 3218.3282 0.0000
12        M:mem_cached
37        155 545.9062 382.1344 513.1096 0.0000
16        M:io_writtendata
31        155 0.0269 0.0188 0.0231 0.0000
11        M:io_writes
31        155 1.0000 0.7000 1.1832 0.0000
6         M:cpu3
31        155 0.0633 0.0443 0.0710 0.0000
6         M:cpu2
31        155 0.0899 0.0629 0.0988 0.0000
6         M:cpu1
31        155 0.0533 0.0373 0.0557 0.0000
6         M:cpu0
31        155 0.1299 0.0909 0.1145 0.0000
5         M:cpu
31        155 0.0833 0.0583 0.0705 0.0000
8         M:syslog
37        155 428.0000 299.6000 392.8143 0.0000
8         M:ssh_in
31        155 2.0000 1.4000 1.6733 0.0000
13        M:cfengine_in
31        155 1.0000 0.7000 0.8367 0.0000
10        M:diskfree
34        155 83.5000 58.4500 69.8724 0.0000
12        M:otherprocs
31        155 3.0000 2.1000 2.5100 0.0000
11        M:rootprocs
34        155 93.5000 65.4500 78.2288 0.0000
7         M:users
31        155 4.0000 2.8000 3.3466 0.0000
# send QUERY complete successful
