# delta from 1679686158 to 1679686219 at 1679686219
22        CFR: 0 1679686218 2525
3         PRD
60        Packing reports: delta,0.033983,0.115486,0.116323,1679686159
83        Sample(/proc/sys/kernel/random/entropy_avail),0.004894,0.002396,0.002363,1679686204
3         EXS
16        f,279,1679686003
3         MOM
15        M:entropy_avail
40        1385 1967.0000 1817.6900 497.7000 0.0000
41        1386 2098.0000 1468.6000 1755.3127 0.0000
12        M:mem_cached
38        1385 896.6797 815.8210 269.5289 0.0000
38        1386 896.6367 627.6457 750.1801 0.0000
10        M:mem_free
38        1385 9723.6043 9723.6043 0.0000 0.0000
39        1386 13889.3633 9722.5543 0.0000 0.0000
11        M:mem_total
40        1385 10529.5203 10529.5203 0.0000 0.0000
40        1386 15042.1719 10529.5203 0.0000 0.0000
16        M:io_writtendata
32        1385 0.1396 0.1058 0.0961 0.0000
32        1386 0.0293 0.0205 0.0245 0.0000
11        M:io_writes
32        1385 8.0000 6.0200 5.5975 0.0000
32        1386 2.0000 1.4000 1.6733 0.0000
6         M:cpu3
32        1385 0.4532 0.3368 0.3274 0.0000
32        1386 0.1798 0.1259 0.1505 0.0000
6         M:cpu2
32        1385 2.2588 1.6203 1.7827 0.0000
32        1386 0.1798 0.1259 0.1505 0.0000
6         M:cpu1
32        1385 0.6265 0.4400 0.5203 0.0000
32        1386 0.0067 0.0047 0.0056 0.0000
6         M:cpu0
32        1385 1.5788 1.1262 1.2633 0.0000
32        1386 0.0133 0.0093 0.0111 0.0000
5         M:cpu
32        1385 1.2294 0.8805 0.9740 0.0000
32        1386 0.0966 0.0676 0.0808 0.0000
10        M:messages
38        1385 310.0000 217.0000 259.3646 0.0000
8         M:syslog
41        1385 1670.5546 1218.7382 1264.6492 0.0000
38        1386 235.0000 164.5000 196.6151 0.0000
8         M:ssh_in
32        1385 2.0000 1.8200 0.6000 0.0000
32        1386 2.0000 1.4000 1.6733 0.0000
14        M:cfengine_out
32        1385 1.0000 0.7000 0.8367 0.0000
13        M:cfengine_in
32        1385 1.0000 0.9100 0.3000 0.0000
32        1386 1.0000 0.7000 0.8367 0.0000
9         M:loadavg
32        1385 0.0700 0.0511 0.0529 0.0000
10        M:diskfree
35        1385 81.0000 73.7100 24.3000 0.0000
35        1386 81.0000 56.7000 67.7695 0.0000
12        M:otherprocs
32        1385 3.0000 2.7300 0.9000 0.0000
32        1386 3.0000 2.1000 2.5100 0.0000
11        M:rootprocs
35        1385 95.0000 86.2400 29.2000 0.0000
35        1386 94.0000 65.8000 78.6460 0.0000
7         M:users
32        1385 4.0000 3.6400 1.2000 0.0000
32        1386 4.0000 2.8000 3.3466 0.0000
3         MOY
15        M:entropy_avail
40        155 1934.0000 1353.8000 3052.5656 0.0000
12        M:mem_cached
37        155 567.7695 397.4387 537.7864 0.0000
16        M:io_writtendata
31        155 0.0586 0.0410 0.0585 0.0000
11        M:io_writes
31        155 2.0000 1.4000 2.3664 0.0000
6         M:cpu3
31        155 0.6365 0.4455 0.7492 0.0000
6         M:cpu2
31        155 0.9225 0.6457 1.0836 0.0000
6         M:cpu1
31        155 0.4430 0.3101 0.4722 0.0000
6         M:cpu0
31        155 0.5662 0.3964 0.5767 0.0000
5         M:cpu
31        155 0.6404 0.4483 0.7176 0.0000
10        M:messages
37        155 154.0000 107.8000 182.2153 0.0000
8         M:syslog
39        155 4248.0000 2973.6000 139.0279 0.0000
8         M:ssh_in
31        155 2.0000 1.4000 1.6733 0.0000
14        M:cfengine_out
31        155 0.5000 0.3500 0.5916 0.0000
13        M:cfengine_in
31        155 1.0000 0.7000 0.8367 0.0000
9         M:loadavg
31        155 0.0500 0.0350 0.0592 0.0000
10        M:diskfree
34        155 83.0000 58.1000 69.4629 0.0000
12        M:otherprocs
31        155 3.0000 2.1000 2.5100 0.0000
11        M:rootprocs
34        155 94.0000 65.8000 78.6505 0.0000
7         M:users
31        155 4.0000 2.8000 3.3466 0.0000
# send QUERY complete successful
