# delta from 1679687118 to 1679687179 at 1679687179
22        CFR: 0 1679687178 1729
3         PRD
60        Packing reports: delta,0.034659,0.120125,0.120346,1679687119
3         EXS
16        f,321,1679686952
3         MOM
15        M:entropy_avail
41        1389 2099.0000 1469.3000 1756.1494 0.0000
12        M:mem_cached
38        1389 898.9062 629.2344 752.0789 0.0000
10        M:mem_free
39        1389 13885.8867 9720.1207 0.0000 0.0000
11        M:mem_total
40        1389 15042.1719 10529.5203 0.0000 0.0000
16        M:io_writtendata
32        1389 0.0439 0.0308 0.0368 0.0000
11        M:io_writes
32        1389 2.0000 1.4000 1.6733 0.0000
6         M:cpu3
32        1389 0.1932 0.1352 0.1616 0.0000
6         M:cpu2
32        1389 0.1865 0.1305 0.1560 0.0000
6         M:cpu1
32        1389 0.0200 0.0140 0.0167 0.0000
6         M:cpu0
32        1389 0.0067 0.0047 0.0056 0.0000
5         M:cpu
32        1389 0.0999 0.0699 0.0836 0.0000
8         M:syslog
38        1389 235.0000 164.5000 196.6151 0.0000
8         M:ssh_in
32        1389 2.0000 1.4000 1.6733 0.0000
13        M:cfengine_in
32        1389 1.0000 0.7000 0.8367 0.0000
9         M:loadavg
32        1389 0.0100 0.0070 0.0084 0.0000
10        M:diskfree
35        1389 81.0000 56.7000 67.7695 0.0000
12        M:otherprocs
32        1389 3.0000 2.1000 2.5100 0.0000
11        M:rootprocs
35        1389 94.0000 65.8000 78.6460 0.0000
7         M:users
32        1389 4.0000 2.8000 3.3466 0.0000
3         MOY
15        M:entropy_avail
40        155 1934.0000 1353.8000 3052.5656 0.0000
12        M:mem_cached
37        155 567.7695 397.4387 537.7864 0.0000
16        M:io_writtendata
31        155 0.0586 0.0410 0.0585 0.0000
11        M:io_writes
31        155 2.0000 1.4000 2.3664 0.0000
6         M:cpu3
31        155 0.6365 0.4455 0.7492 0.0000
6         M:cpu2
31        155 0.9225 0.6457 1.0836 0.0000
6         M:cpu1
31        155 0.4430 0.3101 0.4722 0.0000
6         M:cpu0
31        155 0.5662 0.3964 0.5767 0.0000
5         M:cpu
31        155 0.6404 0.4483 0.7176 0.0000
10        M:messages
37        155 154.0000 107.8000 182.2153 0.0000
8         M:syslog
39        155 4248.0000 2973.6000 139.0279 0.0000
8         M:ssh_in
31        155 2.0000 1.4000 1.6733 0.0000
14        M:cfengine_out
31        155 0.5000 0.3500 0.5916 0.0000
13        M:cfengine_in
31        155 1.0000 0.7000 0.8367 0.0000
9         M:loadavg
31        155 0.0500 0.0350 0.0592 0.0000
10        M:diskfree
34        155 83.0000 58.1000 69.4629 0.0000
12        M:otherprocs
31        155 3.0000 2.1000 2.5100 0.0000
11        M:rootprocs
34        155 94.0000 65.8000 78.6505 0.0000
7         M:users
31        155 4.0000 2.8000 3.3466 0.0000
# send QUERY complete successful
