# delta from 1679675598 to 1679675659 at 1679675659
22        CFR: 0 1679675658 1607
3         PRD
60        Packing reports: delta,0.026792,0.071781,0.076005,1679675599
3         EXS
16        f,322,1679675553
3         MOM
15        M:entropy_avail
41        1350 1951.0000 1365.7000 1632.3237 0.0000
12        M:mem_cached
38        1350 862.6133 603.8293 721.7141 0.0000
10        M:mem_free
39        1350 13937.7148 9756.4004 0.0000 0.0000
11        M:mem_total
40        1350 15042.1719 10529.5203 0.0000 0.0000
16        M:io_writtendata
32        1350 0.0352 0.0246 0.0294 0.0000
6         M:cpu3
32        1350 0.2464 0.1725 0.2062 0.0000
6         M:cpu2
32        1350 0.1532 0.1072 0.1282 0.0000
6         M:cpu1
32        1350 0.0067 0.0047 0.0056 0.0000
5         M:cpu
32        1350 0.1016 0.0711 0.0850 0.0000
8         M:syslog
38        1350 234.0000 163.8000 195.7784 0.0000
8         M:ssh_in
32        1350 2.0000 1.4000 1.6733 0.0000
13        M:cfengine_in
32        1350 1.0000 0.7000 0.8367 0.0000
10        M:diskfree
35        1350 81.0000 56.7000 67.7695 0.0000
12        M:otherprocs
32        1350 3.0000 2.1000 2.5100 0.0000
11        M:rootprocs
35        1350 94.0000 65.8000 78.6460 0.0000
7         M:users
32        1350 4.0000 2.8000 3.3466 0.0000
3         MOY
15        M:entropy_avail
40        155 1942.5000 1359.7500 3063.3408 0.0000
12        M:mem_cached
37        155 563.3926 394.3748 532.8372 0.0000
16        M:io_writtendata
31        155 0.0825 0.0578 0.0864 0.0000
11        M:io_writes
31        155 4.0000 2.8000 4.7329 0.0000
6         M:cpu3
31        155 0.5669 0.3968 0.6668 0.0000
6         M:cpu2
31        155 0.6563 0.4594 0.7687 0.0000
6         M:cpu1
31        155 0.3965 0.2775 0.4176 0.0000
6         M:cpu0
31        155 0.9564 0.6695 1.0343 0.0000
5         M:cpu
31        155 0.6432 0.4502 0.7208 0.0000
10        M:messages
37        155 154.0000 107.8000 182.2153 0.0000
8         M:syslog
39        155 4459.5000 3121.6500 139.0279 0.0000
8         M:ssh_in
31        155 2.0000 1.4000 1.6733 0.0000
14        M:cfengine_out
31        155 0.5000 0.3500 0.5916 0.0000
13        M:cfengine_in
31        155 1.0000 0.7000 0.8367 0.0000
9         M:loadavg
31        155 0.0650 0.0455 0.0769 0.0000
10        M:diskfree
34        155 83.0000 58.1000 69.4629 0.0000
12        M:otherprocs
31        155 3.0000 2.1000 2.5100 0.0000
11        M:rootprocs
34        155 94.0000 65.8000 78.6505 0.0000
7         M:users
31        155 4.0000 2.8000 3.3466 0.0000
# send QUERY complete successful
