# delta from 1679713699 to 1679713759 at 1679713759
22        CFR: 0 1679713758 1821
3         PRD
60        Packing reports: delta,0.023295,0.054264,0.058219,1679713700
3         EXS
16        f,319,1679713644
3         MOM
15        M:entropy_avail
40        1477 1956.0000 1808.5200 491.6000 0.0000
12        M:mem_cached
38        1477 971.2031 883.6464 291.8559 0.0000
10        M:mem_free
38        1477 9659.8305 9659.8305 0.0000 0.0000
11        M:mem_total
40        1477 10529.5203 10529.5203 0.0000 0.0000
16        M:io_writtendata
32        1477 0.1416 0.1073 0.0973 0.0000
11        M:io_writes
32        1477 8.0000 6.0200 5.5975 0.0000
6         M:cpu3
32        1477 0.8394 0.6071 0.6491 0.0000
6         M:cpu2
32        1477 1.4674 1.0915 1.0576 0.0000
6         M:cpu1
32        1477 1.8789 1.3194 1.5603 0.0000
6         M:cpu0
32        1477 0.5661 0.4047 0.4506 0.0000
5         M:cpu
32        1477 1.1861 0.8544 0.9266 0.0000
10        M:messages
38        1477 308.0000 215.6000 257.6913 0.0000
8         M:syslog
38        1477 937.2801 705.2361 655.9640 0.0000
8         M:ssh_in
32        1477 2.0000 1.8200 0.6000 0.0000
14        M:cfengine_out
32        1477 1.0000 0.7000 0.8367 0.0000
13        M:cfengine_in
32        1477 1.0000 0.9100 0.3000 0.0000
9         M:loadavg
32        1477 0.0800 0.0560 0.0669 0.0000
10        M:diskfree
35        1477 80.0000 72.8000 24.0000 0.0000
12        M:otherprocs
32        1477 3.0000 2.7300 0.9000 0.0000
11        M:rootprocs
35        1477 95.0000 86.2400 29.2000 0.0000
7         M:users
32        1477 4.0000 3.6400 1.2000 0.0000
3         MOY
15        M:entropy_avail
40        155 1934.0000 1353.8000 3052.5656 0.0000
12        M:mem_cached
37        155 567.7695 397.4387 537.7864 0.0000
16        M:io_writtendata
31        155 0.0586 0.0410 0.0585 0.0000
11        M:io_writes
31        155 2.0000 1.4000 2.3664 0.0000
6         M:cpu3
31        155 0.6365 0.4455 0.7492 0.0000
6         M:cpu2
31        155 0.9225 0.6457 1.0836 0.0000
6         M:cpu1
31        155 0.4430 0.3101 0.4722 0.0000
6         M:cpu0
31        155 0.5662 0.3964 0.5767 0.0000
5         M:cpu
31        155 0.6404 0.4483 0.7176 0.0000
10        M:messages
37        155 154.0000 107.8000 182.2153 0.0000
8         M:syslog
39        155 4248.0000 2973.6000 139.0279 0.0000
8         M:ssh_in
31        155 2.0000 1.4000 1.6733 0.0000
14        M:cfengine_out
31        155 0.5000 0.3500 0.5916 0.0000
13        M:cfengine_in
31        155 1.0000 0.7000 0.8367 0.0000
9         M:loadavg
31        155 0.0500 0.0350 0.0592 0.0000
10        M:diskfree
34        155 83.0000 58.1000 69.4629 0.0000
12        M:otherprocs
31        155 3.0000 2.1000 2.5100 0.0000
11        M:rootprocs
34        155 94.0000 65.8000 78.6505 0.0000
7         M:users
31        155 4.0000 2.8000 3.3466 0.0000
# send QUERY complete successful
