# delta from 1679666058 to 1679666120 at 1679666120
22        CFR: 0 1679666119 1767
3         PRD
60        Packing reports: delta,0.034316,0.117760,0.117140,1679666059
83        Sample(/proc/sys/kernel/random/entropy_avail),0.004825,0.002328,0.002447,1679666082
3         EXS
16        f,290,1679665931
3         MOM
15        M:entropy_avail
40        1318 2197.0000 1977.6400 731.2000 0.0000
12        M:mem_cached
38        1318 831.8867 757.0087 249.5934 0.0000
10        M:mem_free
40        1318 13987.7500 12728.7729 0.0000 0.0000
11        M:mem_total
40        1318 15042.1719 13688.3764 0.0000 0.0000
16        M:io_writtendata
32        1318 0.0518 0.0629 0.0371 0.0000
11        M:io_writes
32        1318 2.0000 2.6600 2.2000 0.0000
6         M:cpu3
32        1318 0.2398 0.4380 0.6608 0.0000
6         M:cpu2
32        1318 0.2531 0.5186 0.8851 0.0000
6         M:cpu1
32        1318 0.0200 0.2660 0.8793 0.0000
6         M:cpu0
32        1318 0.0000 0.1399 0.4956 0.0000
5         M:cpu
32        1318 0.1282 0.3406 0.8067 0.0000
10        M:messages
35        1318 0.0000 65.1000 230.5283 0.0000
8         M:syslog
36        1318 89.0000 1866.4100 0.0000 0.0000
8         M:ssh_in
32        1318 2.0000 1.8200 0.6000 0.0000
14        M:cfengine_out
32        1318 0.0000 0.2100 0.7436 0.0000
13        M:cfengine_in
32        1318 1.0000 0.9100 0.3000 0.0000
9         M:loadavg
32        1318 0.0100 0.0385 0.1051 0.0000
10        M:diskfree
35        1318 81.0000 73.7100 24.3000 0.0000
12        M:otherprocs
32        1318 3.0000 2.7300 0.9000 0.0000
11        M:rootprocs
35        1318 94.0000 85.7500 27.5000 0.0000
7         M:users
32        1318 4.0000 3.6400 1.2000 0.0000
3         MOY
15        M:entropy_avail
40        155 2064.0000 1444.8000 3218.3282 0.0000
12        M:mem_cached
37        155 545.9062 382.1344 513.1096 0.0000
16        M:io_writtendata
31        155 0.0269 0.0188 0.0231 0.0000
11        M:io_writes
31        155 1.0000 0.7000 1.1832 0.0000
6         M:cpu3
31        155 0.0633 0.0443 0.0710 0.0000
6         M:cpu2
31        155 0.0899 0.0629 0.0988 0.0000
6         M:cpu1
31        155 0.0533 0.0373 0.0557 0.0000
6         M:cpu0
31        155 0.1299 0.0909 0.1145 0.0000
5         M:cpu
31        155 0.0833 0.0583 0.0705 0.0000
8         M:syslog
37        155 428.0000 299.6000 392.8143 0.0000
8         M:ssh_in
31        155 2.0000 1.4000 1.6733 0.0000
13        M:cfengine_in
31        155 1.0000 0.7000 0.8367 0.0000
10        M:diskfree
34        155 83.5000 58.4500 69.8724 0.0000
12        M:otherprocs
31        155 3.0000 2.1000 2.5100 0.0000
11        M:rootprocs
34        155 93.5000 65.4500 78.2288 0.0000
7         M:users
31        155 4.0000 2.8000 3.3466 0.0000
# send QUERY complete successful
