# delta from 1679691558 to 1679691619 at 1679691619
22        CFR: 0 1679691618 2558
3         PRD
60        Packing reports: delta,0.030296,0.056312,0.051192,1679691559
83        Sample(/proc/sys/kernel/random/entropy_avail),0.004809,0.002312,0.002273,1679691610
3         EXS
16        f,322,1679691457
3         MOM
15        M:entropy_avail
40        1403 1962.0000 1813.3500 495.5000 0.0000
41        1404 2096.0000 1467.2000 1753.6394 0.0000
12        M:mem_cached
38        1403 909.6836 827.6579 273.4191 0.0000
38        1404 909.7383 636.8168 761.1417 0.0000
10        M:mem_free
40        1403 13871.2812 12623.1744 0.0000 0.0000
39        1404 13871.0820 9709.7574 0.0000 0.0000
11        M:mem_total
40        1403 15042.1719 13688.3764 0.0000 0.0000
40        1404 15042.1719 10529.5203 0.0000 0.0000
16        M:io_writtendata
32        1403 0.1289 0.0966 0.0912 0.0000
32        1404 0.0469 0.0328 0.0392 0.0000
11        M:io_writes
32        1403 6.0000 4.6200 3.9563 0.0000
32        1404 2.0000 1.4000 1.6733 0.0000
6         M:cpu3
32        1403 2.0197 1.4390 1.6205 0.0000
32        1404 0.1199 0.0839 0.1003 0.0000
6         M:cpu2
32        1403 1.7321 1.2278 1.4066 0.0000
32        1404 0.0866 0.0606 0.0724 0.0000
6         M:cpu1
32        1403 0.5798 0.4087 0.4774 0.0000
32        1404 0.0067 0.0047 0.0056 0.0000
6         M:cpu0
32        1403 0.4000 0.2982 0.2867 0.0000
32        1404 0.0932 0.0653 0.0780 0.0000
5         M:cpu
32        1403 1.1830 0.8431 0.9484 0.0000
32        1404 0.0749 0.0524 0.0627 0.0000
10        M:messages
38        1403 310.0000 217.0000 259.3646 0.0000
8         M:syslog
40        1403 8678.0000 6123.9500 196.6151 0.0000
38        1404 235.0000 164.5000 196.6151 0.0000
8         M:ssh_in
32        1403 2.0000 1.8200 0.6000 0.0000
32        1404 2.0000 1.4000 1.6733 0.0000
14        M:cfengine_out
32        1403 1.0000 0.7000 0.8367 0.0000
13        M:cfengine_in
32        1403 1.0000 0.9100 0.3000 0.0000
32        1404 1.0000 0.7000 0.8367 0.0000
9         M:loadavg
32        1403 0.1500 0.1050 0.1255 0.0000
32        1404 0.0100 0.0070 0.0084 0.0000
10        M:diskfree
35        1403 81.0000 73.7100 24.3000 0.0000
35        1404 81.0000 56.7000 67.7695 0.0000
12        M:otherprocs
32        1403 3.0000 2.7300 0.9000 0.0000
32        1404 3.0000 2.1000 2.5100 0.0000
11        M:rootprocs
35        1403 95.0000 86.2400 29.2000 0.0000
35        1404 94.0000 65.8000 78.6460 0.0000
7         M:users
32        1403 4.0000 3.6400 1.2000 0.0000
32        1404 4.0000 2.8000 3.3466 0.0000
3         MOY
15        M:entropy_avail
40        155 1934.0000 1353.8000 3052.5656 0.0000
12        M:mem_cached
37        155 567.7695 397.4387 537.7864 0.0000
16        M:io_writtendata
31        155 0.0586 0.0410 0.0585 0.0000
11        M:io_writes
31        155 2.0000 1.4000 2.3664 0.0000
6         M:cpu3
31        155 0.6365 0.4455 0.7492 0.0000
6         M:cpu2
31        155 0.9225 0.6457 1.0836 0.0000
6         M:cpu1
31        155 0.4430 0.3101 0.4722 0.0000
6         M:cpu0
31        155 0.5662 0.3964 0.5767 0.0000
5         M:cpu
31        155 0.6404 0.4483 0.7176 0.0000
10        M:messages
37        155 154.0000 107.8000 182.2153 0.0000
8         M:syslog
39        155 4248.0000 2973.6000 139.0279 0.0000
8         M:ssh_in
31        155 2.0000 1.4000 1.6733 0.0000
14        M:cfengine_out
31        155 0.5000 0.3500 0.5916 0.0000
13        M:cfengine_in
31        155 1.0000 0.7000 0.8367 0.0000
9         M:loadavg
31        155 0.0500 0.0350 0.0592 0.0000
10        M:diskfree
34        155 83.0000 58.1000 69.4629 0.0000
12        M:otherprocs
31        155 3.0000 2.1000 2.5100 0.0000
11        M:rootprocs
34        155 94.0000 65.8000 78.6505 0.0000
7         M:users
31        155 4.0000 2.8000 3.3466 0.0000
# send QUERY complete successful
