# delta from 1679695458 to 1679695519 at 1679695519
22        CFR: 0 1679695518 2554
3         PRD
60        Packing reports: delta,0.026020,0.067706,0.066540,1679695459
83        Sample(/proc/sys/kernel/random/entropy_avail),0.004813,0.002317,0.002208,1679695514
3         EXS
16        f,319,1679695349
3         MOM
15        M:entropy_avail
40        1416 1945.0000 1798.7200 487.6000 0.0000
41        1417 2082.0000 1457.4000 1741.9262 0.0000
12        M:mem_cached
38        1416 919.1523 836.2826 276.2324 0.0000
38        1417 919.1719 643.4203 769.0344 0.0000
10        M:mem_free
38        1416 9701.2590 9701.2590 0.0000 0.0000
39        1417 13858.5859 9701.0102 0.0000 0.0000
11        M:mem_total
40        1416 10529.5203 10529.5203 0.0000 0.0000
40        1417 15042.1719 10529.5203 0.0000 0.0000
16        M:io_writtendata
32        1416 0.1045 0.0799 0.0701 0.0000
32        1417 0.0459 0.0321 0.0384 0.0000
11        M:io_writes
32        1416 4.0000 3.2200 2.3605 0.0000
32        1417 2.0000 1.4000 1.6733 0.0000
6         M:cpu3
32        1416 1.4728 1.0534 1.1709 0.0000
32        1417 0.1932 0.1352 0.1616 0.0000
6         M:cpu2
32        1416 1.7253 1.2287 1.3857 0.0000
32        1417 0.1199 0.0839 0.1003 0.0000
6         M:cpu1
32        1416 0.9926 0.6990 0.8188 0.0000
32        1417 0.0133 0.0093 0.0111 0.0000
6         M:cpu0
32        1416 0.5533 0.4069 0.4105 0.0000
32        1417 0.0133 0.0093 0.0111 0.0000
5         M:cpu
32        1416 1.1861 0.8474 0.9453 0.0000
32        1417 0.0833 0.0583 0.0697 0.0000
10        M:messages
38        1416 310.0000 217.0000 259.3646 0.0000
8         M:syslog
38        1416 889.1640 671.7648 615.7871 0.0000
38        1417 532.0000 372.4000 445.1031 0.0000
8         M:ssh_in
32        1416 2.0000 1.8200 0.6000 0.0000
32        1417 2.0000 1.4000 1.6733 0.0000
14        M:cfengine_out
32        1416 1.0000 0.7000 0.8367 0.0000
13        M:cfengine_in
32        1416 1.0000 0.9100 0.3000 0.0000
32        1417 1.0000 0.7000 0.8367 0.0000
9         M:loadavg
32        1416 0.1200 0.0840 0.1004 0.0000
32        1417 0.0100 0.0070 0.0084 0.0000
10        M:diskfree
35        1416 81.0000 73.7100 24.3000 0.0000
35        1417 81.0000 56.7000 67.7695 0.0000
12        M:otherprocs
32        1416 3.0000 2.7300 0.9000 0.0000
32        1417 3.0000 2.1000 2.5100 0.0000
11        M:rootprocs
35        1416 95.0000 86.2400 29.2000 0.0000
35        1417 94.0000 65.8000 78.6460 0.0000
7         M:users
32        1416 4.0000 3.6400 1.2000 0.0000
32        1417 4.0000 2.8000 3.3466 0.0000
3         MOY
15        M:entropy_avail
40        155 1934.0000 1353.8000 3052.5656 0.0000
12        M:mem_cached
37        155 567.7695 397.4387 537.7864 0.0000
16        M:io_writtendata
31        155 0.0586 0.0410 0.0585 0.0000
11        M:io_writes
31        155 2.0000 1.4000 2.3664 0.0000
6         M:cpu3
31        155 0.6365 0.4455 0.7492 0.0000
6         M:cpu2
31        155 0.9225 0.6457 1.0836 0.0000
6         M:cpu1
31        155 0.4430 0.3101 0.4722 0.0000
6         M:cpu0
31        155 0.5662 0.3964 0.5767 0.0000
5         M:cpu
31        155 0.6404 0.4483 0.7176 0.0000
10        M:messages
37        155 154.0000 107.8000 182.2153 0.0000
8         M:syslog
39        155 4248.0000 2973.6000 139.0279 0.0000
8         M:ssh_in
31        155 2.0000 1.4000 1.6733 0.0000
14        M:cfengine_out
31        155 0.5000 0.3500 0.5916 0.0000
13        M:cfengine_in
31        155 1.0000 0.7000 0.8367 0.0000
9         M:loadavg
31        155 0.0500 0.0350 0.0592 0.0000
10        M:diskfree
34        155 83.0000 58.1000 69.4629 0.0000
12        M:otherprocs
31        155 3.0000 2.1000 2.5100 0.0000
11        M:rootprocs
34        155 94.0000 65.8000 78.6505 0.0000
7         M:users
31        155 4.0000 2.8000 3.3466 0.0000
# send QUERY complete successful
