# delta from 1679681838 to 1679681899 at 1679681899
22        CFR: 0 1679681898 1906
3         PRD
60        Packing reports: delta,0.031838,0.101367,0.104136,1679681839
83        Sample(/proc/sys/kernel/random/entropy_avail),0.004969,0.002469,0.002286,1679681849
3         EXS
16        f,290,1679681835
3         MOM
15        M:entropy_avail
41        1371 1967.0000 1376.9000 1645.7103 0.0000
12        M:mem_cached
38        1371 878.6250 615.0375 735.1104 0.0000
10        M:mem_free
39        1371 13910.5117 9737.3582 0.0000 0.0000
11        M:mem_total
40        1371 15042.1719 10529.5203 0.0000 0.0000
16        M:io_writtendata
32        1371 0.1445 0.1012 0.1209 0.0000
11        M:io_writes
32        1371 8.0000 5.6000 6.6933 0.0000
6         M:cpu3
32        1371 1.3935 0.9755 1.1659 0.0000
6         M:cpu2
32        1371 1.3463 0.9424 1.1264 0.0000
6         M:cpu1
32        1371 1.1660 0.8162 0.9755 0.0000
6         M:cpu0
32        1371 1.0061 0.7042 0.8417 0.0000
5         M:cpu
32        1371 1.2279 0.8595 1.0274 0.0000
10        M:messages
38        1371 310.0000 217.0000 259.3646 0.0000
8         M:syslog
38        1371 8603.0000 6022.1000 0.0000 0.0000
8         M:ssh_in
32        1371 2.0000 1.4000 1.6733 0.0000
14        M:cfengine_out
32        1371 1.0000 0.7000 0.8367 0.0000
13        M:cfengine_in
32        1371 1.0000 0.7000 0.8367 0.0000
9         M:loadavg
32        1371 0.0600 0.0420 0.0502 0.0000
10        M:diskfree
35        1371 81.0000 56.7000 67.7695 0.0000
12        M:otherprocs
32        1371 3.0000 2.1000 2.5100 0.0000
11        M:rootprocs
35        1371 95.0000 66.5000 79.4827 0.0000
7         M:users
32        1371 4.0000 2.8000 3.3466 0.0000
3         MOY
15        M:entropy_avail
40        155 1934.0000 1353.8000 3052.5656 0.0000
12        M:mem_cached
37        155 567.7695 397.4387 537.7864 0.0000
16        M:io_writtendata
31        155 0.0586 0.0410 0.0585 0.0000
11        M:io_writes
31        155 2.0000 1.4000 2.3664 0.0000
6         M:cpu3
31        155 0.6365 0.4455 0.7492 0.0000
6         M:cpu2
31        155 0.9225 0.6457 1.0836 0.0000
6         M:cpu1
31        155 0.4430 0.3101 0.4722 0.0000
6         M:cpu0
31        155 0.5662 0.3964 0.5767 0.0000
5         M:cpu
31        155 0.6404 0.4483 0.7176 0.0000
10        M:messages
37        155 154.0000 107.8000 182.2153 0.0000
8         M:syslog
39        155 4248.0000 2973.6000 139.0279 0.0000
8         M:ssh_in
31        155 2.0000 1.4000 1.6733 0.0000
14        M:cfengine_out
31        155 0.5000 0.3500 0.5916 0.0000
13        M:cfengine_in
31        155 1.0000 0.7000 0.8367 0.0000
9         M:loadavg
31        155 0.0500 0.0350 0.0592 0.0000
10        M:diskfree
34        155 83.0000 58.1000 69.4629 0.0000
12        M:otherprocs
31        155 3.0000 2.1000 2.5100 0.0000
11        M:rootprocs
34        155 94.0000 65.8000 78.6505 0.0000
7         M:users
31        155 4.0000 2.8000 3.3466 0.0000
# send QUERY complete successful
