# delta from 1679678238 to 1679678300 at 1679678300
22        CFR: 0 1679678299 1906
3         PRD
60        Packing reports: delta,0.029051,0.084398,0.088084,1679678239
83        Sample(/proc/sys/kernel/random/entropy_avail),0.004897,0.002398,0.002328,1679678245
3         EXS
16        f,289,1679678220
3         MOM
15        M:entropy_avail
41        1359 1950.0000 1365.0000 1631.4871 0.0000
12        M:mem_cached
38        1359 869.9102 608.9371 727.8191 0.0000
10        M:mem_free
39        1359 13925.3242 9747.7270 0.0000 0.0000
11        M:mem_total
40        1359 15042.1719 10529.5203 0.0000 0.0000
16        M:io_writtendata
32        1359 0.1279 0.0896 0.1070 0.0000
11        M:io_writes
32        1359 6.0000 4.2000 5.0200 0.0000
6         M:cpu3
32        1359 0.7132 0.4993 0.5967 0.0000
6         M:cpu2
32        1359 2.0320 1.4224 1.7001 0.0000
6         M:cpu1
32        1359 1.1194 0.7836 0.9366 0.0000
6         M:cpu0
32        1359 1.0197 0.7138 0.8532 0.0000
5         M:cpu
32        1359 1.2196 0.8537 1.0204 0.0000
10        M:messages
38        1359 308.0000 215.6000 257.6913 0.0000
8         M:syslog
38        1359 8392.0000 5874.4000 0.0000 0.0000
8         M:ssh_in
32        1359 2.0000 1.4000 1.6733 0.0000
14        M:cfengine_out
32        1359 1.0000 0.7000 0.8367 0.0000
13        M:cfengine_in
32        1359 1.0000 0.7000 0.8367 0.0000
9         M:loadavg
32        1359 0.0500 0.0350 0.0418 0.0000
10        M:diskfree
35        1359 81.0000 56.7000 67.7695 0.0000
12        M:otherprocs
32        1359 3.0000 2.1000 2.5100 0.0000
11        M:rootprocs
35        1359 95.0000 66.5000 79.4827 0.0000
7         M:users
32        1359 4.0000 2.8000 3.3466 0.0000
3         MOY
15        M:entropy_avail
40        155 1934.0000 1353.8000 3052.5656 0.0000
12        M:mem_cached
37        155 567.7695 397.4387 537.7864 0.0000
16        M:io_writtendata
31        155 0.0586 0.0410 0.0585 0.0000
11        M:io_writes
31        155 2.0000 1.4000 2.3664 0.0000
6         M:cpu3
31        155 0.6365 0.4455 0.7492 0.0000
6         M:cpu2
31        155 0.9225 0.6457 1.0836 0.0000
6         M:cpu1
31        155 0.4430 0.3101 0.4722 0.0000
6         M:cpu0
31        155 0.5662 0.3964 0.5767 0.0000
5         M:cpu
31        155 0.6404 0.4483 0.7176 0.0000
10        M:messages
37        155 154.0000 107.8000 182.2153 0.0000
8         M:syslog
39        155 4248.0000 2973.6000 139.0279 0.0000
8         M:ssh_in
31        155 2.0000 1.4000 1.6733 0.0000
14        M:cfengine_out
31        155 0.5000 0.3500 0.5916 0.0000
13        M:cfengine_in
31        155 1.0000 0.7000 0.8367 0.0000
9         M:loadavg
31        155 0.0500 0.0350 0.0592 0.0000
10        M:diskfree
34        155 83.0000 58.1000 69.4629 0.0000
12        M:otherprocs
31        155 3.0000 2.1000 2.5100 0.0000
11        M:rootprocs
34        155 94.0000 65.8000 78.6505 0.0000
7         M:users
31        155 4.0000 2.8000 3.3466 0.0000
# send QUERY complete successful
