# delta from 1679667798 to 1679667859 at 1679667859
22        CFR: 0 1679667858 1647
3         PRD
60        Packing reports: delta,0.030034,0.129378,0.131534,1679667799
3         EXS
16        f,280,1679667709
3         MOM
15        M:entropy_avail
41        1324 1977.0000 1383.9000 1654.0769 0.0000
12        M:mem_cached
38        1324 836.3008 585.4105 699.6994 0.0000
10        M:mem_free
39        1324 13978.7305 9785.1113 0.0000 0.0000
11        M:mem_total
40        1324 15042.1719 10529.5203 0.0000 0.0000
16        M:io_writtendata
32        1324 0.1260 0.0882 0.1054 0.0000
11        M:io_writes
32        1324 6.0000 4.2000 5.0200 0.0000
6         M:cpu3
32        1324 1.0601 0.7421 0.8870 0.0000
6         M:cpu2
32        1324 1.4992 1.0494 1.2543 0.0000
6         M:cpu1
32        1324 0.9596 0.6717 0.8029 0.0000
6         M:cpu0
32        1324 1.2862 0.9003 1.0761 0.0000
5         M:cpu
32        1324 1.1980 0.8386 1.0023 0.0000
10        M:messages
38        1324 310.0000 217.0000 259.3646 0.0000
8         M:syslog
38        1324 8019.0000 5613.3000 0.0000 0.0000
8         M:ssh_in
32        1324 2.0000 1.4000 1.6733 0.0000
14        M:cfengine_out
32        1324 1.0000 0.7000 0.8367 0.0000
13        M:cfengine_in
32        1324 1.0000 0.7000 0.8367 0.0000
9         M:loadavg
32        1324 0.1000 0.0700 0.0837 0.0000
10        M:diskfree
35        1324 81.0000 56.7000 67.7695 0.0000
12        M:otherprocs
32        1324 3.0000 2.1000 2.5100 0.0000
11        M:rootprocs
35        1324 95.0000 66.5000 79.4827 0.0000
7         M:users
32        1324 4.0000 2.8000 3.3466 0.0000
3         MOY
15        M:entropy_avail
40        155 1943.0000 1360.1000 3063.9750 0.0000
12        M:mem_cached
37        155 550.2754 385.1928 518.0317 0.0000
16        M:io_writtendata
31        155 0.0239 0.0167 0.0202 0.0000
6         M:cpu3
31        155 0.0999 0.0699 0.1143 0.0000
6         M:cpu2
31        155 0.0966 0.0676 0.1067 0.0000
6         M:cpu1
31        155 0.0533 0.0373 0.0557 0.0000
6         M:cpu0
31        155 0.0933 0.0653 0.1028 0.0000
5         M:cpu
31        155 0.0841 0.0589 0.0713 0.0000
8         M:syslog
37        155 235.0000 164.5000 196.6151 0.0000
8         M:ssh_in
31        155 2.0000 1.4000 1.6733 0.0000
13        M:cfengine_in
31        155 1.0000 0.7000 0.8367 0.0000
10        M:diskfree
34        155 83.0000 58.1000 69.4629 0.0000
12        M:otherprocs
31        155 3.0000 2.1000 2.5100 0.0000
11        M:rootprocs
34        155 93.5000 65.4500 78.2288 0.0000
7         M:users
31        155 4.0000 2.8000 3.3466 0.0000
# send QUERY complete successful
