# delta from 1679683458 to 1679683519 at 1679683519
22        CFR: 0 1679683518 2523
3         PRD
60        Packing reports: delta,0.032816,0.107687,0.105814,1679683459
83        Sample(/proc/sys/kernel/random/entropy_avail),0.005509,0.003035,0.002458,1679683501
3         EXS
16        f,289,1679683336
3         MOM
15        M:entropy_avail
40        1376 1967.0000 1818.1100 496.3000 0.0000
41        1377 2100.0000 1470.0000 1756.9861 0.0000
12        M:mem_cached
38        1376 882.2578 802.7004 265.1914 0.0000
38        1377 882.2148 617.5504 738.1139 0.0000
10        M:mem_free
40        1376 13905.7031 12654.2620 0.0000 0.0000
39        1377 13905.3906 9733.7734 0.0000 0.0000
11        M:mem_total
40        1376 15042.1719 13688.3764 0.0000 0.0000
40        1377 15042.1719 10529.5203 0.0000 0.0000
16        M:io_writtendata
32        1376 0.0967 0.0915 0.0174 0.0000
32        1377 0.0439 0.0308 0.0368 0.0000
11        M:io_writes
32        1376 4.0000 4.0600 0.2000 0.0000
32        1377 2.0000 1.4000 1.6733 0.0000
6         M:cpu3
32        1376 1.0197 0.9980 0.0725 0.0000
32        1377 0.1998 0.1399 0.1672 0.0000
6         M:cpu2
32        1376 2.3651 1.9256 1.3599 0.0000
32        1377 0.1465 0.1026 0.1226 0.0000
6         M:cpu1
32        1376 0.3864 0.3712 0.0506 0.0000
6         M:cpu0
32        1376 1.0725 1.0935 0.0699 0.0000
32        1377 0.0133 0.0093 0.0111 0.0000
5         M:cpu
32        1376 1.2142 1.0980 0.3874 0.0000
32        1377 0.0899 0.0629 0.0752 0.0000
10        M:messages
37        1376 310.0000 282.1000 93.0000 0.0000
8         M:syslog
41        1376 7729.0000 7082.3200 1803.5044 0.0000
35        1377 89.0000 62.3000 74.4627 0.0000
8         M:ssh_in
32        1376 2.0000 1.8200 0.6000 0.0000
32        1377 2.0000 1.4000 1.6733 0.0000
14        M:cfengine_out
32        1376 1.0000 0.7000 0.8367 0.0000
13        M:cfengine_in
32        1376 1.0000 0.9100 0.3000 0.0000
32        1377 1.0000 0.7000 0.8367 0.0000
9         M:loadavg
32        1376 0.0000 0.0021 0.0074 0.0000
32        1377 0.0400 0.0280 0.0335 0.0000
10        M:diskfree
35        1376 81.0000 73.7100 24.3000 0.0000
35        1377 81.0000 56.7000 67.7695 0.0000
12        M:otherprocs
32        1376 3.0000 2.7300 0.9000 0.0000
32        1377 3.0000 2.1000 2.5100 0.0000
11        M:rootprocs
35        1376 95.0000 86.2400 29.2000 0.0000
35        1377 94.0000 65.8000 78.6460 0.0000
7         M:users
32        1376 4.0000 3.6400 1.2000 0.0000
32        1377 4.0000 2.8000 3.3466 0.0000
3         MOY
15        M:entropy_avail
40        155 1934.0000 1353.8000 3052.5656 0.0000
12        M:mem_cached
37        155 567.7695 397.4387 537.7864 0.0000
16        M:io_writtendata
31        155 0.0586 0.0410 0.0585 0.0000
11        M:io_writes
31        155 2.0000 1.4000 2.3664 0.0000
6         M:cpu3
31        155 0.6365 0.4455 0.7492 0.0000
6         M:cpu2
31        155 0.9225 0.6457 1.0836 0.0000
6         M:cpu1
31        155 0.4430 0.3101 0.4722 0.0000
6         M:cpu0
31        155 0.5662 0.3964 0.5767 0.0000
5         M:cpu
31        155 0.6404 0.4483 0.7176 0.0000
10        M:messages
37        155 154.0000 107.8000 182.2153 0.0000
8         M:syslog
39        155 4248.0000 2973.6000 139.0279 0.0000
8         M:ssh_in
31        155 2.0000 1.4000 1.6733 0.0000
14        M:cfengine_out
31        155 0.5000 0.3500 0.5916 0.0000
13        M:cfengine_in
31        155 1.0000 0.7000 0.8367 0.0000
9         M:loadavg
31        155 0.0500 0.0350 0.0592 0.0000
10        M:diskfree
34        155 83.0000 58.1000 69.4629 0.0000
12        M:otherprocs
31        155 3.0000 2.1000 2.5100 0.0000
11        M:rootprocs
34        155 94.0000 65.8000 78.6505 0.0000
7         M:users
31        155 4.0000 2.8000 3.3466 0.0000
# send QUERY complete successful
