# delta from 1679686758 to 1679686819 at 1679686819
22        CFR: 0 1679686818 2494
3         PRD
60        Packing reports: delta,0.034602,0.119729,0.120653,1679686759
83        Sample(/proc/sys/kernel/random/entropy_avail),0.006423,0.004126,0.008314,1679686805
3         EXS
16        f,289,1679686616
3         MOM
15        M:entropy_avail
40        1387 1970.0000 1820.0000 500.0000 0.0000
41        1388 2101.0000 1470.7000 1757.8227 0.0000
12        M:mem_cached
38        1387 898.1758 817.1743 270.0051 0.0000
38        1388 898.1484 628.7039 751.4449 0.0000
10        M:mem_free
40        1387 13887.7344 12638.1738 0.0000 0.0000
39        1388 13887.6875 9721.3812 0.0000 0.0000
11        M:mem_total
40        1387 15042.1719 13688.3764 0.0000 0.0000
40        1388 15042.1719 10529.5203 0.0000 0.0000
16        M:io_writtendata
32        1387 0.1631 0.1230 0.1135 0.0000
32        1388 0.0303 0.0212 0.0253 0.0000
11        M:io_writes
32        1387 8.0000 6.0200 5.5975 0.0000
32        1388 2.0000 1.4000 1.6733 0.0000
6         M:cpu3
32        1387 0.8197 0.5934 0.6327 0.0000
32        1388 0.1132 0.0793 0.0947 0.0000
6         M:cpu2
32        1387 0.8200 0.6132 0.5831 0.0000
32        1388 0.1931 0.1352 0.1616 0.0000
6         M:cpu1
32        1387 2.0396 1.4277 1.7064 0.0000
6         M:cpu0
32        1387 1.2663 0.9060 1.0058 0.0000
32        1388 0.0999 0.0699 0.0836 0.0000
5         M:cpu
32        1387 1.2364 0.8858 0.9789 0.0000
32        1388 0.0982 0.0688 0.0822 0.0000
10        M:messages
38        1387 310.0000 217.0000 259.3646 0.0000
8         M:syslog
40        1387 8445.0000 5960.8500 196.6151 0.0000
38        1388 235.0000 164.5000 196.6151 0.0000
8         M:ssh_in
32        1387 2.0000 1.8200 0.6000 0.0000
32        1388 2.0000 1.4000 1.6733 0.0000
14        M:cfengine_out
32        1387 1.0000 0.7000 0.8367 0.0000
13        M:cfengine_in
32        1387 1.0000 0.9100 0.3000 0.0000
32        1388 1.0000 0.7000 0.8367 0.0000
9         M:loadavg
32        1387 0.0400 0.0280 0.0335 0.0000
10        M:diskfree
35        1387 81.0000 73.7100 24.3000 0.0000
35        1388 81.0000 56.7000 67.7695 0.0000
12        M:otherprocs
32        1387 3.0000 2.7300 0.9000 0.0000
32        1388 3.0000 2.1000 2.5100 0.0000
11        M:rootprocs
35        1387 95.0000 86.2400 29.2000 0.0000
35        1388 94.0000 65.8000 78.6460 0.0000
7         M:users
32        1387 4.0000 3.6400 1.2000 0.0000
32        1388 4.0000 2.8000 3.3466 0.0000
3         MOY
15        M:entropy_avail
40        155 1934.0000 1353.8000 3052.5656 0.0000
12        M:mem_cached
37        155 567.7695 397.4387 537.7864 0.0000
16        M:io_writtendata
31        155 0.0586 0.0410 0.0585 0.0000
11        M:io_writes
31        155 2.0000 1.4000 2.3664 0.0000
6         M:cpu3
31        155 0.6365 0.4455 0.7492 0.0000
6         M:cpu2
31        155 0.9225 0.6457 1.0836 0.0000
6         M:cpu1
31        155 0.4430 0.3101 0.4722 0.0000
6         M:cpu0
31        155 0.5662 0.3964 0.5767 0.0000
5         M:cpu
31        155 0.6404 0.4483 0.7176 0.0000
10        M:messages
37        155 154.0000 107.8000 182.2153 0.0000
8         M:syslog
39        155 4248.0000 2973.6000 139.0279 0.0000
8         M:ssh_in
31        155 2.0000 1.4000 1.6733 0.0000
14        M:cfengine_out
31        155 0.5000 0.3500 0.5916 0.0000
13        M:cfengine_in
31        155 1.0000 0.7000 0.8367 0.0000
9         M:loadavg
31        155 0.0500 0.0350 0.0592 0.0000
10        M:diskfree
34        155 83.0000 58.1000 69.4629 0.0000
12        M:otherprocs
31        155 3.0000 2.1000 2.5100 0.0000
11        M:rootprocs
34        155 94.0000 65.8000 78.6505 0.0000
7         M:users
31        155 4.0000 2.8000 3.3466 0.0000
# send QUERY complete successful
