# delta from 1679660958 to 1679661019 at 1679661019
22        CFR: 0 1679661018 1908
3         PRD
60        Packing reports: delta,0.035021,0.122647,0.124809,1679660959
83        Sample(/proc/sys/kernel/random/entropy_avail),0.004933,0.002434,0.002490,1679660975
3         EXS
16        f,158,1679660919
3         MOM
15        M:entropy_avail
40        1301 2613.0000 2350.3200 875.6000 0.0000
12        M:mem_cached
38        1301 819.8750 745.9000 246.5832 0.0000
10        M:mem_free
38        1301 9809.7180 9809.7180 0.0000 0.0000
11        M:mem_total
40        1301 10529.5203 10529.5203 0.0000 0.0000
16        M:io_writtendata
32        1301 0.2061 0.1645 0.1240 0.0000
11        M:io_writes
33        1301 12.0000 9.2400 7.9125 0.0000
6         M:cpu3
32        1301 2.1478 1.7751 1.1966 0.0000
6         M:cpu2
32        1301 2.0053 1.8402 0.5506 0.0000
6         M:cpu1
32        1301 1.3468 1.2673 0.2650 0.0000
6         M:cpu0
32        1301 0.7466 0.9716 0.7500 0.0000
5         M:cpu
32        1301 1.5600 1.4628 0.3241 0.0000
10        M:messages
39        1301 1265.3953 977.1267 828.2880 0.0000
8         M:syslog
40        1301 9451.0598 9147.9218 845.4113 0.0000
8         M:ssh_in
32        1301 2.0000 1.8200 0.6000 0.0000
14        M:cfengine_out
32        1301 0.0000 0.2100 0.7436 0.0000
13        M:cfengine_in
32        1301 1.0000 0.9100 0.3000 0.0000
9         M:loadavg
32        1301 0.0500 0.0476 0.0080 0.0000
10        M:diskfree
35        1301 82.0000 74.6200 24.6000 0.0000
12        M:otherprocs
32        1301 3.0000 2.7300 0.9000 0.0000
11        M:rootprocs
35        1301 94.0000 85.7500 27.5000 0.0000
7         M:users
32        1301 4.0000 3.6400 1.2000 0.0000
3         MOY
15        M:entropy_avail
40        155 2267.5000 1587.2500 3481.4590 0.0000
12        M:mem_cached
37        155 542.2402 379.5682 508.9834 0.0000
16        M:io_writtendata
31        155 0.0767 0.0537 0.0795 0.0000
11        M:io_writes
31        155 3.0000 2.1000 3.5496 0.0000
6         M:cpu3
31        155 0.7130 0.4991 0.8398 0.0000
6         M:cpu2
31        155 0.9601 0.6720 1.1281 0.0000
6         M:cpu1
31        155 0.9157 0.6410 1.0298 0.0000
6         M:cpu0
31        155 1.0603 0.7422 1.1567 0.0000
5         M:cpu
31        155 0.9114 0.6380 1.0379 0.0000
10        M:messages
37        155 217.5000 152.2500 257.3495 0.0000
8         M:syslog
39        155 6509.5000 4556.6500 139.0279 0.0000
8         M:ssh_in
31        155 2.0000 1.4000 1.6733 0.0000
14        M:cfengine_out
31        155 0.5000 0.3500 0.5916 0.0000
13        M:cfengine_in
31        155 1.0000 0.7000 0.8367 0.0000
9         M:loadavg
31        155 0.0750 0.0525 0.0887 0.0000
10        M:diskfree
34        155 83.5000 58.4500 69.8724 0.0000
12        M:otherprocs
31        155 3.0000 2.1000 2.5100 0.0000
11        M:rootprocs
34        155 94.0000 65.8000 78.6505 0.0000
7         M:users
31        155 4.0000 2.8000 3.3466 0.0000
# send QUERY complete successful
