# delta from 1679669598 to 1679669659 at 1679669659
22        CFR: 0 1679669658 1436
3         PRD
60        Packing reports: delta,0.031062,0.138070,0.142348,1679669599
3         EXS
16        f,319,1679669547
3         MOM
15        M:entropy_avail
41        1330 1940.0000 1358.0000 1623.1205 0.0000
12        M:mem_cached
38        1330 839.9727 587.9809 702.7715 0.0000
10        M:mem_free
39        1330 13972.3789 9780.6652 0.0000 0.0000
11        M:mem_total
40        1330 15042.1719 10529.5203 0.0000 0.0000
16        M:io_writtendata
32        1330 0.0293 0.0205 0.0245 0.0000
11        M:io_writes
32        1330 2.0000 1.4000 1.6733 0.0000
6         M:cpu3
32        1330 0.1932 0.1352 0.1616 0.0000
6         M:cpu2
32        1330 0.2064 0.1445 0.1727 0.0000
5         M:cpu
32        1330 0.0999 0.0699 0.0836 0.0000
8         M:syslog
38        1330 235.0000 164.5000 196.6151 0.0000
8         M:ssh_in
32        1330 2.0000 1.4000 1.6733 0.0000
13        M:cfengine_in
32        1330 1.0000 0.7000 0.8367 0.0000
10        M:diskfree
35        1330 81.0000 56.7000 67.7695 0.0000
12        M:otherprocs
32        1330 3.0000 2.1000 2.5100 0.0000
11        M:rootprocs
35        1330 94.0000 65.8000 78.6460 0.0000
7         M:users
32        1330 4.0000 2.8000 3.3466 0.0000
3         MOY
15        M:entropy_avail
40        155 1943.0000 1360.1000 3063.9750 0.0000
12        M:mem_cached
37        155 550.2754 385.1928 518.0317 0.0000
16        M:io_writtendata
31        155 0.0239 0.0167 0.0202 0.0000
6         M:cpu3
31        155 0.0999 0.0699 0.1143 0.0000
6         M:cpu2
31        155 0.0966 0.0676 0.1067 0.0000
6         M:cpu1
31        155 0.0533 0.0373 0.0557 0.0000
6         M:cpu0
31        155 0.0933 0.0653 0.1028 0.0000
5         M:cpu
31        155 0.0841 0.0589 0.0713 0.0000
8         M:syslog
37        155 235.0000 164.5000 196.6151 0.0000
8         M:ssh_in
31        155 2.0000 1.4000 1.6733 0.0000
13        M:cfengine_in
31        155 1.0000 0.7000 0.8367 0.0000
10        M:diskfree
34        155 83.0000 58.1000 69.4629 0.0000
12        M:otherprocs
31        155 3.0000 2.1000 2.5100 0.0000
11        M:rootprocs
34        155 93.5000 65.4500 78.2288 0.0000
7         M:users
31        155 4.0000 2.8000 3.3466 0.0000
# send QUERY complete successful
