# delta from 1679678058 to 1679678119 at 1679678119
22        CFR: 0 1679678118 1901
3         PRD
60        Packing reports: delta,0.028802,0.082957,0.082987,1679678059
83        Sample(/proc/sys/kernel/random/entropy_avail),0.004928,0.002428,0.002216,1679678095
3         EXS
16        f,319,1679677943
3         MOM
15        M:entropy_avail
40        1358 2085.0000 1869.2100 719.3000 0.0000
12        M:mem_cached
38        1358 869.1484 790.9152 260.7773 0.0000
10        M:mem_free
40        1358 13926.9102 12673.5022 0.0000 0.0000
11        M:mem_total
40        1358 15042.1719 13688.3764 0.0000 0.0000
16        M:io_writtendata
32        1358 0.0459 0.0524 0.0218 0.0000
11        M:io_writes
32        1358 2.0000 2.2400 0.8000 0.0000
6         M:cpu3
32        1358 0.1998 0.4058 0.6866 0.0000
6         M:cpu2
32        1358 0.1265 0.4732 1.2804 0.0000
6         M:cpu1
32        1358 0.0067 0.1711 0.5851 0.0000
6         M:cpu0
32        1358 0.0000 0.2015 0.7134 0.0000
5         M:cpu
32        1358 0.0849 0.3137 0.8457 0.0000
10        M:messages
35        1358 0.0000 64.6800 229.0410 0.0000
8         M:syslog
36        1358 89.0000 1797.1100 0.0000 0.0000
8         M:ssh_in
32        1358 2.0000 1.8200 0.6000 0.0000
14        M:cfengine_out
32        1358 0.0000 0.2100 0.7436 0.0000
13        M:cfengine_in
32        1358 1.0000 0.9100 0.3000 0.0000
9         M:loadavg
32        1358 0.0100 0.0280 0.0680 0.0000
10        M:diskfree
35        1358 81.0000 73.7100 24.3000 0.0000
12        M:otherprocs
32        1358 3.0000 2.7300 0.9000 0.0000
11        M:rootprocs
35        1358 94.0000 85.7500 27.5000 0.0000
7         M:users
32        1358 4.0000 3.6400 1.2000 0.0000
3         MOY
15        M:entropy_avail
40        155 1934.0000 1353.8000 3052.5656 0.0000
12        M:mem_cached
37        155 567.7695 397.4387 537.7864 0.0000
16        M:io_writtendata
31        155 0.0586 0.0410 0.0585 0.0000
11        M:io_writes
31        155 2.0000 1.4000 2.3664 0.0000
6         M:cpu3
31        155 0.6365 0.4455 0.7492 0.0000
6         M:cpu2
31        155 0.9225 0.6457 1.0836 0.0000
6         M:cpu1
31        155 0.4430 0.3101 0.4722 0.0000
6         M:cpu0
31        155 0.5662 0.3964 0.5767 0.0000
5         M:cpu
31        155 0.6404 0.4483 0.7176 0.0000
10        M:messages
37        155 154.0000 107.8000 182.2153 0.0000
8         M:syslog
39        155 4248.0000 2973.6000 139.0279 0.0000
8         M:ssh_in
31        155 2.0000 1.4000 1.6733 0.0000
14        M:cfengine_out
31        155 0.5000 0.3500 0.5916 0.0000
13        M:cfengine_in
31        155 1.0000 0.7000 0.8367 0.0000
9         M:loadavg
31        155 0.0500 0.0350 0.0592 0.0000
10        M:diskfree
34        155 83.0000 58.1000 69.4629 0.0000
12        M:otherprocs
31        155 3.0000 2.1000 2.5100 0.0000
11        M:rootprocs
34        155 94.0000 65.8000 78.6505 0.0000
7         M:users
31        155 4.0000 2.8000 3.3466 0.0000
# send QUERY complete successful
