# delta from 1679698758 to 1679698819 at 1679698819
22        CFR: 0 1679698818 2494
3         PRD
60        Packing reports: delta,0.028158,0.079285,0.078459,1679698759
83        Sample(/proc/sys/kernel/random/entropy_avail),0.004781,0.002286,0.002275,1679698818
3         EXS
16        f,289,1679698628
3         MOM
15        M:entropy_avail
40        1427 1954.0000 1806.4900 491.7000 0.0000
41        1428 2085.0000 1459.5000 1744.4362 0.0000
12        M:mem_cached
38        1427 927.0781 843.4811 278.6566 0.0000
38        1428 927.0391 648.9273 775.6165 0.0000
10        M:mem_free
40        1427 13847.4531 12601.4826 0.0000 0.0000
39        1428 13848.3086 9693.8160 0.0000 0.0000
11        M:mem_total
40        1427 15042.1719 13688.3764 0.0000 0.0000
40        1428 15042.1719 10529.5203 0.0000 0.0000
16        M:io_writtendata
32        1427 0.1631 0.1234 0.1125 0.0000
32        1428 0.0283 0.0198 0.0237 0.0000
11        M:io_writes
32        1427 8.0000 6.0200 5.5975 0.0000
32        1428 2.0000 1.4000 1.6733 0.0000
6         M:cpu3
32        1427 2.0728 1.4705 1.6801 0.0000
32        1428 0.1132 0.0793 0.0947 0.0000
6         M:cpu2
32        1427 1.1992 0.8646 0.9347 0.0000
32        1428 0.1332 0.0932 0.1114 0.0000
6         M:cpu1
32        1427 1.0603 0.7450 0.8793 0.0000
6         M:cpu0
32        1427 0.4798 0.3554 0.3495 0.0000
32        1428 0.0932 0.0653 0.0780 0.0000
5         M:cpu
32        1427 1.2014 0.8578 0.9590 0.0000
32        1428 0.0849 0.0594 0.0710 0.0000
10        M:messages
38        1427 310.0000 217.0000 259.3646 0.0000
8         M:syslog
40        1427 8407.0000 5934.2500 196.6151 0.0000
38        1428 235.0000 164.5000 196.6151 0.0000
8         M:ssh_in
32        1427 2.0000 1.8200 0.6000 0.0000
32        1428 2.0000 1.4000 1.6733 0.0000
14        M:cfengine_out
32        1427 1.0000 0.7000 0.8367 0.0000
13        M:cfengine_in
32        1427 1.0000 0.9100 0.3000 0.0000
32        1428 1.0000 0.7000 0.8367 0.0000
9         M:loadavg
32        1427 0.0400 0.0301 0.0280 0.0000
10        M:diskfree
35        1427 80.0000 72.8000 24.0000 0.0000
35        1428 80.0000 56.0000 66.9328 0.0000
12        M:otherprocs
32        1427 3.0000 2.7300 0.9000 0.0000
32        1428 3.0000 2.1000 2.5100 0.0000
11        M:rootprocs
35        1427 95.0000 86.2400 29.2000 0.0000
35        1428 94.0000 65.8000 78.6460 0.0000
7         M:users
32        1427 4.0000 3.6400 1.2000 0.0000
32        1428 4.0000 2.8000 3.3466 0.0000
3         MOY
15        M:entropy_avail
40        155 1934.0000 1353.8000 3052.5656 0.0000
12        M:mem_cached
37        155 567.7695 397.4387 537.7864 0.0000
16        M:io_writtendata
31        155 0.0586 0.0410 0.0585 0.0000
11        M:io_writes
31        155 2.0000 1.4000 2.3664 0.0000
6         M:cpu3
31        155 0.6365 0.4455 0.7492 0.0000
6         M:cpu2
31        155 0.9225 0.6457 1.0836 0.0000
6         M:cpu1
31        155 0.4430 0.3101 0.4722 0.0000
6         M:cpu0
31        155 0.5662 0.3964 0.5767 0.0000
5         M:cpu
31        155 0.6404 0.4483 0.7176 0.0000
10        M:messages
37        155 154.0000 107.8000 182.2153 0.0000
8         M:syslog
39        155 4248.0000 2973.6000 139.0279 0.0000
8         M:ssh_in
31        155 2.0000 1.4000 1.6733 0.0000
14        M:cfengine_out
31        155 0.5000 0.3500 0.5916 0.0000
13        M:cfengine_in
31        155 1.0000 0.7000 0.8367 0.0000
9         M:loadavg
31        155 0.0500 0.0350 0.0592 0.0000
10        M:diskfree
34        155 83.0000 58.1000 69.4629 0.0000
12        M:otherprocs
31        155 3.0000 2.1000 2.5100 0.0000
11        M:rootprocs
34        155 94.0000 65.8000 78.6505 0.0000
7         M:users
31        155 4.0000 2.8000 3.3466 0.0000
# send QUERY complete successful
