# delta from 1679724259 to 1679724319 at 1679724319
22        CFR: 0 1679724318 1823
3         PRD
60        Packing reports: delta,0.031850,0.101443,0.103204,1679724260
3         EXS
16        f,322,1679724155
3         MOM
15        M:entropy_avail
40        1512 1942.0000 1795.7800 487.4000 0.0000
12        M:mem_cached
39        1512 1004.5586 913.9941 301.8816 0.0000
10        M:mem_free
38        1512 9632.8996 9632.8996 0.0000 0.0000
11        M:mem_total
40        1512 10529.5203 10529.5203 0.0000 0.0000
16        M:io_writtendata
32        1512 0.1572 0.1176 0.1116 0.0000
11        M:io_writes
32        1512 8.0000 6.0200 5.5975 0.0000
6         M:cpu3
32        1512 0.7595 0.5344 0.6277 0.0000
6         M:cpu2
32        1512 1.3541 1.0458 0.8860 0.0000
6         M:cpu1
32        1512 1.6526 1.1582 1.3787 0.0000
6         M:cpu0
32        1512 1.0199 0.7139 0.8533 0.0000
5         M:cpu
32        1512 1.1948 0.8626 0.9283 0.0000
10        M:messages
38        1512 310.0000 217.0000 259.3646 0.0000
8         M:syslog
39        1512 1020.7766 763.8936 724.4612 0.0000
8         M:ssh_in
32        1512 2.0000 1.8200 0.6000 0.0000
14        M:cfengine_out
32        1512 1.0000 0.7000 0.8367 0.0000
13        M:cfengine_in
32        1512 1.0000 0.9100 0.3000 0.0000
9         M:loadavg
32        1512 0.0400 0.0280 0.0335 0.0000
10        M:diskfree
35        1512 80.0000 72.8000 24.0000 0.0000
12        M:otherprocs
32        1512 3.0000 2.7300 0.9000 0.0000
11        M:rootprocs
35        1512 95.0000 86.2400 29.2000 0.0000
7         M:users
32        1512 4.0000 3.6400 1.2000 0.0000
3         MOY
15        M:entropy_avail
40        155 1934.0000 1353.8000 3052.5656 0.0000
12        M:mem_cached
37        155 567.7695 397.4387 537.7864 0.0000
16        M:io_writtendata
31        155 0.0586 0.0410 0.0585 0.0000
11        M:io_writes
31        155 2.0000 1.4000 2.3664 0.0000
6         M:cpu3
31        155 0.6365 0.4455 0.7492 0.0000
6         M:cpu2
31        155 0.9225 0.6457 1.0836 0.0000
6         M:cpu1
31        155 0.4430 0.3101 0.4722 0.0000
6         M:cpu0
31        155 0.5662 0.3964 0.5767 0.0000
5         M:cpu
31        155 0.6404 0.4483 0.7176 0.0000
10        M:messages
37        155 154.0000 107.8000 182.2153 0.0000
8         M:syslog
39        155 4248.0000 2973.6000 139.0279 0.0000
8         M:ssh_in
31        155 2.0000 1.4000 1.6733 0.0000
14        M:cfengine_out
31        155 0.5000 0.3500 0.5916 0.0000
13        M:cfengine_in
31        155 1.0000 0.7000 0.8367 0.0000
9         M:loadavg
31        155 0.0500 0.0350 0.0592 0.0000
10        M:diskfree
34        155 83.0000 58.1000 69.4629 0.0000
12        M:otherprocs
31        155 3.0000 2.1000 2.5100 0.0000
11        M:rootprocs
34        155 94.0000 65.8000 78.6505 0.0000
7         M:users
31        155 4.0000 2.8000 3.3466 0.0000
# send QUERY complete successful
