# delta from 1679696958 to 1679697019 at 1679697019
22        CFR: 0 1679697018 2554
3         PRD
60        Packing reports: delta,0.026660,0.071077,0.070529,1679696959
83        Sample(/proc/sys/kernel/random/entropy_avail),0.004853,0.002355,0.002199,1679697016
3         EXS
16        f,319,1679696850
3         MOM
15        M:entropy_avail
40        1421 1948.0000 1801.4500 488.5000 0.0000
41        1422 2085.0000 1459.5000 1744.4362 0.0000
12        M:mem_cached
38        1421 922.6758 839.4914 277.2812 0.0000
38        1422 922.6992 645.8895 771.9856 0.0000
10        M:mem_free
38        1421 9698.7980 9698.7980 0.0000 0.0000
39        1422 13853.9805 9697.7863 0.0000 0.0000
11        M:mem_total
40        1421 10529.5203 10529.5203 0.0000 0.0000
40        1422 15042.1719 10529.5203 0.0000 0.0000
16        M:io_writtendata
32        1421 0.1025 0.0781 0.0695 0.0000
32        1422 0.0420 0.0294 0.0351 0.0000
11        M:io_writes
32        1421 6.0000 4.6200 3.9563 0.0000
32        1422 2.0000 1.4000 1.6733 0.0000
6         M:cpu3
32        1421 1.2200 0.8736 0.9671 0.0000
32        1422 0.1865 0.1306 0.1560 0.0000
6         M:cpu2
32        1421 1.7655 1.2596 1.4118 0.0000
32        1422 0.1066 0.0746 0.0892 0.0000
6         M:cpu1
32        1421 1.3322 0.9395 1.0952 0.0000
32        1422 0.0067 0.0047 0.0056 0.0000
6         M:cpu0
32        1421 0.4265 0.3167 0.3087 0.0000
32        1422 0.0133 0.0093 0.0111 0.0000
5         M:cpu
32        1421 1.1861 0.8477 0.9443 0.0000
32        1422 0.0766 0.0536 0.0641 0.0000
10        M:messages
38        1421 310.0000 217.0000 259.3646 0.0000
8         M:syslog
38        1421 924.1088 696.2262 644.5938 0.0000
38        1422 235.0000 164.5000 196.6151 0.0000
8         M:ssh_in
32        1421 2.0000 1.8200 0.6000 0.0000
32        1422 2.0000 1.4000 1.6733 0.0000
14        M:cfengine_out
32        1421 1.0000 0.7000 0.8367 0.0000
13        M:cfengine_in
32        1421 1.0000 0.9100 0.3000 0.0000
32        1422 1.0000 0.7000 0.8367 0.0000
9         M:loadavg
32        1421 0.1200 0.0861 0.0947 0.0000
32        1422 0.0100 0.0070 0.0084 0.0000
10        M:diskfree
35        1421 80.0000 73.0100 23.3000 0.0000
35        1422 80.0000 56.0000 66.9328 0.0000
12        M:otherprocs
32        1421 3.0000 2.7300 0.9000 0.0000
32        1422 3.0000 2.1000 2.5100 0.0000
11        M:rootprocs
35        1421 95.0000 86.2400 29.2000 0.0000
35        1422 94.0000 65.8000 78.6460 0.0000
7         M:users
32        1421 4.0000 3.6400 1.2000 0.0000
32        1422 4.0000 2.8000 3.3466 0.0000
3         MOY
15        M:entropy_avail
40        155 1934.0000 1353.8000 3052.5656 0.0000
12        M:mem_cached
37        155 567.7695 397.4387 537.7864 0.0000
16        M:io_writtendata
31        155 0.0586 0.0410 0.0585 0.0000
11        M:io_writes
31        155 2.0000 1.4000 2.3664 0.0000
6         M:cpu3
31        155 0.6365 0.4455 0.7492 0.0000
6         M:cpu2
31        155 0.9225 0.6457 1.0836 0.0000
6         M:cpu1
31        155 0.4430 0.3101 0.4722 0.0000
6         M:cpu0
31        155 0.5662 0.3964 0.5767 0.0000
5         M:cpu
31        155 0.6404 0.4483 0.7176 0.0000
10        M:messages
37        155 154.0000 107.8000 182.2153 0.0000
8         M:syslog
39        155 4248.0000 2973.6000 139.0279 0.0000
8         M:ssh_in
31        155 2.0000 1.4000 1.6733 0.0000
14        M:cfengine_out
31        155 0.5000 0.3500 0.5916 0.0000
13        M:cfengine_in
31        155 1.0000 0.7000 0.8367 0.0000
9         M:loadavg
31        155 0.0500 0.0350 0.0592 0.0000
10        M:diskfree
34        155 83.0000 58.1000 69.4629 0.0000
12        M:otherprocs
31        155 3.0000 2.1000 2.5100 0.0000
11        M:rootprocs
34        155 94.0000 65.8000 78.6505 0.0000
7         M:users
31        155 4.0000 2.8000 3.3466 0.0000
# send QUERY complete successful
