# delta from 1679685859 to 1679685919 at 1679685919
22        CFR: 0 1679685918 2557
3         PRD
60        Packing reports: delta,0.033747,0.113888,0.112019,1679685860
83        Sample(/proc/sys/kernel/random/entropy_avail),0.004949,0.002449,0.002288,1679685904
3         EXS
16        f,289,1679685727
3         MOM
15        M:entropy_avail
40        1384 1966.0000 1817.2000 496.0000 0.0000
41        1385 2099.0000 1469.3000 1756.1494 0.0000
12        M:mem_cached
38        1384 895.9766 815.1845 269.3070 0.0000
38        1385 895.9297 627.1508 749.5886 0.0000
10        M:mem_free
38        1384 9723.4211 9723.4211 0.0000 0.0000
39        1385 13890.8633 9723.6043 0.0000 0.0000
11        M:mem_total
40        1384 10529.5203 10529.5203 0.0000 0.0000
40        1385 15042.1719 10529.5203 0.0000 0.0000
16        M:io_writtendata
32        1384 0.1162 0.0908 0.0738 0.0000
32        1385 0.0381 0.0267 0.0319 0.0000
11        M:io_writes
32        1384 6.0000 4.6200 3.9563 0.0000
32        1385 2.0000 1.4000 1.6733 0.0000
6         M:cpu3
32        1384 1.2193 0.8759 0.9589 0.0000
32        1385 0.0933 0.0653 0.0780 0.0000
6         M:cpu2
32        1384 1.3923 1.0082 1.0738 0.0000
32        1385 0.1865 0.1305 0.1560 0.0000
6         M:cpu1
32        1384 1.6060 1.1256 1.3398 0.0000
32        1385 0.0067 0.0047 0.0056 0.0000
6         M:cpu0
32        1384 0.6197 0.4575 0.4551 0.0000
32        1385 0.0999 0.0699 0.0836 0.0000
5         M:cpu
32        1384 1.2110 0.8676 0.9586 0.0000
32        1385 0.0949 0.0664 0.0794 0.0000
10        M:messages
38        1384 310.0000 217.0000 259.3646 0.0000
8         M:syslog
41        1384 1966.1434 1506.7104 1312.5196 0.0000
38        1385 235.0000 164.5000 196.6151 0.0000
8         M:ssh_in
32        1384 2.0000 1.8200 0.6000 0.0000
32        1385 2.0000 1.4000 1.6733 0.0000
14        M:cfengine_out
32        1384 1.0000 0.7000 0.8367 0.0000
13        M:cfengine_in
32        1384 1.0000 0.9100 0.3000 0.0000
32        1385 1.0000 0.7000 0.8367 0.0000
9         M:loadavg
32        1384 0.1000 0.0700 0.0837 0.0000
32        1385 0.0100 0.0070 0.0084 0.0000
10        M:diskfree
35        1384 81.0000 73.7100 24.3000 0.0000
35        1385 81.0000 56.7000 67.7695 0.0000
12        M:otherprocs
32        1384 3.0000 2.7300 0.9000 0.0000
32        1385 3.0000 2.1000 2.5100 0.0000
11        M:rootprocs
35        1384 95.0000 86.2400 29.2000 0.0000
35        1385 94.0000 65.8000 78.6460 0.0000
7         M:users
32        1384 4.0000 3.6400 1.2000 0.0000
32        1385 4.0000 2.8000 3.3466 0.0000
3         MOY
15        M:entropy_avail
40        155 1934.0000 1353.8000 3052.5656 0.0000
12        M:mem_cached
37        155 567.7695 397.4387 537.7864 0.0000
16        M:io_writtendata
31        155 0.0586 0.0410 0.0585 0.0000
11        M:io_writes
31        155 2.0000 1.4000 2.3664 0.0000
6         M:cpu3
31        155 0.6365 0.4455 0.7492 0.0000
6         M:cpu2
31        155 0.9225 0.6457 1.0836 0.0000
6         M:cpu1
31        155 0.4430 0.3101 0.4722 0.0000
6         M:cpu0
31        155 0.5662 0.3964 0.5767 0.0000
5         M:cpu
31        155 0.6404 0.4483 0.7176 0.0000
10        M:messages
37        155 154.0000 107.8000 182.2153 0.0000
8         M:syslog
39        155 4248.0000 2973.6000 139.0279 0.0000
8         M:ssh_in
31        155 2.0000 1.4000 1.6733 0.0000
14        M:cfengine_out
31        155 0.5000 0.3500 0.5916 0.0000
13        M:cfengine_in
31        155 1.0000 0.7000 0.8367 0.0000
9         M:loadavg
31        155 0.0500 0.0350 0.0592 0.0000
10        M:diskfree
34        155 83.0000 58.1000 69.4629 0.0000
12        M:otherprocs
31        155 3.0000 2.1000 2.5100 0.0000
11        M:rootprocs
34        155 94.0000 65.8000 78.6505 0.0000
7         M:users
31        155 4.0000 2.8000 3.3466 0.0000
# send QUERY complete successful
