# delta from 1679663058 to 1679663119 at 1679663119
22        CFR: 0 1679663118 1904
3         PRD
60        Packing reports: delta,0.034187,0.116873,0.114312,1679663059
83        Sample(/proc/sys/kernel/random/entropy_avail),0.004973,0.002473,0.002654,1679663078
3         EXS
16        f,290,1679662928
3         MOM
15        M:entropy_avail
40        1308 2394.0000 2156.7000 791.0000 0.0000
12        M:mem_cached
38        1308 824.6406 750.4246 247.3867 0.0000
10        M:mem_free
40        1308 14001.5703 12736.8164 0.0000 0.0000
11        M:mem_total
40        1308 15042.1719 13688.3764 0.0000 0.0000
16        M:io_writtendata
32        1308 0.0693 0.0729 0.0120 0.0000
11        M:io_writes
32        1308 2.0000 2.6600 2.2000 0.0000
6         M:cpu3
32        1308 0.3176 0.3581 0.1351 0.0000
6         M:cpu2
32        1308 0.4168 0.4304 0.0452 0.0000
6         M:cpu1
32        1308 0.2646 0.6988 1.6500 0.0000
6         M:cpu0
32        1308 0.1919 0.2154 0.0786 0.0000
5         M:cpu
32        1308 0.2977 0.4257 0.4266 0.0000
10        M:messages
37        1308 142.0000 134.6800 24.4000 0.0000
8         M:syslog
37        1308 651.0000 2241.9600 0.0000 0.0000
8         M:ssh_in
32        1308 2.0000 1.8200 0.6000 0.0000
14        M:cfengine_out
32        1308 0.0000 0.2100 0.7436 0.0000
13        M:cfengine_in
32        1308 1.0000 0.9100 0.3000 0.0000
9         M:loadavg
32        1308 0.0100 0.0238 0.0460 0.0000
10        M:diskfree
35        1308 82.0000 74.6200 24.6000 0.0000
12        M:otherprocs
32        1308 3.0000 2.7300 0.9000 0.0000
11        M:rootprocs
35        1308 94.0000 86.3800 25.4000 0.0000
7         M:users
32        1308 4.0000 3.6400 1.2000 0.0000
3         MOY
15        M:entropy_avail
40        155 2267.5000 1587.2500 3481.4590 0.0000
12        M:mem_cached
37        155 542.2402 379.5682 508.9834 0.0000
16        M:io_writtendata
31        155 0.0767 0.0537 0.0795 0.0000
11        M:io_writes
31        155 3.0000 2.1000 3.5496 0.0000
6         M:cpu3
31        155 0.7130 0.4991 0.8398 0.0000
6         M:cpu2
31        155 0.9601 0.6720 1.1281 0.0000
6         M:cpu1
31        155 0.9157 0.6410 1.0298 0.0000
6         M:cpu0
31        155 1.0603 0.7422 1.1567 0.0000
5         M:cpu
31        155 0.9114 0.6380 1.0379 0.0000
10        M:messages
37        155 217.5000 152.2500 257.3495 0.0000
8         M:syslog
39        155 6509.5000 4556.6500 139.0279 0.0000
8         M:ssh_in
31        155 2.0000 1.4000 1.6733 0.0000
14        M:cfengine_out
31        155 0.5000 0.3500 0.5916 0.0000
13        M:cfengine_in
31        155 1.0000 0.7000 0.8367 0.0000
9         M:loadavg
31        155 0.0750 0.0525 0.0887 0.0000
10        M:diskfree
34        155 83.5000 58.4500 69.8724 0.0000
12        M:otherprocs
31        155 3.0000 2.1000 2.5100 0.0000
11        M:rootprocs
34        155 94.0000 65.8000 78.6505 0.0000
7         M:users
31        155 4.0000 2.8000 3.3466 0.0000
# send QUERY complete successful
