# delta from 1679664798 to 1679664859 at 1679664859
22        CFR: 0 1679664858 1689
3         PRD
60        Packing reports: delta,0.034113,0.116373,0.116694,1679664799
3         EXS
16        f,280,1679664705
3         MOM
15        M:entropy_avail
41        1314 2102.0000 1471.4000 1758.6594 0.0000
12        M:mem_cached
38        1314 828.8203 580.1742 693.4408 0.0000
10        M:mem_free
39        1314 13992.3320 9794.6324 0.0000 0.0000
11        M:mem_total
40        1314 15042.1719 10529.5203 0.0000 0.0000
16        M:io_writtendata
32        1314 0.0830 0.0581 0.0694 0.0000
11        M:io_writes
32        1314 4.0000 2.8000 3.3466 0.0000
6         M:cpu3
32        1314 1.6262 1.1384 1.3606 0.0000
6         M:cpu2
32        1314 1.3986 0.9790 1.1702 0.0000
6         M:cpu1
32        1314 0.4131 0.2892 0.3456 0.0000
6         M:cpu0
32        1314 1.3255 0.9279 1.1090 0.0000
5         M:cpu
32        1314 1.1892 0.8325 0.9950 0.0000
10        M:messages
38        1314 310.0000 217.0000 259.3646 0.0000
8         M:syslog
38        1314 8347.0000 5842.9000 0.0000 0.0000
8         M:ssh_in
32        1314 2.0000 1.4000 1.6733 0.0000
14        M:cfengine_out
32        1314 1.0000 0.7000 0.8367 0.0000
13        M:cfengine_in
32        1314 1.0000 0.7000 0.8367 0.0000
9         M:loadavg
32        1314 0.1000 0.0700 0.0837 0.0000
10        M:diskfree
35        1314 82.0000 57.4000 68.6061 0.0000
12        M:otherprocs
32        1314 3.0000 2.1000 2.5100 0.0000
11        M:rootprocs
35        1314 95.0000 66.5000 79.4827 0.0000
7         M:users
32        1314 4.0000 2.8000 3.3466 0.0000
3         MOY
15        M:entropy_avail
40        155 2064.0000 1444.8000 3218.3282 0.0000
12        M:mem_cached
37        155 545.9062 382.1344 513.1096 0.0000
16        M:io_writtendata
31        155 0.0269 0.0188 0.0231 0.0000
11        M:io_writes
31        155 1.0000 0.7000 1.1832 0.0000
6         M:cpu3
31        155 0.0633 0.0443 0.0710 0.0000
6         M:cpu2
31        155 0.0899 0.0629 0.0988 0.0000
6         M:cpu1
31        155 0.0533 0.0373 0.0557 0.0000
6         M:cpu0
31        155 0.1299 0.0909 0.1145 0.0000
5         M:cpu
31        155 0.0833 0.0583 0.0705 0.0000
8         M:syslog
37        155 428.0000 299.6000 392.8143 0.0000
8         M:ssh_in
31        155 2.0000 1.4000 1.6733 0.0000
13        M:cfengine_in
31        155 1.0000 0.7000 0.8367 0.0000
10        M:diskfree
34        155 83.5000 58.4500 69.8724 0.0000
12        M:otherprocs
31        155 3.0000 2.1000 2.5100 0.0000
11        M:rootprocs
34        155 93.5000 65.4500 78.2288 0.0000
7         M:users
31        155 4.0000 2.8000 3.3466 0.0000
# send QUERY complete successful
