# delta from 1679661798 to 1679661859 at 1679661859
22        CFR: 0 1679661858 1823
3         PRD
60        Packing reports: delta,0.030687,0.135013,0.136804,1679661799
3         EXS
16        f,269,1679661702
3         MOM
15        M:entropy_avail
41        1304 2417.0000 1691.9000 2022.2073 0.0000
12        M:mem_cached
38        1304 822.1016 575.4711 687.8195 0.0000
10        M:mem_free
39        1304 14008.6211 9806.0348 0.0000 0.0000
11        M:mem_total
40        1304 15042.1719 10529.5203 0.0000 0.0000
16        M:io_writtendata
32        1304 0.1416 0.0991 0.1185 0.0000
11        M:io_writes
32        1304 8.0000 5.6000 6.6933 0.0000
6         M:cpu3
32        1304 1.4338 1.0037 1.1996 0.0000
6         M:cpu2
32        1304 1.6654 1.1658 1.3934 0.0000
6         M:cpu1
32        1304 1.2859 0.9001 1.0759 0.0000
6         M:cpu0
32        1304 0.4467 0.3127 0.3737 0.0000
5         M:cpu
32        1304 1.2130 0.8491 1.0149 0.0000
10        M:messages
38        1304 310.0000 217.0000 259.3646 0.0000
8         M:syslog
38        1304 8743.0000 6120.1000 0.0000 0.0000
8         M:ssh_in
32        1304 2.0000 1.4000 1.6733 0.0000
14        M:cfengine_out
32        1304 1.0000 0.7000 0.8367 0.0000
13        M:cfengine_in
32        1304 1.0000 0.7000 0.8367 0.0000
9         M:loadavg
32        1304 0.1100 0.0770 0.0920 0.0000
10        M:diskfree
35        1304 82.0000 57.4000 68.6061 0.0000
12        M:otherprocs
32        1304 3.0000 2.1000 2.5100 0.0000
11        M:rootprocs
35        1304 95.0000 66.5000 79.4827 0.0000
7         M:users
32        1304 4.0000 2.8000 3.3466 0.0000
3         MOY
15        M:entropy_avail
40        155 2267.5000 1587.2500 3481.4590 0.0000
12        M:mem_cached
37        155 542.2402 379.5682 508.9834 0.0000
16        M:io_writtendata
31        155 0.0767 0.0537 0.0795 0.0000
11        M:io_writes
31        155 3.0000 2.1000 3.5496 0.0000
6         M:cpu3
31        155 0.7130 0.4991 0.8398 0.0000
6         M:cpu2
31        155 0.9601 0.6720 1.1281 0.0000
6         M:cpu1
31        155 0.9157 0.6410 1.0298 0.0000
6         M:cpu0
31        155 1.0603 0.7422 1.1567 0.0000
5         M:cpu
31        155 0.9114 0.6380 1.0379 0.0000
10        M:messages
37        155 217.5000 152.2500 257.3495 0.0000
8         M:syslog
39        155 6509.5000 4556.6500 139.0279 0.0000
8         M:ssh_in
31        155 2.0000 1.4000 1.6733 0.0000
14        M:cfengine_out
31        155 0.5000 0.3500 0.5916 0.0000
13        M:cfengine_in
31        155 1.0000 0.7000 0.8367 0.0000
9         M:loadavg
31        155 0.0750 0.0525 0.0887 0.0000
10        M:diskfree
34        155 83.5000 58.4500 69.8724 0.0000
12        M:otherprocs
31        155 3.0000 2.1000 2.5100 0.0000
11        M:rootprocs
34        155 94.0000 65.8000 78.6505 0.0000
7         M:users
31        155 4.0000 2.8000 3.3466 0.0000
# send QUERY complete successful
