# delta from 1679725758 to 1679725819 at 1679725819
22        CFR: 0 1679725818 1870
3         PRD
60        Packing reports: delta,0.032969,0.108696,0.110067,1679725759
3         EXS
16        f,321,1679725656
3         MOM
15        M:entropy_avail
40        1517 1942.0000 1796.2000 486.0000 0.0000
12        M:mem_cached
39        1517 1008.5898 917.6748 303.0500 0.0000
10        M:mem_free
38        1517 9629.7277 9629.7277 0.0000 0.0000
11        M:mem_total
40        1517 10529.5203 10529.5203 0.0000 0.0000
16        M:io_writtendata
32        1517 0.1084 0.0863 0.0656 0.0000
13        M:io_readdata
32        1517 0.0000 0.0012 0.0044 0.0000
11        M:io_writes
32        1517 6.0000 4.6200 3.9563 0.0000
6         M:cpu3
32        1517 0.4598 0.3386 0.3399 0.0000
6         M:cpu2
32        1517 1.7861 1.7414 0.1491 0.0000
6         M:cpu1
32        1517 0.4063 0.2928 0.3170 0.0000
6         M:cpu0
32        1517 2.0581 1.4630 1.6602 0.0000
5         M:cpu
32        1517 1.1743 0.9570 0.6738 0.0000
10        M:messages
38        1517 310.0000 217.0000 259.3646 0.0000
8         M:syslog
41        1517 2297.5119 1789.0683 1471.8521 0.0000
8         M:ssh_in
32        1517 2.0000 1.8200 0.6000 0.0000
14        M:cfengine_out
32        1517 1.0000 0.7000 0.8367 0.0000
13        M:cfengine_in
32        1517 1.0000 0.9100 0.3000 0.0000
9         M:loadavg
32        1517 0.0400 0.0343 0.0210 0.0000
10        M:diskfree
35        1517 80.0000 72.8000 24.0000 0.0000
12        M:otherprocs
32        1517 3.0000 2.7300 0.9000 0.0000
11        M:rootprocs
35        1517 96.0000 87.1500 29.5000 0.0000
7         M:users
32        1517 4.0000 3.6400 1.2000 0.0000
3         MOY
15        M:entropy_avail
40        155 1934.0000 1353.8000 3052.5656 0.0000
12        M:mem_cached
37        155 567.7695 397.4387 537.7864 0.0000
16        M:io_writtendata
31        155 0.0586 0.0410 0.0585 0.0000
11        M:io_writes
31        155 2.0000 1.4000 2.3664 0.0000
6         M:cpu3
31        155 0.6365 0.4455 0.7492 0.0000
6         M:cpu2
31        155 0.9225 0.6457 1.0836 0.0000
6         M:cpu1
31        155 0.4430 0.3101 0.4722 0.0000
6         M:cpu0
31        155 0.5662 0.3964 0.5767 0.0000
5         M:cpu
31        155 0.6404 0.4483 0.7176 0.0000
10        M:messages
37        155 154.0000 107.8000 182.2153 0.0000
8         M:syslog
39        155 4248.0000 2973.6000 139.0279 0.0000
8         M:ssh_in
31        155 2.0000 1.4000 1.6733 0.0000
14        M:cfengine_out
31        155 0.5000 0.3500 0.5916 0.0000
13        M:cfengine_in
31        155 1.0000 0.7000 0.8367 0.0000
9         M:loadavg
31        155 0.0500 0.0350 0.0592 0.0000
10        M:diskfree
34        155 83.0000 58.1000 69.4629 0.0000
12        M:otherprocs
31        155 3.0000 2.1000 2.5100 0.0000
11        M:rootprocs
34        155 94.0000 65.8000 78.6505 0.0000
7         M:users
31        155 4.0000 2.8000 3.3466 0.0000
# send QUERY complete successful
