# delta from 1679693959 to 1679694019 at 1679694019
22        CFR: 0 1679694018 2524
3         PRD
60        Packing reports: delta,0.024951,0.062256,0.061489,1679693960
83        Sample(/proc/sys/kernel/random/entropy_avail),0.005361,0.002874,0.002507,1679694013
3         EXS
16        f,320,1679693848
3         MOM
15        M:entropy_avail
40        1411 1947.0000 1800.1200 489.6000 0.0000
41        1412 2084.0000 1458.8000 1743.5995 0.0000
12        M:mem_cached
38        1411 915.5469 832.9992 275.1590 0.0000
38        1412 915.5703 640.8992 766.0211 0.0000
10        M:mem_free
38        1411 9704.8602 9704.8602 0.0000 0.0000
39        1412 13862.0547 9703.4383 0.0000 0.0000
11        M:mem_total
40        1411 10529.5203 10529.5203 0.0000 0.0000
40        1412 15042.1719 10529.5203 0.0000 0.0000
16        M:io_writtendata
32        1411 0.1289 0.0970 0.0902 0.0000
32        1412 0.0439 0.0308 0.0368 0.0000
11        M:io_writes
32        1411 6.0000 4.6200 3.9563 0.0000
32        1412 2.0000 1.4000 1.6733 0.0000
6         M:cpu3
32        1411 2.1200 1.5288 1.6518 0.0000
32        1412 0.1998 0.1399 0.1672 0.0000
6         M:cpu2
32        1411 1.8385 1.3107 1.4728 0.0000
32        1412 0.0932 0.0653 0.0780 0.0000
6         M:cpu1
32        1411 0.4398 0.3079 0.3680 0.0000
6         M:cpu0
32        1411 0.3932 0.2767 0.3251 0.0000
32        1412 0.0133 0.0093 0.0111 0.0000
5         M:cpu
32        1411 1.1962 0.8549 0.9529 0.0000
32        1412 0.0783 0.0548 0.0655 0.0000
10        M:messages
38        1411 310.0000 217.0000 259.3646 0.0000
8         M:syslog
40        1411 8644.0000 6118.8400 271.0778 0.0000
38        1412 235.0000 164.5000 196.6151 0.0000
8         M:ssh_in
32        1411 2.0000 1.8200 0.6000 0.0000
32        1412 2.0000 1.4000 1.6733 0.0000
14        M:cfengine_out
32        1411 1.0000 0.7000 0.8367 0.0000
13        M:cfengine_in
32        1411 1.0000 0.9100 0.3000 0.0000
32        1412 1.0000 0.7000 0.8367 0.0000
9         M:loadavg
32        1411 0.1400 0.1001 0.1114 0.0000
32        1412 0.0100 0.0070 0.0084 0.0000
10        M:diskfree
35        1411 81.0000 73.7100 24.3000 0.0000
35        1412 81.0000 56.7000 67.7695 0.0000
12        M:otherprocs
32        1411 3.0000 2.7300 0.9000 0.0000
32        1412 3.0000 2.1000 2.5100 0.0000
11        M:rootprocs
35        1411 95.0000 86.2400 29.2000 0.0000
35        1412 94.0000 65.8000 78.6460 0.0000
7         M:users
32        1411 4.0000 3.6400 1.2000 0.0000
32        1412 4.0000 2.8000 3.3466 0.0000
3         MOY
15        M:entropy_avail
40        155 1934.0000 1353.8000 3052.5656 0.0000
12        M:mem_cached
37        155 567.7695 397.4387 537.7864 0.0000
16        M:io_writtendata
31        155 0.0586 0.0410 0.0585 0.0000
11        M:io_writes
31        155 2.0000 1.4000 2.3664 0.0000
6         M:cpu3
31        155 0.6365 0.4455 0.7492 0.0000
6         M:cpu2
31        155 0.9225 0.6457 1.0836 0.0000
6         M:cpu1
31        155 0.4430 0.3101 0.4722 0.0000
6         M:cpu0
31        155 0.5662 0.3964 0.5767 0.0000
5         M:cpu
31        155 0.6404 0.4483 0.7176 0.0000
10        M:messages
37        155 154.0000 107.8000 182.2153 0.0000
8         M:syslog
39        155 4248.0000 2973.6000 139.0279 0.0000
8         M:ssh_in
31        155 2.0000 1.4000 1.6733 0.0000
14        M:cfengine_out
31        155 0.5000 0.3500 0.5916 0.0000
13        M:cfengine_in
31        155 1.0000 0.7000 0.8367 0.0000
9         M:loadavg
31        155 0.0500 0.0350 0.0592 0.0000
10        M:diskfree
34        155 83.0000 58.1000 69.4629 0.0000
12        M:otherprocs
31        155 3.0000 2.1000 2.5100 0.0000
11        M:rootprocs
34        155 94.0000 65.8000 78.6505 0.0000
7         M:users
31        155 4.0000 2.8000 3.3466 0.0000
# send QUERY complete successful
