# delta from 1679664498 to 1679664559 at 1679664559
22        CFR: 0 1679664558 1689
3         PRD
60        Packing reports: delta,0.034351,0.118001,0.119257,1679664499
3         EXS
16        f,289,1679664429
3         MOM
15        M:entropy_avail
41        1313 2136.0000 1495.2000 1787.1058 0.0000
12        M:mem_cached
38        1313 828.1289 579.6902 692.8624 0.0000
10        M:mem_free
39        1313 13993.5039 9795.4527 0.0000 0.0000
11        M:mem_total
40        1313 15042.1719 10529.5203 0.0000 0.0000
16        M:io_writtendata
32        1313 0.1104 0.0772 0.0923 0.0000
11        M:io_writes
32        1313 6.0000 4.2000 5.0200 0.0000
6         M:cpu3
32        1313 1.0731 0.7512 0.8978 0.0000
6         M:cpu2
32        1313 2.2989 1.6092 1.9234 0.0000
6         M:cpu1
32        1313 0.5198 0.3639 0.4349 0.0000
6         M:cpu0
32        1313 0.8929 0.6250 0.7471 0.0000
5         M:cpu
32        1313 1.1995 0.8397 1.0036 0.0000
10        M:messages
38        1313 310.0000 217.0000 259.3646 0.0000
8         M:syslog
38        1313 7773.0000 5441.1000 0.0000 0.0000
8         M:ssh_in
32        1313 2.0000 1.4000 1.6733 0.0000
14        M:cfengine_out
32        1313 1.0000 0.7000 0.8367 0.0000
13        M:cfengine_in
32        1313 1.0000 0.7000 0.8367 0.0000
9         M:loadavg
32        1313 0.1900 0.1330 0.1590 0.0000
10        M:diskfree
35        1313 82.0000 57.4000 68.6061 0.0000
12        M:otherprocs
32        1313 3.0000 2.1000 2.5100 0.0000
11        M:rootprocs
35        1313 95.0000 66.5000 79.4827 0.0000
7         M:users
32        1313 4.0000 2.8000 3.3466 0.0000
3         MOY
15        M:entropy_avail
40        155 2064.0000 1444.8000 3218.3282 0.0000
12        M:mem_cached
37        155 545.9062 382.1344 513.1096 0.0000
16        M:io_writtendata
31        155 0.0269 0.0188 0.0231 0.0000
11        M:io_writes
31        155 1.0000 0.7000 1.1832 0.0000
6         M:cpu3
31        155 0.0633 0.0443 0.0710 0.0000
6         M:cpu2
31        155 0.0899 0.0629 0.0988 0.0000
6         M:cpu1
31        155 0.0533 0.0373 0.0557 0.0000
6         M:cpu0
31        155 0.1299 0.0909 0.1145 0.0000
5         M:cpu
31        155 0.0833 0.0583 0.0705 0.0000
8         M:syslog
37        155 428.0000 299.6000 392.8143 0.0000
8         M:ssh_in
31        155 2.0000 1.4000 1.6733 0.0000
13        M:cfengine_in
31        155 1.0000 0.7000 0.8367 0.0000
10        M:diskfree
34        155 83.5000 58.4500 69.8724 0.0000
12        M:otherprocs
31        155 3.0000 2.1000 2.5100 0.0000
11        M:rootprocs
34        155 93.5000 65.4500 78.2288 0.0000
7         M:users
31        155 4.0000 2.8000 3.3466 0.0000
# send QUERY complete successful
