# delta from 1679671999 to 1679672059 at 1679672059
22        CFR: 0 1679672058 1823
3         PRD
60        Packing reports: delta,0.024043,0.057809,0.059640,1679672000
3         EXS
16        f,289,1679671937
3         MOM
15        M:entropy_avail
41        1338 1971.0000 1379.7000 1649.0569 0.0000
12        M:mem_cached
38        1338 846.5156 592.5609 708.2458 0.0000
10        M:mem_free
39        1338 13957.4688 9770.2281 0.0000 0.0000
11        M:mem_total
40        1338 15042.1719 10529.5203 0.0000 0.0000
16        M:io_writtendata
32        1338 0.1191 0.0834 0.0997 0.0000
11        M:io_writes
32        1338 6.0000 4.2000 5.0200 0.0000
6         M:cpu3
32        1338 2.2401 1.5681 1.8742 0.0000
6         M:cpu2
32        1338 0.7729 0.5410 0.6467 0.0000
6         M:cpu1
32        1338 1.5324 1.0727 1.2821 0.0000
6         M:cpu0
32        1338 0.4001 0.2800 0.3347 0.0000
5         M:cpu
32        1338 1.2397 0.8678 1.0372 0.0000
10        M:messages
38        1338 308.0000 215.6000 257.6913 0.0000
8         M:syslog
38        1338 8003.0000 5602.1000 0.0000 0.0000
8         M:ssh_in
32        1338 2.0000 1.4000 1.6733 0.0000
14        M:cfengine_out
32        1338 1.0000 0.7000 0.8367 0.0000
13        M:cfengine_in
32        1338 1.0000 0.7000 0.8367 0.0000
9         M:loadavg
32        1338 0.0800 0.0560 0.0669 0.0000
10        M:diskfree
35        1338 81.0000 56.7000 67.7695 0.0000
12        M:otherprocs
32        1338 3.0000 2.1000 2.5100 0.0000
11        M:rootprocs
35        1338 95.0000 66.5000 79.4827 0.0000
7         M:users
32        1338 4.0000 2.8000 3.3466 0.0000
3         MOY
15        M:entropy_avail
40        155 1939.0000 1357.3000 3058.9028 0.0000
12        M:mem_cached
37        155 555.0254 388.5178 523.3883 0.0000
16        M:io_writtendata
31        155 0.0806 0.0564 0.0841 0.0000
11        M:io_writes
31        155 4.0000 2.8000 4.7329 0.0000
6         M:cpu3
31        155 1.1202 0.7842 1.3215 0.0000
6         M:cpu2
31        155 0.4832 0.3382 0.5639 0.0000
6         M:cpu1
31        155 0.5630 0.3941 0.6135 0.0000
6         M:cpu0
31        155 0.3298 0.2309 0.3055 0.0000
5         M:cpu
31        155 0.6248 0.4373 0.6991 0.0000
10        M:messages
37        155 154.0000 107.8000 182.2153 0.0000
8         M:syslog
39        155 4217.5000 2952.2500 139.0279 0.0000
8         M:ssh_in
31        155 2.0000 1.4000 1.6733 0.0000
14        M:cfengine_out
31        155 0.5000 0.3500 0.5916 0.0000
13        M:cfengine_in
31        155 1.0000 0.7000 0.8367 0.0000
9         M:loadavg
31        155 0.0250 0.0175 0.0296 0.0000
10        M:diskfree
34        155 83.0000 58.1000 69.4629 0.0000
12        M:otherprocs
31        155 3.0000 2.1000 2.5100 0.0000
11        M:rootprocs
34        155 94.0000 65.8000 78.6505 0.0000
7         M:users
31        155 4.0000 2.8000 3.3466 0.0000
# send QUERY complete successful
