# delta from 1679667259 to 1679667319 at 1679667319
22        CFR: 0 1679667318 1682
3         PRD
60        Packing reports: delta,0.035451,0.125679,0.126577,1679667260
83        Sample(/proc/sys/kernel/random/entropy_avail),0.005566,0.003098,0.002282,1679667283
3         EXS
16        f,322,1679667156
3         MOM
15        M:entropy_avail
40        1322 2118.0000 1896.0900 739.7000 0.0000
12        M:mem_cached
38        1322 834.8438 759.5544 250.9645 0.0000
10        M:mem_free
38        1322 9788.1820 9788.1820 0.0000 0.0000
11        M:mem_total
40        1322 10529.5203 10529.5203 0.0000 0.0000
16        M:io_writtendata
32        1322 0.1494 0.1103 0.1097 0.0000
11        M:io_writes
32        1322 8.0000 5.6000 6.6933 0.0000
6         M:cpu3
32        1322 1.7072 1.2356 1.3182 0.0000
6         M:cpu2
32        1322 0.7528 0.5647 0.5310 0.0000
6         M:cpu1
32        1322 1.8854 1.3226 1.5697 0.0000
6         M:cpu0
32        1322 0.6063 0.4272 0.4995 0.0000
5         M:cpu
32        1322 1.2428 0.8906 0.9833 0.0000
10        M:messages
38        1322 310.0000 217.0000 259.3646 0.0000
8         M:syslog
38        1322 691.3791 533.3154 453.7823 0.0000
8         M:ssh_in
32        1322 2.0000 1.8200 0.6000 0.0000
13        M:cfengine_in
32        1322 1.0000 0.9100 0.3000 0.0000
9         M:loadavg
32        1322 0.0200 0.0140 0.0167 0.0000
10        M:diskfree
35        1322 81.0000 73.7100 24.3000 0.0000
12        M:otherprocs
32        1322 3.0000 2.7300 0.9000 0.0000
11        M:rootprocs
35        1322 94.0000 85.5400 28.2000 0.0000
7         M:users
32        1322 4.0000 3.6400 1.2000 0.0000
3         MOY
15        M:entropy_avail
40        155 1943.0000 1360.1000 3063.9750 0.0000
12        M:mem_cached
37        155 550.2754 385.1928 518.0317 0.0000
16        M:io_writtendata
31        155 0.0239 0.0167 0.0202 0.0000
6         M:cpu3
31        155 0.0999 0.0699 0.1143 0.0000
6         M:cpu2
31        155 0.0966 0.0676 0.1067 0.0000
6         M:cpu1
31        155 0.0533 0.0373 0.0557 0.0000
6         M:cpu0
31        155 0.0933 0.0653 0.1028 0.0000
5         M:cpu
31        155 0.0841 0.0589 0.0713 0.0000
8         M:syslog
37        155 235.0000 164.5000 196.6151 0.0000
8         M:ssh_in
31        155 2.0000 1.4000 1.6733 0.0000
13        M:cfengine_in
31        155 1.0000 0.7000 0.8367 0.0000
10        M:diskfree
34        155 83.0000 58.1000 69.4629 0.0000
12        M:otherprocs
31        155 3.0000 2.1000 2.5100 0.0000
11        M:rootprocs
34        155 93.5000 65.4500 78.2288 0.0000
7         M:users
31        155 4.0000 2.8000 3.3466 0.0000
# send QUERY complete successful
