# delta from 1679712438 to 1679712499 at 1679712499
22        CFR: 0 1679712498 1907
3         PRD
60        Packing reports: delta,0.022679,0.051434,0.053136,1679712439
83        Sample(/proc/sys/kernel/random/entropy_avail),0.004881,0.002382,0.002354,1679712483
3         EXS
16        f,288,1679712418
3         MOM
15        M:entropy_avail
40        1473 1949.0000 1802.5700 488.1000 0.0000
12        M:mem_cached
38        1473 968.3711 881.0569 291.0473 0.0000
10        M:mem_free
40        1473 13800.9961 12558.8105 0.0000 0.0000
11        M:mem_total
40        1473 15042.1719 13688.3764 0.0000 0.0000
16        M:io_writtendata
32        1473 0.1250 0.2450 0.4000 0.0000
13        M:io_readdata
32        1473 0.0000 0.0002 0.0007 0.0000
11        M:io_writes
32        1473 6.0000 5.8800 0.4000 0.0000
6         M:cpu3
32        1473 0.9325 0.7996 0.4899 0.0000
6         M:cpu2
32        1473 1.4931 1.1348 1.0182 0.0000
6         M:cpu1
32        1473 1.8184 1.2911 1.4712 0.0000
6         M:cpu0
32        1473 0.3931 0.3129 0.2383 0.0000
5         M:cpu
32        1473 1.1593 0.8846 0.7824 0.0000
10        M:messages
38        1473 308.0000 215.6000 257.6913 0.0000
8         M:syslog
40        1473 8631.0000 6168.7500 506.1793 0.0000
8         M:ssh_in
32        1473 2.0000 1.8200 0.6000 0.0000
13        M:cfengine_in
32        1473 1.0000 0.9100 0.3000 0.0000
9         M:loadavg
32        1473 0.0500 0.0350 0.0418 0.0000
10        M:diskfree
35        1473 80.0000 72.8000 24.0000 0.0000
12        M:otherprocs
32        1473 3.0000 2.7300 0.9000 0.0000
11        M:rootprocs
35        1473 95.0000 86.4500 28.5000 0.0000
7         M:users
32        1473 4.0000 3.6400 1.2000 0.0000
3         MOY
15        M:entropy_avail
40        155 1934.0000 1353.8000 3052.5656 0.0000
12        M:mem_cached
37        155 567.7695 397.4387 537.7864 0.0000
16        M:io_writtendata
31        155 0.0586 0.0410 0.0585 0.0000
11        M:io_writes
31        155 2.0000 1.4000 2.3664 0.0000
6         M:cpu3
31        155 0.6365 0.4455 0.7492 0.0000
6         M:cpu2
31        155 0.9225 0.6457 1.0836 0.0000
6         M:cpu1
31        155 0.4430 0.3101 0.4722 0.0000
6         M:cpu0
31        155 0.5662 0.3964 0.5767 0.0000
5         M:cpu
31        155 0.6404 0.4483 0.7176 0.0000
10        M:messages
37        155 154.0000 107.8000 182.2153 0.0000
8         M:syslog
39        155 4248.0000 2973.6000 139.0279 0.0000
8         M:ssh_in
31        155 2.0000 1.4000 1.6733 0.0000
14        M:cfengine_out
31        155 0.5000 0.3500 0.5916 0.0000
13        M:cfengine_in
31        155 1.0000 0.7000 0.8367 0.0000
9         M:loadavg
31        155 0.0500 0.0350 0.0592 0.0000
10        M:diskfree
34        155 83.0000 58.1000 69.4629 0.0000
12        M:otherprocs
31        155 3.0000 2.1000 2.5100 0.0000
11        M:rootprocs
34        155 94.0000 65.8000 78.6505 0.0000
7         M:users
31        155 4.0000 2.8000 3.3466 0.0000
# send QUERY complete successful
