# delta from 1679735358 to 1679735419 at 1679735419
22        CFR: 0 1679735418 1825
3         PRD
60        Packing reports: delta,0.024991,0.062453,0.061526,1679735359
3         EXS
16        f,289,1679735218
3         MOM
15        M:entropy_avail
40        1549 1950.0000 1803.2700 489.1000 0.0000
12        M:mem_cached
39        1549 1031.9023 938.8843 310.0602 0.0000
10        M:mem_free
40        1549 13728.6250 12493.1825 0.0000 0.0000
11        M:mem_total
40        1549 15042.1719 13688.3764 0.0000 0.0000
16        M:io_writtendata
32        1549 0.1396 0.1045 0.0991 0.0000
13        M:io_readdata
32        1549 0.0029 0.0021 0.0025 0.0000
11        M:io_writes
32        1549 8.0000 6.0200 5.5975 0.0000
6         M:cpu3
32        1549 1.0395 0.7319 0.8581 0.0000
6         M:cpu2
32        1549 1.6263 1.1972 1.2037 0.0000
6         M:cpu1
32        1549 0.5996 0.4239 0.4900 0.0000
6         M:cpu0
32        1549 1.4658 1.0274 1.2225 0.0000
5         M:cpu
32        1549 1.1861 0.8467 0.9472 0.0000
10        M:messages
38        1549 310.0000 217.0000 259.3646 0.0000
8         M:syslog
40        1549 8113.0000 5809.5100 519.5659 0.0000
8         M:ssh_in
32        1549 2.0000 1.8200 0.6000 0.0000
13        M:cfengine_in
32        1549 1.0000 0.9100 0.3000 0.0000
9         M:loadavg
32        1549 0.0200 0.0140 0.0167 0.0000
10        M:diskfree
35        1549 79.0000 71.8900 23.7000 0.0000
12        M:otherprocs
32        1549 3.0000 2.7300 0.9000 0.0000
11        M:rootprocs
35        1549 94.0000 85.5400 28.2000 0.0000
7         M:users
32        1549 4.0000 3.6400 1.2000 0.0000
3         MOY
15        M:entropy_avail
40        155 1934.0000 1353.8000 3052.5656 0.0000
12        M:mem_cached
37        155 567.7695 397.4387 537.7864 0.0000
16        M:io_writtendata
31        155 0.0586 0.0410 0.0585 0.0000
11        M:io_writes
31        155 2.0000 1.4000 2.3664 0.0000
6         M:cpu3
31        155 0.6365 0.4455 0.7492 0.0000
6         M:cpu2
31        155 0.9225 0.6457 1.0836 0.0000
6         M:cpu1
31        155 0.4430 0.3101 0.4722 0.0000
6         M:cpu0
31        155 0.5662 0.3964 0.5767 0.0000
5         M:cpu
31        155 0.6404 0.4483 0.7176 0.0000
10        M:messages
37        155 154.0000 107.8000 182.2153 0.0000
8         M:syslog
39        155 4248.0000 2973.6000 139.0279 0.0000
8         M:ssh_in
31        155 2.0000 1.4000 1.6733 0.0000
14        M:cfengine_out
31        155 0.5000 0.3500 0.5916 0.0000
13        M:cfengine_in
31        155 1.0000 0.7000 0.8367 0.0000
9         M:loadavg
31        155 0.0500 0.0350 0.0592 0.0000
10        M:diskfree
34        155 83.0000 58.1000 69.4629 0.0000
12        M:otherprocs
31        155 3.0000 2.1000 2.5100 0.0000
11        M:rootprocs
34        155 94.0000 65.8000 78.6505 0.0000
7         M:users
31        155 4.0000 2.8000 3.3466 0.0000
# send QUERY complete successful
