# delta from 1679663298 to 1679663359 at 1679663359
22        CFR: 0 1679663358 1823
3         PRD
60        Packing reports: delta,0.034301,0.117655,0.118956,1679663299
3         EXS
16        f,280,1679663204
3         MOM
15        M:entropy_avail
41        1309 2258.0000 1580.6000 1889.1783 0.0000
12        M:mem_cached
38        1309 825.3320 577.7324 690.5223 0.0000
10        M:mem_free
39        1309 13999.7852 9799.8496 0.0000 0.0000
11        M:mem_total
40        1309 15042.1719 10529.5203 0.0000 0.0000
16        M:io_writtendata
32        1309 0.1123 0.0786 0.0940 0.0000
11        M:io_writes
32        1309 6.0000 4.2000 5.0200 0.0000
6         M:cpu3
32        1309 0.7133 0.4993 0.5968 0.0000
6         M:cpu2
32        1309 2.6712 1.8698 2.2349 0.0000
6         M:cpu1
32        1309 0.8994 0.6296 0.7525 0.0000
6         M:cpu0
32        1309 0.5065 0.3545 0.4237 0.0000
5         M:cpu
32        1309 1.1978 0.8385 1.0021 0.0000
10        M:messages
38        1309 310.0000 217.0000 259.3646 0.0000
8         M:syslog
38        1309 8016.0000 5611.2000 0.0000 0.0000
8         M:ssh_in
32        1309 2.0000 1.4000 1.6733 0.0000
14        M:cfengine_out
32        1309 1.0000 0.7000 0.8367 0.0000
13        M:cfengine_in
32        1309 1.0000 0.7000 0.8367 0.0000
9         M:loadavg
32        1309 0.1000 0.0700 0.0837 0.0000
10        M:diskfree
35        1309 82.0000 57.4000 68.6061 0.0000
12        M:otherprocs
32        1309 3.0000 2.1000 2.5100 0.0000
11        M:rootprocs
35        1309 95.0000 66.5000 79.4827 0.0000
7         M:users
32        1309 4.0000 2.8000 3.3466 0.0000
3         MOY
15        M:entropy_avail
40        155 2267.5000 1587.2500 3481.4590 0.0000
12        M:mem_cached
37        155 542.2402 379.5682 508.9834 0.0000
16        M:io_writtendata
31        155 0.0767 0.0537 0.0795 0.0000
11        M:io_writes
31        155 3.0000 2.1000 3.5496 0.0000
6         M:cpu3
31        155 0.7130 0.4991 0.8398 0.0000
6         M:cpu2
31        155 0.9601 0.6720 1.1281 0.0000
6         M:cpu1
31        155 0.9157 0.6410 1.0298 0.0000
6         M:cpu0
31        155 1.0603 0.7422 1.1567 0.0000
5         M:cpu
31        155 0.9114 0.6380 1.0379 0.0000
10        M:messages
37        155 217.5000 152.2500 257.3495 0.0000
8         M:syslog
39        155 6509.5000 4556.6500 139.0279 0.0000
8         M:ssh_in
31        155 2.0000 1.4000 1.6733 0.0000
14        M:cfengine_out
31        155 0.5000 0.3500 0.5916 0.0000
13        M:cfengine_in
31        155 1.0000 0.7000 0.8367 0.0000
9         M:loadavg
31        155 0.0750 0.0525 0.0887 0.0000
10        M:diskfree
34        155 83.5000 58.4500 69.8724 0.0000
12        M:otherprocs
31        155 3.0000 2.1000 2.5100 0.0000
11        M:rootprocs
34        155 94.0000 65.8000 78.6505 0.0000
7         M:users
31        155 4.0000 2.8000 3.3466 0.0000
# send QUERY complete successful
