# delta from 1679697858 to 1679697919 at 1679697919
22        CFR: 0 1679697918 2494
3         PRD
60        Packing reports: delta,0.027607,0.076216,0.074731,1679697859
83        Sample(/proc/sys/kernel/random/entropy_avail),0.004810,0.002314,0.002418,1679697917
3         EXS
16        f,319,1679697739
3         MOM
15        M:entropy_avail
40        1424 1951.0000 1804.1800 489.4000 0.0000
41        1425 2088.0000 1461.6000 1746.9461 0.0000
12        M:mem_cached
38        1424 924.8672 841.4815 277.9523 0.0000
38        1425 924.8867 647.4207 773.8157 0.0000
10        M:mem_free
40        1424 13850.4258 12604.0934 0.0000 0.0000
39        1425 13850.4883 9695.3418 0.0000 0.0000
11        M:mem_total
40        1424 15042.1719 13688.3764 0.0000 0.0000
40        1425 15042.1719 10529.5203 0.0000 0.0000
16        M:io_writtendata
32        1424 0.1006 0.0766 0.0683 0.0000
32        1425 0.0381 0.0267 0.0319 0.0000
11        M:io_writes
32        1424 6.0000 4.6200 3.9563 0.0000
32        1425 2.0000 1.4000 1.6733 0.0000
6         M:cpu3
32        1424 1.3329 0.9568 1.0501 0.0000
32        1425 0.1465 0.1026 0.1226 0.0000
6         M:cpu2
32        1424 1.2055 0.8677 0.9437 0.0000
32        1425 0.1598 0.1119 0.1337 0.0000
6         M:cpu1
32        1424 1.0991 0.7708 0.9157 0.0000
32        1425 0.0133 0.0093 0.0111 0.0000
6         M:cpu0
32        1424 1.1261 0.8064 0.8923 0.0000
5         M:cpu
32        1424 1.1876 0.8484 0.9466 0.0000
32        1425 0.0799 0.0559 0.0669 0.0000
10        M:messages
38        1424 310.0000 217.0000 259.3646 0.0000
8         M:syslog
40        1424 8436.0000 5954.5500 196.6151 0.0000
38        1425 235.0000 164.5000 196.6151 0.0000
8         M:ssh_in
32        1424 2.0000 1.8200 0.6000 0.0000
32        1425 2.0000 1.4000 1.6733 0.0000
14        M:cfengine_out
32        1424 1.0000 0.7000 0.8367 0.0000
13        M:cfengine_in
32        1424 1.0000 1.1200 0.4000 0.0000
32        1425 1.0000 0.7000 0.8367 0.0000
9         M:loadavg
32        1424 0.0500 0.0350 0.0418 0.0000
10        M:diskfree
35        1424 80.0000 72.8000 24.0000 0.0000
35        1425 80.0000 56.0000 66.9328 0.0000
12        M:otherprocs
32        1424 3.0000 2.7300 0.9000 0.0000
32        1425 3.0000 2.1000 2.5100 0.0000
11        M:rootprocs
35        1424 95.0000 86.2400 29.2000 0.0000
35        1425 94.0000 65.8000 78.6460 0.0000
7         M:users
32        1424 4.0000 3.6400 1.2000 0.0000
32        1425 4.0000 2.8000 3.3466 0.0000
3         MOY
15        M:entropy_avail
40        155 1934.0000 1353.8000 3052.5656 0.0000
12        M:mem_cached
37        155 567.7695 397.4387 537.7864 0.0000
16        M:io_writtendata
31        155 0.0586 0.0410 0.0585 0.0000
11        M:io_writes
31        155 2.0000 1.4000 2.3664 0.0000
6         M:cpu3
31        155 0.6365 0.4455 0.7492 0.0000
6         M:cpu2
31        155 0.9225 0.6457 1.0836 0.0000
6         M:cpu1
31        155 0.4430 0.3101 0.4722 0.0000
6         M:cpu0
31        155 0.5662 0.3964 0.5767 0.0000
5         M:cpu
31        155 0.6404 0.4483 0.7176 0.0000
10        M:messages
37        155 154.0000 107.8000 182.2153 0.0000
8         M:syslog
39        155 4248.0000 2973.6000 139.0279 0.0000
8         M:ssh_in
31        155 2.0000 1.4000 1.6733 0.0000
14        M:cfengine_out
31        155 0.5000 0.3500 0.5916 0.0000
13        M:cfengine_in
31        155 1.0000 0.7000 0.8367 0.0000
9         M:loadavg
31        155 0.0500 0.0350 0.0592 0.0000
10        M:diskfree
34        155 83.0000 58.1000 69.4629 0.0000
12        M:otherprocs
31        155 3.0000 2.1000 2.5100 0.0000
11        M:rootprocs
34        155 94.0000 65.8000 78.6505 0.0000
7         M:users
31        155 4.0000 2.8000 3.3466 0.0000
# send QUERY complete successful
