# delta from 1679667078 to 1679667139 at 1679667139
22        CFR: 0 1679667138 1552
3         PRD
60        Packing reports: delta,0.035007,0.122551,0.121425,1679667079
83        Sample(/proc/sys/kernel/random/entropy_avail),0.005872,0.003448,0.002289,1679667133
3         EXS
16        f,289,1679666820
3         MOM
15        M:entropy_avail
41        1322 1969.0000 1378.3000 1647.3836 0.0000
12        M:mem_cached
38        1322 834.1133 583.8793 697.8692 0.0000
10        M:mem_free
39        1322 13983.1172 9788.1820 0.0000 0.0000
11        M:mem_total
40        1322 15042.1719 10529.5203 0.0000 0.0000
16        M:io_writtendata
32        1322 0.0273 0.0191 0.0229 0.0000
6         M:cpu3
32        1322 0.1932 0.1352 0.1616 0.0000
6         M:cpu2
32        1322 0.1798 0.1259 0.1504 0.0000
6         M:cpu1
32        1322 0.0133 0.0093 0.0111 0.0000
6         M:cpu0
32        1322 0.0133 0.0093 0.0111 0.0000
5         M:cpu
32        1322 0.0982 0.0688 0.0822 0.0000
8         M:syslog
38        1322 235.0000 164.5000 196.6151 0.0000
8         M:ssh_in
32        1322 2.0000 1.4000 1.6733 0.0000
13        M:cfengine_in
32        1322 1.0000 0.7000 0.8367 0.0000
10        M:diskfree
35        1322 81.0000 56.7000 67.7695 0.0000
12        M:otherprocs
32        1322 3.0000 2.1000 2.5100 0.0000
11        M:rootprocs
35        1322 94.0000 65.8000 78.6460 0.0000
7         M:users
32        1322 4.0000 2.8000 3.3466 0.0000
3         MOY
15        M:entropy_avail
40        155 1943.0000 1360.1000 3063.9750 0.0000
12        M:mem_cached
37        155 550.2754 385.1928 518.0317 0.0000
16        M:io_writtendata
31        155 0.0239 0.0167 0.0202 0.0000
6         M:cpu3
31        155 0.0999 0.0699 0.1143 0.0000
6         M:cpu2
31        155 0.0966 0.0676 0.1067 0.0000
6         M:cpu1
31        155 0.0533 0.0373 0.0557 0.0000
6         M:cpu0
31        155 0.0933 0.0653 0.1028 0.0000
5         M:cpu
31        155 0.0841 0.0589 0.0713 0.0000
8         M:syslog
37        155 235.0000 164.5000 196.6151 0.0000
8         M:ssh_in
31        155 2.0000 1.4000 1.6733 0.0000
13        M:cfengine_in
31        155 1.0000 0.7000 0.8367 0.0000
10        M:diskfree
34        155 83.0000 58.1000 69.4629 0.0000
12        M:otherprocs
31        155 3.0000 2.1000 2.5100 0.0000
11        M:rootprocs
34        155 93.5000 65.4500 78.2288 0.0000
7         M:users
31        155 4.0000 2.8000 3.3466 0.0000
# send QUERY complete successful
