# delta from 1679716338 to 1679716399 at 1679716399
22        CFR: 0 1679716398 1860
3         PRD
60        Packing reports: delta,0.025806,0.066595,0.070600,1679716339
83        Sample(/proc/sys/kernel/random/entropy_avail),0.004821,0.002324,0.002379,1679716388
3         EXS
16        f,280,1679716311
3         MOM
15        M:entropy_avail
40        1486 1957.0000 1808.3800 495.4000 0.0000
12        M:mem_cached
38        1486 977.7969 889.6336 293.8777 0.0000
10        M:mem_free
38        1486 9653.9953 9653.9953 0.0000 0.0000
11        M:mem_total
40        1486 10529.5203 10529.5203 0.0000 0.0000
16        M:io_writtendata
32        1486 0.1494 0.1126 0.1042 0.0000
11        M:io_writes
32        1486 8.0000 6.0200 5.5975 0.0000
6         M:cpu3
32        1486 0.9731 0.6896 0.7910 0.0000
6         M:cpu2
32        1486 0.9132 0.7176 0.5717 0.0000
6         M:cpu1
32        1486 0.7196 0.5051 0.5982 0.0000
6         M:cpu0
32        1486 2.1193 1.4835 1.7731 0.0000
5         M:cpu
32        1486 1.1830 0.8498 0.9305 0.0000
10        M:messages
38        1486 308.0000 215.6000 257.6913 0.0000
8         M:syslog
40        1486 1462.2414 1135.0790 944.3031 0.0000
8         M:ssh_in
32        1486 2.0000 1.8200 0.6000 0.0000
13        M:cfengine_in
32        1486 1.0000 0.9100 0.3000 0.0000
9         M:loadavg
32        1486 0.0400 0.0280 0.0335 0.0000
10        M:diskfree
35        1486 80.0000 72.8000 24.0000 0.0000
12        M:otherprocs
32        1486 3.0000 2.7300 0.9000 0.0000
11        M:rootprocs
35        1486 94.0000 85.5400 28.2000 0.0000
7         M:users
32        1486 4.0000 3.6400 1.2000 0.0000
3         MOY
15        M:entropy_avail
40        155 1934.0000 1353.8000 3052.5656 0.0000
12        M:mem_cached
37        155 567.7695 397.4387 537.7864 0.0000
16        M:io_writtendata
31        155 0.0586 0.0410 0.0585 0.0000
11        M:io_writes
31        155 2.0000 1.4000 2.3664 0.0000
6         M:cpu3
31        155 0.6365 0.4455 0.7492 0.0000
6         M:cpu2
31        155 0.9225 0.6457 1.0836 0.0000
6         M:cpu1
31        155 0.4430 0.3101 0.4722 0.0000
6         M:cpu0
31        155 0.5662 0.3964 0.5767 0.0000
5         M:cpu
31        155 0.6404 0.4483 0.7176 0.0000
10        M:messages
37        155 154.0000 107.8000 182.2153 0.0000
8         M:syslog
39        155 4248.0000 2973.6000 139.0279 0.0000
8         M:ssh_in
31        155 2.0000 1.4000 1.6733 0.0000
14        M:cfengine_out
31        155 0.5000 0.3500 0.5916 0.0000
13        M:cfengine_in
31        155 1.0000 0.7000 0.8367 0.0000
9         M:loadavg
31        155 0.0500 0.0350 0.0592 0.0000
10        M:diskfree
34        155 83.0000 58.1000 69.4629 0.0000
12        M:otherprocs
31        155 3.0000 2.1000 2.5100 0.0000
11        M:rootprocs
34        155 94.0000 65.8000 78.6505 0.0000
7         M:users
31        155 4.0000 2.8000 3.3466 0.0000
# send QUERY complete successful
