# delta from 1679742798 to 1679742859 at 1679742859
22        CFR: 0 1679742858 1863
3         PRD
60        Packing reports: delta,0.030568,0.093440,0.094889,1679742799
83        Sample(/proc/sys/kernel/random/entropy_avail),0.004971,0.002471,0.002479,1679742817
3         EXS
16        f,289,1679742726
3         MOM
15        M:entropy_avail
40        1574 1939.0000 1793.8900 483.7000 0.0000
12        M:mem_cached
39        1574 1049.9023 955.2651 315.4574 0.0000
10        M:mem_free
40        1574 13708.3555 12474.7561 0.0000 0.0000
11        M:mem_total
40        1574 15042.1719 13688.3764 0.0000 0.0000
16        M:io_writtendata
32        1574 0.1201 0.0904 0.0839 0.0000
11        M:io_writes
32        1574 6.0000 4.6200 3.9563 0.0000
6         M:cpu3
32        1574 1.4189 1.0114 1.1371 0.0000
6         M:cpu2
32        1574 1.0536 0.7837 0.7595 0.0000
6         M:cpu1
32        1574 1.2056 0.8467 1.0009 0.0000
6         M:cpu0
32        1574 0.9726 0.6850 0.8020 0.0000
5         M:cpu
32        1574 1.1594 0.8294 0.9211 0.0000
10        M:messages
38        1574 310.0000 217.0000 259.3646 0.0000
8         M:syslog
40        1574 8355.0000 5897.8500 196.6151 0.0000
8         M:ssh_in
32        1574 2.0000 1.8200 0.6000 0.0000
13        M:cfengine_in
32        1574 1.0000 0.9100 0.3000 0.0000
9         M:loadavg
32        1574 0.0100 0.0070 0.0084 0.0000
10        M:diskfree
35        1574 79.0000 71.8900 23.7000 0.0000
12        M:otherprocs
32        1574 3.0000 2.7300 0.9000 0.0000
11        M:rootprocs
35        1574 94.0000 85.5400 28.2000 0.0000
7         M:users
32        1574 4.0000 3.6400 1.2000 0.0000
3         MOY
15        M:entropy_avail
40        155 1934.0000 1353.8000 3052.5656 0.0000
12        M:mem_cached
37        155 567.7695 397.4387 537.7864 0.0000
16        M:io_writtendata
31        155 0.0586 0.0410 0.0585 0.0000
11        M:io_writes
31        155 2.0000 1.4000 2.3664 0.0000
6         M:cpu3
31        155 0.6365 0.4455 0.7492 0.0000
6         M:cpu2
31        155 0.9225 0.6457 1.0836 0.0000
6         M:cpu1
31        155 0.4430 0.3101 0.4722 0.0000
6         M:cpu0
31        155 0.5662 0.3964 0.5767 0.0000
5         M:cpu
31        155 0.6404 0.4483 0.7176 0.0000
10        M:messages
37        155 154.0000 107.8000 182.2153 0.0000
8         M:syslog
39        155 4248.0000 2973.6000 139.0279 0.0000
8         M:ssh_in
31        155 2.0000 1.4000 1.6733 0.0000
14        M:cfengine_out
31        155 0.5000 0.3500 0.5916 0.0000
13        M:cfengine_in
31        155 1.0000 0.7000 0.8367 0.0000
9         M:loadavg
31        155 0.0500 0.0350 0.0592 0.0000
10        M:diskfree
34        155 83.0000 58.1000 69.4629 0.0000
12        M:otherprocs
31        155 3.0000 2.1000 2.5100 0.0000
11        M:rootprocs
34        155 94.0000 65.8000 78.6505 0.0000
7         M:users
31        155 4.0000 2.8000 3.3466 0.0000
# send QUERY complete successful
