# delta from 1679681238 to 1679681299 at 1679681299
22        CFR: 0 1679681298 1906
3         PRD
60        Packing reports: delta,0.031511,0.099293,0.103311,1679681239
83        Sample(/proc/sys/kernel/random/entropy_avail),0.004776,0.002281,0.002233,1679681248
3         EXS
16        f,288,1679681222
3         MOM
15        M:entropy_avail
41        1369 1962.0000 1373.4000 1641.5270 0.0000
12        M:mem_cached
38        1369 877.2305 614.0613 733.9437 0.0000
10        M:mem_free
39        1369 13913.6016 9739.5211 0.0000 0.0000
11        M:mem_total
40        1369 15042.1719 10529.5203 0.0000 0.0000
16        M:io_writtendata
32        1369 0.1221 0.0854 0.1021 0.0000
11        M:io_writes
32        1369 6.0000 4.2000 5.0200 0.0000
6         M:cpu3
32        1369 1.2060 0.8442 1.0090 0.0000
6         M:cpu2
32        1369 2.5465 1.7825 2.1306 0.0000
6         M:cpu1
32        1369 0.5798 0.4058 0.4851 0.0000
6         M:cpu0
32        1369 0.6062 0.4244 0.5072 0.0000
5         M:cpu
32        1369 1.2328 0.8630 1.0315 0.0000
10        M:messages
38        1369 308.0000 215.6000 257.6913 0.0000
8         M:syslog
38        1369 8449.0000 5914.3000 0.0000 0.0000
8         M:ssh_in
32        1369 2.0000 1.4000 1.6733 0.0000
14        M:cfengine_out
32        1369 1.0000 0.7000 0.8367 0.0000
13        M:cfengine_in
32        1369 1.0000 0.7000 0.8367 0.0000
9         M:loadavg
32        1369 0.1000 0.0700 0.0837 0.0000
10        M:diskfree
35        1369 81.0000 56.7000 67.7695 0.0000
12        M:otherprocs
32        1369 3.0000 2.1000 2.5100 0.0000
11        M:rootprocs
35        1369 95.0000 66.5000 79.4827 0.0000
7         M:users
32        1369 4.0000 2.8000 3.3466 0.0000
3         MOY
15        M:entropy_avail
40        155 1934.0000 1353.8000 3052.5656 0.0000
12        M:mem_cached
37        155 567.7695 397.4387 537.7864 0.0000
16        M:io_writtendata
31        155 0.0586 0.0410 0.0585 0.0000
11        M:io_writes
31        155 2.0000 1.4000 2.3664 0.0000
6         M:cpu3
31        155 0.6365 0.4455 0.7492 0.0000
6         M:cpu2
31        155 0.9225 0.6457 1.0836 0.0000
6         M:cpu1
31        155 0.4430 0.3101 0.4722 0.0000
6         M:cpu0
31        155 0.5662 0.3964 0.5767 0.0000
5         M:cpu
31        155 0.6404 0.4483 0.7176 0.0000
10        M:messages
37        155 154.0000 107.8000 182.2153 0.0000
8         M:syslog
39        155 4248.0000 2973.6000 139.0279 0.0000
8         M:ssh_in
31        155 2.0000 1.4000 1.6733 0.0000
14        M:cfengine_out
31        155 0.5000 0.3500 0.5916 0.0000
13        M:cfengine_in
31        155 1.0000 0.7000 0.8367 0.0000
9         M:loadavg
31        155 0.0500 0.0350 0.0592 0.0000
10        M:diskfree
34        155 83.0000 58.1000 69.4629 0.0000
12        M:otherprocs
31        155 3.0000 2.1000 2.5100 0.0000
11        M:rootprocs
34        155 94.0000 65.8000 78.6505 0.0000
7         M:users
31        155 4.0000 2.8000 3.3466 0.0000
# send QUERY complete successful
