# delta from 1679724978 to 1679725039 at 1679725039
22        CFR: 0 1679725038 1838
3         PRD
108       CFEngine Execution (policy filename: '/var/cfengine/inputs/update.cf'),0.034027,0.337945,0.340536,1679725037
60        Packing reports: delta,0.032428,0.105156,0.104599,1679724979
3         EXS
16        f,280,1679724707
3         MOM
15        M:entropy_avail
41        1515 2078.0000 1454.6000 1738.5795 0.0000
12        M:mem_cached
39        1515 1006.0898 704.2629 841.7552 0.0000
10        M:mem_free
39        1515 13758.2109 9630.7477 0.0000 0.0000
11        M:mem_total
40        1515 15042.1719 10529.5203 0.0000 0.0000
16        M:io_writtendata
32        1515 0.0400 0.0280 0.0335 0.0000
11        M:io_writes
32        1515 2.0000 1.4000 1.6733 0.0000
6         M:cpu3
32        1515 0.0999 0.0699 0.0836 0.0000
6         M:cpu2
32        1515 0.3996 0.2797 0.3344 0.0000
6         M:cpu1
32        1515 0.0067 0.0047 0.0056 0.0000
6         M:cpu0
32        1515 0.0133 0.0093 0.0111 0.0000
5         M:cpu
32        1515 0.1315 0.0921 0.1101 0.0000
8         M:syslog
38        1515 324.0000 226.8000 271.0778 0.0000
8         M:ssh_in
32        1515 2.0000 1.4000 1.6733 0.0000
13        M:cfengine_in
32        1515 1.0000 0.7000 0.8367 0.0000
9         M:loadavg
32        1515 0.0100 0.0070 0.0084 0.0000
10        M:diskfree
35        1515 80.0000 56.0000 66.9328 0.0000
12        M:otherprocs
32        1515 3.0000 2.1000 2.5100 0.0000
11        M:rootprocs
35        1515 94.0000 65.8000 78.6460 0.0000
7         M:users
32        1515 4.0000 2.8000 3.3466 0.0000
3         MOY
15        M:entropy_avail
40        155 1934.0000 1353.8000 3052.5656 0.0000
12        M:mem_cached
37        155 567.7695 397.4387 537.7864 0.0000
16        M:io_writtendata
31        155 0.0586 0.0410 0.0585 0.0000
11        M:io_writes
31        155 2.0000 1.4000 2.3664 0.0000
6         M:cpu3
31        155 0.6365 0.4455 0.7492 0.0000
6         M:cpu2
31        155 0.9225 0.6457 1.0836 0.0000
6         M:cpu1
31        155 0.4430 0.3101 0.4722 0.0000
6         M:cpu0
31        155 0.5662 0.3964 0.5767 0.0000
5         M:cpu
31        155 0.6404 0.4483 0.7176 0.0000
10        M:messages
37        155 154.0000 107.8000 182.2153 0.0000
8         M:syslog
39        155 4248.0000 2973.6000 139.0279 0.0000
8         M:ssh_in
31        155 2.0000 1.4000 1.6733 0.0000
14        M:cfengine_out
31        155 0.5000 0.3500 0.5916 0.0000
13        M:cfengine_in
31        155 1.0000 0.7000 0.8367 0.0000
9         M:loadavg
31        155 0.0500 0.0350 0.0592 0.0000
10        M:diskfree
34        155 83.0000 58.1000 69.4629 0.0000
12        M:otherprocs
31        155 3.0000 2.1000 2.5100 0.0000
11        M:rootprocs
34        155 94.0000 65.8000 78.6505 0.0000
7         M:users
31        155 4.0000 2.8000 3.3466 0.0000
# send QUERY complete successful
