# delta from 1679669898 to 1679669959 at 1679669959
22        CFR: 0 1679669958 1647
3         PRD
60        Packing reports: delta,0.037499,0.140619,0.142567,1679669899
3         EXS
16        f,289,1679669823
3         MOM
15        M:entropy_avail
41        1331 1965.0000 1375.5000 1644.0370 0.0000
12        M:mem_cached
38        1331 841.4141 588.9898 703.9775 0.0000
10        M:mem_free
39        1331 13968.4648 9777.9254 0.0000 0.0000
11        M:mem_total
40        1331 15042.1719 10529.5203 0.0000 0.0000
16        M:io_writtendata
32        1331 0.1367 0.0957 0.1144 0.0000
11        M:io_writes
32        1331 8.0000 5.6000 6.6933 0.0000
6         M:cpu3
32        1331 0.9464 0.6625 0.7918 0.0000
6         M:cpu2
32        1331 1.4657 1.0260 1.2263 0.0000
6         M:cpu1
32        1331 0.9935 0.6954 0.8312 0.0000
6         M:cpu0
32        1331 1.5201 1.0641 1.2718 0.0000
5         M:cpu
32        1331 1.2298 0.8609 1.0289 0.0000
10        M:messages
38        1331 306.0000 214.2000 256.0180 0.0000
8         M:syslog
38        1331 8685.0000 6079.5000 0.0000 0.0000
8         M:ssh_in
32        1331 2.0000 1.4000 1.6733 0.0000
14        M:cfengine_out
32        1331 1.0000 0.7000 0.8367 0.0000
13        M:cfengine_in
32        1331 1.0000 0.7000 0.8367 0.0000
9         M:loadavg
32        1331 0.1300 0.0910 0.1088 0.0000
10        M:diskfree
35        1331 81.0000 56.7000 67.7695 0.0000
12        M:otherprocs
32        1331 3.0000 2.1000 2.5100 0.0000
11        M:rootprocs
35        1331 95.0000 66.5000 79.4827 0.0000
7         M:users
32        1331 4.0000 2.8000 3.3466 0.0000
3         MOY
15        M:entropy_avail
40        155 1943.0000 1360.1000 3063.9750 0.0000
12        M:mem_cached
37        155 550.2754 385.1928 518.0317 0.0000
16        M:io_writtendata
31        155 0.0239 0.0167 0.0202 0.0000
6         M:cpu3
31        155 0.0999 0.0699 0.1143 0.0000
6         M:cpu2
31        155 0.0966 0.0676 0.1067 0.0000
6         M:cpu1
31        155 0.0533 0.0373 0.0557 0.0000
6         M:cpu0
31        155 0.0933 0.0653 0.1028 0.0000
5         M:cpu
31        155 0.0841 0.0589 0.0713 0.0000
8         M:syslog
37        155 235.0000 164.5000 196.6151 0.0000
8         M:ssh_in
31        155 2.0000 1.4000 1.6733 0.0000
13        M:cfengine_in
31        155 1.0000 0.7000 0.8367 0.0000
10        M:diskfree
34        155 83.0000 58.1000 69.4629 0.0000
12        M:otherprocs
31        155 3.0000 2.1000 2.5100 0.0000
11        M:rootprocs
34        155 93.5000 65.4500 78.2288 0.0000
7         M:users
31        155 4.0000 2.8000 3.3466 0.0000
# send QUERY complete successful
