# delta from 1679676498 to 1679676559 at 1679676559
22        CFR: 0 1679676558 1823
3         PRD
60        Packing reports: delta,0.027874,0.077698,0.080311,1679676499
3         EXS
16        f,319,1679676442
3         MOM
15        M:entropy_avail
41        1353 1958.0000 1370.6000 1638.1803 0.0000
12        M:mem_cached
38        1353 865.5195 605.8637 724.1456 0.0000
10        M:mem_free
39        1353 13932.6133 9752.8293 0.0000 0.0000
11        M:mem_total
40        1353 15042.1719 10529.5203 0.0000 0.0000
16        M:io_writtendata
32        1353 0.1279 0.0896 0.1070 0.0000
11        M:io_writes
32        1353 6.0000 4.2000 5.0200 0.0000
6         M:cpu3
32        1353 1.3733 0.9613 1.1490 0.0000
6         M:cpu2
32        1353 1.2590 0.8813 1.0533 0.0000
6         M:cpu1
32        1353 0.9932 0.6952 0.8310 0.0000
6         M:cpu0
32        1353 1.2129 0.8491 1.0148 0.0000
5         M:cpu
32        1353 1.2129 0.8490 1.0148 0.0000
10        M:messages
38        1353 308.0000 215.6000 257.6913 0.0000
8         M:syslog
38        1353 8203.0000 5742.1000 0.0000 0.0000
8         M:ssh_in
32        1353 2.0000 1.4000 1.6733 0.0000
14        M:cfengine_out
32        1353 1.0000 0.7000 0.8367 0.0000
13        M:cfengine_in
32        1353 1.0000 0.7000 0.8367 0.0000
9         M:loadavg
32        1353 0.0800 0.0560 0.0669 0.0000
10        M:diskfree
35        1353 81.0000 56.7000 67.7695 0.0000
12        M:otherprocs
32        1353 3.0000 2.1000 2.5100 0.0000
11        M:rootprocs
35        1353 95.0000 66.5000 79.4827 0.0000
7         M:users
32        1353 4.0000 2.8000 3.3466 0.0000
3         MOY
15        M:entropy_avail
40        155 1942.5000 1359.7500 3063.3408 0.0000
12        M:mem_cached
37        155 563.3926 394.3748 532.8372 0.0000
16        M:io_writtendata
31        155 0.0825 0.0578 0.0864 0.0000
11        M:io_writes
31        155 4.0000 2.8000 4.7329 0.0000
6         M:cpu3
31        155 0.5669 0.3968 0.6668 0.0000
6         M:cpu2
31        155 0.6563 0.4594 0.7687 0.0000
6         M:cpu1
31        155 0.3965 0.2775 0.4176 0.0000
6         M:cpu0
31        155 0.9564 0.6695 1.0343 0.0000
5         M:cpu
31        155 0.6432 0.4502 0.7208 0.0000
10        M:messages
37        155 154.0000 107.8000 182.2153 0.0000
8         M:syslog
39        155 4459.5000 3121.6500 139.0279 0.0000
8         M:ssh_in
31        155 2.0000 1.4000 1.6733 0.0000
14        M:cfengine_out
31        155 0.5000 0.3500 0.5916 0.0000
13        M:cfengine_in
31        155 1.0000 0.7000 0.8367 0.0000
9         M:loadavg
31        155 0.0650 0.0455 0.0769 0.0000
10        M:diskfree
34        155 83.0000 58.1000 69.4629 0.0000
12        M:otherprocs
31        155 3.0000 2.1000 2.5100 0.0000
11        M:rootprocs
34        155 94.0000 65.8000 78.6505 0.0000
7         M:users
31        155 4.0000 2.8000 3.3466 0.0000
# send QUERY complete successful
