# delta from 1679677158 to 1679677219 at 1679677219
22        CFR: 0 1679677218 1862
3         PRD
60        Packing reports: delta,0.028154,0.079264,0.080669,1679677159
83        Sample(/proc/sys/kernel/random/entropy_avail),0.005903,0.003484,0.006214,1679677194
3         EXS
16        f,321,1679677054
3         MOM
15        M:entropy_avail
40        1355 2089.0000 1867.6000 738.0000 0.0000
12        M:mem_cached
38        1355 866.9688 788.7947 260.5801 0.0000
10        M:mem_free
40        1355 13929.9453 12676.6169 0.0000 0.0000
11        M:mem_total
40        1355 15042.1719 13688.3764 0.0000 0.0000
16        M:io_writtendata
32        1355 0.1084 0.0833 0.0719 0.0000
11        M:io_writes
32        1355 6.0000 4.6200 3.9563 0.0000
6         M:cpu3
32        1355 1.5401 1.1060 1.2121 0.0000
6         M:cpu2
32        1355 0.9989 0.7370 0.7351 0.0000
6         M:cpu1
32        1355 1.6456 1.1547 1.3690 0.0000
6         M:cpu0
32        1355 0.5330 0.3913 0.3972 0.0000
5         M:cpu
32        1355 1.1777 0.8461 0.9261 0.0000
10        M:messages
38        1355 308.0000 215.6000 257.6913 0.0000
8         M:syslog
40        1355 8061.0000 5691.8400 195.7784 0.0000
8         M:ssh_in
32        1355 4.0000 3.2200 2.3605 0.0000
13        M:cfengine_in
32        1355 1.0000 0.9100 0.3000 0.0000
9         M:loadavg
32        1355 0.0500 0.0350 0.0418 0.0000
10        M:diskfree
35        1355 81.0000 73.7100 24.3000 0.0000
12        M:otherprocs
32        1355 3.0000 2.7300 0.9000 0.0000
11        M:rootprocs
35        1355 94.0000 85.5400 28.2000 0.0000
7         M:users
32        1355 4.0000 3.6400 1.2000 0.0000
3         MOY
15        M:entropy_avail
40        155 1942.5000 1359.7500 3063.3408 0.0000
12        M:mem_cached
37        155 563.3926 394.3748 532.8372 0.0000
16        M:io_writtendata
31        155 0.0825 0.0578 0.0864 0.0000
11        M:io_writes
31        155 4.0000 2.8000 4.7329 0.0000
6         M:cpu3
31        155 0.5669 0.3968 0.6668 0.0000
6         M:cpu2
31        155 0.6563 0.4594 0.7687 0.0000
6         M:cpu1
31        155 0.3965 0.2775 0.4176 0.0000
6         M:cpu0
31        155 0.9564 0.6695 1.0343 0.0000
5         M:cpu
31        155 0.6432 0.4502 0.7208 0.0000
10        M:messages
37        155 154.0000 107.8000 182.2153 0.0000
8         M:syslog
39        155 4459.5000 3121.6500 139.0279 0.0000
8         M:ssh_in
31        155 2.0000 1.4000 1.6733 0.0000
14        M:cfengine_out
31        155 0.5000 0.3500 0.5916 0.0000
13        M:cfengine_in
31        155 1.0000 0.7000 0.8367 0.0000
9         M:loadavg
31        155 0.0650 0.0455 0.0769 0.0000
10        M:diskfree
34        155 83.0000 58.1000 69.4629 0.0000
12        M:otherprocs
31        155 3.0000 2.1000 2.5100 0.0000
11        M:rootprocs
34        155 94.0000 65.8000 78.6505 0.0000
7         M:users
31        155 4.0000 2.8000 3.3466 0.0000
# send QUERY complete successful
