# delta from 1679662578 to 1679662639 at 1679662639
22        CFR: 0 1679662638 1733
3         PRD
60        Packing reports: delta,0.030392,0.133863,0.114533,1679662579
83        Sample(/proc/sys/kernel/random/entropy_avail),0.004853,0.002356,0.002278,1679662627
3         EXS
16        f,288,1679662315
3         MOM
15        M:entropy_avail
41        1307 2298.0000 1608.6000 1922.6447 0.0000
12        M:mem_cached
38        1307 823.2695 576.2887 688.7967 0.0000
10        M:mem_free
39        1307 14005.2070 9803.6449 0.0000 0.0000
11        M:mem_total
40        1307 15042.1719 10529.5203 0.0000 0.0000
16        M:io_writtendata
32        1307 0.0332 0.0232 0.0278 0.0000
11        M:io_writes
32        1307 2.0000 1.4000 1.6733 0.0000
6         M:cpu3
32        1307 0.1399 0.0979 0.1170 0.0000
6         M:cpu2
32        1307 0.1865 0.1305 0.1560 0.0000
6         M:cpu0
32        1307 0.0999 0.0699 0.0836 0.0000
5         M:cpu
32        1307 0.1116 0.0781 0.0933 0.0000
8         M:syslog
38        1307 235.0000 164.5000 196.6151 0.0000
8         M:ssh_in
32        1307 2.0000 1.4000 1.6733 0.0000
13        M:cfengine_in
32        1307 1.0000 0.7000 0.8367 0.0000
10        M:diskfree
35        1307 82.0000 57.4000 68.6061 0.0000
12        M:otherprocs
32        1307 3.0000 2.1000 2.5100 0.0000
11        M:rootprocs
35        1307 94.0000 65.8000 78.6460 0.0000
7         M:users
32        1307 4.0000 2.8000 3.3466 0.0000
3         MOY
15        M:entropy_avail
40        155 2267.5000 1587.2500 3481.4590 0.0000
12        M:mem_cached
37        155 542.2402 379.5682 508.9834 0.0000
16        M:io_writtendata
31        155 0.0767 0.0537 0.0795 0.0000
11        M:io_writes
31        155 3.0000 2.1000 3.5496 0.0000
6         M:cpu3
31        155 0.7130 0.4991 0.8398 0.0000
6         M:cpu2
31        155 0.9601 0.6720 1.1281 0.0000
6         M:cpu1
31        155 0.9157 0.6410 1.0298 0.0000
6         M:cpu0
31        155 1.0603 0.7422 1.1567 0.0000
5         M:cpu
31        155 0.9114 0.6380 1.0379 0.0000
10        M:messages
37        155 217.5000 152.2500 257.3495 0.0000
8         M:syslog
39        155 6509.5000 4556.6500 139.0279 0.0000
8         M:ssh_in
31        155 2.0000 1.4000 1.6733 0.0000
14        M:cfengine_out
31        155 0.5000 0.3500 0.5916 0.0000
13        M:cfengine_in
31        155 1.0000 0.7000 0.8367 0.0000
9         M:loadavg
31        155 0.0750 0.0525 0.0887 0.0000
10        M:diskfree
34        155 83.5000 58.4500 69.8724 0.0000
12        M:otherprocs
31        155 3.0000 2.1000 2.5100 0.0000
11        M:rootprocs
34        155 94.0000 65.8000 78.6505 0.0000
7         M:users
31        155 4.0000 2.8000 3.3466 0.0000
# send QUERY complete successful
