# delta from 1679665338 to 1679665399 at 1679665399
22        CFR: 0 1679665398 1689
3         PRD
60        Packing reports: delta,0.034031,0.115812,0.119243,1679665339
3         EXS
16        f,289,1679665318
3         MOM
15        M:entropy_avail
41        1316 2060.0000 1442.0000 1723.5197 0.0000
12        M:mem_cached
38        1316 830.2344 581.1641 694.6239 0.0000
10        M:mem_free
39        1316 13990.5156 9793.3609 0.0000 0.0000
11        M:mem_total
40        1316 15042.1719 10529.5203 0.0000 0.0000
16        M:io_writtendata
32        1316 0.1123 0.0786 0.0940 0.0000
11        M:io_writes
32        1316 6.0000 4.2000 5.0200 0.0000
6         M:cpu3
32        1316 1.7933 1.2553 1.5004 0.0000
6         M:cpu2
32        1316 1.2735 0.8915 1.0655 0.0000
6         M:cpu1
32        1316 1.5396 1.0777 1.2881 0.0000
6         M:cpu0
32        1316 1.0335 0.7235 0.8647 0.0000
5         M:cpu
32        1316 1.4100 0.9870 1.1797 0.0000
10        M:messages
38        1316 310.0000 217.0000 259.3646 0.0000
8         M:syslog
38        1316 8254.0000 5777.8000 0.0000 0.0000
8         M:ssh_in
32        1316 3.0000 2.1000 2.5100 0.0000
14        M:cfengine_out
32        1316 1.0000 0.7000 0.8367 0.0000
13        M:cfengine_in
32        1316 1.0000 0.7000 0.8367 0.0000
9         M:loadavg
32        1316 0.1600 0.1120 0.1339 0.0000
10        M:diskfree
35        1316 82.0000 57.4000 68.6061 0.0000
12        M:otherprocs
32        1316 4.0000 2.8000 3.3466 0.0000
11        M:rootprocs
35        1316 96.0000 67.2000 80.3194 0.0000
7         M:users
32        1316 5.0000 3.5000 4.1833 0.0000
3         MOY
15        M:entropy_avail
40        155 2064.0000 1444.8000 3218.3282 0.0000
12        M:mem_cached
37        155 545.9062 382.1344 513.1096 0.0000
16        M:io_writtendata
31        155 0.0269 0.0188 0.0231 0.0000
11        M:io_writes
31        155 1.0000 0.7000 1.1832 0.0000
6         M:cpu3
31        155 0.0633 0.0443 0.0710 0.0000
6         M:cpu2
31        155 0.0899 0.0629 0.0988 0.0000
6         M:cpu1
31        155 0.0533 0.0373 0.0557 0.0000
6         M:cpu0
31        155 0.1299 0.0909 0.1145 0.0000
5         M:cpu
31        155 0.0833 0.0583 0.0705 0.0000
8         M:syslog
37        155 428.0000 299.6000 392.8143 0.0000
8         M:ssh_in
31        155 2.0000 1.4000 1.6733 0.0000
13        M:cfengine_in
31        155 1.0000 0.7000 0.8367 0.0000
10        M:diskfree
34        155 83.5000 58.4500 69.8724 0.0000
12        M:otherprocs
31        155 3.0000 2.1000 2.5100 0.0000
11        M:rootprocs
34        155 93.5000 65.4500 78.2288 0.0000
7         M:users
31        155 4.0000 2.8000 3.3466 0.0000
# send QUERY complete successful
