# delta from 1679713578 to 1679713639 at 1679713639
22        CFR: 0 1679713638 1796
3         PRD
108       CFEngine Execution (policy filename: '/var/cfengine/inputs/update.cf'),0.033989,0.336195,0.336643,1679713637
60        Packing reports: delta,0.023002,0.052910,0.051675,1679713579
3         EXS
16        f,280,1679713308
3         MOM
15        M:entropy_avail
41        1477 2092.0000 1464.4000 1750.2928 0.0000
12        M:mem_cached
38        1477 970.4961 679.3473 811.9753 0.0000
10        M:mem_free
39        1477 13799.7578 9659.8305 0.0000 0.0000
11        M:mem_total
40        1477 15042.1719 10529.5203 0.0000 0.0000
16        M:io_writtendata
32        1477 0.0391 0.0273 0.0327 0.0000
11        M:io_writes
32        1477 2.0000 1.4000 1.6733 0.0000
6         M:cpu3
32        1477 0.0932 0.0653 0.0780 0.0000
6         M:cpu2
32        1477 0.3064 0.2145 0.2564 0.0000
6         M:cpu1
32        1477 0.0200 0.0140 0.0167 0.0000
6         M:cpu0
32        1477 0.0400 0.0280 0.0334 0.0000
5         M:cpu
32        1477 0.1149 0.0804 0.0961 0.0000
8         M:syslog
38        1477 234.0000 163.8000 195.7784 0.0000
8         M:ssh_in
32        1477 2.0000 1.4000 1.6733 0.0000
13        M:cfengine_in
32        1477 1.0000 0.7000 0.8367 0.0000
10        M:diskfree
35        1477 80.0000 56.0000 66.9328 0.0000
12        M:otherprocs
32        1477 3.0000 2.1000 2.5100 0.0000
11        M:rootprocs
35        1477 94.0000 65.8000 78.6460 0.0000
7         M:users
32        1477 4.0000 2.8000 3.3466 0.0000
3         MOY
15        M:entropy_avail
40        155 1934.0000 1353.8000 3052.5656 0.0000
12        M:mem_cached
37        155 567.7695 397.4387 537.7864 0.0000
16        M:io_writtendata
31        155 0.0586 0.0410 0.0585 0.0000
11        M:io_writes
31        155 2.0000 1.4000 2.3664 0.0000
6         M:cpu3
31        155 0.6365 0.4455 0.7492 0.0000
6         M:cpu2
31        155 0.9225 0.6457 1.0836 0.0000
6         M:cpu1
31        155 0.4430 0.3101 0.4722 0.0000
6         M:cpu0
31        155 0.5662 0.3964 0.5767 0.0000
5         M:cpu
31        155 0.6404 0.4483 0.7176 0.0000
10        M:messages
37        155 154.0000 107.8000 182.2153 0.0000
8         M:syslog
39        155 4248.0000 2973.6000 139.0279 0.0000
8         M:ssh_in
31        155 2.0000 1.4000 1.6733 0.0000
14        M:cfengine_out
31        155 0.5000 0.3500 0.5916 0.0000
13        M:cfengine_in
31        155 1.0000 0.7000 0.8367 0.0000
9         M:loadavg
31        155 0.0500 0.0350 0.0592 0.0000
10        M:diskfree
34        155 83.0000 58.1000 69.4629 0.0000
12        M:otherprocs
31        155 3.0000 2.1000 2.5100 0.0000
11        M:rootprocs
34        155 94.0000 65.8000 78.6505 0.0000
7         M:users
31        155 4.0000 2.8000 3.3466 0.0000
# send QUERY complete successful
