# delta from 1679706858 to 1679706919 at 1679706919
22        CFR: 0 1679706918 1825
3         PRD
60        Packing reports: delta,0.033856,0.114620,0.114070,1679706859
3         EXS
16        f,319,1679706749
3         MOM
15        M:entropy_avail
40        1454 1938.0000 1792.5600 484.8000 0.0000
12        M:mem_cached
38        1454 946.5195 861.1859 284.4453 0.0000
10        M:mem_free
40        1454 13825.3008 12581.1673 0.0000 0.0000
11        M:mem_total
40        1454 15042.1719 13688.3764 0.0000 0.0000
16        M:io_writtendata
32        1454 0.1270 0.0965 0.0867 0.0000
11        M:io_writes
32        1454 6.0000 4.6200 3.9563 0.0000
6         M:cpu3
32        1454 0.8929 0.6432 0.6975 0.0000
6         M:cpu2
32        1454 1.5471 1.1641 1.0827 0.0000
6         M:cpu1
32        1454 1.2731 0.8926 1.0612 0.0000
6         M:cpu0
32        1454 0.9925 0.6962 0.8265 0.0000
5         M:cpu
32        1454 1.1763 0.8493 0.9137 0.0000
10        M:messages
38        1454 310.0000 217.0000 259.3646 0.0000
8         M:syslog
40        1454 8592.0000 6063.7500 196.6151 0.0000
8         M:ssh_in
32        1454 2.0000 1.8200 0.6000 0.0000
14        M:cfengine_out
32        1454 1.0000 0.7000 0.8367 0.0000
13        M:cfengine_in
32        1454 1.0000 0.9100 0.3000 0.0000
9         M:loadavg
32        1454 0.1000 0.0700 0.0837 0.0000
10        M:diskfree
35        1454 80.0000 72.8000 24.0000 0.0000
12        M:otherprocs
32        1454 3.0000 2.7300 0.9000 0.0000
11        M:rootprocs
35        1454 95.0000 86.2400 29.2000 0.0000
7         M:users
32        1454 4.0000 3.6400 1.2000 0.0000
3         MOY
15        M:entropy_avail
40        155 1934.0000 1353.8000 3052.5656 0.0000
12        M:mem_cached
37        155 567.7695 397.4387 537.7864 0.0000
16        M:io_writtendata
31        155 0.0586 0.0410 0.0585 0.0000
11        M:io_writes
31        155 2.0000 1.4000 2.3664 0.0000
6         M:cpu3
31        155 0.6365 0.4455 0.7492 0.0000
6         M:cpu2
31        155 0.9225 0.6457 1.0836 0.0000
6         M:cpu1
31        155 0.4430 0.3101 0.4722 0.0000
6         M:cpu0
31        155 0.5662 0.3964 0.5767 0.0000
5         M:cpu
31        155 0.6404 0.4483 0.7176 0.0000
10        M:messages
37        155 154.0000 107.8000 182.2153 0.0000
8         M:syslog
39        155 4248.0000 2973.6000 139.0279 0.0000
8         M:ssh_in
31        155 2.0000 1.4000 1.6733 0.0000
14        M:cfengine_out
31        155 0.5000 0.3500 0.5916 0.0000
13        M:cfengine_in
31        155 1.0000 0.7000 0.8367 0.0000
9         M:loadavg
31        155 0.0500 0.0350 0.0592 0.0000
10        M:diskfree
34        155 83.0000 58.1000 69.4629 0.0000
12        M:otherprocs
31        155 3.0000 2.1000 2.5100 0.0000
11        M:rootprocs
34        155 94.0000 65.8000 78.6505 0.0000
7         M:users
31        155 4.0000 2.8000 3.3466 0.0000
# send QUERY complete successful
