# delta from 1679684058 to 1679684119 at 1679684119
22        CFR: 0 1679684118 2558
3         PRD
60        Packing reports: delta,0.033001,0.108907,0.107694,1679684059
83        Sample(/proc/sys/kernel/random/entropy_avail),0.005064,0.002564,0.002455,1679684102
3         EXS
16        f,319,1679683949
3         MOM
15        M:entropy_avail
40        1378 1966.0000 1817.2000 496.0000 0.0000
41        1379 2100.0000 1470.0000 1756.9861 0.0000
12        M:mem_cached
38        1378 883.6445 803.9664 265.5938 0.0000
38        1379 883.6719 618.5703 739.3329 0.0000
10        M:mem_free
40        1378 13903.1211 12652.1175 0.0000 0.0000
39        1379 13903.5742 9732.5020 0.0000 0.0000
11        M:mem_total
40        1378 15042.1719 13688.3764 0.0000 0.0000
40        1379 15042.1719 10529.5203 0.0000 0.0000
16        M:io_writtendata
32        1378 0.1104 0.0834 0.0764 0.0000
32        1379 0.0449 0.0314 0.0376 0.0000
11        M:io_writes
32        1378 6.0000 4.6200 3.9563 0.0000
32        1379 2.0000 1.4000 1.6733 0.0000
6         M:cpu3
32        1378 0.8930 0.6503 0.6792 0.0000
32        1379 0.2065 0.1445 0.1727 0.0000
6         M:cpu2
32        1378 2.5909 1.8458 2.0792 0.0000
32        1379 0.1665 0.1165 0.1393 0.0000
6         M:cpu1
32        1378 0.3998 0.2798 0.3345 0.0000
32        1379 0.0067 0.0047 0.0056 0.0000
6         M:cpu0
32        1378 0.9930 0.7161 0.7737 0.0000
32        1379 0.0067 0.0047 0.0056 0.0000
5         M:cpu
32        1378 1.2193 0.8735 0.9656 0.0000
32        1379 0.0949 0.0664 0.0794 0.0000
10        M:messages
38        1378 310.0000 217.0000 259.3646 0.0000
8         M:syslog
40        1378 8358.0000 5899.9500 196.6151 0.0000
38        1379 235.0000 164.5000 196.6151 0.0000
8         M:ssh_in
32        1378 2.0000 1.8200 0.6000 0.0000
32        1379 2.0000 1.4000 1.6733 0.0000
14        M:cfengine_out
32        1378 1.0000 0.7000 0.8367 0.0000
13        M:cfengine_in
32        1378 1.0000 0.9100 0.3000 0.0000
32        1379 1.0000 0.7000 0.8367 0.0000
9         M:loadavg
32        1378 0.1400 0.1064 0.0955 0.0000
32        1379 0.0100 0.0070 0.0084 0.0000
10        M:diskfree
35        1378 81.0000 73.7100 24.3000 0.0000
35        1379 81.0000 56.7000 67.7695 0.0000
12        M:otherprocs
32        1378 3.0000 2.7300 0.9000 0.0000
32        1379 3.0000 2.1000 2.5100 0.0000
11        M:rootprocs
35        1378 95.0000 86.2400 29.2000 0.0000
35        1379 94.0000 65.8000 78.6460 0.0000
7         M:users
32        1378 4.0000 3.6400 1.2000 0.0000
32        1379 4.0000 2.8000 3.3466 0.0000
3         MOY
15        M:entropy_avail
40        155 1934.0000 1353.8000 3052.5656 0.0000
12        M:mem_cached
37        155 567.7695 397.4387 537.7864 0.0000
16        M:io_writtendata
31        155 0.0586 0.0410 0.0585 0.0000
11        M:io_writes
31        155 2.0000 1.4000 2.3664 0.0000
6         M:cpu3
31        155 0.6365 0.4455 0.7492 0.0000
6         M:cpu2
31        155 0.9225 0.6457 1.0836 0.0000
6         M:cpu1
31        155 0.4430 0.3101 0.4722 0.0000
6         M:cpu0
31        155 0.5662 0.3964 0.5767 0.0000
5         M:cpu
31        155 0.6404 0.4483 0.7176 0.0000
10        M:messages
37        155 154.0000 107.8000 182.2153 0.0000
8         M:syslog
39        155 4248.0000 2973.6000 139.0279 0.0000
8         M:ssh_in
31        155 2.0000 1.4000 1.6733 0.0000
14        M:cfengine_out
31        155 0.5000 0.3500 0.5916 0.0000
13        M:cfengine_in
31        155 1.0000 0.7000 0.8367 0.0000
9         M:loadavg
31        155 0.0500 0.0350 0.0592 0.0000
10        M:diskfree
34        155 83.0000 58.1000 69.4629 0.0000
12        M:otherprocs
31        155 3.0000 2.1000 2.5100 0.0000
11        M:rootprocs
34        155 94.0000 65.8000 78.6505 0.0000
7         M:users
31        155 4.0000 2.8000 3.3466 0.0000
# send QUERY complete successful
