# delta from 1679661558 to 1679661619 at 1679661619
22        CFR: 0 1679661618 1904
3         PRD
60        Packing reports: delta,0.030381,0.132298,0.133788,1679661559
83        Sample(/proc/sys/kernel/random/entropy_avail),0.004867,0.002369,0.002331,1679661576
3         EXS
16        f,255,1679661426
3         MOM
15        M:entropy_avail
40        1303 2552.0000 2299.8500 840.5000 0.0000
12        M:mem_cached
38        1303 821.4180 747.4830 246.4500 0.0000
10        M:mem_free
40        1303 14010.3281 12744.1273 0.0000 0.0000
11        M:mem_total
40        1303 15042.1719 13688.3764 0.0000 0.0000
16        M:io_writtendata
32        1303 0.0850 0.0779 0.0234 0.0000
11        M:io_writes
32        1303 2.0000 2.2400 0.8000 0.0000
6         M:cpu3
32        1303 0.5261 0.6384 0.3743 0.0000
6         M:cpu2
32        1303 0.3862 0.7376 1.1712 0.0000
6         M:cpu1
32        1303 0.3262 0.3207 0.0185 0.0000
6         M:cpu0
32        1303 0.0932 0.1128 0.0654 0.0000
5         M:cpu
32        1303 0.3313 0.4509 0.3986 0.0000
10        M:messages
37        1303 142.0000 134.6800 24.4000 0.0000
8         M:syslog
37        1303 740.0000 2235.8000 0.0000 0.0000
8         M:ssh_in
32        1303 2.0000 2.8700 2.9000 0.0000
14        M:cfengine_out
32        1303 0.0000 0.2100 0.7436 0.0000
13        M:cfengine_in
32        1303 1.0000 0.9100 0.3000 0.0000
9         M:loadavg
32        1303 0.0000 0.0168 0.0595 0.0000
10        M:diskfree
35        1303 82.0000 74.6200 24.6000 0.0000
12        M:otherprocs
32        1303 3.0000 2.7300 0.9000 0.0000
11        M:rootprocs
35        1303 94.0000 86.3800 25.4000 0.0000
7         M:users
32        1303 4.0000 3.6400 1.2000 0.0000
3         MOY
15        M:entropy_avail
40        155 2267.5000 1587.2500 3481.4590 0.0000
12        M:mem_cached
37        155 542.2402 379.5682 508.9834 0.0000
16        M:io_writtendata
31        155 0.0767 0.0537 0.0795 0.0000
11        M:io_writes
31        155 3.0000 2.1000 3.5496 0.0000
6         M:cpu3
31        155 0.7130 0.4991 0.8398 0.0000
6         M:cpu2
31        155 0.9601 0.6720 1.1281 0.0000
6         M:cpu1
31        155 0.9157 0.6410 1.0298 0.0000
6         M:cpu0
31        155 1.0603 0.7422 1.1567 0.0000
5         M:cpu
31        155 0.9114 0.6380 1.0379 0.0000
10        M:messages
37        155 217.5000 152.2500 257.3495 0.0000
8         M:syslog
39        155 6509.5000 4556.6500 139.0279 0.0000
8         M:ssh_in
31        155 2.0000 1.4000 1.6733 0.0000
14        M:cfengine_out
31        155 0.5000 0.3500 0.5916 0.0000
13        M:cfengine_in
31        155 1.0000 0.7000 0.8367 0.0000
9         M:loadavg
31        155 0.0750 0.0525 0.0887 0.0000
10        M:diskfree
34        155 83.5000 58.4500 69.8724 0.0000
12        M:otherprocs
31        155 3.0000 2.1000 2.5100 0.0000
11        M:rootprocs
34        155 94.0000 65.8000 78.6505 0.0000
7         M:users
31        155 4.0000 2.8000 3.3466 0.0000
# send QUERY complete successful
