# delta from 1679732658 to 1679732719 at 1679732719
22        CFR: 0 1679732718 1785
3         PRD
60        Packing reports: delta,0.056647,0.112531,0.048336,1679732659
3         EXS
16        f,321,1679732551
3         MOM
15        M:entropy_avail
40        1540 1942.0000 1795.3600 488.8000 0.0000
12        M:mem_cached
39        1540 1025.3672 932.9258 308.1379 0.0000
10        M:mem_free
40        1540 13736.4844 12500.4206 0.0000 0.0000
11        M:mem_total
40        1540 15042.1719 13688.3764 0.0000 0.0000
16        M:io_writtendata
32        1540 0.1562 0.1155 0.1144 0.0000
11        M:io_writes
32        1540 8.0000 6.0200 5.5975 0.0000
6         M:cpu3
32        1540 1.6060 1.1242 1.3437 0.0000
6         M:cpu2
32        1540 0.9932 0.7750 0.6330 0.0000
6         M:cpu1
32        1540 1.0995 0.7724 0.9121 0.0000
6         M:cpu0
32        1540 1.2593 0.8885 1.0342 0.0000
5         M:cpu
32        1540 1.2395 0.8897 0.9768 0.0000
10        M:messages
38        1540 310.0000 217.0000 259.3646 0.0000
8         M:syslog
40        1540 8587.0000 6060.2500 196.6151 0.0000
8         M:ssh_in
32        1540 2.0000 1.8200 0.6000 0.0000
14        M:cfengine_out
32        1540 1.0000 0.7000 0.8367 0.0000
13        M:cfengine_in
32        1540 1.0000 0.9100 0.3000 0.0000
10        M:diskfree
35        1540 79.0000 71.8900 23.7000 0.0000
12        M:otherprocs
32        1540 3.0000 2.7300 0.9000 0.0000
11        M:rootprocs
35        1540 94.0000 85.5400 28.2000 0.0000
7         M:users
32        1540 4.0000 3.6400 1.2000 0.0000
3         MOY
15        M:entropy_avail
40        155 1934.0000 1353.8000 3052.5656 0.0000
12        M:mem_cached
37        155 567.7695 397.4387 537.7864 0.0000
16        M:io_writtendata
31        155 0.0586 0.0410 0.0585 0.0000
11        M:io_writes
31        155 2.0000 1.4000 2.3664 0.0000
6         M:cpu3
31        155 0.6365 0.4455 0.7492 0.0000
6         M:cpu2
31        155 0.9225 0.6457 1.0836 0.0000
6         M:cpu1
31        155 0.4430 0.3101 0.4722 0.0000
6         M:cpu0
31        155 0.5662 0.3964 0.5767 0.0000
5         M:cpu
31        155 0.6404 0.4483 0.7176 0.0000
10        M:messages
37        155 154.0000 107.8000 182.2153 0.0000
8         M:syslog
39        155 4248.0000 2973.6000 139.0279 0.0000
8         M:ssh_in
31        155 2.0000 1.4000 1.6733 0.0000
14        M:cfengine_out
31        155 0.5000 0.3500 0.5916 0.0000
13        M:cfengine_in
31        155 1.0000 0.7000 0.8367 0.0000
9         M:loadavg
31        155 0.0500 0.0350 0.0592 0.0000
10        M:diskfree
34        155 83.0000 58.1000 69.4629 0.0000
12        M:otherprocs
31        155 3.0000 2.1000 2.5100 0.0000
11        M:rootprocs
34        155 94.0000 65.8000 78.6505 0.0000
7         M:users
31        155 4.0000 2.8000 3.3466 0.0000
# send QUERY complete successful
