# delta from 1679664858 to 1679664919 at 1679664919
22        CFR: 0 1679664918 1768
3         PRD
60        Packing reports: delta,0.034131,0.116492,0.116769,1679664859
83        Sample(/proc/sys/kernel/random/entropy_avail),0.004724,0.002231,0.002223,1679664880
3         EXS
16        f,280,1679664705
3         MOM
15        M:entropy_avail
40        1314 2205.0000 1984.9200 733.6000 0.0000
12        M:mem_cached
38        1314 828.8477 754.2456 248.6734 0.0000
10        M:mem_free
40        1314 13992.8203 12733.3639 0.0000 0.0000
11        M:mem_total
40        1314 15042.1719 13688.3764 0.0000 0.0000
16        M:io_writtendata
32        1314 0.0518 0.0537 0.0063 0.0000
11        M:io_writes
32        1314 2.0000 2.2400 0.8000 0.0000
6         M:cpu3
32        1314 0.2664 0.5280 0.8719 0.0000
6         M:cpu2
32        1314 0.2597 0.4755 0.7193 0.0000
6         M:cpu1
32        1314 0.0067 0.0914 0.3028 0.0000
6         M:cpu0
32        1314 0.0067 0.2830 0.9813 0.0000
5         M:cpu
32        1314 0.1315 0.3418 0.7009 0.0000
10        M:messages
35        1314 0.0000 65.1000 230.5283 0.0000
8         M:syslog
37        1314 386.0000 2023.0700 0.0000 0.0000
8         M:ssh_in
32        1314 2.0000 1.8200 0.6000 0.0000
14        M:cfengine_out
32        1314 0.0000 0.2100 0.7436 0.0000
13        M:cfengine_in
32        1314 1.0000 0.9100 0.3000 0.0000
9         M:loadavg
32        1314 0.0100 0.0280 0.0680 0.0000
10        M:diskfree
35        1314 82.0000 74.6200 24.6000 0.0000
12        M:otherprocs
32        1314 3.0000 2.7300 0.9000 0.0000
11        M:rootprocs
35        1314 94.0000 85.7500 27.5000 0.0000
7         M:users
32        1314 4.0000 3.6400 1.2000 0.0000
3         MOY
15        M:entropy_avail
40        155 2064.0000 1444.8000 3218.3282 0.0000
12        M:mem_cached
37        155 545.9062 382.1344 513.1096 0.0000
16        M:io_writtendata
31        155 0.0269 0.0188 0.0231 0.0000
11        M:io_writes
31        155 1.0000 0.7000 1.1832 0.0000
6         M:cpu3
31        155 0.0633 0.0443 0.0710 0.0000
6         M:cpu2
31        155 0.0899 0.0629 0.0988 0.0000
6         M:cpu1
31        155 0.0533 0.0373 0.0557 0.0000
6         M:cpu0
31        155 0.1299 0.0909 0.1145 0.0000
5         M:cpu
31        155 0.0833 0.0583 0.0705 0.0000
8         M:syslog
37        155 428.0000 299.6000 392.8143 0.0000
8         M:ssh_in
31        155 2.0000 1.4000 1.6733 0.0000
13        M:cfengine_in
31        155 1.0000 0.7000 0.8367 0.0000
10        M:diskfree
34        155 83.5000 58.4500 69.8724 0.0000
12        M:otherprocs
31        155 3.0000 2.1000 2.5100 0.0000
11        M:rootprocs
34        155 93.5000 65.4500 78.2288 0.0000
7         M:users
31        155 4.0000 2.8000 3.3466 0.0000
# send QUERY complete successful
