# delta from 1679689758 to 1679689819 at 1679689819
22        CFR: 0 1679689818 2494
3         PRD
60        Packing reports: delta,0.030145,0.129361,0.128458,1679689759
83        Sample(/proc/sys/kernel/random/entropy_avail),0.005431,0.002950,0.002365,1679689808
3         EXS
16        f,289,1679689619
3         MOM
15        M:entropy_avail
40        1397 1947.0000 1800.1200 489.6000 0.0000
41        1398 2082.0000 1457.4000 1741.9262 0.0000
12        M:mem_cached
38        1397 905.3516 823.7116 272.1332 0.0000
38        1398 905.3125 633.7188 757.4388 0.0000
10        M:mem_free
40        1397 13877.2734 12628.8446 0.0000 0.0000
39        1398 13876.7500 9713.7250 0.0000 0.0000
11        M:mem_total
40        1397 15042.1719 13688.3764 0.0000 0.0000
40        1398 15042.1719 10529.5203 0.0000 0.0000
16        M:io_writtendata
32        1397 0.1406 0.1071 0.0955 0.0000
32        1398 0.0293 0.0205 0.0245 0.0000
11        M:io_writes
32        1397 8.0000 6.0200 5.5975 0.0000
32        1398 2.0000 1.4000 1.6733 0.0000
6         M:cpu3
32        1397 1.7469 1.2620 1.3550 0.0000
32        1398 0.1798 0.1259 0.1505 0.0000
6         M:cpu2
32        1397 1.5724 1.1398 1.2094 0.0000
32        1398 0.1998 0.1398 0.1671 0.0000
6         M:cpu1
32        1397 0.9198 0.6452 0.7656 0.0000
32        1398 0.0333 0.0233 0.0279 0.0000
6         M:cpu0
32        1397 0.6129 0.4318 0.5050 0.0000
5         M:cpu
32        1397 1.2145 0.8704 0.9606 0.0000
32        1398 0.1016 0.0711 0.0850 0.0000
10        M:messages
38        1397 310.0000 217.0000 259.3646 0.0000
8         M:syslog
40        1397 8349.0000 5893.6500 196.6151 0.0000
38        1398 324.0000 226.8000 271.0778 0.0000
8         M:ssh_in
32        1397 2.0000 2.6600 2.2000 0.0000
32        1398 2.0000 1.4000 1.6733 0.0000
14        M:cfengine_out
32        1397 1.0000 0.7000 0.8367 0.0000
13        M:cfengine_in
32        1397 1.0000 0.9100 0.3000 0.0000
32        1398 1.0000 0.7000 0.8367 0.0000
9         M:loadavg
32        1397 0.0800 0.0602 0.0560 0.0000
10        M:diskfree
35        1397 81.0000 73.7100 24.3000 0.0000
35        1398 81.0000 56.7000 67.7695 0.0000
12        M:otherprocs
32        1397 3.0000 2.7300 0.9000 0.0000
32        1398 3.0000 2.1000 2.5100 0.0000
11        M:rootprocs
35        1397 95.0000 86.2400 29.2000 0.0000
35        1398 94.0000 65.8000 78.6460 0.0000
7         M:users
32        1397 4.0000 3.6400 1.2000 0.0000
32        1398 4.0000 2.8000 3.3466 0.0000
3         MOY
15        M:entropy_avail
40        155 1934.0000 1353.8000 3052.5656 0.0000
12        M:mem_cached
37        155 567.7695 397.4387 537.7864 0.0000
16        M:io_writtendata
31        155 0.0586 0.0410 0.0585 0.0000
11        M:io_writes
31        155 2.0000 1.4000 2.3664 0.0000
6         M:cpu3
31        155 0.6365 0.4455 0.7492 0.0000
6         M:cpu2
31        155 0.9225 0.6457 1.0836 0.0000
6         M:cpu1
31        155 0.4430 0.3101 0.4722 0.0000
6         M:cpu0
31        155 0.5662 0.3964 0.5767 0.0000
5         M:cpu
31        155 0.6404 0.4483 0.7176 0.0000
10        M:messages
37        155 154.0000 107.8000 182.2153 0.0000
8         M:syslog
39        155 4248.0000 2973.6000 139.0279 0.0000
8         M:ssh_in
31        155 2.0000 1.4000 1.6733 0.0000
14        M:cfengine_out
31        155 0.5000 0.3500 0.5916 0.0000
13        M:cfengine_in
31        155 1.0000 0.7000 0.8367 0.0000
9         M:loadavg
31        155 0.0500 0.0350 0.0592 0.0000
10        M:diskfree
34        155 83.0000 58.1000 69.4629 0.0000
12        M:otherprocs
31        155 3.0000 2.1000 2.5100 0.0000
11        M:rootprocs
34        155 94.0000 65.8000 78.6505 0.0000
7         M:users
31        155 4.0000 2.8000 3.3466 0.0000
# send QUERY complete successful
