# delta from 1679691858 to 1679691919 at 1679691919
22        CFR: 0 1679691918 2494
3         PRD
60        Packing reports: delta,0.022992,0.052865,0.051262,1679691859
83        Sample(/proc/sys/kernel/random/entropy_avail),0.004839,0.002342,0.002423,1679691910
3         EXS
16        f,289,1679691733
3         MOM
15        M:entropy_avail
40        1404 1964.0000 1814.9600 496.8000 0.0000
41        1405 2093.0000 1465.1000 1751.1294 0.0000
12        M:mem_cached
38        1404 910.5117 828.4032 273.6949 0.0000
38        1405 910.4805 637.3363 761.7626 0.0000
10        M:mem_free
40        1404 13870.2734 12622.1186 0.0000 0.0000
39        1405 13869.7500 9708.8250 0.0000 0.0000
11        M:mem_total
40        1404 15042.1719 13688.3764 0.0000 0.0000
40        1405 15042.1719 10529.5203 0.0000 0.0000
16        M:io_writtendata
32        1404 0.1396 0.1076 0.0919 0.0000
32        1405 0.0420 0.0294 0.0351 0.0000
11        M:io_writes
32        1404 8.0000 6.0200 5.5975 0.0000
32        1405 2.0000 1.4000 1.6733 0.0000
6         M:cpu3
32        1404 1.2866 0.9258 1.0077 0.0000
32        1405 0.1998 0.1399 0.1672 0.0000
6         M:cpu2
32        1404 1.2530 0.8953 0.9984 0.0000
32        1405 0.0733 0.0513 0.0613 0.0000
6         M:cpu1
32        1404 1.0794 0.7570 0.8992 0.0000
32        1405 0.0133 0.0093 0.0111 0.0000
6         M:cpu0
32        1404 1.1327 0.8125 0.8941 0.0000
5         M:cpu
32        1404 1.1896 0.8484 0.9520 0.0000
32        1405 0.0733 0.0513 0.0613 0.0000
10        M:messages
38        1404 310.0000 217.0000 259.3646 0.0000
8         M:syslog
40        1404 8110.0000 5726.3500 196.6151 0.0000
38        1405 235.0000 164.5000 196.6151 0.0000
8         M:ssh_in
32        1404 2.0000 1.8200 0.6000 0.0000
32        1405 2.0000 1.4000 1.6733 0.0000
14        M:cfengine_out
32        1404 1.0000 0.7000 0.8367 0.0000
13        M:cfengine_in
32        1404 1.0000 0.9100 0.3000 0.0000
32        1405 1.0000 0.7000 0.8367 0.0000
9         M:loadavg
32        1404 0.0500 0.0371 0.0363 0.0000
10        M:diskfree
35        1404 81.0000 73.7100 24.3000 0.0000
35        1405 81.0000 56.7000 67.7695 0.0000
12        M:otherprocs
32        1404 3.0000 2.7300 0.9000 0.0000
32        1405 3.0000 2.1000 2.5100 0.0000
11        M:rootprocs
35        1404 95.0000 86.2400 29.2000 0.0000
35        1405 94.0000 65.8000 78.6460 0.0000
7         M:users
32        1404 4.0000 3.6400 1.2000 0.0000
32        1405 4.0000 2.8000 3.3466 0.0000
3         MOY
15        M:entropy_avail
40        155 1934.0000 1353.8000 3052.5656 0.0000
12        M:mem_cached
37        155 567.7695 397.4387 537.7864 0.0000
16        M:io_writtendata
31        155 0.0586 0.0410 0.0585 0.0000
11        M:io_writes
31        155 2.0000 1.4000 2.3664 0.0000
6         M:cpu3
31        155 0.6365 0.4455 0.7492 0.0000
6         M:cpu2
31        155 0.9225 0.6457 1.0836 0.0000
6         M:cpu1
31        155 0.4430 0.3101 0.4722 0.0000
6         M:cpu0
31        155 0.5662 0.3964 0.5767 0.0000
5         M:cpu
31        155 0.6404 0.4483 0.7176 0.0000
10        M:messages
37        155 154.0000 107.8000 182.2153 0.0000
8         M:syslog
39        155 4248.0000 2973.6000 139.0279 0.0000
8         M:ssh_in
31        155 2.0000 1.4000 1.6733 0.0000
14        M:cfengine_out
31        155 0.5000 0.3500 0.5916 0.0000
13        M:cfengine_in
31        155 1.0000 0.7000 0.8367 0.0000
9         M:loadavg
31        155 0.0500 0.0350 0.0592 0.0000
10        M:diskfree
34        155 83.0000 58.1000 69.4629 0.0000
12        M:otherprocs
31        155 3.0000 2.1000 2.5100 0.0000
11        M:rootprocs
34        155 94.0000 65.8000 78.6505 0.0000
7         M:users
31        155 4.0000 2.8000 3.3466 0.0000
# send QUERY complete successful
