# delta from 1679673498 to 1679673559 at 1679673559
22        CFR: 0 1679673558 1823
3         PRD
60        Packing reports: delta,0.025451,0.064775,0.067618,1679673499
3         EXS
16        f,289,1679673438
3         MOM
15        M:entropy_avail
41        1343 1964.0000 1374.8000 1643.2003 0.0000
12        M:mem_cached
38        1343 858.1719 600.7203 717.9981 0.0000
10        M:mem_free
39        1343 13942.5469 9759.7828 0.0000 0.0000
11        M:mem_total
40        1343 15042.1719 10529.5203 0.0000 0.0000
16        M:io_writtendata
32        1343 0.1045 0.0731 0.0874 0.0000
11        M:io_writes
32        1343 4.0000 2.8000 3.3466 0.0000
6         M:cpu3
32        1343 1.1529 0.8070 0.9646 0.0000
6         M:cpu2
32        1343 2.0386 1.4270 1.7056 0.0000
6         M:cpu1
32        1343 1.0928 0.7650 0.9143 0.0000
6         M:cpu0
32        1343 0.4864 0.3405 0.4069 0.0000
5         M:cpu
32        1343 1.1959 0.8372 1.0006 0.0000
10        M:messages
38        1343 308.0000 215.6000 257.6913 0.0000
8         M:syslog
38        1343 7962.0000 5573.4000 0.0000 0.0000
8         M:ssh_in
32        1343 2.0000 1.4000 1.6733 0.0000
14        M:cfengine_out
32        1343 1.0000 0.7000 0.8367 0.0000
13        M:cfengine_in
32        1343 1.0000 0.7000 0.8367 0.0000
9         M:loadavg
32        1343 0.0800 0.0560 0.0669 0.0000
10        M:diskfree
35        1343 81.0000 56.7000 67.7695 0.0000
12        M:otherprocs
32        1343 3.0000 2.1000 2.5100 0.0000
11        M:rootprocs
35        1343 95.0000 66.5000 79.4827 0.0000
7         M:users
32        1343 4.0000 2.8000 3.3466 0.0000
3         MOY
15        M:entropy_avail
40        155 1939.0000 1357.3000 3058.9028 0.0000
12        M:mem_cached
37        155 555.0254 388.5178 523.3883 0.0000
16        M:io_writtendata
31        155 0.0806 0.0564 0.0841 0.0000
11        M:io_writes
31        155 4.0000 2.8000 4.7329 0.0000
6         M:cpu3
31        155 1.1202 0.7842 1.3215 0.0000
6         M:cpu2
31        155 0.4832 0.3382 0.5639 0.0000
6         M:cpu1
31        155 0.5630 0.3941 0.6135 0.0000
6         M:cpu0
31        155 0.3298 0.2309 0.3055 0.0000
5         M:cpu
31        155 0.6248 0.4373 0.6991 0.0000
10        M:messages
37        155 154.0000 107.8000 182.2153 0.0000
8         M:syslog
39        155 4217.5000 2952.2500 139.0279 0.0000
8         M:ssh_in
31        155 2.0000 1.4000 1.6733 0.0000
14        M:cfengine_out
31        155 0.5000 0.3500 0.5916 0.0000
13        M:cfengine_in
31        155 1.0000 0.7000 0.8367 0.0000
9         M:loadavg
31        155 0.0250 0.0175 0.0296 0.0000
10        M:diskfree
34        155 83.0000 58.1000 69.4629 0.0000
12        M:otherprocs
31        155 3.0000 2.1000 2.5100 0.0000
11        M:rootprocs
34        155 94.0000 65.8000 78.6505 0.0000
7         M:users
31        155 4.0000 2.8000 3.3466 0.0000
# send QUERY complete successful
