# delta from 1679746398 to 1679746459 at 1679746459
22        CFR: 0 1679746458 1863
3         PRD
60        Packing reports: delta,0.034023,0.115757,0.112479,1679746399
83        Sample(/proc/sys/kernel/random/entropy_avail),0.006678,0.004460,0.002134,1679746421
3         EXS
16        f,319,1679746341
3         MOM
15        M:entropy_avail
40        1586 1941.0000 1794.8700 487.1000 0.0000
12        M:mem_cached
39        1586 1058.5703 963.1456 318.0824 0.0000
10        M:mem_free
40        1586 13699.1523 12466.0555 0.0000 0.0000
11        M:mem_total
40        1586 15042.1719 13688.3764 0.0000 0.0000
16        M:io_writtendata
32        1586 0.1299 0.0969 0.0930 0.0000
11        M:io_writes
32        1586 6.0000 4.6200 3.9563 0.0000
6         M:cpu3
32        1586 1.5722 1.1005 1.3154 0.0000
6         M:cpu2
32        1586 1.9003 1.4029 1.3961 0.0000
6         M:cpu1
32        1586 0.6196 0.4365 0.5106 0.0000
6         M:cpu0
32        1586 0.6928 0.4877 0.5719 0.0000
5         M:cpu
32        1586 1.1977 0.8573 0.9503 0.0000
10        M:messages
38        1586 310.0000 217.0000 259.3646 0.0000
8         M:syslog
40        1586 8440.0000 5957.3500 196.6151 0.0000
8         M:ssh_in
32        1586 2.0000 1.8200 0.6000 0.0000
13        M:cfengine_in
32        1586 1.0000 0.9100 0.3000 0.0000
9         M:loadavg
32        1586 0.0200 0.0140 0.0167 0.0000
10        M:diskfree
35        1586 79.0000 71.8900 23.7000 0.0000
12        M:otherprocs
32        1586 3.0000 2.7300 0.9000 0.0000
11        M:rootprocs
35        1586 94.0000 85.5400 28.2000 0.0000
7         M:users
32        1586 4.0000 3.6400 1.2000 0.0000
3         MOY
15        M:entropy_avail
40        155 1934.0000 1353.8000 3052.5656 0.0000
12        M:mem_cached
37        155 567.7695 397.4387 537.7864 0.0000
16        M:io_writtendata
31        155 0.0586 0.0410 0.0585 0.0000
11        M:io_writes
31        155 2.0000 1.4000 2.3664 0.0000
6         M:cpu3
31        155 0.6365 0.4455 0.7492 0.0000
6         M:cpu2
31        155 0.9225 0.6457 1.0836 0.0000
6         M:cpu1
31        155 0.4430 0.3101 0.4722 0.0000
6         M:cpu0
31        155 0.5662 0.3964 0.5767 0.0000
5         M:cpu
31        155 0.6404 0.4483 0.7176 0.0000
10        M:messages
37        155 154.0000 107.8000 182.2153 0.0000
8         M:syslog
39        155 4248.0000 2973.6000 139.0279 0.0000
8         M:ssh_in
31        155 2.0000 1.4000 1.6733 0.0000
14        M:cfengine_out
31        155 0.5000 0.3500 0.5916 0.0000
13        M:cfengine_in
31        155 1.0000 0.7000 0.8367 0.0000
9         M:loadavg
31        155 0.0500 0.0350 0.0592 0.0000
10        M:diskfree
34        155 83.0000 58.1000 69.4629 0.0000
12        M:otherprocs
31        155 3.0000 2.1000 2.5100 0.0000
11        M:rootprocs
34        155 94.0000 65.8000 78.6505 0.0000
7         M:users
31        155 4.0000 2.8000 3.3466 0.0000
# send QUERY complete successful
