# delta from 1679677458 to 1679677520 at 1679677520
22        CFR: 0 1679677519 1903
3         PRD
60        Packing reports: delta,0.028266,0.079897,0.078764,1679677459
83        Sample(/proc/sys/kernel/random/entropy_avail),0.005341,0.002852,0.002316,1679677494
3         EXS
16        f,289,1679677330
3         MOM
15        M:entropy_avail
40        1356 2087.0000 1871.0300 719.9000 0.0000
12        M:mem_cached
38        1356 867.6680 789.5844 260.2785 0.0000
10        M:mem_free
38        1356 9751.1723 9751.1723 0.0000 0.0000
11        M:mem_total
40        1356 10529.5203 10529.5203 0.0000 0.0000
16        M:io_writtendata
32        1356 0.0439 0.0537 0.0326 0.0000
11        M:io_writes
32        1356 2.0000 2.6600 2.2000 0.0000
6         M:cpu3
32        1356 0.1865 0.3853 0.6625 0.0000
6         M:cpu2
32        1356 0.1332 0.3898 0.9650 0.0000
6         M:cpu1
32        1356 0.0000 0.1833 0.6492 0.0000
6         M:cpu0
32        1356 0.0067 0.2761 0.9569 0.0000
5         M:cpu
32        1356 0.0799 0.3085 0.8427 0.0000
10        M:messages
35        1356 0.0000 64.6800 229.0410 0.0000
8         M:syslog
40        1356 5333.9028 5406.8019 203.3061 0.0000
8         M:ssh_in
32        1356 2.0000 1.8200 0.6000 0.0000
14        M:cfengine_out
32        1356 0.0000 0.2100 0.7436 0.0000
13        M:cfengine_in
32        1356 1.0000 0.9100 0.3000 0.0000
9         M:loadavg
32        1356 0.0600 0.0756 0.0520 0.0000
10        M:diskfree
35        1356 81.0000 73.7100 24.3000 0.0000
12        M:otherprocs
32        1356 3.0000 2.7300 0.9000 0.0000
11        M:rootprocs
35        1356 94.0000 85.7500 27.5000 0.0000
7         M:users
32        1356 4.0000 3.6400 1.2000 0.0000
3         MOY
15        M:entropy_avail
40        155 1942.5000 1359.7500 3063.3408 0.0000
12        M:mem_cached
37        155 563.3926 394.3748 532.8372 0.0000
16        M:io_writtendata
31        155 0.0825 0.0578 0.0864 0.0000
11        M:io_writes
31        155 4.0000 2.8000 4.7329 0.0000
6         M:cpu3
31        155 0.5669 0.3968 0.6668 0.0000
6         M:cpu2
31        155 0.6563 0.4594 0.7687 0.0000
6         M:cpu1
31        155 0.3965 0.2775 0.4176 0.0000
6         M:cpu0
31        155 0.9564 0.6695 1.0343 0.0000
5         M:cpu
31        155 0.6432 0.4502 0.7208 0.0000
10        M:messages
37        155 154.0000 107.8000 182.2153 0.0000
8         M:syslog
39        155 4459.5000 3121.6500 139.0279 0.0000
8         M:ssh_in
31        155 2.0000 1.4000 1.6733 0.0000
14        M:cfengine_out
31        155 0.5000 0.3500 0.5916 0.0000
13        M:cfengine_in
31        155 1.0000 0.7000 0.8367 0.0000
9         M:loadavg
31        155 0.0650 0.0455 0.0769 0.0000
10        M:diskfree
34        155 83.0000 58.1000 69.4629 0.0000
12        M:otherprocs
31        155 3.0000 2.1000 2.5100 0.0000
11        M:rootprocs
34        155 94.0000 65.8000 78.6505 0.0000
7         M:users
31        155 4.0000 2.8000 3.3466 0.0000
# send QUERY complete successful
