# delta from 1679674458 to 1679674519 at 1679674519
22        CFR: 0 1679674518 1903
3         PRD
60        Packing reports: delta,0.025632,0.065702,0.064166,1679674459
83        Sample(/proc/sys/kernel/random/entropy_avail),0.004811,0.002315,0.002275,1679674491
3         EXS
16        f,289,1679674328
3         MOM
15        M:entropy_avail
40        1346 2095.0000 1879.7800 717.4000 0.0000
12        M:mem_cached
38        1346 860.3008 782.8836 258.0574 0.0000
10        M:mem_free
38        1346 9758.2188 9758.2188 0.0000 0.0000
11        M:mem_total
40        1346 10529.5203 10529.5203 0.0000 0.0000
16        M:io_writtendata
32        1346 0.0430 0.0604 0.0582 0.0000
11        M:io_writes
32        1346 2.0000 3.0800 3.6000 0.0000
6         M:cpu3
32        1346 0.1199 0.3206 0.7617 0.0000
6         M:cpu2
32        1346 0.0999 0.3428 0.9018 0.0000
6         M:cpu1
32        1346 0.0000 0.1469 0.5203 0.0000
6         M:cpu0
32        1346 0.0866 0.4259 1.2374 0.0000
5         M:cpu
32        1346 0.0783 0.3102 0.8540 0.0000
10        M:messages
35        1346 0.0000 64.6800 229.0410 0.0000
8         M:syslog
40        1346 5751.1479 5849.4435 274.1334 0.0000
8         M:ssh_in
32        1346 3.0000 2.5200 1.6223 0.0000
14        M:cfengine_out
32        1346 0.0000 0.2100 0.7436 0.0000
13        M:cfengine_in
32        1346 1.0000 0.9100 0.3000 0.0000
9         M:loadavg
32        1346 0.0100 0.0343 0.0902 0.0000
10        M:diskfree
35        1346 81.0000 73.7100 24.3000 0.0000
12        M:otherprocs
32        1346 3.0000 2.7300 0.9000 0.0000
11        M:rootprocs
35        1346 94.0000 85.7500 27.5000 0.0000
7         M:users
32        1346 4.0000 3.6400 1.2000 0.0000
3         MOY
15        M:entropy_avail
40        155 1942.5000 1359.7500 3063.3408 0.0000
12        M:mem_cached
37        155 563.3926 394.3748 532.8372 0.0000
16        M:io_writtendata
31        155 0.0825 0.0578 0.0864 0.0000
11        M:io_writes
31        155 4.0000 2.8000 4.7329 0.0000
6         M:cpu3
31        155 0.5669 0.3968 0.6668 0.0000
6         M:cpu2
31        155 0.6563 0.4594 0.7687 0.0000
6         M:cpu1
31        155 0.3965 0.2775 0.4176 0.0000
6         M:cpu0
31        155 0.9564 0.6695 1.0343 0.0000
5         M:cpu
31        155 0.6432 0.4502 0.7208 0.0000
10        M:messages
37        155 154.0000 107.8000 182.2153 0.0000
8         M:syslog
39        155 4459.5000 3121.6500 139.0279 0.0000
8         M:ssh_in
31        155 2.0000 1.4000 1.6733 0.0000
14        M:cfengine_out
31        155 0.5000 0.3500 0.5916 0.0000
13        M:cfengine_in
31        155 1.0000 0.7000 0.8367 0.0000
9         M:loadavg
31        155 0.0650 0.0455 0.0769 0.0000
10        M:diskfree
34        155 83.0000 58.1000 69.4629 0.0000
12        M:otherprocs
31        155 3.0000 2.1000 2.5100 0.0000
11        M:rootprocs
34        155 94.0000 65.8000 78.6505 0.0000
7         M:users
31        155 4.0000 2.8000 3.3466 0.0000
# send QUERY complete successful
