# delta from 1679698098 to 1679698159 at 1679698159
22        CFR: 0 1679698158 1821
3         PRD
60        Packing reports: delta,0.027819,0.077387,0.078712,1679698099
3         EXS
16        f,289,1679698016
3         MOM
15        M:entropy_avail
40        1425 1956.0000 1807.6800 494.4000 0.0000
12        M:mem_cached
38        1425 925.6250 842.1637 278.2043 0.0000
10        M:mem_free
38        1425 9695.3418 9695.3418 0.0000 0.0000
11        M:mem_total
40        1425 10529.5203 10529.5203 0.0000 0.0000
16        M:io_writtendata
32        1425 0.1484 0.1119 0.1034 0.0000
11        M:io_writes
32        1425 8.0000 6.0200 5.5975 0.0000
6         M:cpu3
32        1425 0.8598 0.6326 0.6371 0.0000
6         M:cpu2
32        1425 2.0255 1.4514 1.6027 0.0000
6         M:cpu1
32        1425 0.9663 0.6792 0.8007 0.0000
6         M:cpu0
32        1425 0.9462 0.6623 0.7916 0.0000
5         M:cpu
32        1425 1.2011 0.8576 0.9588 0.0000
10        M:messages
38        1425 310.0000 217.0000 259.3646 0.0000
8         M:syslog
38        1425 766.1117 585.6282 514.7358 0.0000
8         M:ssh_in
32        1425 2.0000 1.8200 0.6000 0.0000
14        M:cfengine_out
32        1425 1.0000 0.7000 0.8367 0.0000
13        M:cfengine_in
32        1425 1.0000 0.9100 0.3000 0.0000
9         M:loadavg
32        1425 0.0600 0.0420 0.0502 0.0000
10        M:diskfree
35        1425 80.0000 72.8000 24.0000 0.0000
12        M:otherprocs
32        1425 3.0000 2.7300 0.9000 0.0000
11        M:rootprocs
35        1425 95.0000 86.2400 29.2000 0.0000
7         M:users
32        1425 4.0000 3.6400 1.2000 0.0000
3         MOY
15        M:entropy_avail
40        155 1934.0000 1353.8000 3052.5656 0.0000
12        M:mem_cached
37        155 567.7695 397.4387 537.7864 0.0000
16        M:io_writtendata
31        155 0.0586 0.0410 0.0585 0.0000
11        M:io_writes
31        155 2.0000 1.4000 2.3664 0.0000
6         M:cpu3
31        155 0.6365 0.4455 0.7492 0.0000
6         M:cpu2
31        155 0.9225 0.6457 1.0836 0.0000
6         M:cpu1
31        155 0.4430 0.3101 0.4722 0.0000
6         M:cpu0
31        155 0.5662 0.3964 0.5767 0.0000
5         M:cpu
31        155 0.6404 0.4483 0.7176 0.0000
10        M:messages
37        155 154.0000 107.8000 182.2153 0.0000
8         M:syslog
39        155 4248.0000 2973.6000 139.0279 0.0000
8         M:ssh_in
31        155 2.0000 1.4000 1.6733 0.0000
14        M:cfengine_out
31        155 0.5000 0.3500 0.5916 0.0000
13        M:cfengine_in
31        155 1.0000 0.7000 0.8367 0.0000
9         M:loadavg
31        155 0.0500 0.0350 0.0592 0.0000
10        M:diskfree
34        155 83.0000 58.1000 69.4629 0.0000
12        M:otherprocs
31        155 3.0000 2.1000 2.5100 0.0000
11        M:rootprocs
34        155 94.0000 65.8000 78.6505 0.0000
7         M:users
31        155 4.0000 2.8000 3.3466 0.0000
# send QUERY complete successful
