# delta from 1679745498 to 1679745559 at 1679745559
22        CFR: 0 1679745558 1905
3         PRD
60        Packing reports: delta,0.032242,0.103956,0.107243,1679745499
83        Sample(/proc/sys/kernel/random/entropy_avail),0.004805,0.002308,0.002412,1679745520
3         EXS
16        f,322,1679745453
3         MOM
15        M:entropy_avail
40        1583 1945.0000 1797.4600 491.8000 0.0000
12        M:mem_cached
39        1583 1056.2188 961.0467 317.2402 0.0000
10        M:mem_free
38        1583 9591.1648 9591.1648 0.0000 0.0000
11        M:mem_total
40        1583 10529.5203 10529.5203 0.0000 0.0000
16        M:io_writtendata
32        1583 0.8330 0.5901 0.6777 0.0000
13        M:io_readdata
32        1583 0.0010 0.0007 0.0008 0.0000
11        M:io_writes
33        1583 12.0000 8.8200 8.9158 0.0000
6         M:cpu3
32        1583 0.8664 0.6247 0.6754 0.0000
6         M:cpu2
32        1583 1.8355 1.3380 1.3923 0.0000
6         M:cpu1
32        1583 1.9917 1.3970 1.6586 0.0000
6         M:cpu0
32        1583 1.3518 0.9477 1.1271 0.0000
5         M:cpu
32        1583 1.5097 1.0760 1.2102 0.0000
10        M:messages
38        1583 310.0000 217.0000 259.3646 0.0000
8         M:syslog
38        1583 937.0133 705.2593 655.2411 0.0000
8         M:ssh_in
32        1583 2.0000 1.8200 0.6000 0.0000
13        M:cfengine_in
32        1583 1.0000 0.9100 0.3000 0.0000
9         M:loadavg
32        1583 0.0500 0.0350 0.0418 0.0000
10        M:diskfree
35        1583 79.0000 71.8900 23.7000 0.0000
12        M:otherprocs
32        1583 3.0000 2.7300 0.9000 0.0000
11        M:rootprocs
35        1583 94.0000 85.5400 28.2000 0.0000
7         M:users
32        1583 4.0000 3.6400 1.2000 0.0000
3         MOY
15        M:entropy_avail
40        155 1934.0000 1353.8000 3052.5656 0.0000
12        M:mem_cached
37        155 567.7695 397.4387 537.7864 0.0000
16        M:io_writtendata
31        155 0.0586 0.0410 0.0585 0.0000
11        M:io_writes
31        155 2.0000 1.4000 2.3664 0.0000
6         M:cpu3
31        155 0.6365 0.4455 0.7492 0.0000
6         M:cpu2
31        155 0.9225 0.6457 1.0836 0.0000
6         M:cpu1
31        155 0.4430 0.3101 0.4722 0.0000
6         M:cpu0
31        155 0.5662 0.3964 0.5767 0.0000
5         M:cpu
31        155 0.6404 0.4483 0.7176 0.0000
10        M:messages
37        155 154.0000 107.8000 182.2153 0.0000
8         M:syslog
39        155 4248.0000 2973.6000 139.0279 0.0000
8         M:ssh_in
31        155 2.0000 1.4000 1.6733 0.0000
14        M:cfengine_out
31        155 0.5000 0.3500 0.5916 0.0000
13        M:cfengine_in
31        155 1.0000 0.7000 0.8367 0.0000
9         M:loadavg
31        155 0.0500 0.0350 0.0592 0.0000
10        M:diskfree
34        155 83.0000 58.1000 69.4629 0.0000
12        M:otherprocs
31        155 3.0000 2.1000 2.5100 0.0000
11        M:rootprocs
34        155 94.0000 65.8000 78.6505 0.0000
7         M:users
31        155 4.0000 2.8000 3.3466 0.0000
# send QUERY complete successful
