# delta from 1679684958 to 1679685019 at 1679685019
22        CFR: 0 1679685018 2494
3         PRD
60        Packing reports: delta,0.033498,0.112209,0.110641,1679684959
83        Sample(/proc/sys/kernel/random/entropy_avail),0.004975,0.002475,0.002638,1679685003
3         EXS
16        f,289,1679684838
3         MOM
15        M:entropy_avail
40        1381 1979.0000 1829.4500 498.5000 0.0000
41        1382 2107.0000 1474.9000 1762.8427 0.0000
12        M:mem_cached
38        1381 893.8359 813.2414 268.6484 0.0000
38        1382 893.8477 625.6934 747.8466 0.0000
10        M:mem_free
40        1381 13893.9219 12643.3155 0.0000 0.0000
39        1382 13892.9570 9725.0699 0.0000 0.0000
11        M:mem_total
40        1381 15042.1719 13688.3764 0.0000 0.0000
40        1382 15042.1719 10529.5203 0.0000 0.0000
16        M:io_writtendata
32        1381 0.1006 0.0954 0.0172 0.0000
32        1382 0.0410 0.0287 0.0343 0.0000
11        M:io_writes
32        1381 4.0000 4.0600 0.2000 0.0000
32        1382 2.0000 1.4000 1.6733 0.0000
6         M:cpu3
32        1381 1.3793 1.1055 0.8224 0.0000
32        1382 0.1932 0.1352 0.1616 0.0000
6         M:cpu2
32        1381 1.5651 1.3880 0.5904 0.0000
32        1382 0.1665 0.1166 0.1393 0.0000
6         M:cpu1
32        1381 0.9992 0.9401 0.1970 0.0000
6         M:cpu0
32        1381 0.9328 1.0812 0.4945 0.0000
32        1382 0.0067 0.0047 0.0056 0.0000
5         M:cpu
32        1381 1.2159 1.1268 0.2969 0.0000
32        1382 0.0932 0.0653 0.0780 0.0000
10        M:messages
37        1381 310.0000 282.1000 93.0000 0.0000
8         M:syslog
41        1381 8107.0000 7408.4500 1948.1629 0.0000
38        1382 324.0000 226.8000 271.0778 0.0000
8         M:ssh_in
32        1381 2.0000 1.8200 0.6000 0.0000
32        1382 2.0000 1.4000 1.6733 0.0000
14        M:cfengine_out
32        1381 1.0000 0.7000 0.8367 0.0000
13        M:cfengine_in
32        1381 1.0000 0.9100 0.3000 0.0000
32        1382 1.0000 0.7000 0.8367 0.0000
9         M:loadavg
32        1381 0.0600 0.0420 0.0502 0.0000
10        M:diskfree
35        1381 81.0000 73.7100 24.3000 0.0000
35        1382 81.0000 56.7000 67.7695 0.0000
12        M:otherprocs
32        1381 3.0000 2.7300 0.9000 0.0000
32        1382 3.0000 2.1000 2.5100 0.0000
11        M:rootprocs
35        1381 95.0000 86.2400 29.2000 0.0000
35        1382 94.0000 65.8000 78.6460 0.0000
7         M:users
32        1381 4.0000 3.6400 1.2000 0.0000
32        1382 4.0000 2.8000 3.3466 0.0000
3         MOY
15        M:entropy_avail
40        155 1934.0000 1353.8000 3052.5656 0.0000
12        M:mem_cached
37        155 567.7695 397.4387 537.7864 0.0000
16        M:io_writtendata
31        155 0.0586 0.0410 0.0585 0.0000
11        M:io_writes
31        155 2.0000 1.4000 2.3664 0.0000
6         M:cpu3
31        155 0.6365 0.4455 0.7492 0.0000
6         M:cpu2
31        155 0.9225 0.6457 1.0836 0.0000
6         M:cpu1
31        155 0.4430 0.3101 0.4722 0.0000
6         M:cpu0
31        155 0.5662 0.3964 0.5767 0.0000
5         M:cpu
31        155 0.6404 0.4483 0.7176 0.0000
10        M:messages
37        155 154.0000 107.8000 182.2153 0.0000
8         M:syslog
39        155 4248.0000 2973.6000 139.0279 0.0000
8         M:ssh_in
31        155 2.0000 1.4000 1.6733 0.0000
14        M:cfengine_out
31        155 0.5000 0.3500 0.5916 0.0000
13        M:cfengine_in
31        155 1.0000 0.7000 0.8367 0.0000
9         M:loadavg
31        155 0.0500 0.0350 0.0592 0.0000
10        M:diskfree
34        155 83.0000 58.1000 69.4629 0.0000
12        M:otherprocs
31        155 3.0000 2.1000 2.5100 0.0000
11        M:rootprocs
34        155 94.0000 65.8000 78.6505 0.0000
7         M:users
31        155 4.0000 2.8000 3.3466 0.0000
# send QUERY complete successful
