# delta from 1679673258 to 1679673319 at 1679673319
22        CFR: 0 1679673318 1858
3         PRD
60        Packing reports: delta,0.025221,0.063608,0.065735,1679673259
83        Sample(/proc/sys/kernel/random/entropy_avail),0.004809,0.002312,0.002217,1679673290
3         EXS
16        f,322,1679673162
3         MOM
15        M:entropy_avail
40        1342 2099.0000 1877.7500 737.5000 0.0000
12        M:mem_cached
38        1342 849.4844 772.8552 255.4305 0.0000
10        M:mem_free
38        1342 9767.9477 9767.9477 0.0000 0.0000
11        M:mem_total
40        1342 10529.5203 10529.5203 0.0000 0.0000
16        M:io_writtendata
32        1342 0.1143 0.0878 0.0758 0.0000
11        M:io_writes
32        1342 6.0000 4.6200 3.9563 0.0000
6         M:cpu3
32        1342 0.6732 0.5062 0.4719 0.0000
6         M:cpu2
32        1342 2.0715 1.4781 1.6563 0.0000
6         M:cpu1
32        1342 1.0526 0.7382 0.8768 0.0000
6         M:cpu0
32        1342 0.9663 0.6932 0.7625 0.0000
5         M:cpu
32        1342 1.1845 0.8505 0.9327 0.0000
10        M:messages
38        1342 308.0000 215.6000 257.6913 0.0000
8         M:syslog
38        1342 954.5401 736.0081 627.1735 0.0000
8         M:ssh_in
32        1342 2.0000 1.8200 0.6000 0.0000
13        M:cfengine_in
32        1342 1.0000 0.9100 0.3000 0.0000
9         M:loadavg
32        1342 0.0200 0.0140 0.0167 0.0000
10        M:diskfree
35        1342 81.0000 73.7100 24.3000 0.0000
12        M:otherprocs
32        1342 3.0000 2.7300 0.9000 0.0000
11        M:rootprocs
35        1342 94.0000 85.5400 28.2000 0.0000
7         M:users
32        1342 4.0000 3.6400 1.2000 0.0000
3         MOY
15        M:entropy_avail
40        155 1939.0000 1357.3000 3058.9028 0.0000
12        M:mem_cached
37        155 555.0254 388.5178 523.3883 0.0000
16        M:io_writtendata
31        155 0.0806 0.0564 0.0841 0.0000
11        M:io_writes
31        155 4.0000 2.8000 4.7329 0.0000
6         M:cpu3
31        155 1.1202 0.7842 1.3215 0.0000
6         M:cpu2
31        155 0.4832 0.3382 0.5639 0.0000
6         M:cpu1
31        155 0.5630 0.3941 0.6135 0.0000
6         M:cpu0
31        155 0.3298 0.2309 0.3055 0.0000
5         M:cpu
31        155 0.6248 0.4373 0.6991 0.0000
10        M:messages
37        155 154.0000 107.8000 182.2153 0.0000
8         M:syslog
39        155 4217.5000 2952.2500 139.0279 0.0000
8         M:ssh_in
31        155 2.0000 1.4000 1.6733 0.0000
14        M:cfengine_out
31        155 0.5000 0.3500 0.5916 0.0000
13        M:cfengine_in
31        155 1.0000 0.7000 0.8367 0.0000
9         M:loadavg
31        155 0.0250 0.0175 0.0296 0.0000
10        M:diskfree
34        155 83.0000 58.1000 69.4629 0.0000
12        M:otherprocs
31        155 3.0000 2.1000 2.5100 0.0000
11        M:rootprocs
34        155 94.0000 65.8000 78.6505 0.0000
7         M:users
31        155 4.0000 2.8000 3.3466 0.0000
# send QUERY complete successful
