# delta from 1679667858 to 1679667919 at 1679667919
22        CFR: 0 1679667918 1726
3         PRD
60        Packing reports: delta,0.036059,0.130028,0.131546,1679667859
83        Sample(/proc/sys/kernel/random/entropy_avail),0.006529,0.004262,0.002375,1679667884
3         EXS
16        f,280,1679667709
3         MOM
15        M:entropy_avail
40        1324 2107.0000 1890.0700 723.1000 0.0000
12        M:mem_cached
38        1324 836.3398 761.0611 250.9293 0.0000
10        M:mem_free
40        1324 13977.8867 12720.0541 0.0000 0.0000
11        M:mem_total
40        1324 15042.1719 13688.3764 0.0000 0.0000
16        M:io_writtendata
32        1324 0.0518 0.0627 0.0364 0.0000
11        M:io_writes
32        1324 2.0000 2.6600 2.2000 0.0000
6         M:cpu3
32        1324 0.2531 0.3998 0.4890 0.0000
6         M:cpu2
32        1324 0.2864 0.5153 0.7630 0.0000
6         M:cpu1
32        1324 0.0000 0.2015 0.7136 0.0000
6         M:cpu0
32        1324 0.0333 0.2934 0.9346 0.0000
5         M:cpu
32        1324 0.1482 0.3553 0.6904 0.0000
10        M:messages
35        1324 0.0000 65.1000 230.5283 0.0000
8         M:syslog
37        1324 178.0000 1808.5900 0.0000 0.0000
8         M:ssh_in
32        1324 2.0000 1.8200 0.6000 0.0000
14        M:cfengine_out
32        1324 0.0000 0.2100 0.7436 0.0000
13        M:cfengine_in
32        1324 1.0000 0.9100 0.3000 0.0000
9         M:loadavg
32        1324 0.0100 0.0280 0.0680 0.0000
10        M:diskfree
35        1324 81.0000 73.7100 24.3000 0.0000
12        M:otherprocs
32        1324 3.0000 2.7300 0.9000 0.0000
11        M:rootprocs
35        1324 94.0000 85.7500 27.5000 0.0000
7         M:users
32        1324 4.0000 3.6400 1.2000 0.0000
3         MOY
15        M:entropy_avail
40        155 1943.0000 1360.1000 3063.9750 0.0000
12        M:mem_cached
37        155 550.2754 385.1928 518.0317 0.0000
16        M:io_writtendata
31        155 0.0239 0.0167 0.0202 0.0000
6         M:cpu3
31        155 0.0999 0.0699 0.1143 0.0000
6         M:cpu2
31        155 0.0966 0.0676 0.1067 0.0000
6         M:cpu1
31        155 0.0533 0.0373 0.0557 0.0000
6         M:cpu0
31        155 0.0933 0.0653 0.1028 0.0000
5         M:cpu
31        155 0.0841 0.0589 0.0713 0.0000
8         M:syslog
37        155 235.0000 164.5000 196.6151 0.0000
8         M:ssh_in
31        155 2.0000 1.4000 1.6733 0.0000
13        M:cfengine_in
31        155 1.0000 0.7000 0.8367 0.0000
10        M:diskfree
34        155 83.0000 58.1000 69.4629 0.0000
12        M:otherprocs
31        155 3.0000 2.1000 2.5100 0.0000
11        M:rootprocs
34        155 93.5000 65.4500 78.2288 0.0000
7         M:users
31        155 4.0000 2.8000 3.3466 0.0000
# send QUERY complete successful
