# delta from 1679670798 to 1679670859 at 1679670859
22        CFR: 0 1679670858 1823
3         PRD
60        Packing reports: delta,0.036201,0.063931,0.055393,1679670799
3         EXS
16        f,280,1679670712
3         MOM
15        M:entropy_avail
41        1334 1961.0000 1372.7000 1640.6903 0.0000
12        M:mem_cached
38        1334 843.6133 590.5293 705.8175 0.0000
10        M:mem_free
39        1334 13964.5312 9775.1719 0.0000 0.0000
11        M:mem_total
40        1334 15042.1719 10529.5203 0.0000 0.0000
16        M:io_writtendata
32        1334 0.1406 0.0984 0.1177 0.0000
11        M:io_writes
32        1334 8.0000 5.6000 6.6933 0.0000
6         M:cpu3
32        1334 2.2338 1.5636 1.8689 0.0000
6         M:cpu2
32        1334 0.9530 0.6671 0.7974 0.0000
6         M:cpu1
32        1334 1.0329 0.7230 0.8641 0.0000
6         M:cpu0
32        1334 0.4864 0.3405 0.4070 0.0000
5         M:cpu
32        1334 1.1796 0.8257 0.9869 0.0000
10        M:messages
38        1334 308.0000 215.6000 257.6913 0.0000
8         M:syslog
38        1334 8200.0000 5740.0000 0.0000 0.0000
8         M:ssh_in
32        1334 2.0000 1.4000 1.6733 0.0000
14        M:cfengine_out
32        1334 1.0000 0.7000 0.8367 0.0000
13        M:cfengine_in
32        1334 1.0000 0.7000 0.8367 0.0000
9         M:loadavg
32        1334 0.0500 0.0350 0.0418 0.0000
10        M:diskfree
35        1334 81.0000 56.7000 67.7695 0.0000
12        M:otherprocs
32        1334 3.0000 2.1000 2.5100 0.0000
11        M:rootprocs
35        1334 95.0000 66.5000 79.4827 0.0000
7         M:users
32        1334 4.0000 2.8000 3.3466 0.0000
3         MOY
15        M:entropy_avail
40        155 1939.0000 1357.3000 3058.9028 0.0000
12        M:mem_cached
37        155 555.0254 388.5178 523.3883 0.0000
16        M:io_writtendata
31        155 0.0806 0.0564 0.0841 0.0000
11        M:io_writes
31        155 4.0000 2.8000 4.7329 0.0000
6         M:cpu3
31        155 1.1202 0.7842 1.3215 0.0000
6         M:cpu2
31        155 0.4832 0.3382 0.5639 0.0000
6         M:cpu1
31        155 0.5630 0.3941 0.6135 0.0000
6         M:cpu0
31        155 0.3298 0.2309 0.3055 0.0000
5         M:cpu
31        155 0.6248 0.4373 0.6991 0.0000
10        M:messages
37        155 154.0000 107.8000 182.2153 0.0000
8         M:syslog
39        155 4217.5000 2952.2500 139.0279 0.0000
8         M:ssh_in
31        155 2.0000 1.4000 1.6733 0.0000
14        M:cfengine_out
31        155 0.5000 0.3500 0.5916 0.0000
13        M:cfengine_in
31        155 1.0000 0.7000 0.8367 0.0000
9         M:loadavg
31        155 0.0250 0.0175 0.0296 0.0000
10        M:diskfree
34        155 83.0000 58.1000 69.4629 0.0000
12        M:otherprocs
31        155 3.0000 2.1000 2.5100 0.0000
11        M:rootprocs
34        155 94.0000 65.8000 78.6505 0.0000
7         M:users
31        155 4.0000 2.8000 3.3466 0.0000
# send QUERY complete successful
