# delta from 1679723358 to 1679723419 at 1679723419
22        CFR: 0 1679723418 1779
3         PRD
60        Packing reports: delta,0.031331,0.098161,0.099190,1679723359
3         EXS
16        f,280,1679723206
3         MOM
15        M:entropy_avail
40        1509 1936.0000 1791.1600 482.8000 0.0000
12        M:mem_cached
38        1509 994.4570 904.7943 298.8758 0.0000
10        M:mem_free
40        1509 13770.7305 12531.8799 0.0000 0.0000
11        M:mem_total
40        1509 15042.1719 13688.3764 0.0000 0.0000
16        M:io_writtendata
32        1509 0.1016 0.0787 0.0659 0.0000
11        M:io_writes
32        1509 6.0000 4.6200 3.9563 0.0000
6         M:cpu3
32        1509 1.1395 0.8186 0.8960 0.0000
6         M:cpu2
32        1509 2.3457 1.7134 1.7704 0.0000
6         M:cpu1
32        1509 0.8193 0.5763 0.6777 0.0000
6         M:cpu0
32        1509 0.3797 0.2686 0.3100 0.0000
5         M:cpu
32        1509 1.1726 0.8446 0.9163 0.0000
10        M:messages
38        1509 310.0000 217.0000 259.3646 0.0000
8         M:syslog
40        1509 7627.0000 5388.2500 196.6151 0.0000
8         M:ssh_in
32        1509 2.0000 1.8200 0.6000 0.0000
13        M:cfengine_in
32        1509 1.0000 0.9100 0.3000 0.0000
9         M:loadavg
32        1509 0.0200 0.0140 0.0167 0.0000
10        M:diskfree
35        1509 80.0000 72.8000 24.0000 0.0000
12        M:otherprocs
32        1509 3.0000 2.7300 0.9000 0.0000
11        M:rootprocs
35        1509 94.0000 85.5400 28.2000 0.0000
7         M:users
32        1509 4.0000 3.6400 1.2000 0.0000
3         MOY
15        M:entropy_avail
40        155 1934.0000 1353.8000 3052.5656 0.0000
12        M:mem_cached
37        155 567.7695 397.4387 537.7864 0.0000
16        M:io_writtendata
31        155 0.0586 0.0410 0.0585 0.0000
11        M:io_writes
31        155 2.0000 1.4000 2.3664 0.0000
6         M:cpu3
31        155 0.6365 0.4455 0.7492 0.0000
6         M:cpu2
31        155 0.9225 0.6457 1.0836 0.0000
6         M:cpu1
31        155 0.4430 0.3101 0.4722 0.0000
6         M:cpu0
31        155 0.5662 0.3964 0.5767 0.0000
5         M:cpu
31        155 0.6404 0.4483 0.7176 0.0000
10        M:messages
37        155 154.0000 107.8000 182.2153 0.0000
8         M:syslog
39        155 4248.0000 2973.6000 139.0279 0.0000
8         M:ssh_in
31        155 2.0000 1.4000 1.6733 0.0000
14        M:cfengine_out
31        155 0.5000 0.3500 0.5916 0.0000
13        M:cfengine_in
31        155 1.0000 0.7000 0.8367 0.0000
9         M:loadavg
31        155 0.0500 0.0350 0.0592 0.0000
10        M:diskfree
34        155 83.0000 58.1000 69.4629 0.0000
12        M:otherprocs
31        155 3.0000 2.1000 2.5100 0.0000
11        M:rootprocs
34        155 94.0000 65.8000 78.6505 0.0000
7         M:users
31        155 4.0000 2.8000 3.3466 0.0000
# send QUERY complete successful
