# delta from 1679683098 to 1679683159 at 1679683159
22        CFR: 0 1679683158 1727
3         PRD
60        Packing reports: delta,0.032793,0.107540,0.111365,1679683099
3         EXS
16        f,322,1679683060
3         MOM
15        M:entropy_avail
40        1375 1945.0000 1801.6600 477.8000 0.0000
12        M:mem_cached
38        1375 880.8359 801.5558 264.2672 0.0000
10        M:mem_free
38        1375 9735.3320 9735.3320 0.0000 0.0000
11        M:mem_total
40        1375 10529.5203 10529.5203 0.0000 0.0000
16        M:io_writtendata
32        1375 0.0391 0.0364 0.0090 0.0000
11        M:io_writes
32        1375 2.0000 1.8200 0.6000 0.0000
6         M:cpu3
32        1375 0.1599 0.1413 0.0620 0.0000
6         M:cpu2
32        1375 0.2198 0.1874 0.1163 0.0000
6         M:cpu1
32        1375 0.0067 0.0061 0.0020 0.0000
6         M:cpu0
32        1375 0.0799 0.0741 0.0193 0.0000
5         M:cpu
32        1375 0.1215 0.1054 0.0539 0.0000
8         M:syslog
38        1375 290.1213 221.7749 194.9235 0.0000
8         M:ssh_in
32        1375 2.0000 1.8200 0.6000 0.0000
13        M:cfengine_in
32        1375 1.0000 0.9100 0.3000 0.0000
9         M:loadavg
32        1375 0.0000 0.0021 0.0074 0.0000
10        M:diskfree
35        1375 81.0000 73.7100 24.3000 0.0000
12        M:otherprocs
32        1375 3.0000 2.7300 0.9000 0.0000
11        M:rootprocs
35        1375 94.0000 85.5400 28.2000 0.0000
7         M:users
32        1375 4.0000 3.6400 1.2000 0.0000
3         MOY
15        M:entropy_avail
40        155 1934.0000 1353.8000 3052.5656 0.0000
12        M:mem_cached
37        155 567.7695 397.4387 537.7864 0.0000
16        M:io_writtendata
31        155 0.0586 0.0410 0.0585 0.0000
11        M:io_writes
31        155 2.0000 1.4000 2.3664 0.0000
6         M:cpu3
31        155 0.6365 0.4455 0.7492 0.0000
6         M:cpu2
31        155 0.9225 0.6457 1.0836 0.0000
6         M:cpu1
31        155 0.4430 0.3101 0.4722 0.0000
6         M:cpu0
31        155 0.5662 0.3964 0.5767 0.0000
5         M:cpu
31        155 0.6404 0.4483 0.7176 0.0000
10        M:messages
37        155 154.0000 107.8000 182.2153 0.0000
8         M:syslog
39        155 4248.0000 2973.6000 139.0279 0.0000
8         M:ssh_in
31        155 2.0000 1.4000 1.6733 0.0000
14        M:cfengine_out
31        155 0.5000 0.3500 0.5916 0.0000
13        M:cfengine_in
31        155 1.0000 0.7000 0.8367 0.0000
9         M:loadavg
31        155 0.0500 0.0350 0.0592 0.0000
10        M:diskfree
34        155 83.0000 58.1000 69.4629 0.0000
12        M:otherprocs
31        155 3.0000 2.1000 2.5100 0.0000
11        M:rootprocs
34        155 94.0000 65.8000 78.6505 0.0000
7         M:users
31        155 4.0000 2.8000 3.3466 0.0000
# send QUERY complete successful
