# delta from 1679686458 to 1679686519 at 1679686519
22        CFR: 0 1679686518 2494
3         PRD
60        Packing reports: delta,0.034677,0.120251,0.114842,1679686459
83        Sample(/proc/sys/kernel/random/entropy_avail),0.004779,0.002284,0.002109,1679686504
3         EXS
16        f,319,1679686340
3         MOM
15        M:entropy_avail
40        1386 1968.0000 1818.1800 499.4000 0.0000
41        1387 2100.0000 1470.0000 1756.9861 0.0000
12        M:mem_cached
38        1386 897.3750 816.4562 269.7293 0.0000
38        1387 897.3867 628.1707 750.8076 0.0000
10        M:mem_free
40        1386 13888.6133 12638.7956 0.0000 0.0000
39        1387 13889.3320 9722.5324 0.0000 0.0000
11        M:mem_total
40        1386 15042.1719 13688.3764 0.0000 0.0000
40        1387 15042.1719 10529.5203 0.0000 0.0000
16        M:io_writtendata
32        1386 0.1436 0.1066 0.1038 0.0000
32        1387 0.0420 0.0294 0.0351 0.0000
11        M:io_writes
32        1386 8.0000 6.0200 5.5975 0.0000
32        1387 2.0000 1.4000 1.6733 0.0000
6         M:cpu3
32        1386 1.9809 1.4244 1.5542 0.0000
32        1387 0.0933 0.0653 0.0780 0.0000
6         M:cpu2
32        1386 1.3663 0.9942 1.0411 0.0000
32        1387 0.1865 0.1305 0.1560 0.0000
6         M:cpu1
32        1386 1.1259 0.7895 0.9381 0.0000
6         M:cpu0
32        1386 0.4998 0.3527 0.4104 0.0000
32        1387 0.0932 0.0653 0.0780 0.0000
5         M:cpu
32        1386 1.2414 0.8893 0.9831 0.0000
32        1387 0.0966 0.0676 0.0808 0.0000
10        M:messages
38        1386 310.0000 217.0000 259.3646 0.0000
8         M:syslog
40        1386 8828.0000 6228.9500 196.6151 0.0000
38        1387 235.0000 164.5000 196.6151 0.0000
8         M:ssh_in
32        1386 2.0000 1.8200 0.6000 0.0000
32        1387 2.0000 1.4000 1.6733 0.0000
14        M:cfengine_out
32        1386 1.0000 0.7000 0.8367 0.0000
13        M:cfengine_in
32        1386 1.0000 0.9100 0.3000 0.0000
32        1387 1.0000 0.7000 0.8367 0.0000
9         M:loadavg
32        1386 0.0600 0.0420 0.0502 0.0000
10        M:diskfree
35        1386 81.0000 73.7100 24.3000 0.0000
35        1387 81.0000 56.7000 67.7695 0.0000
12        M:otherprocs
32        1386 3.0000 2.7300 0.9000 0.0000
32        1387 3.0000 2.1000 2.5100 0.0000
11        M:rootprocs
35        1386 95.0000 86.2400 29.2000 0.0000
35        1387 94.0000 65.8000 78.6460 0.0000
7         M:users
32        1386 4.0000 3.6400 1.2000 0.0000
32        1387 4.0000 2.8000 3.3466 0.0000
3         MOY
15        M:entropy_avail
40        155 1934.0000 1353.8000 3052.5656 0.0000
12        M:mem_cached
37        155 567.7695 397.4387 537.7864 0.0000
16        M:io_writtendata
31        155 0.0586 0.0410 0.0585 0.0000
11        M:io_writes
31        155 2.0000 1.4000 2.3664 0.0000
6         M:cpu3
31        155 0.6365 0.4455 0.7492 0.0000
6         M:cpu2
31        155 0.9225 0.6457 1.0836 0.0000
6         M:cpu1
31        155 0.4430 0.3101 0.4722 0.0000
6         M:cpu0
31        155 0.5662 0.3964 0.5767 0.0000
5         M:cpu
31        155 0.6404 0.4483 0.7176 0.0000
10        M:messages
37        155 154.0000 107.8000 182.2153 0.0000
8         M:syslog
39        155 4248.0000 2973.6000 139.0279 0.0000
8         M:ssh_in
31        155 2.0000 1.4000 1.6733 0.0000
14        M:cfengine_out
31        155 0.5000 0.3500 0.5916 0.0000
13        M:cfengine_in
31        155 1.0000 0.7000 0.8367 0.0000
9         M:loadavg
31        155 0.0500 0.0350 0.0592 0.0000
10        M:diskfree
34        155 83.0000 58.1000 69.4629 0.0000
12        M:otherprocs
31        155 3.0000 2.1000 2.5100 0.0000
11        M:rootprocs
34        155 94.0000 65.8000 78.6505 0.0000
7         M:users
31        155 4.0000 2.8000 3.3466 0.0000
# send QUERY complete successful
