# delta from 1679671458 to 1679671519 at 1679671519
22        CFR: 0 1679671518 1903
3         PRD
60        Packing reports: delta,0.023450,0.054991,0.053314,1679671459
83        Sample(/proc/sys/kernel/random/entropy_avail),0.004817,0.002321,0.002236,1679671488
3         EXS
16        f,289,1679671324
3         MOM
15        M:entropy_avail
40        1336 2094.0000 1877.8200 720.6000 0.0000
12        M:mem_cached
38        1336 845.0781 769.0178 253.5344 0.0000
10        M:mem_free
38        1336 9772.4211 9772.4211 0.0000 0.0000
11        M:mem_total
40        1336 10529.5203 10529.5203 0.0000 0.0000
16        M:io_writtendata
32        1336 0.0527 0.0636 0.0361 0.0000
11        M:io_writes
32        1336 2.0000 2.6600 2.2000 0.0000
6         M:cpu3
32        1336 0.2464 0.3335 0.2901 0.0000
6         M:cpu2
32        1336 0.1399 0.4925 1.3072 0.0000
6         M:cpu1
32        1336 0.0133 0.2332 0.7840 0.0000
6         M:cpu0
32        1336 0.0067 0.2231 0.7691 0.0000
5         M:cpu
32        1336 0.0982 0.3182 0.8202 0.0000
10        M:messages
35        1336 0.0000 64.6800 229.0410 0.0000
8         M:syslog
40        1336 5269.8655 5378.9859 304.3221 0.0000
8         M:ssh_in
32        1336 2.0000 1.8200 0.6000 0.0000
14        M:cfengine_out
32        1336 0.0000 0.2100 0.7436 0.0000
13        M:cfengine_in
32        1336 1.0000 0.9100 0.3000 0.0000
9         M:loadavg
32        1336 0.0100 0.0469 0.1348 0.0000
10        M:diskfree
35        1336 81.0000 73.7100 24.3000 0.0000
12        M:otherprocs
32        1336 3.0000 2.7300 0.9000 0.0000
11        M:rootprocs
35        1336 94.0000 85.7500 27.5000 0.0000
7         M:users
32        1336 4.0000 3.6400 1.2000 0.0000
3         MOY
15        M:entropy_avail
40        155 1939.0000 1357.3000 3058.9028 0.0000
12        M:mem_cached
37        155 555.0254 388.5178 523.3883 0.0000
16        M:io_writtendata
31        155 0.0806 0.0564 0.0841 0.0000
11        M:io_writes
31        155 4.0000 2.8000 4.7329 0.0000
6         M:cpu3
31        155 1.1202 0.7842 1.3215 0.0000
6         M:cpu2
31        155 0.4832 0.3382 0.5639 0.0000
6         M:cpu1
31        155 0.5630 0.3941 0.6135 0.0000
6         M:cpu0
31        155 0.3298 0.2309 0.3055 0.0000
5         M:cpu
31        155 0.6248 0.4373 0.6991 0.0000
10        M:messages
37        155 154.0000 107.8000 182.2153 0.0000
8         M:syslog
39        155 4217.5000 2952.2500 139.0279 0.0000
8         M:ssh_in
31        155 2.0000 1.4000 1.6733 0.0000
14        M:cfengine_out
31        155 0.5000 0.3500 0.5916 0.0000
13        M:cfengine_in
31        155 1.0000 0.7000 0.8367 0.0000
9         M:loadavg
31        155 0.0250 0.0175 0.0296 0.0000
10        M:diskfree
34        155 83.0000 58.1000 69.4629 0.0000
12        M:otherprocs
31        155 3.0000 2.1000 2.5100 0.0000
11        M:rootprocs
34        155 94.0000 65.8000 78.6505 0.0000
7         M:users
31        155 4.0000 2.8000 3.3466 0.0000
# send QUERY complete successful
