# delta from 1679698458 to 1679698519 at 1679698519
22        CFR: 0 1679698518 2554
3         PRD
60        Packing reports: delta,0.027817,0.077379,0.076691,1679698459
83        Sample(/proc/sys/kernel/random/entropy_avail),0.004814,0.002317,0.002303,1679698518
3         EXS
16        f,322,1679698352
3         MOM
15        M:entropy_avail
40        1426 1957.0000 1808.8000 494.0000 0.0000
41        1427 2089.0000 1462.3000 1747.7828 0.0000
12        M:mem_cached
38        1426 926.2891 842.7738 278.3844 0.0000
38        1427 926.3164 648.4215 775.0119 0.0000
10        M:mem_free
38        1426 9695.3008 9695.3008 0.0000 0.0000
39        1427 13848.8828 9694.2180 0.0000 0.0000
11        M:mem_total
40        1426 10529.5203 10529.5203 0.0000 0.0000
40        1427 15042.1719 10529.5203 0.0000 0.0000
16        M:io_writtendata
32        1426 0.1104 0.0834 0.0764 0.0000
32        1427 0.0439 0.0308 0.0368 0.0000
11        M:io_writes
32        1426 6.0000 4.6200 3.9563 0.0000
32        1427 2.0000 1.4000 1.6733 0.0000
6         M:cpu3
32        1426 1.4330 1.0408 1.0967 0.0000
32        1427 0.0932 0.0653 0.0780 0.0000
6         M:cpu2
32        1426 1.3532 0.9724 1.0633 0.0000
32        1427 0.1199 0.0839 0.1003 0.0000
6         M:cpu1
32        1426 1.4857 1.0428 1.2352 0.0000
32        1427 0.0133 0.0093 0.0111 0.0000
6         M:cpu0
32        1426 0.4730 0.3339 0.3879 0.0000
32        1427 0.0932 0.0653 0.0780 0.0000
5         M:cpu
32        1426 1.1877 0.8485 0.9467 0.0000
32        1427 0.0799 0.0559 0.0669 0.0000
10        M:messages
38        1426 310.0000 217.0000 259.3646 0.0000
8         M:syslog
38        1426 889.1790 671.7753 615.7995 0.0000
38        1427 235.0000 164.5000 196.6151 0.0000
8         M:ssh_in
32        1426 2.0000 1.8200 0.6000 0.0000
32        1427 2.0000 1.4000 1.6733 0.0000
14        M:cfengine_out
32        1426 1.0000 0.7000 0.8367 0.0000
13        M:cfengine_in
32        1426 1.0000 0.9100 0.3000 0.0000
32        1427 1.0000 0.7000 0.8367 0.0000
9         M:loadavg
32        1426 0.1200 0.0840 0.1004 0.0000
32        1427 0.0100 0.0070 0.0084 0.0000
10        M:diskfree
35        1426 80.0000 72.8000 24.0000 0.0000
35        1427 80.0000 56.0000 66.9328 0.0000
12        M:otherprocs
32        1426 3.0000 2.7300 0.9000 0.0000
32        1427 3.0000 2.1000 2.5100 0.0000
11        M:rootprocs
35        1426 95.0000 86.2400 29.2000 0.0000
35        1427 94.0000 65.8000 78.6460 0.0000
7         M:users
32        1426 4.0000 3.6400 1.2000 0.0000
32        1427 4.0000 2.8000 3.3466 0.0000
3         MOY
15        M:entropy_avail
40        155 1934.0000 1353.8000 3052.5656 0.0000
12        M:mem_cached
37        155 567.7695 397.4387 537.7864 0.0000
16        M:io_writtendata
31        155 0.0586 0.0410 0.0585 0.0000
11        M:io_writes
31        155 2.0000 1.4000 2.3664 0.0000
6         M:cpu3
31        155 0.6365 0.4455 0.7492 0.0000
6         M:cpu2
31        155 0.9225 0.6457 1.0836 0.0000
6         M:cpu1
31        155 0.4430 0.3101 0.4722 0.0000
6         M:cpu0
31        155 0.5662 0.3964 0.5767 0.0000
5         M:cpu
31        155 0.6404 0.4483 0.7176 0.0000
10        M:messages
37        155 154.0000 107.8000 182.2153 0.0000
8         M:syslog
39        155 4248.0000 2973.6000 139.0279 0.0000
8         M:ssh_in
31        155 2.0000 1.4000 1.6733 0.0000
14        M:cfengine_out
31        155 0.5000 0.3500 0.5916 0.0000
13        M:cfengine_in
31        155 1.0000 0.7000 0.8367 0.0000
9         M:loadavg
31        155 0.0500 0.0350 0.0592 0.0000
10        M:diskfree
34        155 83.0000 58.1000 69.4629 0.0000
12        M:otherprocs
31        155 3.0000 2.1000 2.5100 0.0000
11        M:rootprocs
34        155 94.0000 65.8000 78.6505 0.0000
7         M:users
31        155 4.0000 2.8000 3.3466 0.0000
# send QUERY complete successful
