# delta from 1679665758 to 1679665819 at 1679665819
22        CFR: 0 1679665818 1728
3         PRD
60        Packing reports: delta,0.034148,0.116608,0.118213,1679665759
83        Sample(/proc/sys/kernel/random/entropy_avail),0.004789,0.002294,0.002269,1679665781
3         EXS
16        f,321,1679665654
3         MOM
15        M:entropy_avail
40        1317 2229.0000 1999.4100 765.3000 0.0000
12        M:mem_cached
38        1317 831.1562 756.2029 249.8445 0.0000
10        M:mem_free
40        1317 13990.5547 12731.2071 0.0000 0.0000
11        M:mem_total
40        1317 15042.1719 13688.3764 0.0000 0.0000
16        M:io_writtendata
32        1317 0.1260 0.0958 0.0858 0.0000
11        M:io_writes
32        1317 6.0000 4.6200 3.9563 0.0000
6         M:cpu3
32        1317 1.9201 1.4253 1.3914 0.0000
6         M:cpu2
32        1317 0.9662 0.8163 0.5176 0.0000
6         M:cpu1
32        1317 1.3862 1.0347 0.9903 0.0000
6         M:cpu0
32        1317 1.1667 0.9343 0.6971 0.0000
5         M:cpu
32        1317 1.3598 1.0526 0.8843 0.0000
10        M:messages
38        1317 310.0000 217.0000 259.3646 0.0000
8         M:syslog
40        1317 8107.0000 5724.2500 196.6151 0.0000
8         M:ssh_in
32        1317 2.0000 2.0300 0.1000 0.0000
13        M:cfengine_in
32        1317 1.0000 0.9100 0.3000 0.0000
9         M:loadavg
32        1317 0.0100 0.0070 0.0084 0.0000
10        M:diskfree
35        1317 81.0000 73.9200 23.6000 0.0000
12        M:otherprocs
32        1317 3.0000 2.9400 0.2000 0.0000
11        M:rootprocs
35        1317 94.0000 85.7500 27.5000 0.0000
7         M:users
32        1317 4.0000 3.8500 0.5000 0.0000
3         MOY
15        M:entropy_avail
40        155 2064.0000 1444.8000 3218.3282 0.0000
12        M:mem_cached
37        155 545.9062 382.1344 513.1096 0.0000
16        M:io_writtendata
31        155 0.0269 0.0188 0.0231 0.0000
11        M:io_writes
31        155 1.0000 0.7000 1.1832 0.0000
6         M:cpu3
31        155 0.0633 0.0443 0.0710 0.0000
6         M:cpu2
31        155 0.0899 0.0629 0.0988 0.0000
6         M:cpu1
31        155 0.0533 0.0373 0.0557 0.0000
6         M:cpu0
31        155 0.1299 0.0909 0.1145 0.0000
5         M:cpu
31        155 0.0833 0.0583 0.0705 0.0000
8         M:syslog
37        155 428.0000 299.6000 392.8143 0.0000
8         M:ssh_in
31        155 2.0000 1.4000 1.6733 0.0000
13        M:cfengine_in
31        155 1.0000 0.7000 0.8367 0.0000
10        M:diskfree
34        155 83.5000 58.4500 69.8724 0.0000
12        M:otherprocs
31        155 3.0000 2.1000 2.5100 0.0000
11        M:rootprocs
34        155 93.5000 65.4500 78.2288 0.0000
7         M:users
31        155 4.0000 2.8000 3.3466 0.0000
# send QUERY complete successful
