# delta from 1678284067 to 1678284128 at 1678284128
22        CFR: 0 1678284127 2058
3         PRD
56        DBReportCollectAll,0.106367,0.360467,0.305181,1678284068
60        Packing reports: delta,0.047669,0.266552,0.241962,1678284068
83        Sample(/proc/sys/kernel/random/entropy_avail),0.005345,0.002857,0.001837,1678284117
3         EXS
16        f,274,1678283959
3         MOM
15        M:entropy_avail
37        744 488.0000 341.6000 408.2901 0.0000
12        M:mem_cached
40        744 1535.0234 1074.5164 1284.2927 0.0000
10        M:mem_free
38        744 13608.9297 9526.2508 0.0000 0.0000
11        M:mem_total
39        744 15817.1836 11072.0285 0.0000 0.0000
16        M:io_writtendata
31        744 0.1055 0.0738 0.0882 0.0000
11        M:io_writes
31        744 6.0000 4.2000 5.0200 0.0000
13        M:postgres_in
31        744 1.0000 0.7000 0.8367 0.0000
6         M:cpu3
31        744 0.4336 0.3035 0.3627 0.0000
6         M:cpu2
31        744 0.2933 0.2053 0.2454 0.0000
6         M:cpu1
31        744 0.4801 0.3360 0.4017 0.0000
6         M:cpu0
31        744 0.4933 0.3453 0.4127 0.0000
5         M:cpu
31        744 0.4267 0.2987 0.3570 0.0000
8         M:syslog
37        744 144.0000 100.8000 120.4790 0.0000
8         M:ssh_in
31        744 2.0000 1.4000 1.6733 0.0000
8         M:www_in
31        744 1.0000 0.7000 0.8367 0.0000
14        M:cfengine_out
31        744 5.0000 3.5000 4.1833 0.0000
13        M:cfengine_in
31        744 1.0000 0.7000 0.8367 0.0000
9         M:loadavg
31        744 0.1343 0.0940 0.1123 0.0000
10        M:diskfree
34        744 67.0000 46.9000 56.0562 0.0000
12        M:otherprocs
34        744 26.0000 18.2000 21.7532 0.0000
11        M:rootprocs
35        744 115.0000 80.5000 96.2159 0.0000
7         M:users
31        744 8.0000 5.6000 6.6933 0.0000
3         MOY
15        M:entropy_avail
36        155 351.5000 349.1600 47.2483 0.0000
12        M:mem_cached
39        155 1517.8867 1381.2146 455.5995 0.0000
16        M:io_writtendata
31        155 0.1592 0.1396 0.0648 0.0000
11        M:io_writes
31        155 7.0000 7.0000 1.8000 0.0000
13        M:postgres_in
31        155 1.0000 0.9100 0.3000 0.0000
6         M:cpu3
31        155 1.5799 1.4185 0.7042 0.0000
6         M:cpu2
31        155 0.8018 0.8716 0.4911 0.0000
6         M:cpu1
31        155 1.0190 0.9034 0.4089 0.0000
6         M:cpu0
31        155 0.8319 0.9752 0.7908 0.0000
5         M:cpu
31        155 1.0574 1.0415 0.1400 0.0000
8         M:syslog
38        155 2898.5000 2379.1250 75.7199 0.0000
9         M:ssh_out
31        155 2.5000 1.7500 2.9580 0.0000
8         M:ssh_in
31        155 2.0000 1.8200 0.6000 0.0000
8         M:www_in
31        155 1.0000 0.9100 0.3000 0.0000
14        M:cfengine_out
31        155 5.5000 4.9000 2.0616 0.0000
13        M:cfengine_in
31        155 1.0000 0.9100 0.3000 0.0000
9         M:loadavg
31        155 0.1033 0.0782 0.1050 0.0000
10        M:diskfree
34        155 67.5000 61.4250 20.2506 0.0000
12        M:otherprocs
33        155 24.5000 22.2950 7.3638 0.0000
11        M:rootprocs
36        155 116.5000 105.8050 35.6795 0.0000
7         M:users
31        155 8.0000 7.2800 2.4000 0.0000
# send QUERY complete successful
