# delta from 1678283467 to 1678283528 at 1678283528
22        CFR: 0 1678283527 2063
3         PRD
56        DBReportCollectAll,0.173387,0.589654,0.718604,1678283468
60        Packing reports: delta,0.115317,0.305705,0.256679,1678283468
83        Sample(/proc/sys/kernel/random/entropy_avail),0.005449,0.002969,0.002015,1678283515
3         EXS
16        f,110,1678283377
3         MOM
15        M:entropy_avail
37        742 578.0000 404.6000 483.5895 0.0000
12        M:mem_cached
40        742 1533.2539 1073.2777 1282.8123 0.0000
10        M:mem_free
38        742 13618.2383 9532.7668 0.0000 0.0000
11        M:mem_total
39        742 15817.1836 11072.0285 0.0000 0.0000
16        M:io_writtendata
31        742 0.1875 0.1312 0.1569 0.0000
11        M:io_writes
33        742 14.0000 9.8000 11.7132 0.0000
13        M:postgres_in
31        742 1.0000 0.7000 0.8367 0.0000
6         M:cpu3
31        742 2.4093 1.6865 2.0158 0.0000
6         M:cpu2
31        742 2.5352 1.7746 2.1211 0.0000
6         M:cpu1
31        742 1.3104 0.9173 1.0964 0.0000
6         M:cpu0
31        742 3.2542 2.2779 2.7226 0.0000
5         M:cpu
31        742 2.3748 1.6624 1.9869 0.0000
8         M:syslog
37        742 3191.0000 2233.7000 0.0000 0.0000
8         M:ssh_in
31        742 2.0000 1.4000 1.6733 0.0000
8         M:www_in
31        742 1.0000 0.7000 0.8367 0.0000
14        M:cfengine_out
31        742 5.0000 3.5000 4.1833 0.0000
13        M:cfengine_in
31        742 1.0000 0.7000 0.8367 0.0000
9         M:loadavg
31        742 0.0444 0.0311 0.0372 0.0000
10        M:diskfree
34        742 67.0000 46.9000 56.0562 0.0000
12        M:otherprocs
34        742 26.0000 18.2000 21.7532 0.0000
11        M:rootprocs
35        742 117.0000 81.9000 97.8892 0.0000
7         M:users
31        742 8.0000 5.6000 6.6933 0.0000
3         MOY
15        M:entropy_avail
36        155 161.0000 172.1300 37.1389 0.0000
12        M:mem_cached
39        155 1504.8027 1369.3233 451.5989 0.0000
16        M:io_writtendata
31        155 0.1714 0.1432 0.0952 0.0000
11        M:io_writes
32        155 10.0000 8.6800 5.4102 0.0000
13        M:postgres_in
31        155 1.0000 0.9100 0.3000 0.0000
6         M:cpu3
31        155 1.0943 0.9132 0.7200 0.0000
6         M:cpu2
31        155 1.7363 1.3326 1.4981 0.0000
6         M:cpu1
31        155 0.8227 0.7687 0.2457 0.0000
6         M:cpu0
31        155 1.1024 0.8789 0.8170 0.0000
5         M:cpu
31        155 1.1872 0.9723 0.7997 0.0000
8         M:syslog
40        155 3401.0000 2542.2950 4810.3363 0.0000
9         M:ssh_out
31        155 2.5000 1.7500 2.9580 0.0000
8         M:ssh_in
31        155 2.0000 1.8200 0.6000 0.0000
8         M:www_in
31        155 1.5000 1.2600 0.8611 0.0000
14        M:cfengine_out
31        155 5.5000 4.9000 2.0616 0.0000
13        M:cfengine_in
31        155 1.0000 0.9100 0.3000 0.0000
9         M:loadavg
31        155 0.0706 0.0521 0.0782 0.0000
10        M:diskfree
34        155 68.0000 61.8800 20.4000 0.0000
12        M:otherprocs
33        155 23.0000 20.9300 6.9000 0.0000
11        M:rootprocs
36        155 114.5000 104.0900 34.7036 0.0000
7         M:users
31        155 8.0000 7.2800 2.4000 0.0000
# send QUERY complete successful
