# delta from 1678284607 to 1678284669 at 1678284669
22        CFR: 0 1678284668 1027
3         PRD
56        DBReportCollectAll,0.056201,0.347225,0.330121,1678284608
60        Packing reports: delta,0.038694,0.260208,0.253990,1678284608
3         EXS
16        f,289,1678284542
3         MOY
15        M:entropy_avail
36        155 351.5000 349.1600 47.2483 0.0000
12        M:mem_cached
39        155 1517.8867 1381.2146 455.5995 0.0000
16        M:io_writtendata
31        155 0.1592 0.1396 0.0648 0.0000
11        M:io_writes
31        155 7.0000 7.0000 1.8000 0.0000
13        M:postgres_in
31        155 1.0000 0.9100 0.3000 0.0000
6         M:cpu3
31        155 1.5799 1.4185 0.7042 0.0000
6         M:cpu2
31        155 0.8018 0.8716 0.4911 0.0000
6         M:cpu1
31        155 1.0190 0.9034 0.4089 0.0000
6         M:cpu0
31        155 0.8319 0.9752 0.7908 0.0000
5         M:cpu
31        155 1.0574 1.0415 0.1400 0.0000
8         M:syslog
38        155 2898.5000 2379.1250 75.7199 0.0000
9         M:ssh_out
31        155 2.5000 1.7500 2.9580 0.0000
8         M:ssh_in
31        155 2.0000 1.8200 0.6000 0.0000
8         M:www_in
31        155 1.0000 0.9100 0.3000 0.0000
14        M:cfengine_out
31        155 5.5000 4.9000 2.0616 0.0000
13        M:cfengine_in
31        155 1.0000 0.9100 0.3000 0.0000
9         M:loadavg
31        155 0.1033 0.0782 0.1050 0.0000
10        M:diskfree
34        155 67.5000 61.4250 20.2506 0.0000
12        M:otherprocs
33        155 24.5000 22.2950 7.3638 0.0000
11        M:rootprocs
36        155 116.5000 105.8050 35.6795 0.0000
7         M:users
31        155 8.0000 7.2800 2.4000 0.0000
# send QUERY complete successful
