# delta from 1679744058 to 1679744119 at 1679744119
22        CFR: 0 1679744118 1969
3         PRD
56        DBReportCollectAll,0.297317,0.433977,0.351700,1679744059
60        Packing reports: delta,0.024825,0.061627,0.060285,1679744059
3         EXS
16        f,317,1679744024
3         MOM
15        M:entropy_avail
36        1578 99.0000 108.9900 33.3000 0.0000
12        M:mem_cached
40        1578 3933.1914 3578.7391 988.5204 0.0000
10        M:mem_free
39        1578 10906.2461 9931.7616 0.0000 0.0000
11        M:mem_total
40        1578 15817.1836 14393.6371 0.0000 0.0000
16        M:io_writtendata
32        1578 0.2344 0.1790 0.1578 0.0000
11        M:io_writes
33        1578 12.0000 9.2400 7.9125 0.0000
13        M:postgres_in
32        1578 1.0000 0.9100 0.3000 0.0000
6         M:cpu3
32        1578 1.8382 1.3778 1.2994 0.0000
6         M:cpu2
34        1578 12.3181 8.7263 10.0195 0.0000
6         M:cpu1
32        1578 7.4998 5.3577 5.9787 0.0000
6         M:cpu0
35        1578 42.0782 29.6018 34.7964 0.0000
5         M:cpu
35        1578 15.9365 11.2680 13.0223 0.0000
8         M:syslog
39        1578 1082.0000 787.8500 823.0318 0.0000
8         M:ssh_in
32        1578 2.0000 1.8200 0.6000 0.0000
8         M:www_in
32        1578 1.0000 0.9100 0.3000 0.0000
14        M:cfengine_out
32        1578 5.0000 4.5500 1.5000 0.0000
13        M:cfengine_in
32        1578 1.0000 0.9100 0.3000 0.0000
9         M:loadavg
32        1578 0.7632 0.5422 0.6165 0.0000
10        M:diskfree
35        1578 48.0000 43.6800 14.4000 0.0000
12        M:otherprocs
34        1578 26.0000 23.6600 7.8000 0.0000
11        M:rootprocs
37        1578 115.0000 104.4400 35.2000 0.0000
7         M:users
32        1578 8.0000 7.2800 2.4000 0.0000
3         MOY
15        M:entropy_avail
36        155 323.0000 297.6050 79.9482 0.0000
12        M:mem_cached
39        155 2526.1133 2298.4965 696.2697 0.0000
16        M:io_writtendata
31        155 0.2939 0.2241 0.2132 0.0000
11        M:io_writes
34        155 16.0000 12.2500 11.5973 0.0000
13        M:postgres_in
31        155 1.0000 0.9100 0.3000 0.0000
6         M:cpu3
31        155 9.2585 6.6064 9.9586 0.0000
6         M:cpu2
31        155 1.2023 0.9735 0.7040 0.0000
6         M:cpu1
33        155 11.0003 7.8207 12.0038 0.0000
6         M:cpu0
31        155 5.6586 4.0823 5.7035 0.0000
5         M:cpu
31        155 8.5900 6.1378 9.1662 0.0000
8         M:syslog
38        155 1068.5000 778.2950 812.0638 0.0000
8         M:ssh_in
31        155 2.0000 1.8200 0.6000 0.0000
8         M:www_in
31        155 1.0000 0.9100 0.3000 0.0000
14        M:cfengine_out
31        155 5.0000 4.5500 1.5000 0.0000
13        M:cfengine_in
31        155 1.0000 0.9100 0.3000 0.0000
9         M:loadavg
31        155 0.2126 0.1705 0.1909 0.0000
10        M:diskfree
34        155 60.5000 55.0550 18.2248 0.0000
12        M:otherprocs
33        155 26.0000 23.6600 7.8000 0.0000
11        M:rootprocs
36        155 113.5000 103.3900 33.7037 0.0000
7         M:users
31        155 8.0000 7.2800 2.4000 0.0000
# send QUERY complete successful
