# delta from 1679692459 to 1679692519 at 1679692519
22        CFR: 0 1679692518 2040
3         PRD
60        Packing reports: delta,0.055937,0.189315,0.202288,1679692460
83        Sample(/proc/sys/kernel/random/entropy_avail),0.004622,0.002136,0.002030,1679692484
3         EXS
16        f,286,1679692407
3         MOM
15        M:entropy_avail
37        1406 138.0000 103.7400 96.8086 0.0000
12        M:mem_cached
40        1406 3474.4531 3161.2200 873.5656 0.0000
10        M:mem_free
40        1406 11458.9141 10420.4127 0.0000 0.0000
11        M:mem_total
40        1406 15817.1836 14393.6371 0.0000 0.0000
16        M:io_writtendata
32        1406 0.2891 0.2536 0.1182 0.0000
11        M:io_writes
34        1406 12.0000 11.7600 0.8000 0.0000
13        M:postgres_in
32        1406 1.0000 0.9100 0.3000 0.0000
6         M:cpu3
32        1406 1.9583 2.3705 1.3742 0.0000
6         M:cpu2
35        1406 17.0336 12.1187 13.7136 0.0000
6         M:cpu1
32        1406 3.5495 4.0606 1.7037 0.0000
6         M:cpu0
35        1406 29.3069 20.7546 23.8569 0.0000
5         M:cpu
33        1406 12.9759 9.8365 8.9083 0.0000
8         M:syslog
40        1406 1396.0000 1042.7200 995.5709 0.0000
9         M:ssh_out
32        1406 0.0000 1.0500 3.7182 0.0000
8         M:ssh_in
32        1406 2.0000 1.8200 0.6000 0.0000
8         M:www_in
32        1406 1.0000 0.9100 0.3000 0.0000
14        M:cfengine_out
32        1406 5.0000 4.7600 0.8000 0.0000
13        M:cfengine_in
32        1406 1.0000 0.9100 0.3000 0.0000
9         M:loadavg
32        1406 0.2661 0.2511 0.0501 0.0000
10        M:diskfree
35        1406 53.0000 48.2300 15.9000 0.0000
12        M:otherprocs
34        1406 26.0000 23.6600 7.8000 0.0000
11        M:rootprocs
37        1406 114.0000 104.3700 32.1000 0.0000
7         M:users
32        1406 8.0000 7.2800 2.4000 0.0000
3         MOY
15        M:entropy_avail
36        155 323.0000 297.6050 79.9482 0.0000
12        M:mem_cached
39        155 2526.1133 2298.4965 696.2697 0.0000
16        M:io_writtendata
31        155 0.2939 0.2241 0.2132 0.0000
11        M:io_writes
34        155 16.0000 12.2500 11.5973 0.0000
13        M:postgres_in
31        155 1.0000 0.9100 0.3000 0.0000
6         M:cpu3
31        155 9.2585 6.6064 9.9586 0.0000
6         M:cpu2
31        155 1.2023 0.9735 0.7040 0.0000
6         M:cpu1
33        155 11.0003 7.8207 12.0038 0.0000
6         M:cpu0
31        155 5.6586 4.0823 5.7035 0.0000
5         M:cpu
31        155 8.5900 6.1378 9.1662 0.0000
8         M:syslog
38        155 1068.5000 778.2950 812.0638 0.0000
8         M:ssh_in
31        155 2.0000 1.8200 0.6000 0.0000
8         M:www_in
31        155 1.0000 0.9100 0.3000 0.0000
14        M:cfengine_out
31        155 5.0000 4.5500 1.5000 0.0000
13        M:cfengine_in
31        155 1.0000 0.9100 0.3000 0.0000
9         M:loadavg
31        155 0.2126 0.1705 0.1909 0.0000
10        M:diskfree
34        155 60.5000 55.0550 18.2248 0.0000
12        M:otherprocs
33        155 26.0000 23.6600 7.8000 0.0000
11        M:rootprocs
36        155 113.5000 103.3900 33.7037 0.0000
7         M:users
31        155 8.0000 7.2800 2.4000 0.0000
# send QUERY complete successful
