# delta from 1679709918 to 1679709979 at 1679709979
22        CFR: 0 1679709978 1966
3         PRD
56        DBReportCollectAll,0.091973,0.313416,0.254510,1679709919
60        Packing reports: delta,0.052185,0.071920,0.050607,1679709919
3         EXS
16        f,288,1679709816
3         MOM
15        M:entropy_avail
38        1465 152.0000 106.4000 127.1723 0.0000
12        M:mem_cached
38        1465 3637.4961 2546.2473 0.0000 0.0000
10        M:mem_free
39        1465 11272.1094 7890.4766 0.0000 0.0000
11        M:mem_total
40        1465 15817.1836 11072.0285 0.0000 0.0000
16        M:io_writtendata
32        1465 0.3447 0.2413 0.2884 0.0000
11        M:io_writes
34        1465 14.0000 9.8000 11.7132 0.0000
13        M:postgres_in
32        1465 1.0000 0.7000 0.8367 0.0000
6         M:cpu3
32        1465 1.3473 0.9431 1.1272 0.0000
6         M:cpu2
33        1465 11.3133 7.9193 9.4654 0.0000
6         M:cpu1
32        1465 3.4506 2.4154 2.8870 0.0000
6         M:cpu0
35        1465 20.5931 14.4152 17.2295 0.0000
5         M:cpu
32        1465 9.1797 6.4258 7.6803 0.0000
8         M:syslog
39        1465 1052.0000 736.4000 880.1663 0.0000
8         M:ssh_in
32        1465 2.0000 1.4000 1.6733 0.0000
8         M:www_in
32        1465 1.0000 0.7000 0.8367 0.0000
14        M:cfengine_out
32        1465 5.0000 3.5000 4.1833 0.0000
13        M:cfengine_in
32        1465 1.0000 0.7000 0.8367 0.0000
9         M:loadavg
32        1465 0.1904 0.1333 0.1593 0.0000
10        M:diskfree
35        1465 51.0000 35.7000 42.6697 0.0000
12        M:otherprocs
35        1465 26.0000 18.2000 21.7532 0.0000
11        M:rootprocs
36        1465 114.0000 79.8000 95.3792 0.0000
7         M:users
32        1465 8.0000 5.6000 6.6933 0.0000
3         MOY
15        M:entropy_avail
36        155 323.0000 297.6050 79.9482 0.0000
12        M:mem_cached
39        155 2526.1133 2298.4965 696.2697 0.0000
16        M:io_writtendata
31        155 0.2939 0.2241 0.2132 0.0000
11        M:io_writes
34        155 16.0000 12.2500 11.5973 0.0000
13        M:postgres_in
31        155 1.0000 0.9100 0.3000 0.0000
6         M:cpu3
31        155 9.2585 6.6064 9.9586 0.0000
6         M:cpu2
31        155 1.2023 0.9735 0.7040 0.0000
6         M:cpu1
33        155 11.0003 7.8207 12.0038 0.0000
6         M:cpu0
31        155 5.6586 4.0823 5.7035 0.0000
5         M:cpu
31        155 8.5900 6.1378 9.1662 0.0000
8         M:syslog
38        155 1068.5000 778.2950 812.0638 0.0000
8         M:ssh_in
31        155 2.0000 1.8200 0.6000 0.0000
8         M:www_in
31        155 1.0000 0.9100 0.3000 0.0000
14        M:cfengine_out
31        155 5.0000 4.5500 1.5000 0.0000
13        M:cfengine_in
31        155 1.0000 0.9100 0.3000 0.0000
9         M:loadavg
31        155 0.2126 0.1705 0.1909 0.0000
10        M:diskfree
34        155 60.5000 55.0550 18.2248 0.0000
12        M:otherprocs
33        155 26.0000 23.6600 7.8000 0.0000
11        M:rootprocs
36        155 113.5000 103.3900 33.7037 0.0000
7         M:users
31        155 8.0000 7.2800 2.4000 0.0000
# send QUERY complete successful
