# delta from 1679661258 to 1679661319 at 1679661319
22        CFR: 0 1679661318 2107
3         PRD
56        DBReportCollectAll,0.503317,0.727363,0.948505,1679661259
60        Packing reports: delta,0.186300,0.480198,0.687567,1679661259
3         EXS
16        f,222,1679661248
3         MOM
15        M:entropy_avail
40        1302 1443.0000 1338.5400 348.2000 0.0000
12        M:mem_cached
40        1302 3202.2969 2913.9737 804.0950 0.0000
10        M:mem_free
40        1302 11701.4102 10668.2628 0.0000 0.0000
11        M:mem_total
40        1302 15817.1836 14393.6371 0.0000 0.0000
16        M:io_writtendata
32        1302 0.1865 0.2183 0.1061 0.0000
11        M:io_writes
32        1302 6.0000 7.9800 6.6000 0.0000
13        M:postgres_in
32        1302 1.0000 0.9100 0.3000 0.0000
6         M:cpu3
32        1302 1.6108 3.4682 6.1912 0.0000
6         M:cpu2
35        1302 23.2312 19.1475 13.0139 0.0000
6         M:cpu1
32        1302 6.6769 6.9447 0.8927 0.0000
6         M:cpu0
35        1302 23.2518 19.2841 12.8655 0.0000
5         M:cpu
34        1302 13.7078 12.2224 4.9513 0.0000
8         M:syslog
37        1302 167.0000 3280.1300 0.0000 0.0000
8         M:ssh_in
32        1302 3.0000 2.7300 0.9000 0.0000
8         M:www_in
32        1302 1.0000 0.9100 0.3000 0.0000
14        M:cfengine_out
32        1302 6.0000 5.4600 1.8000 0.0000
13        M:cfengine_in
32        1302 1.0000 0.9100 0.3000 0.0000
9         M:loadavg
32        1302 0.8105 0.6626 0.4619 0.0000
10        M:diskfree
35        1302 56.0000 50.9600 16.8000 0.0000
12        M:otherprocs
34        1302 30.0000 27.3000 9.0000 0.0000
11        M:rootprocs
37        1302 127.0000 114.7300 40.9000 0.0000
7         M:users
32        1302 9.0000 8.1900 2.7000 0.0000
3         MOY
15        M:entropy_avail
37        155 956.5000 899.2900 239.3838 0.0000
12        M:mem_cached
39        155 2444.9004 2224.7170 671.4100 0.0000
16        M:io_writtendata
31        155 0.9365 0.9361 0.1306 0.0000
13        M:io_readdata
31        155 0.0034 0.0237 0.1037 0.0000
11        M:io_writes
33        155 24.0000 21.8400 6.7634 0.0000
13        M:postgres_in
31        155 1.0000 0.9100 0.3000 0.0000
6         M:cpu3
34        155 22.3530 19.4789 12.9401 0.0000
6         M:cpu2
33        155 8.1117 10.9255 13.8492 0.0000
6         M:cpu1
34        155 30.9730 26.0574 23.0851 0.0000
6         M:cpu0
33        155 8.7018 11.4627 13.6796 0.0000
5         M:cpu
33        155 17.5788 17.0119 2.1176 0.0000
8         M:syslog
40        155 5028.4671 4634.2920 7134.1788 0.0000
9         M:ssh_out
31        155 4.5000 3.6750 3.6349 0.0000
8         M:ssh_in
31        155 3.0000 2.6250 1.5455 0.0000
9         M:www_out
31        155 1.0000 0.7000 1.1832 0.0000
8         M:www_in
31        155 1.0000 0.9100 0.3000 0.0000
14        M:cfengine_out
31        155 5.0000 4.5500 1.5000 0.0000
13        M:cfengine_in
31        155 1.0000 0.9100 0.3000 0.0000
9         M:loadavg
31        155 0.7024 0.5940 0.5291 0.0000
10        M:diskfree
34        155 61.0000 55.5100 18.3614 0.0000
12        M:otherprocs
33        155 28.5000 25.8300 8.9677 0.0000
11        M:rootprocs
36        155 117.5000 113.3300 24.6028 0.0000
7         M:users
31        155 8.5000 7.7350 2.5544 0.0000
# send QUERY complete successful
