# delta from 1679707458 to 1679707519 at 1679707519
22        CFR: 0 1679707518 2843
3         PRD
56        DBReportCollectAll,0.051298,0.354781,0.392474,1679707459
60        Packing reports: delta,0.033272,0.148555,0.164490,1679707459
83        Sample(/proc/sys/kernel/random/entropy_avail),0.005524,0.003051,0.005110,1679707510
3         EXS
16        f,320,1679707441
3         MOM
15        M:entropy_avail
35        1456 46.0000 62.8600 56.2000 0.0000
38        1457 158.0000 110.6000 132.1923 0.0000
12        M:mem_cached
40        1456 3609.5156 3284.6379 906.0407 0.0000
38        1457 3611.8086 2528.2660 0.0000 0.0000
10        M:mem_free
40        1456 11231.5586 10228.9108 0.0000 0.0000
39        1457 11268.2734 7887.7914 0.0000 0.0000
11        M:mem_total
40        1456 15817.1836 14393.6371 0.0000 0.0000
40        1457 15817.1836 11072.0285 0.0000 0.0000
16        M:io_writtendata
32        1456 0.0781 0.1008 0.0757 0.0000
32        1457 0.4424 0.3097 0.3701 0.0000
11        M:io_writes
32        1456 4.0000 5.3200 4.4000 0.0000
35        1457 22.0000 15.4000 18.4065 0.0000
13        M:postgres_in
32        1456 1.0000 0.9100 0.3000 0.0000
32        1457 1.0000 0.7000 0.8367 0.0000
6         M:cpu3
32        1456 1.2971 3.5089 8.3826 0.0000
32        1457 6.3612 4.4528 5.3222 0.0000
6         M:cpu2
32        1456 1.2426 1.1562 0.2878 0.0000
32        1457 8.8660 6.2062 7.4178 0.0000
6         M:cpu1
33        1456 1.3967 4.9383 13.1247 0.0000
35        1457 22.2282 15.5597 18.5974 0.0000
6         M:cpu0
32        1456 5.7641 4.2155 4.3366 0.0000
35        1457 18.8549 13.1984 15.7752 0.0000
5         M:cpu
32        1456 2.4255 3.4554 3.4330 0.0000
34        1457 14.0789 9.8552 11.7793 0.0000
8         M:syslog
36        1456 0.0000 271.7400 962.2698 0.0000
41        1457 1459.0000 1021.3000 1220.6870 0.0000
9         M:ssh_out
32        1456 5.0000 3.5000 4.1833 0.0000
8         M:ssh_in
32        1456 2.0000 1.8200 0.6000 0.0000
32        1457 2.0000 1.4000 1.6733 0.0000
8         M:www_in
32        1456 1.0000 0.9100 0.3000 0.0000
32        1457 1.0000 0.7000 0.8367 0.0000
14        M:cfengine_out
32        1456 6.0000 5.2500 2.5000 0.0000
32        1457 5.0000 3.5000 4.1833 0.0000
13        M:cfengine_in
32        1456 1.0000 0.9100 0.3000 0.0000
32        1457 1.0000 0.7000 0.8367 0.0000
9         M:loadavg
32        1456 0.1699 0.1664 0.0117 0.0000
32        1457 0.2686 0.1880 0.2247 0.0000
10        M:diskfree
35        1456 52.0000 47.3200 15.6000 0.0000
35        1457 52.0000 36.4000 43.5063 0.0000
12        M:otherprocs
34        1456 26.0000 23.6600 7.8000 0.0000
35        1457 26.0000 18.2000 21.7532 0.0000
11        M:rootprocs
37        1456 119.0000 107.6600 37.8000 0.0000
36        1457 115.0000 80.5000 96.2159 0.0000
7         M:users
32        1456 8.0000 7.2800 2.4000 0.0000
32        1457 8.0000 5.6000 6.6933 0.0000
3         MOY
15        M:entropy_avail
36        155 323.0000 297.6050 79.9482 0.0000
12        M:mem_cached
39        155 2526.1133 2298.4965 696.2697 0.0000
16        M:io_writtendata
31        155 0.2939 0.2241 0.2132 0.0000
11        M:io_writes
34        155 16.0000 12.2500 11.5973 0.0000
13        M:postgres_in
31        155 1.0000 0.9100 0.3000 0.0000
6         M:cpu3
31        155 9.2585 6.6064 9.9586 0.0000
6         M:cpu2
31        155 1.2023 0.9735 0.7040 0.0000
6         M:cpu1
33        155 11.0003 7.8207 12.0038 0.0000
6         M:cpu0
31        155 5.6586 4.0823 5.7035 0.0000
5         M:cpu
31        155 8.5900 6.1378 9.1662 0.0000
8         M:syslog
38        155 1068.5000 778.2950 812.0638 0.0000
8         M:ssh_in
31        155 2.0000 1.8200 0.6000 0.0000
8         M:www_in
31        155 1.0000 0.9100 0.3000 0.0000
14        M:cfengine_out
31        155 5.0000 4.5500 1.5000 0.0000
13        M:cfengine_in
31        155 1.0000 0.9100 0.3000 0.0000
9         M:loadavg
31        155 0.2126 0.1705 0.1909 0.0000
10        M:diskfree
34        155 60.5000 55.0550 18.2248 0.0000
12        M:otherprocs
33        155 26.0000 23.6600 7.8000 0.0000
11        M:rootprocs
36        155 113.5000 103.3900 33.7037 0.0000
7         M:users
31        155 8.0000 7.2800 2.4000 0.0000
# send QUERY complete successful
