# delta from 1679664678 to 1679664739 at 1679664739
22        CFR: 0 1679664738 2041
3         PRD
56        DBReportCollectAll,0.054586,0.355583,0.337371,1679664679
60        Packing reports: delta,0.062294,0.126866,0.086408,1679664679
83        Sample(/proc/sys/kernel/random/entropy_avail),0.004546,0.002066,0.001791,1679664682
3         EXS
16        f,286,1679664499
3         MOM
15        M:entropy_avail
38        1314 736.0000 515.2000 615.7818 0.0000
12        M:mem_cached
38        1314 3233.2773 2263.2941 0.0000 0.0000
10        M:mem_free
39        1314 11789.2188 8252.4531 0.0000 0.0000
11        M:mem_total
40        1314 15817.1836 11072.0285 0.0000 0.0000
16        M:io_writtendata
32        1314 0.0928 0.0649 0.0776 0.0000
11        M:io_writes
32        1314 4.0000 2.8000 3.3466 0.0000
13        M:postgres_in
32        1314 1.0000 0.7000 0.8367 0.0000
6         M:cpu3
32        1314 0.6607 0.4625 0.5528 0.0000
6         M:cpu2
32        1314 0.9640 0.6748 0.8065 0.0000
6         M:cpu1
32        1314 0.5600 0.3920 0.4685 0.0000
6         M:cpu0
32        1314 0.3871 0.2709 0.3238 0.0000
5         M:cpu
32        1314 0.6360 0.4452 0.5321 0.0000
8         M:syslog
38        1314 145.0000 101.5000 121.3157 0.0000
8         M:ssh_in
32        1314 2.0000 1.4000 1.6733 0.0000
8         M:www_in
32        1314 1.0000 0.7000 0.8367 0.0000
14        M:cfengine_out
32        1314 6.0000 4.2000 5.0200 0.0000
13        M:cfengine_in
32        1314 1.0000 0.7000 0.8367 0.0000
9         M:loadavg
32        1314 0.0723 0.0506 0.0605 0.0000
10        M:diskfree
35        1314 56.0000 39.2000 46.8530 0.0000
12        M:otherprocs
35        1314 26.0000 18.2000 21.7532 0.0000
11        M:rootprocs
36        1314 115.0000 80.5000 96.2159 0.0000
7         M:users
32        1314 8.0000 5.6000 6.6933 0.0000
3         MOY
15        M:entropy_avail
37        155 702.0000 673.2600 107.9707 0.0000
12        M:mem_cached
39        155 2464.8457 2243.0547 676.7562 0.0000
16        M:io_writtendata
31        155 0.2319 0.1839 0.1438 0.0000
11        M:io_writes
32        155 10.0000 7.8400 6.2967 0.0000
13        M:postgres_in
31        155 1.0000 0.9100 0.3000 0.0000
6         M:cpu3
31        155 3.7512 2.7372 3.5276 0.0000
6         M:cpu2
31        155 3.5083 2.5878 3.1994 0.0000
6         M:cpu1
31        155 4.4824 3.2504 4.3490 0.0000
6         M:cpu0
34        155 18.9663 13.4103 21.3762 0.0000
5         M:cpu
31        155 7.6736 5.4942 8.0927 0.0000
8         M:syslog
37        155 614.5000 460.4950 572.4415 0.0000
8         M:ssh_in
31        155 2.0000 1.8200 0.6000 0.0000
8         M:www_in
31        155 1.0000 0.9100 0.3000 0.0000
14        M:cfengine_out
31        155 5.0000 4.5500 1.5000 0.0000
13        M:cfengine_in
31        155 1.0000 0.9100 0.3000 0.0000
9         M:loadavg
31        155 0.4094 0.3028 0.4421 0.0000
10        M:diskfree
34        155 61.0000 55.5100 18.3614 0.0000
12        M:otherprocs
33        155 26.0000 23.6600 7.8000 0.0000
11        M:rootprocs
36        155 115.5000 104.7900 35.7315 0.0000
7         M:users
31        155 8.0000 7.2800 2.4000 0.0000
# send QUERY complete successful
