# delta from 1679724318 to 1679724379 at 1679724380
22        CFR: 1 1679724379 2050
3         PRD
56        DBReportCollectAll,0.148378,0.395101,0.306293,1679724319
60        Packing reports: delta,0.088986,0.204486,0.170914,1679724319
83        Sample(/proc/sys/kernel/random/entropy_avail),0.005319,0.002829,0.002261,1679724341
3         EXS
16        f,320,1679724241
3         MOM
15        M:entropy_avail
38        1513 159.0000 111.3000 133.0289 0.0000
12        M:mem_cached
38        1513 3762.2305 2633.5613 0.0000 0.0000
10        M:mem_free
39        1513 11130.6133 7791.4293 0.0000 0.0000
11        M:mem_total
40        1513 15817.1836 11072.0285 0.0000 0.0000
16        M:io_writtendata
32        1513 0.2451 0.1716 0.2051 0.0000
11        M:io_writes
34        1513 12.0000 8.4000 10.0399 0.0000
13        M:postgres_in
32        1513 1.0000 0.7000 0.8367 0.0000
6         M:cpu3
32        1513 1.5965 1.1175 1.3357 0.0000
6         M:cpu2
35        1513 20.6435 14.4505 17.2716 0.0000
6         M:cpu1
32        1513 1.3353 0.9347 1.1172 0.0000
6         M:cpu0
34        1513 13.3507 9.3455 11.1700 0.0000
5         M:cpu
32        1513 9.2339 6.4637 7.7256 0.0000
8         M:syslog
39        1513 1054.0000 737.8000 881.8397 0.0000
8         M:ssh_in
32        1513 2.0000 1.4000 1.6733 0.0000
8         M:www_in
32        1513 1.0000 0.7000 0.8367 0.0000
14        M:cfengine_out
32        1513 5.0000 3.5000 4.1833 0.0000
13        M:cfengine_in
32        1513 1.0000 0.7000 0.8367 0.0000
9         M:loadavg
32        1513 0.3774 0.2642 0.3158 0.0000
10        M:diskfree
35        1513 50.0000 35.0000 41.8330 0.0000
12        M:otherprocs
35        1513 26.0000 18.2000 21.7532 0.0000
11        M:rootprocs
36        1513 114.0000 79.8000 95.3792 0.0000
7         M:users
32        1513 8.0000 5.6000 6.6933 0.0000
3         MOY
15        M:entropy_avail
36        155 323.0000 297.6050 79.9482 0.0000
12        M:mem_cached
39        155 2526.1133 2298.4965 696.2697 0.0000
16        M:io_writtendata
31        155 0.2939 0.2241 0.2132 0.0000
11        M:io_writes
34        155 16.0000 12.2500 11.5973 0.0000
13        M:postgres_in
31        155 1.0000 0.9100 0.3000 0.0000
6         M:cpu3
31        155 9.2585 6.6064 9.9586 0.0000
6         M:cpu2
31        155 1.2023 0.9735 0.7040 0.0000
6         M:cpu1
33        155 11.0003 7.8207 12.0038 0.0000
6         M:cpu0
31        155 5.6586 4.0823 5.7035 0.0000
5         M:cpu
31        155 8.5900 6.1378 9.1662 0.0000
8         M:syslog
38        155 1068.5000 778.2950 812.0638 0.0000
8         M:ssh_in
31        155 2.0000 1.8200 0.6000 0.0000
8         M:www_in
31        155 1.0000 0.9100 0.3000 0.0000
14        M:cfengine_out
31        155 5.0000 4.5500 1.5000 0.0000
13        M:cfengine_in
31        155 1.0000 0.9100 0.3000 0.0000
9         M:loadavg
31        155 0.2126 0.1705 0.1909 0.0000
10        M:diskfree
34        155 60.5000 55.0550 18.2248 0.0000
12        M:otherprocs
33        155 26.0000 23.6600 7.8000 0.0000
11        M:rootprocs
36        155 113.5000 103.3900 33.7037 0.0000
7         M:users
31        155 8.0000 7.2800 2.4000 0.0000
# send QUERY complete successful
