# delta from 1679712619 to 1679712679 at 1679712679
22        CFR: 0 1679712678 1997
3         PRD
60        Packing reports: delta,0.027455,0.075379,0.077349,1679712620
83        Sample(/proc/sys/kernel/random/entropy_avail),0.005459,0.002981,0.002854,1679712620
3         EXS
16        f,318,1679712525
3         MOM
15        M:entropy_avail
38        1474 162.0000 113.4000 135.5389 0.0000
12        M:mem_cached
38        1474 3660.9531 2562.6672 0.0000 0.0000
10        M:mem_free
39        1474 11248.6914 7874.0840 0.0000 0.0000
11        M:mem_total
40        1474 15817.1836 11072.0285 0.0000 0.0000
16        M:io_writtendata
32        1474 0.2529 0.1771 0.2116 0.0000
11        M:io_writes
34        1474 14.0000 9.8000 11.7132 0.0000
13        M:postgres_in
32        1474 1.0000 0.7000 0.8367 0.0000
6         M:cpu3
32        1474 3.2489 2.2742 2.7182 0.0000
6         M:cpu2
35        1474 14.7701 10.3391 12.3575 0.0000
6         M:cpu1
32        1474 1.0497 0.7348 0.8783 0.0000
6         M:cpu0
35        1474 20.1333 14.0933 16.8448 0.0000
5         M:cpu
32        1474 9.8104 6.8673 8.2080 0.0000
8         M:syslog
41        1474 1783.0000 1248.1000 1491.7648 0.0000
8         M:ssh_in
32        1474 2.0000 1.4000 1.6733 0.0000
8         M:www_in
32        1474 1.0000 0.7000 0.8367 0.0000
14        M:cfengine_out
32        1474 5.0000 3.5000 4.1833 0.0000
13        M:cfengine_in
32        1474 1.0000 0.7000 0.8367 0.0000
9         M:loadavg
32        1474 0.1753 0.1227 0.1467 0.0000
10        M:diskfree
35        1474 51.0000 35.7000 42.6697 0.0000
12        M:otherprocs
35        1474 26.0000 18.2000 21.7532 0.0000
11        M:rootprocs
36        1474 115.0000 80.5000 96.2159 0.0000
7         M:users
32        1474 8.0000 5.6000 6.6933 0.0000
3         MOY
15        M:entropy_avail
36        155 323.0000 297.6050 79.9482 0.0000
12        M:mem_cached
39        155 2526.1133 2298.4965 696.2697 0.0000
16        M:io_writtendata
31        155 0.2939 0.2241 0.2132 0.0000
11        M:io_writes
34        155 16.0000 12.2500 11.5973 0.0000
13        M:postgres_in
31        155 1.0000 0.9100 0.3000 0.0000
6         M:cpu3
31        155 9.2585 6.6064 9.9586 0.0000
6         M:cpu2
31        155 1.2023 0.9735 0.7040 0.0000
6         M:cpu1
33        155 11.0003 7.8207 12.0038 0.0000
6         M:cpu0
31        155 5.6586 4.0823 5.7035 0.0000
5         M:cpu
31        155 8.5900 6.1378 9.1662 0.0000
8         M:syslog
38        155 1068.5000 778.2950 812.0638 0.0000
8         M:ssh_in
31        155 2.0000 1.8200 0.6000 0.0000
8         M:www_in
31        155 1.0000 0.9100 0.3000 0.0000
14        M:cfengine_out
31        155 5.0000 4.5500 1.5000 0.0000
13        M:cfengine_in
31        155 1.0000 0.9100 0.3000 0.0000
9         M:loadavg
31        155 0.2126 0.1705 0.1909 0.0000
10        M:diskfree
34        155 60.5000 55.0550 18.2248 0.0000
12        M:otherprocs
33        155 26.0000 23.6600 7.8000 0.0000
11        M:rootprocs
36        155 113.5000 103.3900 33.7037 0.0000
7         M:users
31        155 8.0000 7.2800 2.4000 0.0000
# send QUERY complete successful
