# delta from 1679679978 to 1679680039 at 1679680039
22        CFR: 0 1679680038 2039
3         PRD
56        DBReportCollectAll,0.156301,0.396847,0.299309,1679679979
60        Packing reports: delta,0.049944,0.093057,0.067915,1679679979
83        Sample(/proc/sys/kernel/random/entropy_avail),0.004627,0.002141,0.002389,1679680011
3         EXS
16        f,287,1679679806
3         MOM
15        M:entropy_avail
35        1365 16.0000 11.2000 13.3866 0.0000
12        M:mem_cached
38        1365 3364.5430 2355.1801 0.0000 0.0000
10        M:mem_free
39        1365 11604.7852 8123.3496 0.0000 0.0000
11        M:mem_total
40        1365 15817.1836 11072.0285 0.0000 0.0000
16        M:io_writtendata
32        1365 0.0752 0.0526 0.0629 0.0000
11        M:io_writes
32        1365 4.0000 2.8000 3.3466 0.0000
13        M:postgres_in
32        1365 1.0000 0.7000 0.8367 0.0000
6         M:cpu3
32        1365 0.4072 0.2850 0.3407 0.0000
6         M:cpu2
32        1365 0.8478 0.5935 0.7093 0.0000
6         M:cpu1
32        1365 0.5141 0.3599 0.4301 0.0000
6         M:cpu0
32        1365 0.4400 0.3080 0.3681 0.0000
5         M:cpu
32        1365 0.5506 0.3854 0.4606 0.0000
8         M:syslog
38        1365 145.0000 101.5000 121.3157 0.0000
8         M:ssh_in
32        1365 2.0000 1.4000 1.6733 0.0000
8         M:www_in
32        1365 1.0000 0.7000 0.8367 0.0000
14        M:cfengine_out
32        1365 5.0000 3.5000 4.1833 0.0000
13        M:cfengine_in
32        1365 1.0000 0.7000 0.8367 0.0000
9         M:loadavg
32        1365 0.0806 0.0564 0.0674 0.0000
10        M:diskfree
35        1365 54.0000 37.8000 45.1796 0.0000
12        M:otherprocs
35        1365 26.0000 18.2000 21.7532 0.0000
11        M:rootprocs
36        1365 114.0000 79.8000 95.3792 0.0000
7         M:users
32        1365 8.0000 5.6000 6.6933 0.0000
3         MOY
15        M:entropy_avail
36        155 323.0000 297.6050 79.9482 0.0000
12        M:mem_cached
39        155 2526.1133 2298.4965 696.2697 0.0000
16        M:io_writtendata
31        155 0.2939 0.2241 0.2132 0.0000
11        M:io_writes
34        155 16.0000 12.2500 11.5973 0.0000
13        M:postgres_in
31        155 1.0000 0.9100 0.3000 0.0000
6         M:cpu3
31        155 9.2585 6.6064 9.9586 0.0000
6         M:cpu2
31        155 1.2023 0.9735 0.7040 0.0000
6         M:cpu1
33        155 11.0003 7.8207 12.0038 0.0000
6         M:cpu0
31        155 5.6586 4.0823 5.7035 0.0000
5         M:cpu
31        155 8.5900 6.1378 9.1662 0.0000
8         M:syslog
38        155 1068.5000 778.2950 812.0638 0.0000
8         M:ssh_in
31        155 2.0000 1.8200 0.6000 0.0000
8         M:www_in
31        155 1.0000 0.9100 0.3000 0.0000
14        M:cfengine_out
31        155 5.0000 4.5500 1.5000 0.0000
13        M:cfengine_in
31        155 1.0000 0.9100 0.3000 0.0000
9         M:loadavg
31        155 0.2126 0.1705 0.1909 0.0000
10        M:diskfree
34        155 60.5000 55.0550 18.2248 0.0000
12        M:otherprocs
33        155 26.0000 23.6600 7.8000 0.0000
11        M:rootprocs
36        155 113.5000 103.3900 33.7037 0.0000
7         M:users
31        155 8.0000 7.2800 2.4000 0.0000
# send QUERY complete successful
