# delta from 1679705418 to 1679705479 at 1679705479
22        CFR: 0 1679705478 1974
3         PRD
56        DBReportCollectAll,0.042410,0.341945,0.343155,1679705419
60        Packing reports: delta,0.051726,0.158374,0.215384,1679705419
3         EXS
16        f,320,1679705340
3         MOM
15        M:entropy_avail
37        1450 141.0000 98.7000 117.9691 0.0000
12        M:mem_cached
38        1450 3594.0547 2515.8383 0.0000 0.0000
10        M:mem_free
39        1450 11286.1641 7900.3148 0.0000 0.0000
11        M:mem_total
40        1450 15817.1836 11072.0285 0.0000 0.0000
16        M:io_writtendata
32        1450 0.2207 0.1545 0.1847 0.0000
11        M:io_writes
34        1450 12.0000 8.4000 10.0399 0.0000
13        M:postgres_in
32        1450 1.0000 0.7000 0.8367 0.0000
6         M:cpu3
35        1450 22.1274 15.4892 18.5131 0.0000
6         M:cpu2
32        1450 1.7425 1.2198 1.4579 0.0000
6         M:cpu1
35        1450 17.4078 12.1855 14.5644 0.0000
6         M:cpu0
35        1450 17.1826 12.0278 14.3760 0.0000
5         M:cpu
35        1450 14.6310 10.2417 12.2411 0.0000
8         M:syslog
40        1450 1222.0000 855.4000 1022.3986 0.0000
8         M:ssh_in
32        1450 2.0000 1.4000 1.6733 0.0000
8         M:www_in
32        1450 1.0000 0.7000 0.8367 0.0000
14        M:cfengine_out
32        1450 5.0000 3.5000 4.1833 0.0000
13        M:cfengine_in
32        1450 1.0000 0.7000 0.8367 0.0000
9         M:loadavg
32        1450 0.3267 0.2287 0.2733 0.0000
10        M:diskfree
35        1450 52.0000 36.4000 43.5063 0.0000
12        M:otherprocs
35        1450 26.0000 18.2000 21.7532 0.0000
11        M:rootprocs
36        1450 117.0000 81.9000 97.8892 0.0000
7         M:users
32        1450 8.0000 5.6000 6.6933 0.0000
3         MOY
15        M:entropy_avail
36        155 323.0000 297.6050 79.9482 0.0000
12        M:mem_cached
39        155 2526.1133 2298.4965 696.2697 0.0000
16        M:io_writtendata
31        155 0.2939 0.2241 0.2132 0.0000
11        M:io_writes
34        155 16.0000 12.2500 11.5973 0.0000
13        M:postgres_in
31        155 1.0000 0.9100 0.3000 0.0000
6         M:cpu3
31        155 9.2585 6.6064 9.9586 0.0000
6         M:cpu2
31        155 1.2023 0.9735 0.7040 0.0000
6         M:cpu1
33        155 11.0003 7.8207 12.0038 0.0000
6         M:cpu0
31        155 5.6586 4.0823 5.7035 0.0000
5         M:cpu
31        155 8.5900 6.1378 9.1662 0.0000
8         M:syslog
38        155 1068.5000 778.2950 812.0638 0.0000
8         M:ssh_in
31        155 2.0000 1.8200 0.6000 0.0000
8         M:www_in
31        155 1.0000 0.9100 0.3000 0.0000
14        M:cfengine_out
31        155 5.0000 4.5500 1.5000 0.0000
13        M:cfengine_in
31        155 1.0000 0.9100 0.3000 0.0000
9         M:loadavg
31        155 0.2126 0.1705 0.1909 0.0000
10        M:diskfree
34        155 60.5000 55.0550 18.2248 0.0000
12        M:otherprocs
33        155 26.0000 23.6600 7.8000 0.0000
11        M:rootprocs
36        155 113.5000 103.3900 33.7037 0.0000
7         M:users
31        155 8.0000 7.2800 2.4000 0.0000
# send QUERY complete successful
