# delta from 1679745558 to 1679745619 at 1679745619
22        CFR: 0 1679745618 2014
3         PRD
56        DBReportCollectAll,0.044731,0.339210,0.325922,1679745559
60        Packing reports: delta,0.029976,0.089855,0.095398,1679745559
3         EXS
16        f,288,1679745516
3         MOM
15        M:entropy_avail
37        1583 109.0000 118.7200 32.4000 0.0000
12        M:mem_cached
40        1583 3946.1523 3590.5729 991.6637 0.0000
10        M:mem_free
41        1583 9425.8212 8889.3512 1496.1433 0.0000
11        M:mem_total
40        1583 11072.0285 11072.0285 0.0000 0.0000
16        M:io_writtendata
32        1583 1.5557 1.1714 1.0866 0.0000
11        M:io_writes
34        1583 22.0000 20.4400 5.2000 0.0000
13        M:postgres_in
32        1583 1.0000 0.9100 0.3000 0.0000
6         M:cpu3
32        1583 7.3224 5.3809 5.4433 0.0000
6         M:cpu2
32        1583 4.2270 3.6572 1.8992 0.0000
6         M:cpu1
35        1583 29.4614 21.2446 22.9556 0.0000
6         M:cpu0
33        1583 11.2746 8.7638 7.2559 0.0000
5         M:cpu
35        1583 17.2860 12.7111 12.8283 0.0000
8         M:syslog
40        1583 1562.0000 1366.8200 650.6000 0.0000
8         M:ssh_in
32        1583 2.0000 1.8200 0.6000 0.0000
9         M:www_out
32        1583 2.0000 1.4000 1.6733 0.0000
8         M:www_in
32        1583 1.0000 0.9100 0.3000 0.0000
14        M:cfengine_out
32        1583 5.0000 4.5500 1.5000 0.0000
13        M:cfengine_in
32        1583 1.0000 0.9100 0.3000 0.0000
9         M:loadavg
32        1583 0.8896 0.6398 0.6979 0.0000
10        M:diskfree
35        1583 48.0000 43.6800 14.4000 0.0000
12        M:otherprocs
34        1583 26.0000 23.6600 7.8000 0.0000
11        M:rootprocs
37        1583 117.0000 105.8400 37.2000 0.0000
7         M:users
32        1583 8.0000 7.2800 2.4000 0.0000
3         MOY
15        M:entropy_avail
36        155 323.0000 297.6050 79.9482 0.0000
12        M:mem_cached
39        155 2526.1133 2298.4965 696.2697 0.0000
16        M:io_writtendata
31        155 0.2939 0.2241 0.2132 0.0000
11        M:io_writes
34        155 16.0000 12.2500 11.5973 0.0000
13        M:postgres_in
31        155 1.0000 0.9100 0.3000 0.0000
6         M:cpu3
31        155 9.2585 6.6064 9.9586 0.0000
6         M:cpu2
31        155 1.2023 0.9735 0.7040 0.0000
6         M:cpu1
33        155 11.0003 7.8207 12.0038 0.0000
6         M:cpu0
31        155 5.6586 4.0823 5.7035 0.0000
5         M:cpu
31        155 8.5900 6.1378 9.1662 0.0000
8         M:syslog
38        155 1068.5000 778.2950 812.0638 0.0000
8         M:ssh_in
31        155 2.0000 1.8200 0.6000 0.0000
8         M:www_in
31        155 1.0000 0.9100 0.3000 0.0000
14        M:cfengine_out
31        155 5.0000 4.5500 1.5000 0.0000
13        M:cfengine_in
31        155 1.0000 0.9100 0.3000 0.0000
9         M:loadavg
31        155 0.2126 0.1705 0.1909 0.0000
10        M:diskfree
34        155 60.5000 55.0550 18.2248 0.0000
12        M:otherprocs
33        155 26.0000 23.6600 7.8000 0.0000
11        M:rootprocs
36        155 113.5000 103.3900 33.7037 0.0000
7         M:users
31        155 8.0000 7.2800 2.4000 0.0000
# send QUERY complete successful
