# delta from 1679733018 to 1679733079 at 1679733079
22        CFR: 0 1679733078 2047
3         PRD
56        DBReportCollectAll,0.081354,0.346226,0.286251,1679733019
60        Packing reports: delta,0.049582,0.134236,0.111522,1679733019
83        Sample(/proc/sys/kernel/random/entropy_avail),0.005098,0.002599,0.002129,1679733056
3         EXS
16        f,288,1679732915
3         MOM
15        M:entropy_avail
38        1542 173.0000 121.1000 144.7422 0.0000
12        M:mem_cached
38        1542 3838.2070 2686.7449 0.0000 0.0000
10        M:mem_free
39        1542 11032.5625 7722.7937 0.0000 0.0000
11        M:mem_total
40        1542 15817.1836 11072.0285 0.0000 0.0000
16        M:io_writtendata
32        1542 0.2568 0.1798 0.2149 0.0000
11        M:io_writes
34        1542 14.0000 9.8000 11.7132 0.0000
13        M:postgres_in
32        1542 1.0000 0.7000 0.8367 0.0000
6         M:cpu3
32        1542 1.0755 0.7528 0.8998 0.0000
6         M:cpu2
32        1542 1.9578 1.3704 1.6380 0.0000
6         M:cpu1
32        1542 3.1386 2.1970 2.6259 0.0000
6         M:cpu0
32        1542 2.5773 1.8041 2.1563 0.0000
5         M:cpu
32        1542 2.1890 1.5323 1.8315 0.0000
8         M:syslog
41        1542 1533.0000 1073.1000 1282.5998 0.0000
8         M:ssh_in
32        1542 2.0000 1.4000 1.6733 0.0000
8         M:www_in
32        1542 1.0000 0.7000 0.8367 0.0000
14        M:cfengine_out
32        1542 5.0000 3.5000 4.1833 0.0000
13        M:cfengine_in
32        1542 1.0000 0.7000 0.8367 0.0000
9         M:loadavg
32        1542 0.0732 0.0513 0.0613 0.0000
10        M:diskfree
35        1542 49.0000 34.3000 40.9963 0.0000
12        M:otherprocs
35        1542 26.0000 18.2000 21.7532 0.0000
11        M:rootprocs
36        1542 115.0000 80.5000 96.2159 0.0000
7         M:users
32        1542 8.0000 5.6000 6.6933 0.0000
3         MOY
15        M:entropy_avail
36        155 323.0000 297.6050 79.9482 0.0000
12        M:mem_cached
39        155 2526.1133 2298.4965 696.2697 0.0000
16        M:io_writtendata
31        155 0.2939 0.2241 0.2132 0.0000
11        M:io_writes
34        155 16.0000 12.2500 11.5973 0.0000
13        M:postgres_in
31        155 1.0000 0.9100 0.3000 0.0000
6         M:cpu3
31        155 9.2585 6.6064 9.9586 0.0000
6         M:cpu2
31        155 1.2023 0.9735 0.7040 0.0000
6         M:cpu1
33        155 11.0003 7.8207 12.0038 0.0000
6         M:cpu0
31        155 5.6586 4.0823 5.7035 0.0000
5         M:cpu
31        155 8.5900 6.1378 9.1662 0.0000
8         M:syslog
38        155 1068.5000 778.2950 812.0638 0.0000
8         M:ssh_in
31        155 2.0000 1.8200 0.6000 0.0000
8         M:www_in
31        155 1.0000 0.9100 0.3000 0.0000
14        M:cfengine_out
31        155 5.0000 4.5500 1.5000 0.0000
13        M:cfengine_in
31        155 1.0000 0.9100 0.3000 0.0000
9         M:loadavg
31        155 0.2126 0.1705 0.1909 0.0000
10        M:diskfree
34        155 60.5000 55.0550 18.2248 0.0000
12        M:otherprocs
33        155 26.0000 23.6600 7.8000 0.0000
11        M:rootprocs
36        155 113.5000 103.3900 33.7037 0.0000
7         M:users
31        155 8.0000 7.2800 2.4000 0.0000
# send QUERY complete successful
