# delta from 1679709558 to 1679709619 at 1679709619
22        CFR: 0 1679709618 2888
3         PRD
56        DBReportCollectAll,0.044500,0.381960,0.379290,1679709559
60        Packing reports: delta,0.047336,0.182798,0.193437,1679709559
83        Sample(/proc/sys/kernel/random/entropy_avail),0.004848,0.002350,0.001776,1679709614
3         EXS
16        f,317,1679709540
3         MOM
15        M:entropy_avail
35        1463 50.0000 70.2800 67.6000 0.0000
38        1464 152.0000 106.4000 127.1723 0.0000
12        M:mem_cached
40        1463 3627.4336 3300.9268 910.5838 0.0000
38        1464 3629.8711 2540.9098 0.0000 0.0000
10        M:mem_free
40        1463 11195.7812 10199.9677 0.0000 0.0000
39        1464 11286.4570 7900.5199 0.0000 0.0000
11        M:mem_total
40        1463 15817.1836 14393.6371 0.0000 0.0000
40        1464 15817.1836 11072.0285 0.0000 0.0000
16        M:io_writtendata
32        1463 0.1729 0.2231 0.1676 0.0000
32        1464 0.2432 0.1702 0.2034 0.0000
13        M:io_readdata
32        1464 0.0029 0.0021 0.0025 0.0000
11        M:io_writes
34        1463 12.0000 13.4400 4.8000 0.0000
34        1464 14.0000 9.8000 11.7132 0.0000
13        M:postgres_in
32        1463 1.0000 0.9100 0.3000 0.0000
32        1464 1.0000 0.7000 0.8367 0.0000
6         M:cpu3
33        1463 2.1706 5.9883 14.4382 0.0000
35        1464 25.7548 18.0284 21.5481 0.0000
6         M:cpu2
32        1463 1.2251 1.1217 0.3447 0.0000
32        1464 3.4600 2.4220 2.8949 0.0000
6         M:cpu1
32        1463 8.3261 7.6593 2.2226 0.0000
35        1464 22.3325 15.6327 18.6847 0.0000
6         M:cpu0
32        1463 1.1560 1.0580 0.3268 0.0000
32        1464 1.2619 0.8833 1.0557 0.0000
5         M:cpu
32        1463 3.2223 3.9499 2.4252 0.0000
34        1464 13.2110 9.2477 11.0531 0.0000
8         M:syslog
38        1463 167.0000 438.8300 906.1000 0.0000
38        1464 981.0000 686.7000 820.7635 0.0000
9         M:ssh_out
32        1463 4.0000 2.8000 3.3466 0.0000
8         M:ssh_in
32        1463 3.0000 2.5200 1.6223 0.0000
32        1464 2.0000 1.4000 1.6733 0.0000
8         M:www_in
32        1463 1.0000 0.9100 0.3000 0.0000
32        1464 1.0000 0.7000 0.8367 0.0000
14        M:cfengine_out
32        1463 6.0000 5.2500 2.5000 0.0000
32        1464 5.0000 3.5000 4.1833 0.0000
13        M:cfengine_in
32        1463 1.0000 0.9100 0.3000 0.0000
32        1464 1.0000 0.7000 0.8367 0.0000
9         M:loadavg
32        1463 0.2319 0.1921 0.1287 0.0000
32        1464 0.2217 0.1552 0.1855 0.0000
10        M:diskfree
35        1463 51.0000 46.4100 15.3000 0.0000
35        1464 51.0000 35.7000 42.6697 0.0000
12        M:otherprocs
34        1463 26.0000 23.6600 7.8000 0.0000
35        1464 26.0000 18.2000 21.7532 0.0000
11        M:rootprocs
37        1463 119.0000 107.6600 37.8000 0.0000
36        1464 116.0000 81.2000 97.0526 0.0000
7         M:users
32        1463 8.0000 7.2800 2.4000 0.0000
32        1464 8.0000 5.6000 6.6933 0.0000
3         MOY
15        M:entropy_avail
36        155 323.0000 297.6050 79.9482 0.0000
12        M:mem_cached
39        155 2526.1133 2298.4965 696.2697 0.0000
16        M:io_writtendata
31        155 0.2939 0.2241 0.2132 0.0000
11        M:io_writes
34        155 16.0000 12.2500 11.5973 0.0000
13        M:postgres_in
31        155 1.0000 0.9100 0.3000 0.0000
6         M:cpu3
31        155 9.2585 6.6064 9.9586 0.0000
6         M:cpu2
31        155 1.2023 0.9735 0.7040 0.0000
6         M:cpu1
33        155 11.0003 7.8207 12.0038 0.0000
6         M:cpu0
31        155 5.6586 4.0823 5.7035 0.0000
5         M:cpu
31        155 8.5900 6.1378 9.1662 0.0000
8         M:syslog
38        155 1068.5000 778.2950 812.0638 0.0000
8         M:ssh_in
31        155 2.0000 1.8200 0.6000 0.0000
8         M:www_in
31        155 1.0000 0.9100 0.3000 0.0000
14        M:cfengine_out
31        155 5.0000 4.5500 1.5000 0.0000
13        M:cfengine_in
31        155 1.0000 0.9100 0.3000 0.0000
9         M:loadavg
31        155 0.2126 0.1705 0.1909 0.0000
10        M:diskfree
34        155 60.5000 55.0550 18.2248 0.0000
12        M:otherprocs
33        155 26.0000 23.6600 7.8000 0.0000
11        M:rootprocs
36        155 113.5000 103.3900 33.7037 0.0000
7         M:users
31        155 8.0000 7.2800 2.4000 0.0000
# send QUERY complete successful
