# delta from 1679667738 to 1679667799 at 1679667799
22        CFR: 0 1679667798 1961
3         PRD
56        DBReportCollectAll,0.063683,0.374961,0.399050,1679667739
60        Packing reports: delta,0.036681,0.112400,0.145158,1679667739
3         EXS
16        f,320,1679667542
3         MOM
15        M:entropy_avail
38        1324 396.0000 277.2000 331.3174 0.0000
12        M:mem_cached
38        1324 3267.5547 2287.2883 0.0000 0.0000
10        M:mem_free
39        1324 11734.2188 8213.9531 0.0000 0.0000
11        M:mem_total
40        1324 15817.1836 11072.0285 0.0000 0.0000
16        M:io_writtendata
32        1324 0.2109 0.1477 0.1765 0.0000
11        M:io_writes
34        1324 12.0000 8.4000 10.0399 0.0000
13        M:postgres_in
32        1324 1.0000 0.7000 0.8367 0.0000
6         M:cpu3
32        1324 1.4928 1.0450 1.2490 0.0000
6         M:cpu2
32        1324 2.7004 1.8902 2.2593 0.0000
6         M:cpu1
32        1324 1.8324 1.2827 1.5331 0.0000
6         M:cpu0
32        1324 1.9301 1.3511 1.6149 0.0000
5         M:cpu
32        1324 1.9907 1.3935 1.6656 0.0000
8         M:syslog
41        1324 1781.0000 1246.7000 1490.0915 0.0000
8         M:ssh_in
32        1324 2.0000 1.4000 1.6733 0.0000
8         M:www_in
32        1324 1.0000 0.7000 0.8367 0.0000
14        M:cfengine_out
32        1324 5.0000 3.5000 4.1833 0.0000
13        M:cfengine_in
32        1324 1.0000 0.7000 0.8367 0.0000
9         M:loadavg
32        1324 0.4224 0.2957 0.3534 0.0000
10        M:diskfree
35        1324 55.0000 38.5000 46.0163 0.0000
12        M:otherprocs
35        1324 26.0000 18.2000 21.7532 0.0000
11        M:rootprocs
36        1324 114.0000 79.8000 95.3792 0.0000
7         M:users
32        1324 8.0000 5.6000 6.6933 0.0000
3         MOY
15        M:entropy_avail
36        155 423.0000 416.4300 32.5641 0.0000
12        M:mem_cached
39        155 2484.3203 2260.4222 683.7891 0.0000
16        M:io_writtendata
31        155 0.2417 0.1846 0.1679 0.0000
11        M:io_writes
32        155 13.0000 9.9400 9.0823 0.0000
13        M:postgres_in
31        155 1.0000 0.9100 0.3000 0.0000
6         M:cpu3
31        155 1.9659 1.4981 1.4496 0.0000
6         M:cpu2
31        155 6.8025 4.8838 7.1072 0.0000
6         M:cpu1
31        155 2.1684 1.6356 1.6646 0.0000
6         M:cpu0
33        155 10.6045 7.5325 11.5855 0.0000
5         M:cpu
31        155 8.6535 6.1752 9.2683 0.0000
8         M:syslog
37        155 923.0000 676.4450 700.5598 0.0000
8         M:ssh_in
31        155 2.0000 1.8200 0.6000 0.0000
8         M:www_in
31        155 1.0000 1.0150 0.3536 0.0000
14        M:cfengine_out
31        155 5.0000 4.5500 1.5000 0.0000
13        M:cfengine_in
31        155 1.0000 0.9100 0.3000 0.0000
9         M:loadavg
31        155 0.4209 0.3099 0.4592 0.0000
10        M:diskfree
34        155 61.0000 55.5100 18.3614 0.0000
12        M:otherprocs
33        155 26.0000 23.6600 7.8000 0.0000
11        M:rootprocs
36        155 116.0000 105.1400 36.2552 0.0000
7         M:users
31        155 8.0000 7.2800 2.4000 0.0000
# send QUERY complete successful
