# delta from 1679758463 to 1679758524 at 1679758524
22        CFR: 0 1679758523 2016
3         PRD
56        DBReportCollectAll,0.084319,0.340949,0.271002,1679758464
60        Packing reports: delta,0.081130,0.155021,0.060948,1679758464
3         EXS
16        f,277,1679758389
3         MOM
15        M:entropy_avail
37        1626 115.0000 123.5500 28.5000 0.0000
12        M:mem_cached
41        1626 4066.1484 3699.6652 1022.0730 0.0000
10        M:mem_free
39        1626 10768.1406 9797.7242 0.0000 0.0000
11        M:mem_total
40        1626 15817.1836 14393.6371 0.0000 0.0000
16        M:io_writtendata
32        1626 0.2744 0.2073 0.1902 0.0000
11        M:io_writes
34        1626 14.0000 10.6400 9.5482 0.0000
13        M:postgres_in
32        1626 1.0000 0.9100 0.3000 0.0000
6         M:cpu3
32        1626 5.0713 3.8215 3.5353 0.0000
6         M:cpu2
35        1626 20.2473 14.4018 16.3099 0.0000
6         M:cpu1
32        1626 2.7119 2.1072 1.7471 0.0000
6         M:cpu0
35        1626 33.3935 23.6949 27.0569 0.0000
5         M:cpu
35        1626 15.3665 11.0137 12.1522 0.0000
8         M:syslog
41        1626 1560.0000 1122.4500 1222.0764 0.0000
9         M:ssh_out
32        1626 0.0000 1.0500 3.7182 0.0000
8         M:ssh_in
32        1626 2.0000 1.8200 0.6000 0.0000
8         M:www_in
32        1626 1.0000 0.9100 0.3000 0.0000
14        M:cfengine_out
32        1626 5.0000 4.7600 0.8000 0.0000
13        M:cfengine_in
32        1626 1.0000 0.9100 0.3000 0.0000
9         M:loadavg
32        1626 0.2886 0.2138 0.2101 0.0000
10        M:diskfree
35        1626 47.0000 42.7700 14.1000 0.0000
12        M:otherprocs
34        1626 26.0000 23.6600 7.8000 0.0000
11        M:rootprocs
37        1626 114.0000 104.3700 32.1000 0.0000
7         M:users
32        1626 8.0000 7.2800 2.4000 0.0000
3         MOY
15        M:entropy_avail
36        155 323.0000 297.6050 79.9482 0.0000
12        M:mem_cached
39        155 2526.1133 2298.4965 696.2697 0.0000
16        M:io_writtendata
31        155 0.2939 0.2241 0.2132 0.0000
11        M:io_writes
34        155 16.0000 12.2500 11.5973 0.0000
13        M:postgres_in
31        155 1.0000 0.9100 0.3000 0.0000
6         M:cpu3
31        155 9.2585 6.6064 9.9586 0.0000
6         M:cpu2
31        155 1.2023 0.9735 0.7040 0.0000
6         M:cpu1
33        155 11.0003 7.8207 12.0038 0.0000
6         M:cpu0
31        155 5.6586 4.0823 5.7035 0.0000
5         M:cpu
31        155 8.5900 6.1378 9.1662 0.0000
8         M:syslog
38        155 1068.5000 778.2950 812.0638 0.0000
8         M:ssh_in
31        155 2.0000 1.8200 0.6000 0.0000
8         M:www_in
31        155 1.0000 0.9100 0.3000 0.0000
14        M:cfengine_out
31        155 5.0000 4.5500 1.5000 0.0000
13        M:cfengine_in
31        155 1.0000 0.9100 0.3000 0.0000
9         M:loadavg
31        155 0.2126 0.1705 0.1909 0.0000
10        M:diskfree
34        155 60.5000 55.0550 18.2248 0.0000
12        M:otherprocs
33        155 26.0000 23.6600 7.8000 0.0000
11        M:rootprocs
36        155 113.5000 103.3900 33.7037 0.0000
7         M:users
31        155 8.0000 7.2800 2.4000 0.0000
# send QUERY complete successful
