# delta from 1679665158 to 1679665219 at 1679665219
22        CFR: 0 1679665218 1970
3         PRD
56        DBReportCollectAll,0.103257,0.410291,0.452970,1679665159
60        Packing reports: delta,0.068670,0.115481,0.122996,1679665159
3         EXS
16        f,288,1679665106
3         MOM
15        M:entropy_avail
37        1315 533.0000 515.2700 59.1000 0.0000
12        M:mem_cached
40        1315 3238.1172 2946.2461 813.9895 0.0000
10        M:mem_free
38        1315 8249.5766 8249.5766 0.0000 0.0000
11        M:mem_total
40        1315 11072.0285 11072.0285 0.0000 0.0000
16        M:io_writtendata
32        1315 0.3252 0.2596 0.1957 0.0000
11        M:io_writes
34        1315 16.0000 12.8800 9.4420 0.0000
13        M:postgres_in
32        1315 1.0000 0.9100 0.3000 0.0000
6         M:cpu3
33        1315 10.0936 7.1555 8.1966 0.0000
6         M:cpu2
32        1315 8.1209 5.8811 6.2613 0.0000
6         M:cpu1
35        1315 17.5465 12.4666 14.1728 0.0000
6         M:cpu0
35        1315 18.1594 12.8547 14.7974 0.0000
5         M:cpu
35        1315 15.9229 11.2987 12.9006 0.0000
8         M:syslog
38        1315 835.0000 675.8500 486.5577 0.0000
8         M:ssh_in
32        1315 2.0000 1.8200 0.6000 0.0000
8         M:www_in
32        1315 1.0000 0.9100 0.3000 0.0000
14        M:cfengine_out
32        1315 5.0000 4.5500 1.5000 0.0000
13        M:cfengine_in
32        1315 1.0000 0.9100 0.3000 0.0000
9         M:loadavg
32        1315 0.4829 0.3524 0.3653 0.0000
10        M:diskfree
35        1315 56.0000 50.9600 16.8000 0.0000
12        M:otherprocs
34        1315 26.0000 23.6600 7.8000 0.0000
11        M:rootprocs
37        1315 115.0000 104.4400 35.2000 0.0000
7         M:users
32        1315 8.0000 7.2800 2.4000 0.0000
3         MOY
15        M:entropy_avail
37        155 702.0000 673.2600 107.9707 0.0000
12        M:mem_cached
39        155 2464.8457 2243.0547 676.7562 0.0000
16        M:io_writtendata
31        155 0.2319 0.1839 0.1438 0.0000
11        M:io_writes
32        155 10.0000 7.8400 6.2967 0.0000
13        M:postgres_in
31        155 1.0000 0.9100 0.3000 0.0000
6         M:cpu3
31        155 3.7512 2.7372 3.5276 0.0000
6         M:cpu2
31        155 3.5083 2.5878 3.1994 0.0000
6         M:cpu1
31        155 4.4824 3.2504 4.3490 0.0000
6         M:cpu0
34        155 18.9663 13.4103 21.3762 0.0000
5         M:cpu
31        155 7.6736 5.4942 8.0927 0.0000
8         M:syslog
37        155 614.5000 460.4950 572.4415 0.0000
8         M:ssh_in
31        155 2.0000 1.8200 0.6000 0.0000
8         M:www_in
31        155 1.0000 0.9100 0.3000 0.0000
14        M:cfengine_out
31        155 5.0000 4.5500 1.5000 0.0000
13        M:cfengine_in
31        155 1.0000 0.9100 0.3000 0.0000
9         M:loadavg
31        155 0.4094 0.3028 0.4421 0.0000
10        M:diskfree
34        155 61.0000 55.5100 18.3614 0.0000
12        M:otherprocs
33        155 26.0000 23.6600 7.8000 0.0000
11        M:rootprocs
36        155 115.5000 104.7900 35.7315 0.0000
7         M:users
31        155 8.0000 7.2800 2.4000 0.0000
# send QUERY complete successful
