# delta from 1679714718 to 1679714780 at 1679714780
22        CFR: 0 1679714779 2050
3         PRD
56        DBReportCollectAll,0.069396,0.315263,0.271629,1679714719
60        Packing reports: delta,0.031454,0.098937,0.093039,1679714719
83        Sample(/proc/sys/kernel/random/entropy_avail),0.004420,0.001954,0.001899,1679714723
3         EXS
16        f,317,1679714624
3         MOM
15        M:entropy_avail
38        1481 180.0000 126.0000 150.5988 0.0000
12        M:mem_cached
38        1481 3679.7383 2575.8168 0.0000 0.0000
10        M:mem_free
39        1481 11229.8438 7860.8906 0.0000 0.0000
11        M:mem_total
40        1481 15817.1836 11072.0285 0.0000 0.0000
16        M:io_writtendata
32        1481 0.4521 0.3165 0.3783 0.0000
11        M:io_writes
35        1481 24.0000 16.8000 20.0798 0.0000
13        M:postgres_in
32        1481 1.0000 0.7000 0.8367 0.0000
6         M:cpu3
32        1481 1.5845 1.1092 1.3257 0.0000
6         M:cpu2
35        1481 21.2702 14.8891 17.7959 0.0000
6         M:cpu1
32        1481 7.6577 5.3604 6.4069 0.0000
6         M:cpu0
32        1481 6.3597 4.4518 5.3209 0.0000
5         M:cpu
32        1481 9.2216 6.4551 7.7154 0.0000
8         M:syslog
40        1481 1295.0000 906.5000 1083.4747 0.0000
8         M:ssh_in
32        1481 2.0000 1.4000 1.6733 0.0000
8         M:www_in
32        1481 2.0000 1.4000 1.6733 0.0000
14        M:cfengine_out
32        1481 5.0000 3.5000 4.1833 0.0000
13        M:cfengine_in
32        1481 1.0000 0.7000 0.8367 0.0000
9         M:loadavg
32        1481 0.1479 0.1036 0.1238 0.0000
10        M:diskfree
35        1481 51.0000 35.7000 42.6697 0.0000
12        M:otherprocs
35        1481 26.0000 18.2000 21.7532 0.0000
11        M:rootprocs
36        1481 113.0000 79.1000 94.5426 0.0000
7         M:users
32        1481 8.0000 5.6000 6.6933 0.0000
3         MOY
15        M:entropy_avail
36        155 323.0000 297.6050 79.9482 0.0000
12        M:mem_cached
39        155 2526.1133 2298.4965 696.2697 0.0000
16        M:io_writtendata
31        155 0.2939 0.2241 0.2132 0.0000
11        M:io_writes
34        155 16.0000 12.2500 11.5973 0.0000
13        M:postgres_in
31        155 1.0000 0.9100 0.3000 0.0000
6         M:cpu3
31        155 9.2585 6.6064 9.9586 0.0000
6         M:cpu2
31        155 1.2023 0.9735 0.7040 0.0000
6         M:cpu1
33        155 11.0003 7.8207 12.0038 0.0000
6         M:cpu0
31        155 5.6586 4.0823 5.7035 0.0000
5         M:cpu
31        155 8.5900 6.1378 9.1662 0.0000
8         M:syslog
38        155 1068.5000 778.2950 812.0638 0.0000
8         M:ssh_in
31        155 2.0000 1.8200 0.6000 0.0000
8         M:www_in
31        155 1.0000 0.9100 0.3000 0.0000
14        M:cfengine_out
31        155 5.0000 4.5500 1.5000 0.0000
13        M:cfengine_in
31        155 1.0000 0.9100 0.3000 0.0000
9         M:loadavg
31        155 0.2126 0.1705 0.1909 0.0000
10        M:diskfree
34        155 60.5000 55.0550 18.2248 0.0000
12        M:otherprocs
33        155 26.0000 23.6600 7.8000 0.0000
11        M:rootprocs
36        155 113.5000 103.3900 33.7037 0.0000
7         M:users
31        155 8.0000 7.2800 2.4000 0.0000
# send QUERY complete successful
