# delta from 1679682438 to 1679682499 at 1679682499
22        CFR: 0 1679682498 1959
3         PRD
56        DBReportCollectAll,0.061733,0.328419,0.328360,1679682439
60        Packing reports: delta,0.031575,0.099696,0.109701,1679682439
3         EXS
16        f,320,1679682241
3         MOM
15        M:entropy_avail
35        1373 19.0000 13.3000 15.8965 0.0000
12        M:mem_cached
38        1373 3385.6484 2369.9539 0.0000 0.0000
10        M:mem_free
39        1373 11573.3203 8101.3242 0.0000 0.0000
11        M:mem_total
40        1373 15817.1836 11072.0285 0.0000 0.0000
16        M:io_writtendata
32        1373 0.2578 0.1805 0.2157 0.0000
11        M:io_writes
35        1373 16.0000 11.2000 13.3866 0.0000
13        M:postgres_in
32        1373 1.0000 0.7000 0.8367 0.0000
6         M:cpu3
32        1373 0.6468 0.4528 0.5411 0.0000
6         M:cpu2
32        1373 0.5336 0.3735 0.4464 0.0000
6         M:cpu1
32        1373 0.6805 0.4764 0.5694 0.0000
6         M:cpu0
32        1373 0.5942 0.4160 0.4972 0.0000
5         M:cpu
32        1373 0.6155 0.4308 0.5149 0.0000
8         M:syslog
38        1373 438.0000 306.6000 366.4571 0.0000
8         M:ssh_in
32        1373 2.0000 1.4000 1.6733 0.0000
8         M:www_in
32        1373 1.0000 0.7000 0.8367 0.0000
14        M:cfengine_out
32        1373 5.0000 3.5000 4.1833 0.0000
13        M:cfengine_in
32        1373 1.0000 0.7000 0.8367 0.0000
9         M:loadavg
32        1373 0.0615 0.0431 0.0515 0.0000
10        M:diskfree
35        1373 54.0000 37.8000 45.1796 0.0000
12        M:otherprocs
35        1373 26.0000 18.2000 21.7532 0.0000
11        M:rootprocs
36        1373 116.0000 81.2000 97.0526 0.0000
7         M:users
32        1373 8.0000 5.6000 6.6933 0.0000
3         MOY
15        M:entropy_avail
36        155 323.0000 297.6050 79.9482 0.0000
12        M:mem_cached
39        155 2526.1133 2298.4965 696.2697 0.0000
16        M:io_writtendata
31        155 0.2939 0.2241 0.2132 0.0000
11        M:io_writes
34        155 16.0000 12.2500 11.5973 0.0000
13        M:postgres_in
31        155 1.0000 0.9100 0.3000 0.0000
6         M:cpu3
31        155 9.2585 6.6064 9.9586 0.0000
6         M:cpu2
31        155 1.2023 0.9735 0.7040 0.0000
6         M:cpu1
33        155 11.0003 7.8207 12.0038 0.0000
6         M:cpu0
31        155 5.6586 4.0823 5.7035 0.0000
5         M:cpu
31        155 8.5900 6.1378 9.1662 0.0000
8         M:syslog
38        155 1068.5000 778.2950 812.0638 0.0000
8         M:ssh_in
31        155 2.0000 1.8200 0.6000 0.0000
8         M:www_in
31        155 1.0000 0.9100 0.3000 0.0000
14        M:cfengine_out
31        155 5.0000 4.5500 1.5000 0.0000
13        M:cfengine_in
31        155 1.0000 0.9100 0.3000 0.0000
9         M:loadavg
31        155 0.2126 0.1705 0.1909 0.0000
10        M:diskfree
34        155 60.5000 55.0550 18.2248 0.0000
12        M:otherprocs
33        155 26.0000 23.6600 7.8000 0.0000
11        M:rootprocs
36        155 113.5000 103.3900 33.7037 0.0000
7         M:users
31        155 8.0000 7.2800 2.4000 0.0000
# send QUERY complete successful
