# delta from 1679716998 to 1679717059 at 1679717059
22        CFR: 0 1679717058 1964
3         PRD
56        DBReportCollectAll,0.073384,0.350508,0.391741,1679716999
60        Packing reports: delta,0.043608,0.117866,0.111128,1679716999
3         EXS
16        f,286,1679716997
3         MOM
15        M:entropy_avail
35        1488 68.0000 83.7200 52.4000 0.0000
12        M:mem_cached
40        1488 3697.6406 3364.7849 928.2903 0.0000
10        M:mem_free
40        1488 11107.3789 10127.8026 0.0000 0.0000
11        M:mem_total
40        1488 15817.1836 14393.6371 0.0000 0.0000
16        M:io_writtendata
32        1488 0.0762 0.1118 0.1187 0.0000
11        M:io_writes
32        1488 6.0000 7.1400 3.8000 0.0000
13        M:postgres_in
32        1488 1.0000 0.9100 0.3000 0.0000
6         M:cpu3
32        1488 5.6931 6.4732 2.6004 0.0000
6         M:cpu2
32        1488 3.5482 2.8102 2.1780 0.0000
6         M:cpu1
35        1488 36.7508 29.7309 21.4399 0.0000
6         M:cpu0
32        1488 3.5445 2.7788 2.2321 0.0000
5         M:cpu
34        1488 12.3935 10.4573 6.6541 0.0000
8         M:syslog
38        1488 167.0000 339.0800 573.6000 0.0000
8         M:ssh_in
32        1488 2.0000 1.8200 0.6000 0.0000
8         M:www_in
32        1488 1.0000 0.9100 0.3000 0.0000
14        M:cfengine_out
32        1488 5.0000 4.5500 1.5000 0.0000
13        M:cfengine_in
32        1488 1.0000 0.9100 0.3000 0.0000
9         M:loadavg
32        1488 0.7202 0.5352 0.5204 0.0000
10        M:diskfree
35        1488 51.0000 46.4100 15.3000 0.0000
12        M:otherprocs
34        1488 26.0000 23.6600 7.8000 0.0000
11        M:rootprocs
37        1488 117.0000 105.8400 37.2000 0.0000
7         M:users
32        1488 8.0000 7.2800 2.4000 0.0000
3         MOY
15        M:entropy_avail
36        155 323.0000 297.6050 79.9482 0.0000
12        M:mem_cached
39        155 2526.1133 2298.4965 696.2697 0.0000
16        M:io_writtendata
31        155 0.2939 0.2241 0.2132 0.0000
11        M:io_writes
34        155 16.0000 12.2500 11.5973 0.0000
13        M:postgres_in
31        155 1.0000 0.9100 0.3000 0.0000
6         M:cpu3
31        155 9.2585 6.6064 9.9586 0.0000
6         M:cpu2
31        155 1.2023 0.9735 0.7040 0.0000
6         M:cpu1
33        155 11.0003 7.8207 12.0038 0.0000
6         M:cpu0
31        155 5.6586 4.0823 5.7035 0.0000
5         M:cpu
31        155 8.5900 6.1378 9.1662 0.0000
8         M:syslog
38        155 1068.5000 778.2950 812.0638 0.0000
8         M:ssh_in
31        155 2.0000 1.8200 0.6000 0.0000
8         M:www_in
31        155 1.0000 0.9100 0.3000 0.0000
14        M:cfengine_out
31        155 5.0000 4.5500 1.5000 0.0000
13        M:cfengine_in
31        155 1.0000 0.9100 0.3000 0.0000
9         M:loadavg
31        155 0.2126 0.1705 0.1909 0.0000
10        M:diskfree
34        155 60.5000 55.0550 18.2248 0.0000
12        M:otherprocs
33        155 26.0000 23.6600 7.8000 0.0000
11        M:rootprocs
36        155 113.5000 103.3900 33.7037 0.0000
7         M:users
31        155 8.0000 7.2800 2.4000 0.0000
# send QUERY complete successful
