# delta from 1679662818 to 1679662879 at 1679662879
22        CFR: 0 1679662878 2228
3         PRD
56        DBReportCollectAll,0.155229,0.502849,0.426578,1679662819
60        Packing reports: delta,0.193055,0.330644,0.234495,1679662819
83        Sample(/proc/sys/kernel/random/entropy_avail),0.004626,0.002140,0.001912,1679662878
3         EXS
16        f,319,1679662732
3         MOM
15        M:entropy_avail
39        1308 1164.0000 814.8000 973.8723 0.0000
12        M:mem_cached
38        1308 3220.4219 2254.2953 0.0000 0.0000
10        M:mem_free
39        1308 11802.5273 8261.7691 0.0000 0.0000
11        M:mem_total
40        1308 15817.1836 11072.0285 0.0000 0.0000
16        M:io_writtendata
32        1308 0.2998 0.2099 0.2508 0.0000
13        M:io_readdata
32        1308 0.0010 0.0007 0.0008 0.0000
11        M:io_writes
34        1308 12.0000 8.4000 10.0399 0.0000
13        M:postgres_in
32        1308 1.0000 0.7000 0.8367 0.0000
6         M:cpu3
32        1308 0.7826 0.5478 0.6548 0.0000
6         M:cpu2
32        1308 2.3913 1.6739 2.0007 0.0000
6         M:cpu1
32        1308 0.7281 0.5097 0.6092 0.0000
6         M:cpu0
32        1308 1.6547 1.1583 1.3844 0.0000
5         M:cpu
32        1308 1.3911 0.9738 1.1639 0.0000
8         M:syslog
40        1308 1299.0000 909.3000 1086.8214 0.0000
8         M:ssh_in
32        1308 2.0000 1.4000 1.6733 0.0000
8         M:www_in
32        1308 1.0000 0.7000 0.8367 0.0000
14        M:cfengine_out
32        1308 5.0000 3.5000 4.1833 0.0000
13        M:cfengine_in
32        1308 1.0000 0.7000 0.8367 0.0000
9         M:loadavg
32        1308 0.0786 0.0550 0.0658 0.0000
10        M:diskfree
35        1308 56.0000 39.2000 46.8530 0.0000
12        M:otherprocs
35        1308 26.0000 18.2000 21.7532 0.0000
11        M:rootprocs
36        1308 115.0000 80.5000 96.2159 0.0000
7         M:users
32        1308 8.0000 5.6000 6.6933 0.0000
3         MOY
15        M:entropy_avail
37        155 956.5000 899.2900 239.3838 0.0000
12        M:mem_cached
39        155 2444.9004 2224.7170 671.4100 0.0000
16        M:io_writtendata
31        155 0.9365 0.9361 0.1306 0.0000
13        M:io_readdata
31        155 0.0034 0.0237 0.1037 0.0000
11        M:io_writes
33        155 24.0000 21.8400 6.7634 0.0000
13        M:postgres_in
31        155 1.0000 0.9100 0.3000 0.0000
6         M:cpu3
34        155 22.3530 19.4789 12.9401 0.0000
6         M:cpu2
33        155 8.1117 10.9255 13.8492 0.0000
6         M:cpu1
34        155 30.9730 26.0574 23.0851 0.0000
6         M:cpu0
33        155 8.7018 11.4627 13.6796 0.0000
5         M:cpu
33        155 17.5788 17.0119 2.1176 0.0000
8         M:syslog
40        155 5028.4671 4634.2920 7134.1788 0.0000
9         M:ssh_out
31        155 4.5000 3.6750 3.6349 0.0000
8         M:ssh_in
31        155 3.0000 2.6250 1.5455 0.0000
9         M:www_out
31        155 1.0000 0.7000 1.1832 0.0000
8         M:www_in
31        155 1.0000 0.9100 0.3000 0.0000
14        M:cfengine_out
31        155 5.0000 4.5500 1.5000 0.0000
13        M:cfengine_in
31        155 1.0000 0.9100 0.3000 0.0000
9         M:loadavg
31        155 0.7024 0.5940 0.5291 0.0000
10        M:diskfree
34        155 61.0000 55.5100 18.3614 0.0000
12        M:otherprocs
33        155 28.5000 25.8300 8.9677 0.0000
11        M:rootprocs
36        155 117.5000 113.3300 24.6028 0.0000
7         M:users
31        155 8.5000 7.7350 2.5544 0.0000
# send QUERY complete successful
