# delta from 1679722338 to 1679722399 at 1679722399
22        CFR: 0 1679722398 2048
3         PRD
56        DBReportCollectAll,0.062461,0.345681,0.399161,1679722339
60        Packing reports: delta,0.032563,0.145866,0.139941,1679722339
83        Sample(/proc/sys/kernel/random/entropy_avail),0.004811,0.002314,0.002006,1679722387
3         EXS
16        f,320,1679722140
3         MOM
15        M:entropy_avail
35        1506 78.0000 90.0900 40.3000 0.0000
12        M:mem_cached
40        1506 3744.8984 3407.8100 940.0947 0.0000
10        M:mem_free
40        1506 11054.9062 10079.0780 0.0000 0.0000
11        M:mem_total
40        1506 15817.1836 14393.6371 0.0000 0.0000
16        M:io_writtendata
32        1506 0.0820 0.1091 0.0902 0.0000
11        M:io_writes
32        1506 6.0000 6.7200 2.4000 0.0000
13        M:postgres_in
32        1506 1.0000 0.9100 0.3000 0.0000
6         M:cpu3
32        1506 2.5489 1.9847 1.6332 0.0000
6         M:cpu2
33        1506 1.3221 4.0243 10.1251 0.0000
6         M:cpu1
35        1506 39.8586 28.1394 32.6875 0.0000
6         M:cpu0
33        1506 1.1945 5.3745 15.2962 0.0000
5         M:cpu
33        1506 11.2388 9.8858 4.5101 0.0000
8         M:syslog
38        1506 167.0000 337.8200 569.4000 0.0000
8         M:ssh_in
32        1506 3.0000 2.5200 1.6223 0.0000
8         M:www_in
32        1506 1.0000 0.9100 0.3000 0.0000
14        M:cfengine_out
32        1506 5.0000 4.5500 1.5000 0.0000
13        M:cfengine_in
32        1506 1.0000 0.9100 0.3000 0.0000
9         M:loadavg
32        1506 0.6475 0.4887 0.4495 0.0000
10        M:diskfree
35        1506 50.0000 45.5000 15.0000 0.0000
12        M:otherprocs
34        1506 26.0000 23.6600 7.8000 0.0000
11        M:rootprocs
37        1506 118.0000 106.5400 38.2000 0.0000
7         M:users
32        1506 8.0000 7.2800 2.4000 0.0000
3         MOY
15        M:entropy_avail
36        155 323.0000 297.6050 79.9482 0.0000
12        M:mem_cached
39        155 2526.1133 2298.4965 696.2697 0.0000
16        M:io_writtendata
31        155 0.2939 0.2241 0.2132 0.0000
11        M:io_writes
34        155 16.0000 12.2500 11.5973 0.0000
13        M:postgres_in
31        155 1.0000 0.9100 0.3000 0.0000
6         M:cpu3
31        155 9.2585 6.6064 9.9586 0.0000
6         M:cpu2
31        155 1.2023 0.9735 0.7040 0.0000
6         M:cpu1
33        155 11.0003 7.8207 12.0038 0.0000
6         M:cpu0
31        155 5.6586 4.0823 5.7035 0.0000
5         M:cpu
31        155 8.5900 6.1378 9.1662 0.0000
8         M:syslog
38        155 1068.5000 778.2950 812.0638 0.0000
8         M:ssh_in
31        155 2.0000 1.8200 0.6000 0.0000
8         M:www_in
31        155 1.0000 0.9100 0.3000 0.0000
14        M:cfengine_out
31        155 5.0000 4.5500 1.5000 0.0000
13        M:cfengine_in
31        155 1.0000 0.9100 0.3000 0.0000
9         M:loadavg
31        155 0.2126 0.1705 0.1909 0.0000
10        M:diskfree
34        155 60.5000 55.0550 18.2248 0.0000
12        M:otherprocs
33        155 26.0000 23.6600 7.8000 0.0000
11        M:rootprocs
36        155 113.5000 103.3900 33.7037 0.0000
7         M:users
31        155 8.0000 7.2800 2.4000 0.0000
# send QUERY complete successful
