# delta from 1679689158 to 1679689220 at 1679689220
22        CFR: 0 1679689219 2088
3         PRD
56        DBReportCollectAll,0.046688,0.379438,0.423587,1679689159
60        Packing reports: delta,0.035265,0.124364,0.113523,1679689159
83        Sample(/proc/sys/kernel/random/entropy_avail),0.004930,0.002430,0.002487,1679689178
3         EXS
16        f,278,1679689089
3         MOM
15        M:entropy_avail
36        1395 133.0000 98.7700 96.2614 0.0000
12        M:mem_cached
40        1395 3445.2344 3134.6522 866.1722 0.0000
10        M:mem_free
40        1395 11508.6953 10460.4907 0.0000 0.0000
11        M:mem_total
40        1395 15817.1836 14393.6371 0.0000 0.0000
16        M:io_writtendata
32        1395 0.1953 0.1523 0.1247 0.0000
11        M:io_writes
32        1395 8.0000 6.8600 4.2033 0.0000
13        M:postgres_in
32        1395 1.0000 0.9100 0.3000 0.0000
6         M:cpu3
32        1395 8.9864 6.4980 6.9548 0.0000
6         M:cpu2
32        1395 1.6197 2.3570 2.4575 0.0000
6         M:cpu1
35        1395 30.1391 21.4540 24.2340 0.0000
6         M:cpu0
32        1395 3.5521 5.2805 5.7613 0.0000
5         M:cpu
33        1395 11.0716 8.8958 6.5628 0.0000
8         M:syslog
38        1395 909.0000 723.8700 550.5319 0.0000
9         M:ssh_out
32        1395 0.0000 1.0500 3.7182 0.0000
8         M:ssh_in
32        1395 2.0000 1.8200 0.6000 0.0000
8         M:www_in
32        1395 1.0000 0.9100 0.3000 0.0000
14        M:cfengine_out
32        1395 5.0000 4.7600 0.8000 0.0000
13        M:cfengine_in
32        1395 1.0000 0.9100 0.3000 0.0000
9         M:loadavg
32        1395 0.1733 0.2085 0.1172 0.0000
10        M:diskfree
35        1395 54.0000 49.1400 16.2000 0.0000
12        M:otherprocs
34        1395 26.0000 23.6600 7.8000 0.0000
11        M:rootprocs
37        1395 114.0000 104.3700 32.1000 0.0000
7         M:users
32        1395 8.0000 7.2800 2.4000 0.0000
3         MOY
15        M:entropy_avail
36        155 323.0000 297.6050 79.9482 0.0000
12        M:mem_cached
39        155 2526.1133 2298.4965 696.2697 0.0000
16        M:io_writtendata
31        155 0.2939 0.2241 0.2132 0.0000
11        M:io_writes
34        155 16.0000 12.2500 11.5973 0.0000
13        M:postgres_in
31        155 1.0000 0.9100 0.3000 0.0000
6         M:cpu3
31        155 9.2585 6.6064 9.9586 0.0000
6         M:cpu2
31        155 1.2023 0.9735 0.7040 0.0000
6         M:cpu1
33        155 11.0003 7.8207 12.0038 0.0000
6         M:cpu0
31        155 5.6586 4.0823 5.7035 0.0000
5         M:cpu
31        155 8.5900 6.1378 9.1662 0.0000
8         M:syslog
38        155 1068.5000 778.2950 812.0638 0.0000
8         M:ssh_in
31        155 2.0000 1.8200 0.6000 0.0000
8         M:www_in
31        155 1.0000 0.9100 0.3000 0.0000
14        M:cfengine_out
31        155 5.0000 4.5500 1.5000 0.0000
13        M:cfengine_in
31        155 1.0000 0.9100 0.3000 0.0000
9         M:loadavg
31        155 0.2126 0.1705 0.1909 0.0000
10        M:diskfree
34        155 60.5000 55.0550 18.2248 0.0000
12        M:otherprocs
33        155 26.0000 23.6600 7.8000 0.0000
11        M:rootprocs
36        155 113.5000 103.3900 33.7037 0.0000
7         M:users
31        155 8.0000 7.2800 2.4000 0.0000
# send QUERY complete successful
