# delta from 1679734158 to 1679734219 at 1679734219
22        CFR: 0 1679734218 1963
3         PRD
56        DBReportCollectAll,0.118459,0.401747,0.526283,1679734159
60        Packing reports: delta,0.042716,0.136534,0.180563,1679734159
3         EXS
16        f,318,1679734132
3         MOM
15        M:entropy_avail
35        1545 77.0000 93.8000 56.0000 0.0000
12        M:mem_cached
40        1545 3846.4609 3500.1507 965.8132 0.0000
10        M:mem_free
39        1545 10935.2461 9970.7229 0.0000 0.0000
11        M:mem_total
40        1545 15817.1836 14393.6371 0.0000 0.0000
16        M:io_writtendata
32        1545 0.0918 0.0860 0.0193 0.0000
11        M:io_writes
32        1545 6.0000 5.4600 1.8000 0.0000
13        M:postgres_in
32        1545 1.0000 0.9100 0.3000 0.0000
6         M:cpu3
33        1545 10.6998 7.6426 8.5325 0.0000
6         M:cpu2
32        1545 2.0420 1.5654 1.3621 0.0000
6         M:cpu1
35        1545 32.9327 23.1509 27.2810 0.0000
6         M:cpu0
32        1545 1.2093 1.0048 0.6669 0.0000
5         M:cpu
33        1545 11.7273 8.3457 9.4356 0.0000
8         M:syslog
38        1545 167.0000 350.0000 610.0000 0.0000
8         M:ssh_in
32        1545 2.0000 1.8200 0.6000 0.0000
8         M:www_in
32        1545 1.0000 0.9100 0.3000 0.0000
14        M:cfengine_out
32        1545 5.0000 4.5500 1.5000 0.0000
13        M:cfengine_in
32        1545 1.0000 0.9100 0.3000 0.0000
9         M:loadavg
32        1545 0.6733 0.4956 0.4984 0.0000
10        M:diskfree
35        1545 49.0000 44.5900 14.7000 0.0000
12        M:otherprocs
34        1545 26.0000 23.6600 7.8000 0.0000
11        M:rootprocs
37        1545 120.0000 108.5700 38.1000 0.0000
7         M:users
32        1545 8.0000 7.2800 2.4000 0.0000
3         MOY
15        M:entropy_avail
36        155 323.0000 297.6050 79.9482 0.0000
12        M:mem_cached
39        155 2526.1133 2298.4965 696.2697 0.0000
16        M:io_writtendata
31        155 0.2939 0.2241 0.2132 0.0000
11        M:io_writes
34        155 16.0000 12.2500 11.5973 0.0000
13        M:postgres_in
31        155 1.0000 0.9100 0.3000 0.0000
6         M:cpu3
31        155 9.2585 6.6064 9.9586 0.0000
6         M:cpu2
31        155 1.2023 0.9735 0.7040 0.0000
6         M:cpu1
33        155 11.0003 7.8207 12.0038 0.0000
6         M:cpu0
31        155 5.6586 4.0823 5.7035 0.0000
5         M:cpu
31        155 8.5900 6.1378 9.1662 0.0000
8         M:syslog
38        155 1068.5000 778.2950 812.0638 0.0000
8         M:ssh_in
31        155 2.0000 1.8200 0.6000 0.0000
8         M:www_in
31        155 1.0000 0.9100 0.3000 0.0000
14        M:cfengine_out
31        155 5.0000 4.5500 1.5000 0.0000
13        M:cfengine_in
31        155 1.0000 0.9100 0.3000 0.0000
9         M:loadavg
31        155 0.2126 0.1705 0.1909 0.0000
10        M:diskfree
34        155 60.5000 55.0550 18.2248 0.0000
12        M:otherprocs
33        155 26.0000 23.6600 7.8000 0.0000
11        M:rootprocs
36        155 113.5000 103.3900 33.7037 0.0000
7         M:users
31        155 8.0000 7.2800 2.4000 0.0000
# send QUERY complete successful
