# delta from 1679725218 to 1679725279 at 1679725279
22        CFR: 0 1679725278 2048
3         PRD
56        DBReportCollectAll,0.114848,0.368833,0.320129,1679725219
60        Packing reports: delta,0.080255,0.178223,0.140594,1679725219
83        Sample(/proc/sys/kernel/random/entropy_avail),0.005240,0.002746,0.002569,1679725242
3         EXS
16        f,317,1679725123
3         MOM
15        M:entropy_avail
38        1516 172.0000 120.4000 143.9055 0.0000
12        M:mem_cached
38        1516 3770.2969 2639.2078 0.0000 0.0000
10        M:mem_free
39        1516 11124.0078 7786.8055 0.0000 0.0000
11        M:mem_total
40        1516 15817.1836 11072.0285 0.0000 0.0000
16        M:io_writtendata
32        1516 0.2715 0.1900 0.2271 0.0000
11        M:io_writes
34        1516 14.0000 9.8000 11.7132 0.0000
13        M:postgres_in
32        1516 1.0000 0.7000 0.8367 0.0000
6         M:cpu3
32        1516 1.0112 0.7078 0.8460 0.0000
6         M:cpu2
34        1516 12.1734 8.5214 10.1850 0.0000
6         M:cpu1
32        1516 1.2584 0.8809 1.0528 0.0000
6         M:cpu0
32        1516 9.6001 6.7201 8.0320 0.0000
5         M:cpu
32        1516 6.0180 4.2126 5.0350 0.0000
8         M:syslog
40        1516 1415.0000 990.5000 1183.8739 0.0000
8         M:ssh_in
32        1516 2.0000 1.4000 1.6733 0.0000
8         M:www_in
32        1516 1.0000 0.7000 0.8367 0.0000
14        M:cfengine_out
32        1516 5.0000 3.5000 4.1833 0.0000
13        M:cfengine_in
32        1516 1.0000 0.7000 0.8367 0.0000
9         M:loadavg
32        1516 0.1216 0.0851 0.1017 0.0000
10        M:diskfree
35        1516 50.0000 35.0000 41.8330 0.0000
12        M:otherprocs
35        1516 26.0000 18.2000 21.7532 0.0000
11        M:rootprocs
36        1516 115.0000 80.5000 96.2159 0.0000
7         M:users
32        1516 8.0000 5.6000 6.6933 0.0000
3         MOY
15        M:entropy_avail
36        155 323.0000 297.6050 79.9482 0.0000
12        M:mem_cached
39        155 2526.1133 2298.4965 696.2697 0.0000
16        M:io_writtendata
31        155 0.2939 0.2241 0.2132 0.0000
11        M:io_writes
34        155 16.0000 12.2500 11.5973 0.0000
13        M:postgres_in
31        155 1.0000 0.9100 0.3000 0.0000
6         M:cpu3
31        155 9.2585 6.6064 9.9586 0.0000
6         M:cpu2
31        155 1.2023 0.9735 0.7040 0.0000
6         M:cpu1
33        155 11.0003 7.8207 12.0038 0.0000
6         M:cpu0
31        155 5.6586 4.0823 5.7035 0.0000
5         M:cpu
31        155 8.5900 6.1378 9.1662 0.0000
8         M:syslog
38        155 1068.5000 778.2950 812.0638 0.0000
8         M:ssh_in
31        155 2.0000 1.8200 0.6000 0.0000
8         M:www_in
31        155 1.0000 0.9100 0.3000 0.0000
14        M:cfengine_out
31        155 5.0000 4.5500 1.5000 0.0000
13        M:cfengine_in
31        155 1.0000 0.9100 0.3000 0.0000
9         M:loadavg
31        155 0.2126 0.1705 0.1909 0.0000
10        M:diskfree
34        155 60.5000 55.0550 18.2248 0.0000
12        M:otherprocs
33        155 26.0000 23.6600 7.8000 0.0000
11        M:rootprocs
36        155 113.5000 103.3900 33.7037 0.0000
7         M:users
31        155 8.0000 7.2800 2.4000 0.0000
# send QUERY complete successful
