# delta from 1679702958 to 1679703019 at 1679703019
22        CFR: 0 1679703018 2888
3         PRD
56        DBReportCollectAll,0.056670,0.324161,0.274300,1679702959
60        Packing reports: delta,0.039935,0.133164,0.113878,1679702959
83        Sample(/proc/sys/kernel/random/entropy_avail),0.004522,0.002045,0.002015,1679703002
3         EXS
16        f,287,1679702906
3         MOM
15        M:entropy_avail
35        1441 45.0000 61.5300 55.1000 0.0000
38        1442 156.0000 109.2000 130.5190 0.0000
12        M:mem_cached
40        1441 3570.7031 3249.2816 896.4018 0.0000
38        1442 3573.1406 2501.1984 0.0000 0.0000
10        M:mem_free
40        1441 11251.2305 10251.3214 0.0000 0.0000
39        1442 11315.0469 7920.5328 0.0000 0.0000
11        M:mem_total
40        1441 15817.1836 14393.6371 0.0000 0.0000
40        1442 15817.1836 11072.0285 0.0000 0.0000
16        M:io_writtendata
32        1441 0.0850 0.1202 0.1174 0.0000
32        1442 0.4443 0.3110 0.3718 0.0000
13        M:io_readdata
32        1441 0.0000 0.0002 0.0007 0.0000
11        M:io_writes
32        1441 6.0000 7.1400 3.8000 0.0000
35        1442 20.0000 14.0000 16.7332 0.0000
13        M:postgres_in
32        1441 1.0000 0.9100 0.3000 0.0000
32        1442 1.0000 0.7000 0.8367 0.0000
6         M:cpu3
32        1441 4.6094 3.6684 2.7958 0.0000
32        1442 3.6626 2.5638 3.0644 0.0000
6         M:cpu2
34        1441 10.9930 10.3908 2.0073 0.0000
32        1442 8.6174 6.0321 7.2098 0.0000
6         M:cpu1
32        1441 1.5072 1.3341 0.5768 0.0000
32        1442 1.3349 0.9345 1.1169 0.0000
6         M:cpu0
35        1441 10.0233 15.5718 18.4948 0.0000
35        1442 25.1616 17.6131 21.0517 0.0000
5         M:cpu
32        1441 6.7828 7.7442 3.2049 0.0000
32        1442 9.6999 6.7899 8.1155 0.0000
8         M:syslog
38        1441 167.0000 272.9300 353.1000 0.0000
40        1442 1297.0000 907.9000 1085.1481 0.0000
9         M:ssh_out
32        1441 5.0000 3.5000 4.1833 0.0000
8         M:ssh_in
32        1441 2.0000 1.8200 0.6000 0.0000
32        1442 2.0000 1.4000 1.6733 0.0000
8         M:www_in
32        1441 1.0000 0.9100 0.3000 0.0000
32        1442 1.0000 0.7000 0.8367 0.0000
14        M:cfengine_out
32        1441 6.0000 5.2500 2.5000 0.0000
32        1442 5.0000 3.5000 4.1833 0.0000
13        M:cfengine_in
32        1441 1.0000 0.9100 0.3000 0.0000
32        1442 1.0000 0.7000 0.8367 0.0000
9         M:loadavg
32        1441 0.4653 0.3861 0.2572 0.0000
32        1442 0.1592 0.1114 0.1332 0.0000
10        M:diskfree
35        1441 52.0000 47.3200 15.6000 0.0000
35        1442 52.0000 36.4000 43.5063 0.0000
12        M:otherprocs
34        1441 26.0000 23.6600 7.8000 0.0000
35        1442 26.0000 18.2000 21.7532 0.0000
11        M:rootprocs
37        1441 119.0000 108.2900 35.7000 0.0000
36        1442 116.0000 81.2000 97.0526 0.0000
7         M:users
32        1441 8.0000 7.2800 2.4000 0.0000
32        1442 8.0000 5.6000 6.6933 0.0000
3         MOY
15        M:entropy_avail
36        155 323.0000 297.6050 79.9482 0.0000
12        M:mem_cached
39        155 2526.1133 2298.4965 696.2697 0.0000
16        M:io_writtendata
31        155 0.2939 0.2241 0.2132 0.0000
11        M:io_writes
34        155 16.0000 12.2500 11.5973 0.0000
13        M:postgres_in
31        155 1.0000 0.9100 0.3000 0.0000
6         M:cpu3
31        155 9.2585 6.6064 9.9586 0.0000
6         M:cpu2
31        155 1.2023 0.9735 0.7040 0.0000
6         M:cpu1
33        155 11.0003 7.8207 12.0038 0.0000
6         M:cpu0
31        155 5.6586 4.0823 5.7035 0.0000
5         M:cpu
31        155 8.5900 6.1378 9.1662 0.0000
8         M:syslog
38        155 1068.5000 778.2950 812.0638 0.0000
8         M:ssh_in
31        155 2.0000 1.8200 0.6000 0.0000
8         M:www_in
31        155 1.0000 0.9100 0.3000 0.0000
14        M:cfengine_out
31        155 5.0000 4.5500 1.5000 0.0000
13        M:cfengine_in
31        155 1.0000 0.9100 0.3000 0.0000
9         M:loadavg
31        155 0.2126 0.1705 0.1909 0.0000
10        M:diskfree
34        155 60.5000 55.0550 18.2248 0.0000
12        M:otherprocs
33        155 26.0000 23.6600 7.8000 0.0000
11        M:rootprocs
36        155 113.5000 103.3900 33.7037 0.0000
7         M:users
31        155 8.0000 7.2800 2.4000 0.0000
# send QUERY complete successful
