# delta from 1679735958 to 1679736019 at 1679736019
22        CFR: 0 1679736018 2059
3         PRD
56        DBReportCollectAll,0.065814,0.339674,0.405795,1679735959
60        Packing reports: delta,0.036169,0.123269,0.152800,1679735959
3         EXS
16        f,271,1679735898
3         MOM
15        M:entropy_avail
36        1551 92.0000 105.3500 44.5000 0.0000
12        M:mem_cached
40        1551 3863.5273 3515.3448 971.0348 0.0000
10        M:mem_free
40        1551 10992.4062 10005.7787 0.0000 0.0000
11        M:mem_total
40        1551 15817.1836 14393.6371 0.0000 0.0000
16        M:io_writtendata
32        1551 0.2100 0.7058 1.8438 0.0000
13        M:io_readdata
32        1551 0.0000 0.0140 0.0497 0.0000
11        M:io_writes
34        1551 12.0000 13.4400 4.8000 0.0000
10        M:io_reads
32        1551 0.0000 0.2100 0.7436 0.0000
13        M:postgres_in
32        1551 1.0000 0.9100 0.3000 0.0000
6         M:cpu3
32        1551 4.6877 5.4765 2.6293 0.0000
6         M:cpu2
32        1551 4.5750 4.9013 1.0877 0.0000
6         M:cpu1
35        1551 36.2118 26.9599 26.0410 0.0000
6         M:cpu0
35        1551 18.0919 14.4391 10.8984 0.0000
5         M:cpu
34        1551 15.9015 12.9520 9.1353 0.0000
8         M:syslog
40        1551 1660.0000 1383.5500 910.0268 0.0000
8         M:ssh_in
32        1551 2.0000 1.8200 0.6000 0.0000
8         M:www_in
32        1551 1.0000 0.9100 0.3000 0.0000
14        M:cfengine_out
32        1551 5.0000 4.5500 1.5000 0.0000
13        M:cfengine_in
32        1551 1.0000 0.9100 0.3000 0.0000
9         M:loadavg
32        1551 0.6211 0.4736 0.4199 0.0000
10        M:diskfree
35        1551 49.0000 44.5900 14.7000 0.0000
12        M:otherprocs
34        1551 26.0000 23.6600 7.8000 0.0000
11        M:rootprocs
37        1551 117.0000 106.2600 35.8000 0.0000
7         M:users
32        1551 8.0000 7.2800 2.4000 0.0000
3         MOY
15        M:entropy_avail
36        155 323.0000 297.6050 79.9482 0.0000
12        M:mem_cached
39        155 2526.1133 2298.4965 696.2697 0.0000
16        M:io_writtendata
31        155 0.2939 0.2241 0.2132 0.0000
11        M:io_writes
34        155 16.0000 12.2500 11.5973 0.0000
13        M:postgres_in
31        155 1.0000 0.9100 0.3000 0.0000
6         M:cpu3
31        155 9.2585 6.6064 9.9586 0.0000
6         M:cpu2
31        155 1.2023 0.9735 0.7040 0.0000
6         M:cpu1
33        155 11.0003 7.8207 12.0038 0.0000
6         M:cpu0
31        155 5.6586 4.0823 5.7035 0.0000
5         M:cpu
31        155 8.5900 6.1378 9.1662 0.0000
8         M:syslog
38        155 1068.5000 778.2950 812.0638 0.0000
8         M:ssh_in
31        155 2.0000 1.8200 0.6000 0.0000
8         M:www_in
31        155 1.0000 0.9100 0.3000 0.0000
14        M:cfengine_out
31        155 5.0000 4.5500 1.5000 0.0000
13        M:cfengine_in
31        155 1.0000 0.9100 0.3000 0.0000
9         M:loadavg
31        155 0.2126 0.1705 0.1909 0.0000
10        M:diskfree
34        155 60.5000 55.0550 18.2248 0.0000
12        M:otherprocs
33        155 26.0000 23.6600 7.8000 0.0000
11        M:rootprocs
36        155 113.5000 103.3900 33.7037 0.0000
7         M:users
31        155 8.0000 7.2800 2.4000 0.0000
# send QUERY complete successful
