# delta from 1679670978 to 1679671039 at 1679671039
22        CFR: 0 1679671038 2035
3         PRD
56        DBReportCollectAll,0.095806,0.376745,0.321375,1679670979
60        Packing reports: delta,0.076623,0.148562,0.098707,1679670979
83        Sample(/proc/sys/kernel/random/entropy_avail),0.004943,0.002443,0.001992,1679670994
3         EXS
16        f,287,1679670798
3         MOM
15        M:entropy_avail
32        1335 3.0000 2.1000 2.5100 0.0000
12        M:mem_cached
38        1335 3296.3984 2307.4789 0.0000 0.0000
10        M:mem_free
39        1335 11696.8945 8187.8262 0.0000 0.0000
11        M:mem_total
40        1335 15817.1836 11072.0285 0.0000 0.0000
16        M:io_writtendata
32        1335 0.0830 0.0581 0.0694 0.0000
11        M:io_writes
32        1335 4.0000 2.8000 3.3466 0.0000
13        M:postgres_in
32        1335 1.0000 0.7000 0.8367 0.0000
6         M:cpu3
32        1335 0.5415 0.3790 0.4530 0.0000
6         M:cpu2
32        1335 0.8070 0.5649 0.6752 0.0000
6         M:cpu1
32        1335 0.7159 0.5011 0.5990 0.0000
6         M:cpu0
32        1335 0.7400 0.5180 0.6191 0.0000
5         M:cpu
32        1335 0.7012 0.4908 0.5866 0.0000
8         M:syslog
38        1335 145.0000 101.5000 121.3157 0.0000
8         M:ssh_in
32        1335 2.0000 1.4000 1.6733 0.0000
8         M:www_in
32        1335 1.0000 0.7000 0.8367 0.0000
14        M:cfengine_out
32        1335 5.0000 3.5000 4.1833 0.0000
13        M:cfengine_in
32        1335 1.0000 0.7000 0.8367 0.0000
9         M:loadavg
32        1335 0.0962 0.0673 0.0805 0.0000
10        M:diskfree
35        1335 55.0000 38.5000 46.0163 0.0000
12        M:otherprocs
35        1335 26.0000 18.2000 21.7532 0.0000
11        M:rootprocs
36        1335 114.0000 79.8000 95.3792 0.0000
7         M:users
32        1335 8.0000 5.6000 6.6933 0.0000
3         MOY
15        M:entropy_avail
36        155 311.5000 288.7150 70.5984 0.0000
12        M:mem_cached
39        155 2500.4707 2275.1462 688.5663 0.0000
16        M:io_writtendata
31        155 0.2676 0.2020 0.1967 0.0000
11        M:io_writes
34        155 14.0000 10.6400 10.1177 0.0000
13        M:postgres_in
31        155 1.0000 0.9100 0.3000 0.0000
6         M:cpu3
31        155 5.6157 4.0684 5.6166 0.0000
6         M:cpu2
31        155 6.9570 5.0045 7.2414 0.0000
6         M:cpu1
31        155 4.6086 3.3564 4.4307 0.0000
6         M:cpu0
31        155 8.9643 6.3865 9.6397 0.0000
5         M:cpu
31        155 8.5530 6.1152 9.1097 0.0000
8         M:syslog
39        155 1188.0000 861.9450 1774.3258 0.0000
8         M:ssh_in
31        155 2.0000 1.8200 0.6000 0.0000
8         M:www_in
31        155 1.0000 0.9100 0.3000 0.0000
14        M:cfengine_out
31        155 5.0000 4.5500 1.5000 0.0000
13        M:cfengine_in
31        155 1.0000 0.9100 0.3000 0.0000
9         M:loadavg
31        155 0.3083 0.2329 0.3196 0.0000
10        M:diskfree
34        155 60.5000 55.0550 18.2248 0.0000
12        M:otherprocs
33        155 26.0000 23.6600 7.8000 0.0000
11        M:rootprocs
36        155 114.5000 103.9850 35.0603 0.0000
7         M:users
31        155 8.0000 7.2800 2.4000 0.0000
# send QUERY complete successful
