# delta from 1679673558 to 1679673619 at 1679673619
22        CFR: 0 1679673618 1974
3         PRD
56        DBReportCollectAll,0.081522,0.392461,0.453682,1679673559
60        Packing reports: delta,0.058184,0.165300,0.232298,1679673559
3         EXS
16        f,288,1679673507
3         MOM
15        M:entropy_avail
38        1343 196.0000 149.5900 132.2251 0.0000
12        M:mem_cached
40        1343 3324.0977 3024.4646 835.6368 0.0000
10        M:mem_free
40        1343 11648.6758 10604.2456 0.0000 0.0000
11        M:mem_total
40        1343 15817.1836 14393.6371 0.0000 0.0000
16        M:io_writtendata
32        1343 0.2588 0.2476 0.0373 0.0000
11        M:io_writes
34        1343 14.0000 14.0000 0.0000 0.0000
13        M:postgres_in
32        1343 1.0000 0.9100 0.3000 0.0000
6         M:cpu3
35        1343 37.4724 27.9920 26.7175 0.0000
6         M:cpu2
32        1343 3.0942 3.8427 2.4948 0.0000
6         M:cpu1
35        1343 23.6599 18.3109 15.3982 0.0000
6         M:cpu0
32        1343 6.0193 5.9909 0.0949 0.0000
5         M:cpu
35        1343 17.5687 14.0389 10.5517 0.0000
8         M:syslog
40        1343 1319.0000 953.7500 1020.7985 0.0000
8         M:ssh_in
32        1343 2.0000 1.8200 0.6000 0.0000
8         M:www_in
32        1343 1.0000 0.9100 0.3000 0.0000
14        M:cfengine_out
32        1343 5.0000 4.5500 1.5000 0.0000
13        M:cfengine_in
32        1343 1.0000 0.9100 0.3000 0.0000
9         M:loadavg
32        1343 0.4971 0.3821 0.3292 0.0000
10        M:diskfree
35        1343 55.0000 50.0500 16.5000 0.0000
12        M:otherprocs
34        1343 26.0000 23.6600 7.8000 0.0000
11        M:rootprocs
37        1343 114.0000 103.9500 33.5000 0.0000
7         M:users
32        1343 8.0000 7.2800 2.4000 0.0000
3         MOY
15        M:entropy_avail
36        155 311.5000 288.7150 70.5984 0.0000
12        M:mem_cached
39        155 2500.4707 2275.1462 688.5663 0.0000
16        M:io_writtendata
31        155 0.2676 0.2020 0.1967 0.0000
11        M:io_writes
34        155 14.0000 10.6400 10.1177 0.0000
13        M:postgres_in
31        155 1.0000 0.9100 0.3000 0.0000
6         M:cpu3
31        155 5.6157 4.0684 5.6166 0.0000
6         M:cpu2
31        155 6.9570 5.0045 7.2414 0.0000
6         M:cpu1
31        155 4.6086 3.3564 4.4307 0.0000
6         M:cpu0
31        155 8.9643 6.3865 9.6397 0.0000
5         M:cpu
31        155 8.5530 6.1152 9.1097 0.0000
8         M:syslog
39        155 1188.0000 861.9450 1774.3258 0.0000
8         M:ssh_in
31        155 2.0000 1.8200 0.6000 0.0000
8         M:www_in
31        155 1.0000 0.9100 0.3000 0.0000
14        M:cfengine_out
31        155 5.0000 4.5500 1.5000 0.0000
13        M:cfengine_in
31        155 1.0000 0.9100 0.3000 0.0000
9         M:loadavg
31        155 0.3083 0.2329 0.3196 0.0000
10        M:diskfree
34        155 60.5000 55.0550 18.2248 0.0000
12        M:otherprocs
33        155 26.0000 23.6600 7.8000 0.0000
11        M:rootprocs
36        155 114.5000 103.9850 35.0603 0.0000
7         M:users
31        155 8.0000 7.2800 2.4000 0.0000
# send QUERY complete successful
