# delta from 1679721618 to 1679721679 at 1679721679
22        CFR: 0 1679721678 2049
3         PRD
56        DBReportCollectAll,0.047148,0.329157,0.335414,1679721619
60        Packing reports: delta,0.035080,0.123057,0.127834,1679721619
83        Sample(/proc/sys/kernel/random/entropy_avail),0.004892,0.002393,0.002355,1679721636
3         EXS
16        f,319,1679721532
3         MOM
15        M:entropy_avail
38        1504 171.0000 119.7000 143.0689 0.0000
12        M:mem_cached
38        1504 3739.2070 2617.4449 0.0000 0.0000
10        M:mem_free
39        1504 11156.1094 7809.2766 0.0000 0.0000
11        M:mem_total
40        1504 15817.1836 11072.0285 0.0000 0.0000
16        M:io_writtendata
32        1504 0.2422 0.1695 0.2026 0.0000
11        M:io_writes
34        1504 12.0000 8.4000 10.0399 0.0000
13        M:postgres_in
32        1504 1.0000 0.7000 0.8367 0.0000
6         M:cpu3
32        1504 8.8332 6.1832 7.3904 0.0000
6         M:cpu2
32        1504 1.1005 0.7704 0.9208 0.0000
6         M:cpu1
34        1504 12.5893 8.8125 10.5330 0.0000
6         M:cpu0
33        1504 11.1445 7.8011 9.3241 0.0000
5         M:cpu
32        1504 8.4133 5.8893 7.0391 0.0000
8         M:syslog
40        1504 1294.0000 905.8000 1082.6381 0.0000
8         M:ssh_in
32        1504 2.0000 1.4000 1.6733 0.0000
8         M:www_in
32        1504 1.0000 0.7000 0.8367 0.0000
14        M:cfengine_out
32        1504 5.0000 3.5000 4.1833 0.0000
13        M:cfengine_in
32        1504 1.0000 0.7000 0.8367 0.0000
9         M:loadavg
32        1504 0.1509 0.1056 0.1262 0.0000
10        M:diskfree
35        1504 50.0000 35.0000 41.8330 0.0000
12        M:otherprocs
35        1504 26.0000 18.2000 21.7532 0.0000
11        M:rootprocs
36        1504 115.0000 80.5000 96.2159 0.0000
7         M:users
32        1504 8.0000 5.6000 6.6933 0.0000
3         MOY
15        M:entropy_avail
36        155 323.0000 297.6050 79.9482 0.0000
12        M:mem_cached
39        155 2526.1133 2298.4965 696.2697 0.0000
16        M:io_writtendata
31        155 0.2939 0.2241 0.2132 0.0000
11        M:io_writes
34        155 16.0000 12.2500 11.5973 0.0000
13        M:postgres_in
31        155 1.0000 0.9100 0.3000 0.0000
6         M:cpu3
31        155 9.2585 6.6064 9.9586 0.0000
6         M:cpu2
31        155 1.2023 0.9735 0.7040 0.0000
6         M:cpu1
33        155 11.0003 7.8207 12.0038 0.0000
6         M:cpu0
31        155 5.6586 4.0823 5.7035 0.0000
5         M:cpu
31        155 8.5900 6.1378 9.1662 0.0000
8         M:syslog
38        155 1068.5000 778.2950 812.0638 0.0000
8         M:ssh_in
31        155 2.0000 1.8200 0.6000 0.0000
8         M:www_in
31        155 1.0000 0.9100 0.3000 0.0000
14        M:cfengine_out
31        155 5.0000 4.5500 1.5000 0.0000
13        M:cfengine_in
31        155 1.0000 0.9100 0.3000 0.0000
9         M:loadavg
31        155 0.2126 0.1705 0.1909 0.0000
10        M:diskfree
34        155 60.5000 55.0550 18.2248 0.0000
12        M:otherprocs
33        155 26.0000 23.6600 7.8000 0.0000
11        M:rootprocs
36        155 113.5000 103.3900 33.7037 0.0000
7         M:users
31        155 8.0000 7.2800 2.4000 0.0000
# send QUERY complete successful
