# delta from 1679668758 to 1679668819 at 1679668819
22        CFR: 0 1679668818 2062
3         PRD
56        DBReportCollectAll,0.095527,0.397119,0.346688,1679668759
60        Packing reports: delta,0.032908,0.108295,0.113762,1679668759
3         EXS
16        f,288,1679668699
3         MOM
15        M:entropy_avail
38        1327 158.0000 115.8500 118.1077 0.0000
12        M:mem_cached
40        1327 3277.6602 2982.1810 824.0520 0.0000
10        M:mem_free
38        1327 8213.3160 8213.3160 0.0000 0.0000
11        M:mem_total
40        1327 11072.0285 11072.0285 0.0000 0.0000
16        M:io_writtendata
32        1327 0.4121 0.3108 0.2866 0.0000
13        M:io_readdata
32        1327 0.0947 0.0663 0.0793 0.0000
11        M:io_writes
35        1327 20.0000 15.2600 13.5021 0.0000
10        M:io_reads
35        1327 16.0000 11.2000 13.3866 0.0000
13        M:postgres_in
32        1327 1.0000 0.9100 0.3000 0.0000
6         M:cpu3
32        1327 6.0505 4.4127 4.5841 0.0000
6         M:cpu2
32        1327 1.6889 1.3423 1.0278 0.0000
6         M:cpu1
35        1327 17.3925 12.3136 14.1675 0.0000
6         M:cpu0
35        1327 22.1327 15.6305 18.1363 0.0000
5         M:cpu
35        1327 15.9527 11.3200 12.9243 0.0000
8         M:syslog
41        1327 1737.7497 1246.8748 1370.5964 0.0000
8         M:ssh_in
32        1327 2.0000 1.8200 0.6000 0.0000
8         M:www_in
32        1327 1.0000 0.9100 0.3000 0.0000
14        M:cfengine_out
32        1327 5.0000 4.5500 1.5000 0.0000
13        M:cfengine_in
32        1327 1.0000 0.9100 0.3000 0.0000
9         M:loadavg
32        1327 0.4219 0.3366 0.2542 0.0000
10        M:diskfree
35        1327 55.0000 50.0500 16.5000 0.0000
12        M:otherprocs
34        1327 26.0000 23.6600 7.8000 0.0000
11        M:rootprocs
37        1327 114.0000 103.7400 34.2000 0.0000
7         M:users
32        1327 8.0000 7.2800 2.4000 0.0000
3         MOY
15        M:entropy_avail
36        155 423.0000 416.4300 32.5641 0.0000
12        M:mem_cached
39        155 2484.3203 2260.4222 683.7891 0.0000
16        M:io_writtendata
31        155 0.2417 0.1846 0.1679 0.0000
11        M:io_writes
32        155 13.0000 9.9400 9.0823 0.0000
13        M:postgres_in
31        155 1.0000 0.9100 0.3000 0.0000
6         M:cpu3
31        155 1.9659 1.4981 1.4496 0.0000
6         M:cpu2
31        155 6.8025 4.8838 7.1072 0.0000
6         M:cpu1
31        155 2.1684 1.6356 1.6646 0.0000
6         M:cpu0
33        155 10.6045 7.5325 11.5855 0.0000
5         M:cpu
31        155 8.6535 6.1752 9.2683 0.0000
8         M:syslog
37        155 923.0000 676.4450 700.5598 0.0000
8         M:ssh_in
31        155 2.0000 1.8200 0.6000 0.0000
8         M:www_in
31        155 1.0000 1.0150 0.3536 0.0000
14        M:cfengine_out
31        155 5.0000 4.5500 1.5000 0.0000
13        M:cfengine_in
31        155 1.0000 0.9100 0.3000 0.0000
9         M:loadavg
31        155 0.4209 0.3099 0.4592 0.0000
10        M:diskfree
34        155 61.0000 55.5100 18.3614 0.0000
12        M:otherprocs
33        155 26.0000 23.6600 7.8000 0.0000
11        M:rootprocs
36        155 116.0000 105.1400 36.2552 0.0000
7         M:users
31        155 8.0000 7.2800 2.4000 0.0000
# send QUERY complete successful
