# delta from 1679732118 to 1679732179 at 1679732179
22        CFR: 0 1679732178 2050
3         PRD
56        DBReportCollectAll,0.055125,0.319759,0.269569,1679732119
60        Packing reports: delta,0.030578,0.093504,0.099512,1679732119
83        Sample(/proc/sys/kernel/random/entropy_avail),0.004929,0.002429,0.001940,1679732154
3         EXS
16        f,319,1679732032
3         MOM
15        M:entropy_avail
38        1539 175.0000 122.5000 146.4155 0.0000
12        M:mem_cached
38        1539 3830.3047 2681.2133 0.0000 0.0000
10        M:mem_free
39        1539 11050.9648 7735.6754 0.0000 0.0000
11        M:mem_total
40        1539 15817.1836 11072.0285 0.0000 0.0000
16        M:io_writtendata
32        1539 0.2344 0.1641 0.1961 0.0000
11        M:io_writes
34        1539 12.0000 8.4000 10.0399 0.0000
13        M:postgres_in
32        1539 1.0000 0.7000 0.8367 0.0000
6         M:cpu3
35        1539 15.1281 10.5896 12.6571 0.0000
6         M:cpu2
32        1539 1.0146 0.7102 0.8489 0.0000
6         M:cpu1
32        1539 3.9536 2.7675 3.3078 0.0000
6         M:cpu0
32        1539 0.7070 0.4949 0.5916 0.0000
5         M:cpu
32        1539 5.1984 3.6389 4.3493 0.0000
8         M:syslog
41        1539 1544.0000 1080.8000 1291.8031 0.0000
8         M:ssh_in
32        1539 2.0000 1.4000 1.6733 0.0000
8         M:www_in
32        1539 1.0000 0.7000 0.8367 0.0000
14        M:cfengine_out
32        1539 5.0000 3.5000 4.1833 0.0000
13        M:cfengine_in
32        1539 1.0000 0.7000 0.8367 0.0000
9         M:loadavg
32        1539 0.1050 0.0735 0.0878 0.0000
10        M:diskfree
35        1539 49.0000 34.3000 40.9963 0.0000
12        M:otherprocs
35        1539 26.0000 18.2000 21.7532 0.0000
11        M:rootprocs
36        1539 114.0000 79.8000 95.3792 0.0000
7         M:users
32        1539 8.0000 5.6000 6.6933 0.0000
3         MOY
15        M:entropy_avail
36        155 323.0000 297.6050 79.9482 0.0000
12        M:mem_cached
39        155 2526.1133 2298.4965 696.2697 0.0000
16        M:io_writtendata
31        155 0.2939 0.2241 0.2132 0.0000
11        M:io_writes
34        155 16.0000 12.2500 11.5973 0.0000
13        M:postgres_in
31        155 1.0000 0.9100 0.3000 0.0000
6         M:cpu3
31        155 9.2585 6.6064 9.9586 0.0000
6         M:cpu2
31        155 1.2023 0.9735 0.7040 0.0000
6         M:cpu1
33        155 11.0003 7.8207 12.0038 0.0000
6         M:cpu0
31        155 5.6586 4.0823 5.7035 0.0000
5         M:cpu
31        155 8.5900 6.1378 9.1662 0.0000
8         M:syslog
38        155 1068.5000 778.2950 812.0638 0.0000
8         M:ssh_in
31        155 2.0000 1.8200 0.6000 0.0000
8         M:www_in
31        155 1.0000 0.9100 0.3000 0.0000
14        M:cfengine_out
31        155 5.0000 4.5500 1.5000 0.0000
13        M:cfengine_in
31        155 1.0000 0.9100 0.3000 0.0000
9         M:loadavg
31        155 0.2126 0.1705 0.1909 0.0000
10        M:diskfree
34        155 60.5000 55.0550 18.2248 0.0000
12        M:otherprocs
33        155 26.0000 23.6600 7.8000 0.0000
11        M:rootprocs
36        155 113.5000 103.3900 33.7037 0.0000
7         M:users
31        155 8.0000 7.2800 2.4000 0.0000
# send QUERY complete successful
