# delta from 1679722218 to 1679722280 at 1679722280
22        CFR: 0 1679722279 2051
3         PRD
56        DBReportCollectAll,0.062988,0.332164,0.300341,1679722219
60        Packing reports: delta,0.032747,0.144658,0.157285,1679722219
83        Sample(/proc/sys/kernel/random/entropy_avail),0.004946,0.002446,0.002943,1679722237
3         EXS
16        f,320,1679722140
3         MOM
15        M:entropy_avail
38        1506 169.0000 118.3000 141.3955 0.0000
12        M:mem_cached
38        1506 3744.6719 2621.2703 0.0000 0.0000
10        M:mem_free
39        1506 11145.9219 7802.1453 0.0000 0.0000
11        M:mem_total
40        1506 15817.1836 11072.0285 0.0000 0.0000
16        M:io_writtendata
32        1506 0.2461 0.1723 0.2059 0.0000
11        M:io_writes
34        1506 12.0000 8.4000 10.0399 0.0000
13        M:postgres_in
32        1506 1.0000 0.7000 0.8367 0.0000
6         M:cpu3
32        1506 0.9545 0.6682 0.7986 0.0000
6         M:cpu2
35        1506 14.7562 10.3293 12.3459 0.0000
6         M:cpu1
32        1506 1.1351 0.7946 0.9497 0.0000
6         M:cpu0
35        1506 21.6112 15.1278 18.0812 0.0000
5         M:cpu
32        1506 9.6124 6.7287 8.0423 0.0000
8         M:syslog
39        1506 1052.0000 736.4000 880.1663 0.0000
8         M:ssh_in
32        1506 2.0000 1.4000 1.6733 0.0000
8         M:www_in
32        1506 1.0000 0.7000 0.8367 0.0000
14        M:cfengine_out
32        1506 5.0000 3.5000 4.1833 0.0000
13        M:cfengine_in
32        1506 1.0000 0.7000 0.8367 0.0000
9         M:loadavg
32        1506 0.1689 0.1183 0.1413 0.0000
10        M:diskfree
35        1506 50.0000 35.0000 41.8330 0.0000
12        M:otherprocs
35        1506 26.0000 18.2000 21.7532 0.0000
11        M:rootprocs
36        1506 114.0000 79.8000 95.3792 0.0000
7         M:users
32        1506 8.0000 5.6000 6.6933 0.0000
3         MOY
15        M:entropy_avail
36        155 323.0000 297.6050 79.9482 0.0000
12        M:mem_cached
39        155 2526.1133 2298.4965 696.2697 0.0000
16        M:io_writtendata
31        155 0.2939 0.2241 0.2132 0.0000
11        M:io_writes
34        155 16.0000 12.2500 11.5973 0.0000
13        M:postgres_in
31        155 1.0000 0.9100 0.3000 0.0000
6         M:cpu3
31        155 9.2585 6.6064 9.9586 0.0000
6         M:cpu2
31        155 1.2023 0.9735 0.7040 0.0000
6         M:cpu1
33        155 11.0003 7.8207 12.0038 0.0000
6         M:cpu0
31        155 5.6586 4.0823 5.7035 0.0000
5         M:cpu
31        155 8.5900 6.1378 9.1662 0.0000
8         M:syslog
38        155 1068.5000 778.2950 812.0638 0.0000
8         M:ssh_in
31        155 2.0000 1.8200 0.6000 0.0000
8         M:www_in
31        155 1.0000 0.9100 0.3000 0.0000
14        M:cfengine_out
31        155 5.0000 4.5500 1.5000 0.0000
13        M:cfengine_in
31        155 1.0000 0.9100 0.3000 0.0000
9         M:loadavg
31        155 0.2126 0.1705 0.1909 0.0000
10        M:diskfree
34        155 60.5000 55.0550 18.2248 0.0000
12        M:otherprocs
33        155 26.0000 23.6600 7.8000 0.0000
11        M:rootprocs
36        155 113.5000 103.3900 33.7037 0.0000
7         M:users
31        155 8.0000 7.2800 2.4000 0.0000
# send QUERY complete successful
