# delta from 1679719758 to 1679719819 at 1679719819
22        CFR: 0 1679719818 1965
3         PRD
56        DBReportCollectAll,0.062989,0.362872,0.373410,1679719759
60        Packing reports: delta,0.060392,0.140556,0.112031,1679719759
3         EXS
16        f,288,1679719706
3         MOM
15        M:entropy_avail
35        1497 67.0000 80.5000 45.0000 0.0000
12        M:mem_cached
40        1497 3720.8438 3385.9284 934.0342 0.0000
10        M:mem_free
40        1497 11081.3750 10103.9233 0.0000 0.0000
11        M:mem_total
40        1497 15817.1836 14393.6371 0.0000 0.0000
16        M:io_writtendata
32        1497 0.0703 0.1138 0.1450 0.0000
11        M:io_writes
32        1497 6.0000 7.5600 5.2000 0.0000
13        M:postgres_in
32        1497 1.0000 0.9100 0.3000 0.0000
6         M:cpu3
33        1497 1.5639 5.1529 13.3645 0.0000
6         M:cpu2
32        1497 8.6568 6.2693 6.6741 0.0000
6         M:cpu1
32        1497 1.5092 3.9023 7.9770 0.0000
6         M:cpu0
35        1497 35.6405 25.3429 28.7314 0.0000
5         M:cpu
34        1497 11.8540 10.1774 6.2199 0.0000
8         M:syslog
38        1497 167.0000 439.2500 907.5000 0.0000
8         M:ssh_in
32        1497 2.0000 1.8200 0.6000 0.0000
8         M:www_in
32        1497 1.0000 0.9100 0.3000 0.0000
14        M:cfengine_out
32        1497 5.0000 4.5500 1.5000 0.0000
13        M:cfengine_in
32        1497 1.0000 0.9100 0.3000 0.0000
9         M:loadavg
32        1497 0.7173 0.5302 0.5254 0.0000
10        M:diskfree
35        1497 51.0000 46.4100 15.3000 0.0000
12        M:otherprocs
34        1497 26.0000 23.6600 7.8000 0.0000
11        M:rootprocs
37        1497 118.0000 106.7500 37.5000 0.0000
7         M:users
32        1497 8.0000 7.2800 2.4000 0.0000
3         MOY
15        M:entropy_avail
36        155 323.0000 297.6050 79.9482 0.0000
12        M:mem_cached
39        155 2526.1133 2298.4965 696.2697 0.0000
16        M:io_writtendata
31        155 0.2939 0.2241 0.2132 0.0000
11        M:io_writes
34        155 16.0000 12.2500 11.5973 0.0000
13        M:postgres_in
31        155 1.0000 0.9100 0.3000 0.0000
6         M:cpu3
31        155 9.2585 6.6064 9.9586 0.0000
6         M:cpu2
31        155 1.2023 0.9735 0.7040 0.0000
6         M:cpu1
33        155 11.0003 7.8207 12.0038 0.0000
6         M:cpu0
31        155 5.6586 4.0823 5.7035 0.0000
5         M:cpu
31        155 8.5900 6.1378 9.1662 0.0000
8         M:syslog
38        155 1068.5000 778.2950 812.0638 0.0000
8         M:ssh_in
31        155 2.0000 1.8200 0.6000 0.0000
8         M:www_in
31        155 1.0000 0.9100 0.3000 0.0000
14        M:cfengine_out
31        155 5.0000 4.5500 1.5000 0.0000
13        M:cfengine_in
31        155 1.0000 0.9100 0.3000 0.0000
9         M:loadavg
31        155 0.2126 0.1705 0.1909 0.0000
10        M:diskfree
34        155 60.5000 55.0550 18.2248 0.0000
12        M:otherprocs
33        155 26.0000 23.6600 7.8000 0.0000
11        M:rootprocs
36        155 113.5000 103.3900 33.7037 0.0000
7         M:users
31        155 8.0000 7.2800 2.4000 0.0000
# send QUERY complete successful
