# delta from 1679696958 to 1679697019 at 1679697019
22        CFR: 0 1679697018 2060
3         PRD
56        DBReportCollectAll,0.152404,0.374589,0.564694,1679696959
60        Packing reports: delta,0.094641,0.134738,0.251622,1679696959
83        Sample(/proc/sys/kernel/random/entropy_avail),0.005802,0.003366,0.002333,1679696992
3         EXS
16        f,320,1679696941
3         MOM
15        M:entropy_avail
37        1421 143.0000 107.6600 99.9297 0.0000
12        M:mem_cached
40        1421 3513.1953 3196.4934 883.2394 0.0000
10        M:mem_free
40        1421 11421.6641 10394.3615 0.0000 0.0000
11        M:mem_total
40        1421 15817.1836 14393.6371 0.0000 0.0000
16        M:io_writtendata
32        1421 0.2529 0.2187 0.1142 0.0000
11        M:io_writes
34        1421 14.0000 12.7400 4.2000 0.0000
13        M:postgres_in
32        1421 1.0000 0.9100 0.3000 0.0000
6         M:cpu3
35        1421 18.3994 12.9818 15.1106 0.0000
6         M:cpu2
34        1421 12.7711 9.0898 10.2718 0.0000
6         M:cpu1
32        1421 5.5094 3.9728 4.2930 0.0000
6         M:cpu0
35        1421 27.0747 19.0658 22.3371 0.0000
5         M:cpu
35        1421 15.9460 11.2827 13.0080 0.0000
8         M:syslog
41        1421 1559.0000 1121.7500 1221.2410 0.0000
8         M:ssh_in
32        1421 2.0000 1.8200 0.6000 0.0000
8         M:www_in
32        1421 1.0000 0.9100 0.3000 0.0000
14        M:cfengine_out
32        1421 5.0000 4.5500 1.5000 0.0000
13        M:cfengine_in
32        1421 1.0000 0.9100 0.3000 0.0000
9         M:loadavg
32        1421 0.3379 0.2397 0.2739 0.0000
10        M:diskfree
35        1421 53.0000 48.2300 15.9000 0.0000
12        M:otherprocs
34        1421 26.0000 23.6600 7.8000 0.0000
11        M:rootprocs
37        1421 114.0000 103.5300 34.9000 0.0000
7         M:users
32        1421 8.0000 7.2800 2.4000 0.0000
3         MOY
15        M:entropy_avail
36        155 323.0000 297.6050 79.9482 0.0000
12        M:mem_cached
39        155 2526.1133 2298.4965 696.2697 0.0000
16        M:io_writtendata
31        155 0.2939 0.2241 0.2132 0.0000
11        M:io_writes
34        155 16.0000 12.2500 11.5973 0.0000
13        M:postgres_in
31        155 1.0000 0.9100 0.3000 0.0000
6         M:cpu3
31        155 9.2585 6.6064 9.9586 0.0000
6         M:cpu2
31        155 1.2023 0.9735 0.7040 0.0000
6         M:cpu1
33        155 11.0003 7.8207 12.0038 0.0000
6         M:cpu0
31        155 5.6586 4.0823 5.7035 0.0000
5         M:cpu
31        155 8.5900 6.1378 9.1662 0.0000
8         M:syslog
38        155 1068.5000 778.2950 812.0638 0.0000
8         M:ssh_in
31        155 2.0000 1.8200 0.6000 0.0000
8         M:www_in
31        155 1.0000 0.9100 0.3000 0.0000
14        M:cfengine_out
31        155 5.0000 4.5500 1.5000 0.0000
13        M:cfengine_in
31        155 1.0000 0.9100 0.3000 0.0000
9         M:loadavg
31        155 0.2126 0.1705 0.1909 0.0000
10        M:diskfree
34        155 60.5000 55.0550 18.2248 0.0000
12        M:otherprocs
33        155 26.0000 23.6600 7.8000 0.0000
11        M:rootprocs
36        155 113.5000 103.3900 33.7037 0.0000
7         M:users
31        155 8.0000 7.2800 2.4000 0.0000
# send QUERY complete successful
