# delta from 1679738958 to 1679739020 at 1679739020
22        CFR: 0 1679739019 1966
3         PRD
56        DBReportCollectAll,0.042388,0.349176,0.363005,1679738959
60        Packing reports: delta,0.030704,0.146903,0.147384,1679738959
3         EXS
16        f,321,1679738941
3         MOM
15        M:entropy_avail
36        1561 90.0000 101.4300 38.1000 0.0000
12        M:mem_cached
40        1561 3888.1797 3538.1320 976.2365 0.0000
10        M:mem_free
39        1561 10869.0391 9911.9182 0.0000 0.0000
11        M:mem_total
40        1561 15817.1836 14393.6371 0.0000 0.0000
16        M:io_writtendata
32        1561 0.1855 0.1492 0.1099 0.0000
11        M:io_writes
33        1561 10.0000 7.8400 6.2967 0.0000
13        M:postgres_in
32        1561 1.0000 0.9100 0.3000 0.0000
6         M:cpu3
32        1561 2.0392 1.5394 1.4151 0.0000
6         M:cpu2
35        1561 18.5626 13.0961 15.2471 0.0000
6         M:cpu1
32        1561 5.8032 4.1546 4.6023 0.0000
6         M:cpu0
35        1561 20.5474 14.5008 16.8651 0.0000
5         M:cpu
33        1561 11.7430 8.3254 9.5339 0.0000
8         M:syslog
37        1561 167.0000 147.3500 65.5000 0.0000
8         M:ssh_in
32        1561 2.0000 1.8200 0.6000 0.0000
8         M:www_in
32        1561 1.0000 0.9100 0.3000 0.0000
14        M:cfengine_out
32        1561 5.0000 4.5500 1.5000 0.0000
13        M:cfengine_in
32        1561 1.0000 0.9100 0.3000 0.0000
9         M:loadavg
32        1561 0.6685 0.4800 0.5262 0.0000
10        M:diskfree
35        1561 49.0000 44.5900 14.7000 0.0000
12        M:otherprocs
34        1561 26.0000 23.6600 7.8000 0.0000
11        M:rootprocs
37        1561 118.0000 106.7500 37.5000 0.0000
7         M:users
32        1561 8.0000 7.2800 2.4000 0.0000
3         MOY
15        M:entropy_avail
36        155 323.0000 297.6050 79.9482 0.0000
12        M:mem_cached
39        155 2526.1133 2298.4965 696.2697 0.0000
16        M:io_writtendata
31        155 0.2939 0.2241 0.2132 0.0000
11        M:io_writes
34        155 16.0000 12.2500 11.5973 0.0000
13        M:postgres_in
31        155 1.0000 0.9100 0.3000 0.0000
6         M:cpu3
31        155 9.2585 6.6064 9.9586 0.0000
6         M:cpu2
31        155 1.2023 0.9735 0.7040 0.0000
6         M:cpu1
33        155 11.0003 7.8207 12.0038 0.0000
6         M:cpu0
31        155 5.6586 4.0823 5.7035 0.0000
5         M:cpu
31        155 8.5900 6.1378 9.1662 0.0000
8         M:syslog
38        155 1068.5000 778.2950 812.0638 0.0000
8         M:ssh_in
31        155 2.0000 1.8200 0.6000 0.0000
8         M:www_in
31        155 1.0000 0.9100 0.3000 0.0000
14        M:cfengine_out
31        155 5.0000 4.5500 1.5000 0.0000
13        M:cfengine_in
31        155 1.0000 0.9100 0.3000 0.0000
9         M:loadavg
31        155 0.2126 0.1705 0.1909 0.0000
10        M:diskfree
34        155 60.5000 55.0550 18.2248 0.0000
12        M:otherprocs
33        155 26.0000 23.6600 7.8000 0.0000
11        M:rootprocs
36        155 113.5000 103.3900 33.7037 0.0000
7         M:users
31        155 8.0000 7.2800 2.4000 0.0000
# send QUERY complete successful
