# delta from 1679747358 to 1679747419 at 1679747419
22        CFR: 0 1679747418 1966
3         PRD
56        DBReportCollectAll,0.079491,0.423016,0.479249,1679747359
60        Packing reports: delta,0.039121,0.110159,0.105957,1679747359
3         EXS
16        f,319,1679747340
3         MOM
15        M:entropy_avail
36        1589 85.0000 105.4900 68.3000 0.0000
12        M:mem_cached
40        1589 3959.9922 3603.4600 994.3208 0.0000
10        M:mem_free
41        1589 9335.1691 8822.9704 1428.4542 0.0000
11        M:mem_total
40        1589 11072.0285 11072.0285 0.0000 0.0000
16        M:io_writtendata
32        1589 0.1055 0.1362 0.1023 0.0000
11        M:io_writes
32        1589 6.0000 7.9800 6.6000 0.0000
13        M:postgres_in
32        1589 1.0000 0.9100 0.3000 0.0000
6         M:cpu3
32        1589 4.4923 3.2456 3.4839 0.0000
6         M:cpu2
32        1589 5.5060 4.0269 4.1422 0.0000
6         M:cpu1
32        1589 1.9973 1.5467 1.2980 0.0000
6         M:cpu0
35        1589 22.5544 15.9213 18.5011 0.0000
5         M:cpu
35        1589 14.1154 10.0204 11.4247 0.0000
8         M:syslog
37        1589 167.0000 147.3500 65.5000 0.0000
8         M:ssh_in
32        1589 2.0000 1.8200 0.6000 0.0000
8         M:www_in
32        1589 1.0000 0.9100 0.3000 0.0000
14        M:cfengine_out
32        1589 5.0000 5.6000 2.0000 0.0000
13        M:cfengine_in
32        1589 1.0000 0.9100 0.3000 0.0000
9         M:loadavg
32        1589 0.7031 0.5072 0.5475 0.0000
10        M:diskfree
35        1589 48.0000 43.6800 14.4000 0.0000
12        M:otherprocs
34        1589 26.0000 23.6600 7.8000 0.0000
11        M:rootprocs
37        1589 118.0000 106.7500 37.5000 0.0000
7         M:users
32        1589 8.0000 7.2800 2.4000 0.0000
3         MOY
15        M:entropy_avail
36        155 323.0000 297.6050 79.9482 0.0000
12        M:mem_cached
39        155 2526.1133 2298.4965 696.2697 0.0000
16        M:io_writtendata
31        155 0.2939 0.2241 0.2132 0.0000
11        M:io_writes
34        155 16.0000 12.2500 11.5973 0.0000
13        M:postgres_in
31        155 1.0000 0.9100 0.3000 0.0000
6         M:cpu3
31        155 9.2585 6.6064 9.9586 0.0000
6         M:cpu2
31        155 1.2023 0.9735 0.7040 0.0000
6         M:cpu1
33        155 11.0003 7.8207 12.0038 0.0000
6         M:cpu0
31        155 5.6586 4.0823 5.7035 0.0000
5         M:cpu
31        155 8.5900 6.1378 9.1662 0.0000
8         M:syslog
38        155 1068.5000 778.2950 812.0638 0.0000
8         M:ssh_in
31        155 2.0000 1.8200 0.6000 0.0000
8         M:www_in
31        155 1.0000 0.9100 0.3000 0.0000
14        M:cfengine_out
31        155 5.0000 4.5500 1.5000 0.0000
13        M:cfengine_in
31        155 1.0000 0.9100 0.3000 0.0000
9         M:loadavg
31        155 0.2126 0.1705 0.1909 0.0000
10        M:diskfree
34        155 60.5000 55.0550 18.2248 0.0000
12        M:otherprocs
33        155 26.0000 23.6600 7.8000 0.0000
11        M:rootprocs
36        155 113.5000 103.3900 33.7037 0.0000
7         M:users
31        155 8.0000 7.2800 2.4000 0.0000
# send QUERY complete successful
