# delta from 1679669358 to 1679669419 at 1679669419
22        CFR: 0 1679669418 1972
3         PRD
56        DBReportCollectAll,0.130580,0.479029,0.538573,1679669359
60        Packing reports: delta,0.058207,0.135144,0.136938,1679669359
3         EXS
16        f,288,1679669308
3         MOM
15        M:entropy_avail
37        1329 125.0000 88.7600 101.1059 0.0000
12        M:mem_cached
40        1329 3282.7461 2986.8117 825.3216 0.0000
10        M:mem_free
40        1329 11701.2070 10652.9104 0.0000 0.0000
11        M:mem_total
40        1329 15817.1836 14393.6371 0.0000 0.0000
16        M:io_writtendata
32        1329 0.2285 0.1846 0.1338 0.0000
11        M:io_writes
34        1329 12.0000 10.0800 6.4894 0.0000
13        M:postgres_in
32        1329 1.0000 0.9100 0.3000 0.0000
6         M:cpu3
32        1329 5.4975 3.9731 4.2600 0.0000
6         M:cpu2
35        1329 29.7391 20.9946 24.3905 0.0000
6         M:cpu1
32        1329 6.2013 4.5039 4.7474 0.0000
6         M:cpu0
35        1329 25.2693 17.8445 20.7095 0.0000
5         M:cpu
35        1329 16.6882 11.8376 13.5317 0.0000
8         M:syslog
41        1329 1558.0000 1121.0500 1220.4056 0.0000
8         M:ssh_in
32        1329 2.0000 1.8200 0.6000 0.0000
8         M:www_in
32        1329 1.0000 0.9100 0.3000 0.0000
14        M:cfengine_out
32        1329 5.0000 4.5500 1.5000 0.0000
13        M:cfengine_in
32        1329 1.0000 0.9100 0.3000 0.0000
9         M:loadavg
32        1329 0.6177 0.4525 0.4628 0.0000
10        M:diskfree
35        1329 55.0000 50.0500 16.5000 0.0000
12        M:otherprocs
34        1329 26.0000 23.6600 7.8000 0.0000
11        M:rootprocs
37        1329 115.0000 104.6500 34.5000 0.0000
7         M:users
32        1329 8.0000 7.2800 2.4000 0.0000
3         MOY
15        M:entropy_avail
36        155 423.0000 416.4300 32.5641 0.0000
12        M:mem_cached
39        155 2484.3203 2260.4222 683.7891 0.0000
16        M:io_writtendata
31        155 0.2417 0.1846 0.1679 0.0000
11        M:io_writes
32        155 13.0000 9.9400 9.0823 0.0000
13        M:postgres_in
31        155 1.0000 0.9100 0.3000 0.0000
6         M:cpu3
31        155 1.9659 1.4981 1.4496 0.0000
6         M:cpu2
31        155 6.8025 4.8838 7.1072 0.0000
6         M:cpu1
31        155 2.1684 1.6356 1.6646 0.0000
6         M:cpu0
33        155 10.6045 7.5325 11.5855 0.0000
5         M:cpu
31        155 8.6535 6.1752 9.2683 0.0000
8         M:syslog
37        155 923.0000 676.4450 700.5598 0.0000
8         M:ssh_in
31        155 2.0000 1.8200 0.6000 0.0000
8         M:www_in
31        155 1.0000 1.0150 0.3536 0.0000
14        M:cfengine_out
31        155 5.0000 4.5500 1.5000 0.0000
13        M:cfengine_in
31        155 1.0000 0.9100 0.3000 0.0000
9         M:loadavg
31        155 0.4209 0.3099 0.4592 0.0000
10        M:diskfree
34        155 61.0000 55.5100 18.3614 0.0000
12        M:otherprocs
33        155 26.0000 23.6600 7.8000 0.0000
11        M:rootprocs
36        155 116.0000 105.1400 36.2552 0.0000
7         M:users
31        155 8.0000 7.2800 2.4000 0.0000
# send QUERY complete successful
