# delta from 1679707758 to 1679707819 at 1679707819
22        CFR: 0 1679707818 2843
3         PRD
56        DBReportCollectAll,0.049723,0.349652,0.398484,1679707759
60        Packing reports: delta,0.034800,0.161639,0.186573,1679707759
83        Sample(/proc/sys/kernel/random/entropy_avail),0.004941,0.002441,0.001767,1679707811
3         EXS
16        f,287,1679707714
3         MOM
15        M:entropy_avail
35        1457 52.0000 69.5800 58.6000 0.0000
38        1458 154.0000 107.8000 128.8456 0.0000
12        M:mem_cached
40        1457 3612.0273 3286.8989 906.7398 0.0000
38        1458 3614.1211 2529.8848 0.0000 0.0000
10        M:mem_free
40        1457 11197.6797 10204.7132 0.0000 0.0000
39        1458 11269.6562 7888.7594 0.0000 0.0000
11        M:mem_total
40        1457 15817.1836 14393.6371 0.0000 0.0000
40        1458 15817.1836 11072.0285 0.0000 0.0000
16        M:io_writtendata
32        1457 0.2100 0.2399 0.0997 0.0000
32        1458 0.2109 0.1477 0.1765 0.0000
11        M:io_writes
34        1457 14.0000 14.4200 1.4000 0.0000
33        1458 10.0000 7.0000 8.3666 0.0000
13        M:postgres_in
32        1457 1.0000 0.9100 0.3000 0.0000
32        1458 1.0000 0.7000 0.8367 0.0000
6         M:cpu3
35        1457 20.8067 15.9005 13.9897 0.0000
32        1458 6.2038 4.3426 5.1904 0.0000
6         M:cpu2
32        1457 1.5091 2.9182 4.6971 0.0000
32        1458 1.0093 0.7065 0.8444 0.0000
6         M:cpu1
33        1457 4.6175 7.9002 10.9422 0.0000
35        1458 28.7874 20.1512 24.0852 0.0000
6         M:cpu0
33        1457 1.0399 4.6874 13.3469 0.0000
32        1458 1.7693 1.2385 1.4803 0.0000
5         M:cpu
32        1457 6.9979 7.8551 2.8573 0.0000
32        1458 9.4543 6.6180 7.9101 0.0000
8         M:syslog
38        1457 167.0000 423.2900 854.3000 0.0000
40        1458 1293.0000 905.1000 1081.8014 0.0000
9         M:ssh_out
32        1457 5.0000 3.5000 4.1833 0.0000
8         M:ssh_in
32        1457 2.0000 1.8200 0.6000 0.0000
32        1458 2.0000 1.4000 1.6733 0.0000
8         M:www_in
32        1457 1.0000 0.9100 0.3000 0.0000
32        1458 1.0000 0.7000 0.8367 0.0000
14        M:cfengine_out
32        1457 6.0000 5.2500 2.5000 0.0000
32        1458 5.0000 3.5000 4.1833 0.0000
13        M:cfengine_in
32        1457 1.0000 0.9100 0.3000 0.0000
32        1458 1.0000 0.7000 0.8367 0.0000
9         M:loadavg
32        1457 0.5166 0.4180 0.3012 0.0000
32        1458 0.1631 0.1142 0.1364 0.0000
10        M:diskfree
35        1457 52.0000 47.3200 15.6000 0.0000
35        1458 52.0000 36.4000 43.5063 0.0000
12        M:otherprocs
34        1457 26.0000 23.6600 7.8000 0.0000
35        1458 26.0000 18.2000 21.7532 0.0000
11        M:rootprocs
37        1457 119.0000 107.4500 38.5000 0.0000
36        1458 117.0000 81.9000 97.8892 0.0000
7         M:users
32        1457 8.0000 7.2800 2.4000 0.0000
32        1458 8.0000 5.6000 6.6933 0.0000
3         MOY
15        M:entropy_avail
36        155 323.0000 297.6050 79.9482 0.0000
12        M:mem_cached
39        155 2526.1133 2298.4965 696.2697 0.0000
16        M:io_writtendata
31        155 0.2939 0.2241 0.2132 0.0000
11        M:io_writes
34        155 16.0000 12.2500 11.5973 0.0000
13        M:postgres_in
31        155 1.0000 0.9100 0.3000 0.0000
6         M:cpu3
31        155 9.2585 6.6064 9.9586 0.0000
6         M:cpu2
31        155 1.2023 0.9735 0.7040 0.0000
6         M:cpu1
33        155 11.0003 7.8207 12.0038 0.0000
6         M:cpu0
31        155 5.6586 4.0823 5.7035 0.0000
5         M:cpu
31        155 8.5900 6.1378 9.1662 0.0000
8         M:syslog
38        155 1068.5000 778.2950 812.0638 0.0000
8         M:ssh_in
31        155 2.0000 1.8200 0.6000 0.0000
8         M:www_in
31        155 1.0000 0.9100 0.3000 0.0000
14        M:cfengine_out
31        155 5.0000 4.5500 1.5000 0.0000
13        M:cfengine_in
31        155 1.0000 0.9100 0.3000 0.0000
9         M:loadavg
31        155 0.2126 0.1705 0.1909 0.0000
10        M:diskfree
34        155 60.5000 55.0550 18.2248 0.0000
12        M:otherprocs
33        155 26.0000 23.6600 7.8000 0.0000
11        M:rootprocs
36        155 113.5000 103.3900 33.7037 0.0000
7         M:users
31        155 8.0000 7.2800 2.4000 0.0000
# send QUERY complete successful
