# delta from 1679749158 to 1679749219 at 1679749219
22        CFR: 0 1679749218 1972
3         PRD
56        DBReportCollectAll,0.037907,0.313152,0.318620,1679749159
60        Packing reports: delta,0.030347,0.092091,0.088345,1679749159
3         EXS
16        f,288,1679749106
3         MOM
15        M:entropy_avail
37        1595 109.0000 120.1900 37.3000 0.0000
12        M:mem_cached
40        1595 3976.8477 3618.4777 999.4460 0.0000
10        M:mem_free
39        1595 10861.4727 9885.9195 0.0000 0.0000
11        M:mem_total
40        1595 15817.1836 14393.6371 0.0000 0.0000
16        M:io_writtendata
32        1595 0.4004 0.3482 0.1741 0.0000
11        M:io_writes
34        1595 16.0000 14.1400 6.2000 0.0000
13        M:postgres_in
32        1595 1.0000 0.9100 0.3000 0.0000
6         M:cpu3
35        1595 30.2506 21.3267 24.8897 0.0000
6         M:cpu2
32        1595 7.2360 5.2179 5.6380 0.0000
6         M:cpu1
35        1595 19.8569 14.0203 16.2797 0.0000
6         M:cpu0
32        1595 6.1719 4.4352 4.8501 0.0000
5         M:cpu
35        1595 15.8794 11.2507 12.9121 0.0000
8         M:syslog
39        1595 1083.0000 788.5500 823.8658 0.0000
8         M:ssh_in
32        1595 2.0000 1.8200 0.6000 0.0000
8         M:www_in
32        1595 3.0000 2.3100 1.9781 0.0000
14        M:cfengine_out
32        1595 5.0000 4.5500 1.5000 0.0000
13        M:cfengine_in
32        1595 1.0000 0.9100 0.3000 0.0000
9         M:loadavg
32        1595 0.6436 0.5493 0.3400 0.0000
10        M:diskfree
35        1595 48.0000 43.6800 14.4000 0.0000
12        M:otherprocs
34        1595 26.0000 23.6600 7.8000 0.0000
11        M:rootprocs
37        1595 116.0000 105.1400 36.2000 0.0000
7         M:users
32        1595 8.0000 7.2800 2.4000 0.0000
3         MOY
15        M:entropy_avail
36        155 323.0000 297.6050 79.9482 0.0000
12        M:mem_cached
39        155 2526.1133 2298.4965 696.2697 0.0000
16        M:io_writtendata
31        155 0.2939 0.2241 0.2132 0.0000
11        M:io_writes
34        155 16.0000 12.2500 11.5973 0.0000
13        M:postgres_in
31        155 1.0000 0.9100 0.3000 0.0000
6         M:cpu3
31        155 9.2585 6.6064 9.9586 0.0000
6         M:cpu2
31        155 1.2023 0.9735 0.7040 0.0000
6         M:cpu1
33        155 11.0003 7.8207 12.0038 0.0000
6         M:cpu0
31        155 5.6586 4.0823 5.7035 0.0000
5         M:cpu
31        155 8.5900 6.1378 9.1662 0.0000
8         M:syslog
38        155 1068.5000 778.2950 812.0638 0.0000
8         M:ssh_in
31        155 2.0000 1.8200 0.6000 0.0000
8         M:www_in
31        155 1.0000 0.9100 0.3000 0.0000
14        M:cfengine_out
31        155 5.0000 4.5500 1.5000 0.0000
13        M:cfengine_in
31        155 1.0000 0.9100 0.3000 0.0000
9         M:loadavg
31        155 0.2126 0.1705 0.1909 0.0000
10        M:diskfree
34        155 60.5000 55.0550 18.2248 0.0000
12        M:otherprocs
33        155 26.0000 23.6600 7.8000 0.0000
11        M:rootprocs
36        155 113.5000 103.3900 33.7037 0.0000
7         M:users
31        155 8.0000 7.2800 2.4000 0.0000
# send QUERY complete successful
