# delta from 1679674758 to 1679674819 at 1679674819
22        CFR: 0 1679674818 1971
3         PRD
56        DBReportCollectAll,0.081230,0.359934,0.434612,1679674759
60        Packing reports: delta,0.050051,0.188284,0.241906,1679674759
3         EXS
16        f,316,1679674724
3         MOM
15        M:entropy_avail
36        1347 125.0000 90.2300 97.1517 0.0000
12        M:mem_cached
40        1347 3318.3438 3019.2211 834.2131 0.0000
10        M:mem_free
40        1347 11662.9219 10613.4993 0.0000 0.0000
11        M:mem_total
40        1347 15817.1836 14393.6371 0.0000 0.0000
16        M:io_writtendata
32        1347 0.1992 0.1550 0.1278 0.0000
11        M:io_writes
34        1347 14.0000 10.6400 9.5482 0.0000
13        M:postgres_in
32        1347 1.0000 0.9100 0.3000 0.0000
6         M:cpu3
35        1347 38.7429 27.2824 31.9637 0.0000
6         M:cpu2
32        1347 2.6335 1.9723 1.8653 0.0000
6         M:cpu1
35        1347 15.4344 10.9497 12.5114 0.0000
6         M:cpu0
32        1347 6.7073 4.8154 5.2826 0.0000
5         M:cpu
35        1347 15.8889 11.2616 12.9088 0.0000
8         M:syslog
38        1347 943.0000 690.5500 707.1781 0.0000
8         M:ssh_in
32        1347 2.0000 1.8200 0.6000 0.0000
8         M:www_in
32        1347 1.0000 0.9100 0.3000 0.0000
14        M:cfengine_out
32        1347 5.0000 4.5500 1.5000 0.0000
13        M:cfengine_in
32        1347 1.0000 0.9100 0.3000 0.0000
9         M:loadavg
32        1347 0.5132 0.4683 0.1495 0.0000
10        M:diskfree
35        1347 55.0000 50.0500 16.5000 0.0000
12        M:otherprocs
34        1347 26.0000 23.6600 7.8000 0.0000
11        M:rootprocs
37        1347 115.0000 104.4400 35.2000 0.0000
7         M:users
32        1347 8.0000 7.2800 2.4000 0.0000
3         MOY
15        M:entropy_avail
36        155 326.0000 300.0200 82.1068 0.0000
12        M:mem_cached
39        155 2518.4746 2291.5080 694.0815 0.0000
16        M:io_writtendata
31        155 0.2979 0.2256 0.2212 0.0000
11        M:io_writes
34        155 15.0000 11.3400 11.1825 0.0000
13        M:postgres_in
31        155 1.0000 0.9100 0.3000 0.0000
6         M:cpu3
31        155 1.6576 1.2887 1.1079 0.0000
6         M:cpu2
31        155 8.8769 6.3252 9.5975 0.0000
6         M:cpu1
31        155 4.0748 2.9834 3.8038 0.0000
6         M:cpu0
31        155 9.0086 6.4323 9.6344 0.0000
5         M:cpu
31        155 8.6523 6.1804 9.2437 0.0000
8         M:syslog
40        155 1432.0000 1032.7450 2103.9943 0.0000
8         M:ssh_in
31        155 2.0000 1.8200 0.6000 0.0000
8         M:www_in
31        155 1.0000 0.9100 0.3000 0.0000
14        M:cfengine_out
31        155 5.0000 4.5500 1.5000 0.0000
13        M:cfengine_in
31        155 1.0000 0.9100 0.3000 0.0000
9         M:loadavg
31        155 0.2974 0.2359 0.2689 0.0000
10        M:diskfree
34        155 60.5000 55.0550 18.2248 0.0000
12        M:otherprocs
33        155 26.0000 23.6600 7.8000 0.0000
11        M:rootprocs
36        155 114.0000 103.8450 33.8518 0.0000
7         M:users
31        155 8.0000 7.2800 2.4000 0.0000
# send QUERY complete successful
