# delta from 1679720658 to 1679720719 at 1679720719
22        CFR: 0 1679720718 1967
3         PRD
56        DBReportCollectAll,0.033344,0.373183,0.390851,1679720659
60        Packing reports: delta,0.037365,0.152224,0.118735,1679720659
3         EXS
16        f,278,1679720589
3         MOM
15        M:entropy_avail
35        1500 62.0000 77.0000 50.0000 0.0000
12        M:mem_cached
40        1500 3728.7500 3393.0895 936.1124 0.0000
10        M:mem_free
40        1500 11034.6172 10069.4899 0.0000 0.0000
11        M:mem_total
40        1500 15817.1836 14393.6371 0.0000 0.0000
16        M:io_writtendata
32        1500 0.0938 0.1122 0.0614 0.0000
11        M:io_writes
32        1500 6.0000 6.3000 1.0000 0.0000
13        M:postgres_in
32        1500 1.0000 0.9100 0.3000 0.0000
6         M:cpu3
32        1500 5.9549 4.3791 4.4187 0.0000
6         M:cpu2
35        1500 34.0183 25.8035 23.3182 0.0000
6         M:cpu1
32        1500 1.7027 1.3699 1.0061 0.0000
6         M:cpu0
35        1500 18.5706 15.6179 10.0229 0.0000
5         M:cpu
34        1500 15.0807 11.8071 9.5289 0.0000
8         M:syslog
38        1500 167.0000 388.4300 738.1000 0.0000
8         M:ssh_in
32        1500 3.0000 2.5200 1.6223 0.0000
8         M:www_in
32        1500 1.0000 0.9100 0.3000 0.0000
14        M:cfengine_out
32        1500 5.0000 4.5500 1.5000 0.0000
13        M:cfengine_in
32        1500 1.0000 0.9100 0.3000 0.0000
9         M:loadavg
32        1500 0.7686 0.5597 0.5843 0.0000
10        M:diskfree
35        1500 50.0000 45.5000 15.0000 0.0000
12        M:otherprocs
34        1500 27.0000 24.3600 8.8000 0.0000
11        M:rootprocs
37        1500 118.0000 106.5400 38.2000 0.0000
7         M:users
32        1500 9.0000 7.9800 3.4000 0.0000
3         MOY
15        M:entropy_avail
36        155 323.0000 297.6050 79.9482 0.0000
12        M:mem_cached
39        155 2526.1133 2298.4965 696.2697 0.0000
16        M:io_writtendata
31        155 0.2939 0.2241 0.2132 0.0000
11        M:io_writes
34        155 16.0000 12.2500 11.5973 0.0000
13        M:postgres_in
31        155 1.0000 0.9100 0.3000 0.0000
6         M:cpu3
31        155 9.2585 6.6064 9.9586 0.0000
6         M:cpu2
31        155 1.2023 0.9735 0.7040 0.0000
6         M:cpu1
33        155 11.0003 7.8207 12.0038 0.0000
6         M:cpu0
31        155 5.6586 4.0823 5.7035 0.0000
5         M:cpu
31        155 8.5900 6.1378 9.1662 0.0000
8         M:syslog
38        155 1068.5000 778.2950 812.0638 0.0000
8         M:ssh_in
31        155 2.0000 1.8200 0.6000 0.0000
8         M:www_in
31        155 1.0000 0.9100 0.3000 0.0000
14        M:cfengine_out
31        155 5.0000 4.5500 1.5000 0.0000
13        M:cfengine_in
31        155 1.0000 0.9100 0.3000 0.0000
9         M:loadavg
31        155 0.2126 0.1705 0.1909 0.0000
10        M:diskfree
34        155 60.5000 55.0550 18.2248 0.0000
12        M:otherprocs
33        155 26.0000 23.6600 7.8000 0.0000
11        M:rootprocs
36        155 113.5000 103.3900 33.7037 0.0000
7         M:users
31        155 8.0000 7.2800 2.4000 0.0000
# send QUERY complete successful
