# delta from 1679744718 to 1679744779 at 1679744780
22        CFR: 1 1679744779 2047
3         PRD
56        DBReportCollectAll,0.065847,0.309115,0.266565,1679744719
60        Packing reports: delta,0.027790,0.077226,0.081246,1679744719
83        Sample(/proc/sys/kernel/random/entropy_avail),0.005239,0.002745,0.003809,1679744776
3         EXS
16        f,319,1679744631
3         MOM
15        M:entropy_avail
38        1581 188.0000 131.6000 157.2921 0.0000
12        M:mem_cached
38        1581 3938.7930 2757.1551 0.0000 0.0000
10        M:mem_free
39        1581 10914.7070 7640.2949 0.0000 0.0000
11        M:mem_total
40        1581 15817.1836 11072.0285 0.0000 0.0000
16        M:io_writtendata
32        1581 0.2158 0.1511 0.1806 0.0000
11        M:io_writes
34        1581 12.0000 8.4000 10.0399 0.0000
13        M:postgres_in
32        1581 1.0000 0.7000 0.8367 0.0000
6         M:cpu3
32        1581 0.7602 0.5321 0.6360 0.0000
6         M:cpu2
32        1581 3.1815 2.2270 2.6618 0.0000
6         M:cpu1
32        1581 0.8933 0.6253 0.7474 0.0000
6         M:cpu0
32        1581 1.1936 0.8355 0.9986 0.0000
5         M:cpu
32        1581 1.5086 1.0560 1.2622 0.0000
8         M:syslog
41        1581 2015.0000 1410.5000 1685.8700 0.0000
8         M:ssh_in
32        1581 2.0000 1.4000 1.6733 0.0000
8         M:www_in
32        1581 1.0000 0.7000 0.8367 0.0000
14        M:cfengine_out
32        1581 5.0000 3.5000 4.1833 0.0000
13        M:cfengine_in
32        1581 1.0000 0.7000 0.8367 0.0000
9         M:loadavg
32        1581 0.0781 0.0547 0.0654 0.0000
10        M:diskfree
35        1581 48.0000 33.6000 40.1597 0.0000
12        M:otherprocs
35        1581 26.0000 18.2000 21.7532 0.0000
11        M:rootprocs
36        1581 114.0000 79.8000 95.3792 0.0000
7         M:users
32        1581 8.0000 5.6000 6.6933 0.0000
3         MOY
15        M:entropy_avail
36        155 323.0000 297.6050 79.9482 0.0000
12        M:mem_cached
39        155 2526.1133 2298.4965 696.2697 0.0000
16        M:io_writtendata
31        155 0.2939 0.2241 0.2132 0.0000
11        M:io_writes
34        155 16.0000 12.2500 11.5973 0.0000
13        M:postgres_in
31        155 1.0000 0.9100 0.3000 0.0000
6         M:cpu3
31        155 9.2585 6.6064 9.9586 0.0000
6         M:cpu2
31        155 1.2023 0.9735 0.7040 0.0000
6         M:cpu1
33        155 11.0003 7.8207 12.0038 0.0000
6         M:cpu0
31        155 5.6586 4.0823 5.7035 0.0000
5         M:cpu
31        155 8.5900 6.1378 9.1662 0.0000
8         M:syslog
38        155 1068.5000 778.2950 812.0638 0.0000
8         M:ssh_in
31        155 2.0000 1.8200 0.6000 0.0000
8         M:www_in
31        155 1.0000 0.9100 0.3000 0.0000
14        M:cfengine_out
31        155 5.0000 4.5500 1.5000 0.0000
13        M:cfengine_in
31        155 1.0000 0.9100 0.3000 0.0000
9         M:loadavg
31        155 0.2126 0.1705 0.1909 0.0000
10        M:diskfree
34        155 60.5000 55.0550 18.2248 0.0000
12        M:otherprocs
33        155 26.0000 23.6600 7.8000 0.0000
11        M:rootprocs
36        155 113.5000 103.3900 33.7037 0.0000
7         M:users
31        155 8.0000 7.2800 2.4000 0.0000
# send QUERY complete successful
