# delta from 1679716818 to 1679716879 at 1679716879
22        CFR: 0 1679716878 2049
3         PRD
56        DBReportCollectAll,0.111343,0.329387,0.277226,1679716819
60        Packing reports: delta,0.031758,0.100857,0.092990,1679716819
83        Sample(/proc/sys/kernel/random/entropy_avail),0.004508,0.002032,0.002064,1679716827
3         EXS
16        f,317,1679716723
3         MOM
15        M:entropy_avail
38        1488 172.0000 120.4000 143.9055 0.0000
12        M:mem_cached
38        1488 3697.3164 2588.1215 0.0000 0.0000
10        M:mem_free
39        1488 11203.0352 7842.1246 0.0000 0.0000
11        M:mem_total
40        1488 15817.1836 11072.0285 0.0000 0.0000
16        M:io_writtendata
32        1488 0.2783 0.1948 0.2329 0.0000
11        M:io_writes
34        1488 14.0000 9.8000 11.7132 0.0000
13        M:postgres_in
32        1488 1.0000 0.7000 0.8367 0.0000
6         M:cpu3
33        1488 11.8479 8.2935 9.9127 0.0000
6         M:cpu2
32        1488 1.5546 1.0883 1.3007 0.0000
6         M:cpu1
35        1488 19.0733 13.3513 15.9579 0.0000
6         M:cpu0
32        1488 1.4172 0.9920 1.1857 0.0000
5         M:cpu
32        1488 8.4851 5.9395 7.0991 0.0000
8         M:syslog
39        1488 1058.0000 740.6000 885.1863 0.0000
8         M:ssh_in
32        1488 2.0000 1.4000 1.6733 0.0000
8         M:www_in
32        1488 1.0000 0.7000 0.8367 0.0000
14        M:cfengine_out
32        1488 5.0000 3.5000 4.1833 0.0000
13        M:cfengine_in
32        1488 1.0000 0.7000 0.8367 0.0000
9         M:loadavg
32        1488 0.1479 0.1036 0.1238 0.0000
10        M:diskfree
35        1488 51.0000 35.7000 42.6697 0.0000
12        M:otherprocs
35        1488 26.0000 18.2000 21.7532 0.0000
11        M:rootprocs
36        1488 114.0000 79.8000 95.3792 0.0000
7         M:users
32        1488 8.0000 5.6000 6.6933 0.0000
3         MOY
15        M:entropy_avail
36        155 323.0000 297.6050 79.9482 0.0000
12        M:mem_cached
39        155 2526.1133 2298.4965 696.2697 0.0000
16        M:io_writtendata
31        155 0.2939 0.2241 0.2132 0.0000
11        M:io_writes
34        155 16.0000 12.2500 11.5973 0.0000
13        M:postgres_in
31        155 1.0000 0.9100 0.3000 0.0000
6         M:cpu3
31        155 9.2585 6.6064 9.9586 0.0000
6         M:cpu2
31        155 1.2023 0.9735 0.7040 0.0000
6         M:cpu1
33        155 11.0003 7.8207 12.0038 0.0000
6         M:cpu0
31        155 5.6586 4.0823 5.7035 0.0000
5         M:cpu
31        155 8.5900 6.1378 9.1662 0.0000
8         M:syslog
38        155 1068.5000 778.2950 812.0638 0.0000
8         M:ssh_in
31        155 2.0000 1.8200 0.6000 0.0000
8         M:www_in
31        155 1.0000 0.9100 0.3000 0.0000
14        M:cfengine_out
31        155 5.0000 4.5500 1.5000 0.0000
13        M:cfengine_in
31        155 1.0000 0.9100 0.3000 0.0000
9         M:loadavg
31        155 0.2126 0.1705 0.1909 0.0000
10        M:diskfree
34        155 60.5000 55.0550 18.2248 0.0000
12        M:otherprocs
33        155 26.0000 23.6600 7.8000 0.0000
11        M:rootprocs
36        155 113.5000 103.3900 33.7037 0.0000
7         M:users
31        155 8.0000 7.2800 2.4000 0.0000
# send QUERY complete successful
