# delta from 1679744118 to 1679744179 at 1679744179
22        CFR: 0 1679744178 2042
3         PRD
56        DBReportCollectAll,0.259089,0.394295,0.301702,1679744119
60        Packing reports: delta,0.025764,0.066379,0.077466,1679744119
83        Sample(/proc/sys/kernel/random/entropy_avail),0.005268,0.002775,0.002210,1679744175
3         EXS
16        f,317,1679744024
3         MOM
15        M:entropy_avail
38        1579 197.0000 137.9000 164.8220 0.0000
12        M:mem_cached
38        1579 3933.6250 2753.5375 0.0000 0.0000
10        M:mem_free
39        1579 10927.8125 7649.4687 0.0000 0.0000
11        M:mem_total
40        1579 15817.1836 11072.0285 0.0000 0.0000
16        M:io_writtendata
32        1579 0.1104 0.0772 0.0923 0.0000
11        M:io_writes
32        1579 8.0000 5.6000 6.6933 0.0000
13        M:postgres_in
32        1579 1.0000 0.7000 0.8367 0.0000
6         M:cpu3
32        1579 0.5404 0.3783 0.4522 0.0000
6         M:cpu2
32        1579 0.4940 0.3458 0.4133 0.0000
6         M:cpu1
32        1579 0.5603 0.3922 0.4687 0.0000
6         M:cpu0
32        1579 0.5604 0.3923 0.4689 0.0000
5         M:cpu
32        1579 0.5438 0.3806 0.4550 0.0000
8         M:syslog
38        1579 145.0000 101.5000 121.3157 0.0000
8         M:ssh_in
32        1579 2.0000 1.4000 1.6733 0.0000
8         M:www_in
32        1579 1.0000 0.7000 0.8367 0.0000
14        M:cfengine_out
32        1579 5.0000 3.5000 4.1833 0.0000
13        M:cfengine_in
32        1579 1.0000 0.7000 0.8367 0.0000
9         M:loadavg
32        1579 0.0601 0.0420 0.0502 0.0000
10        M:diskfree
35        1579 48.0000 33.6000 40.1597 0.0000
12        M:otherprocs
35        1579 26.0000 18.2000 21.7532 0.0000
11        M:rootprocs
36        1579 114.0000 79.8000 95.3792 0.0000
7         M:users
32        1579 8.0000 5.6000 6.6933 0.0000
3         MOY
15        M:entropy_avail
36        155 323.0000 297.6050 79.9482 0.0000
12        M:mem_cached
39        155 2526.1133 2298.4965 696.2697 0.0000
16        M:io_writtendata
31        155 0.2939 0.2241 0.2132 0.0000
11        M:io_writes
34        155 16.0000 12.2500 11.5973 0.0000
13        M:postgres_in
31        155 1.0000 0.9100 0.3000 0.0000
6         M:cpu3
31        155 9.2585 6.6064 9.9586 0.0000
6         M:cpu2
31        155 1.2023 0.9735 0.7040 0.0000
6         M:cpu1
33        155 11.0003 7.8207 12.0038 0.0000
6         M:cpu0
31        155 5.6586 4.0823 5.7035 0.0000
5         M:cpu
31        155 8.5900 6.1378 9.1662 0.0000
8         M:syslog
38        155 1068.5000 778.2950 812.0638 0.0000
8         M:ssh_in
31        155 2.0000 1.8200 0.6000 0.0000
8         M:www_in
31        155 1.0000 0.9100 0.3000 0.0000
14        M:cfengine_out
31        155 5.0000 4.5500 1.5000 0.0000
13        M:cfengine_in
31        155 1.0000 0.9100 0.3000 0.0000
9         M:loadavg
31        155 0.2126 0.1705 0.1909 0.0000
10        M:diskfree
34        155 60.5000 55.0550 18.2248 0.0000
12        M:otherprocs
33        155 26.0000 23.6600 7.8000 0.0000
11        M:rootprocs
36        155 113.5000 103.3900 33.7037 0.0000
7         M:users
31        155 8.0000 7.2800 2.4000 0.0000
# send QUERY complete successful
