# delta from 1679671579 to 1679671639 at 1679671639
22        CFR: 0 1679671638 1983
3         PRD
60        Packing reports: delta,0.036485,0.141367,0.172374,1679671580
83        Sample(/proc/sys/kernel/random/entropy_avail),0.004662,0.002174,0.002057,1679671595
3         EXS
16        f,288,1679671407
3         MOM
15        M:entropy_avail
33        1337 10.0000 7.0000 8.3666 0.0000
12        M:mem_cached
38        1337 3301.6562 2311.1594 0.0000 0.0000
10        M:mem_free
39        1337 11690.7812 8183.5469 0.0000 0.0000
11        M:mem_total
40        1337 15817.1836 11072.0285 0.0000 0.0000
16        M:io_writtendata
32        1337 0.2285 0.1600 0.1912 0.0000
11        M:io_writes
35        1337 16.0000 11.2000 13.3866 0.0000
13        M:postgres_in
32        1337 1.0000 0.7000 0.8367 0.0000
6         M:cpu3
32        1337 0.7218 0.5052 0.6039 0.0000
6         M:cpu2
32        1337 0.7353 0.5147 0.6152 0.0000
6         M:cpu1
32        1337 0.7347 0.5143 0.6147 0.0000
6         M:cpu0
32        1337 0.6078 0.4255 0.5085 0.0000
5         M:cpu
32        1337 0.7049 0.4934 0.5897 0.0000
8         M:syslog
38        1337 145.0000 101.5000 121.3157 0.0000
8         M:ssh_in
32        1337 2.0000 1.4000 1.6733 0.0000
8         M:www_in
32        1337 1.0000 0.7000 0.8367 0.0000
14        M:cfengine_out
32        1337 5.0000 3.5000 4.1833 0.0000
13        M:cfengine_in
32        1337 1.0000 0.7000 0.8367 0.0000
9         M:loadavg
32        1337 0.0337 0.0236 0.0282 0.0000
10        M:diskfree
35        1337 55.0000 38.5000 46.0163 0.0000
12        M:otherprocs
35        1337 26.0000 18.2000 21.7532 0.0000
11        M:rootprocs
36        1337 114.0000 79.8000 95.3792 0.0000
7         M:users
32        1337 8.0000 5.6000 6.6933 0.0000
3         MOY
15        M:entropy_avail
36        155 311.5000 288.7150 70.5984 0.0000
12        M:mem_cached
39        155 2500.4707 2275.1462 688.5663 0.0000
16        M:io_writtendata
31        155 0.2676 0.2020 0.1967 0.0000
11        M:io_writes
34        155 14.0000 10.6400 10.1177 0.0000
13        M:postgres_in
31        155 1.0000 0.9100 0.3000 0.0000
6         M:cpu3
31        155 5.6157 4.0684 5.6166 0.0000
6         M:cpu2
31        155 6.9570 5.0045 7.2414 0.0000
6         M:cpu1
31        155 4.6086 3.3564 4.4307 0.0000
6         M:cpu0
31        155 8.9643 6.3865 9.6397 0.0000
5         M:cpu
31        155 8.5530 6.1152 9.1097 0.0000
8         M:syslog
39        155 1188.0000 861.9450 1774.3258 0.0000
8         M:ssh_in
31        155 2.0000 1.8200 0.6000 0.0000
8         M:www_in
31        155 1.0000 0.9100 0.3000 0.0000
14        M:cfengine_out
31        155 5.0000 4.5500 1.5000 0.0000
13        M:cfengine_in
31        155 1.0000 0.9100 0.3000 0.0000
9         M:loadavg
31        155 0.3083 0.2329 0.3196 0.0000
10        M:diskfree
34        155 60.5000 55.0550 18.2248 0.0000
12        M:otherprocs
33        155 26.0000 23.6600 7.8000 0.0000
11        M:rootprocs
36        155 114.5000 103.9850 35.0603 0.0000
7         M:users
31        155 8.0000 7.2800 2.4000 0.0000
# send QUERY complete successful
