# delta from 1679702058 to 1679702119 at 1679702119
22        CFR: 0 1679702118 2844
3         PRD
56        DBReportCollectAll,0.045791,0.341688,0.365315,1679702059
60        Packing reports: delta,0.034761,0.120831,0.109846,1679702059
83        Sample(/proc/sys/kernel/random/entropy_avail),0.004935,0.002436,0.002263,1679702100
3         EXS
16        f,317,1679702023
3         MOM
15        M:entropy_avail
35        1438 42.0000 59.8500 59.5000 0.0000
38        1439 156.0000 109.2000 130.5190 0.0000
12        M:mem_cached
40        1438 3555.8750 3235.7937 892.6640 0.0000
38        1439 3558.2891 2490.8023 0.0000 0.0000
10        M:mem_free
40        1438 11322.8242 10312.7787 0.0000 0.0000
39        1439 11374.4883 7962.1418 0.0000 0.0000
11        M:mem_total
40        1438 15817.1836 14393.6371 0.0000 0.0000
40        1439 15817.1836 11072.0285 0.0000 0.0000
16        M:io_writtendata
32        1438 0.0811 0.1008 0.0659 0.0000
32        1439 0.4346 0.3042 0.3636 0.0000
11        M:io_writes
32        1438 6.0000 6.3000 1.0000 0.0000
35        1439 22.0000 15.4000 18.4065 0.0000
13        M:postgres_in
32        1438 1.0000 0.9100 0.3000 0.0000
32        1439 1.0000 0.7000 0.8367 0.0000
6         M:cpu3
32        1438 7.1505 5.1763 5.5184 0.0000
35        1439 25.1867 17.6307 21.0727 0.0000
6         M:cpu2
32        1438 1.2888 1.5393 0.8349 0.0000
32        1439 0.7680 0.5376 0.6426 0.0000
6         M:cpu1
32        1438 5.0370 3.7393 3.6490 0.0000
35        1439 23.5702 16.4991 19.7202 0.0000
6         M:cpu0
33        1438 1.5966 6.1144 16.6624 0.0000
32        1439 1.4294 1.0006 1.1959 0.0000
5         M:cpu
32        1438 3.7681 4.1433 1.2506 0.0000
34        1439 12.7504 8.9253 10.6678 0.0000
8         M:syslog
38        1438 312.0000 560.7000 829.0000 0.0000
40        1439 1386.0000 970.2000 1159.6108 0.0000
9         M:ssh_out
32        1438 5.0000 3.5000 4.1833 0.0000
8         M:ssh_in
32        1438 2.0000 2.0300 0.1000 0.0000
32        1439 2.0000 1.4000 1.6733 0.0000
8         M:www_in
32        1438 1.0000 0.9100 0.3000 0.0000
32        1439 1.0000 0.7000 0.8367 0.0000
14        M:cfengine_out
32        1438 6.0000 5.2500 2.5000 0.0000
32        1439 5.0000 3.5000 4.1833 0.0000
13        M:cfengine_in
32        1438 1.0000 0.9100 0.3000 0.0000
32        1439 1.0000 0.7000 0.8367 0.0000
9         M:loadavg
32        1438 0.3042 0.2388 0.1910 0.0000
32        1439 0.2275 0.1593 0.1904 0.0000
10        M:diskfree
35        1438 52.0000 47.3200 15.6000 0.0000
35        1439 52.0000 36.4000 43.5063 0.0000
12        M:otherprocs
34        1438 26.0000 23.8700 7.1000 0.0000
35        1439 26.0000 18.2000 21.7532 0.0000
11        M:rootprocs
37        1438 117.0000 106.0500 36.5000 0.0000
36        1439 114.0000 79.8000 95.3792 0.0000
7         M:users
32        1438 8.0000 7.4900 1.7000 0.0000
32        1439 8.0000 5.6000 6.6933 0.0000
3         MOY
15        M:entropy_avail
36        155 323.0000 297.6050 79.9482 0.0000
12        M:mem_cached
39        155 2526.1133 2298.4965 696.2697 0.0000
16        M:io_writtendata
31        155 0.2939 0.2241 0.2132 0.0000
11        M:io_writes
34        155 16.0000 12.2500 11.5973 0.0000
13        M:postgres_in
31        155 1.0000 0.9100 0.3000 0.0000
6         M:cpu3
31        155 9.2585 6.6064 9.9586 0.0000
6         M:cpu2
31        155 1.2023 0.9735 0.7040 0.0000
6         M:cpu1
33        155 11.0003 7.8207 12.0038 0.0000
6         M:cpu0
31        155 5.6586 4.0823 5.7035 0.0000
5         M:cpu
31        155 8.5900 6.1378 9.1662 0.0000
8         M:syslog
38        155 1068.5000 778.2950 812.0638 0.0000
8         M:ssh_in
31        155 2.0000 1.8200 0.6000 0.0000
8         M:www_in
31        155 1.0000 0.9100 0.3000 0.0000
14        M:cfengine_out
31        155 5.0000 4.5500 1.5000 0.0000
13        M:cfengine_in
31        155 1.0000 0.9100 0.3000 0.0000
9         M:loadavg
31        155 0.2126 0.1705 0.1909 0.0000
10        M:diskfree
34        155 60.5000 55.0550 18.2248 0.0000
12        M:otherprocs
33        155 26.0000 23.6600 7.8000 0.0000
11        M:rootprocs
36        155 113.5000 103.3900 33.7037 0.0000
7         M:users
31        155 8.0000 7.2800 2.4000 0.0000
# send QUERY complete successful
