# delta from 1679748558 to 1679748619 at 1679748619
22        CFR: 0 1679748618 1971
3         PRD
56        DBReportCollectAll,0.061275,0.325248,0.390283,1679748559
60        Packing reports: delta,0.029754,0.088531,0.090890,1679748559
3         EXS
16        f,288,1679748499
3         MOM
15        M:entropy_avail
37        1593 104.0000 113.3300 31.1000 0.0000
12        M:mem_cached
40        1593 3971.7500 3613.8520 998.1299 0.0000
10        M:mem_free
39        1593 10868.4453 9892.0013 0.0000 0.0000
11        M:mem_total
40        1593 15817.1836 14393.6371 0.0000 0.0000
16        M:io_writtendata
32        1593 0.2070 0.1652 0.1247 0.0000
11        M:io_writes
33        1593 12.0000 9.6600 7.0815 0.0000
13        M:postgres_in
32        1593 1.0000 0.9100 0.3000 0.0000
6         M:cpu3
35        1593 18.7600 13.2623 15.3350 0.0000
6         M:cpu2
32        1593 3.5729 2.6441 2.6089 0.0000
6         M:cpu1
35        1593 35.7705 25.1654 29.5775 0.0000
6         M:cpu0
32        1593 5.1908 3.7415 4.0487 0.0000
5         M:cpu
35        1593 15.8519 11.2228 12.9128 0.0000
8         M:syslog
39        1593 1074.0000 782.2500 816.3606 0.0000
8         M:ssh_in
32        1593 2.0000 1.8200 0.6000 0.0000
8         M:www_in
32        1593 1.0000 0.9100 0.3000 0.0000
14        M:cfengine_out
32        1593 5.0000 4.5500 1.5000 0.0000
13        M:cfengine_in
32        1593 1.0000 0.9100 0.3000 0.0000
9         M:loadavg
32        1593 0.5049 0.3653 0.3901 0.0000
10        M:diskfree
35        1593 48.0000 43.6800 14.4000 0.0000
12        M:otherprocs
34        1593 26.0000 24.2900 5.7000 0.0000
11        M:rootprocs
37        1593 115.0000 104.4400 35.2000 0.0000
7         M:users
32        1593 8.0000 7.2800 2.4000 0.0000
3         MOY
15        M:entropy_avail
36        155 323.0000 297.6050 79.9482 0.0000
12        M:mem_cached
39        155 2526.1133 2298.4965 696.2697 0.0000
16        M:io_writtendata
31        155 0.2939 0.2241 0.2132 0.0000
11        M:io_writes
34        155 16.0000 12.2500 11.5973 0.0000
13        M:postgres_in
31        155 1.0000 0.9100 0.3000 0.0000
6         M:cpu3
31        155 9.2585 6.6064 9.9586 0.0000
6         M:cpu2
31        155 1.2023 0.9735 0.7040 0.0000
6         M:cpu1
33        155 11.0003 7.8207 12.0038 0.0000
6         M:cpu0
31        155 5.6586 4.0823 5.7035 0.0000
5         M:cpu
31        155 8.5900 6.1378 9.1662 0.0000
8         M:syslog
38        155 1068.5000 778.2950 812.0638 0.0000
8         M:ssh_in
31        155 2.0000 1.8200 0.6000 0.0000
8         M:www_in
31        155 1.0000 0.9100 0.3000 0.0000
14        M:cfengine_out
31        155 5.0000 4.5500 1.5000 0.0000
13        M:cfengine_in
31        155 1.0000 0.9100 0.3000 0.0000
9         M:loadavg
31        155 0.2126 0.1705 0.1909 0.0000
10        M:diskfree
34        155 60.5000 55.0550 18.2248 0.0000
12        M:otherprocs
33        155 26.0000 23.6600 7.8000 0.0000
11        M:rootprocs
36        155 113.5000 103.3900 33.7037 0.0000
7         M:users
31        155 8.0000 7.2800 2.4000 0.0000
# send QUERY complete successful
