# delta from 1679695038 to 1679695099 at 1679695099
22        CFR: 0 1679695098 1999
3         PRD
56        DBReportCollectAll,0.041853,0.294031,0.307011,1679695039
60        Packing reports: delta,0.026586,0.070681,0.077663,1679695039
3         EXS
16        f,320,1679694841
3         MOM
15        M:entropy_avail
35        1415 40.0000 28.0000 33.4664 0.0000
12        M:mem_cached
38        1415 3495.3984 2446.7789 0.0000 0.0000
10        M:mem_free
39        1415 11394.6289 7976.2402 0.0000 0.0000
11        M:mem_total
40        1415 15817.1836 11072.0285 0.0000 0.0000
16        M:io_writtendata
32        1415 0.1748 0.1224 0.1463 0.0000
11        M:io_writes
34        1415 14.0000 9.8000 11.7132 0.0000
13        M:postgres_in
32        1415 1.0000 0.7000 0.8367 0.0000
6         M:cpu3
32        1415 3.2570 2.2799 2.7250 0.0000
6         M:cpu2
32        1415 4.2596 2.9817 3.5638 0.0000
6         M:cpu1
32        1415 1.7233 1.2063 1.4418 0.0000
6         M:cpu0
32        1415 2.3940 1.6758 2.0029 0.0000
5         M:cpu
32        1415 2.9101 2.0371 2.4348 0.0000
8         M:syslog
38        1415 312.0000 218.4000 261.0379 0.0000
9         M:ssh_out
32        1415 5.0000 3.5000 4.1833 0.0000
8         M:ssh_in
32        1415 3.0000 2.1000 2.5100 0.0000
8         M:www_in
32        1415 1.0000 0.7000 0.8367 0.0000
14        M:cfengine_out
32        1415 6.0000 4.2000 5.0200 0.0000
13        M:cfengine_in
32        1415 1.0000 0.7000 0.8367 0.0000
9         M:loadavg
32        1415 0.2622 0.1835 0.2194 0.0000
10        M:diskfree
35        1415 53.0000 37.1000 44.3430 0.0000
12        M:otherprocs
35        1415 26.0000 18.2000 21.7532 0.0000
11        M:rootprocs
36        1415 117.0000 81.9000 97.8892 0.0000
7         M:users
32        1415 8.0000 5.6000 6.6933 0.0000
3         MOY
15        M:entropy_avail
36        155 323.0000 297.6050 79.9482 0.0000
12        M:mem_cached
39        155 2526.1133 2298.4965 696.2697 0.0000
16        M:io_writtendata
31        155 0.2939 0.2241 0.2132 0.0000
11        M:io_writes
34        155 16.0000 12.2500 11.5973 0.0000
13        M:postgres_in
31        155 1.0000 0.9100 0.3000 0.0000
6         M:cpu3
31        155 9.2585 6.6064 9.9586 0.0000
6         M:cpu2
31        155 1.2023 0.9735 0.7040 0.0000
6         M:cpu1
33        155 11.0003 7.8207 12.0038 0.0000
6         M:cpu0
31        155 5.6586 4.0823 5.7035 0.0000
5         M:cpu
31        155 8.5900 6.1378 9.1662 0.0000
8         M:syslog
38        155 1068.5000 778.2950 812.0638 0.0000
8         M:ssh_in
31        155 2.0000 1.8200 0.6000 0.0000
8         M:www_in
31        155 1.0000 0.9100 0.3000 0.0000
14        M:cfengine_out
31        155 5.0000 4.5500 1.5000 0.0000
13        M:cfengine_in
31        155 1.0000 0.9100 0.3000 0.0000
9         M:loadavg
31        155 0.2126 0.1705 0.1909 0.0000
10        M:diskfree
34        155 60.5000 55.0550 18.2248 0.0000
12        M:otherprocs
33        155 26.0000 23.6600 7.8000 0.0000
11        M:rootprocs
36        155 113.5000 103.3900 33.7037 0.0000
7         M:users
31        155 8.0000 7.2800 2.4000 0.0000
# send QUERY complete successful
