# delta from 1679702658 to 1679702719 at 1679702719
22        CFR: 0 1679702718 2919
3         PRD
56        DBReportCollectAll,0.054957,0.360882,0.356576,1679702659
60        Packing reports: delta,0.034769,0.120890,0.114304,1679702659
83        Sample(/proc/sys/kernel/random/entropy_avail),0.004639,0.002152,0.001970,1679702702
3         EXS
16        f,321,1679702633
3         MOM
15        M:entropy_avail
35        1440 42.0000 61.3200 64.4000 0.0000
38        1441 143.0000 100.1000 119.6424 0.0000
12        M:mem_cached
40        1440 3567.8750 3246.4562 896.3943 0.0000
38        1441 3570.4258 2499.2980 0.0000 0.0000
10        M:mem_free
40        1440 11271.8320 10270.8695 0.0000 0.0000
39        1441 11311.7148 7918.2004 0.0000 0.0000
11        M:mem_total
40        1440 15817.1836 14393.6371 0.0000 0.0000
40        1441 15817.1836 11072.0285 0.0000 0.0000
16        M:io_writtendata
32        1440 0.1104 0.1459 0.1187 0.0000
32        1441 0.2891 0.2023 0.2418 0.0000
13        M:io_readdata
32        1440 0.0000 0.0021 0.0073 0.0000
32        1441 0.0010 0.0007 0.0008 0.0000
11        M:io_writes
32        1440 6.0000 7.1400 3.8000 0.0000
34        1441 14.0000 9.8000 11.7132 0.0000
13        M:postgres_in
32        1440 1.0000 0.9100 0.3000 0.0000
32        1441 1.0000 0.7000 0.8367 0.0000
6         M:cpu3
33        1440 1.3021 5.3231 14.7794 0.0000
32        1441 2.1040 1.4728 1.7603 0.0000
6         M:cpu2
32        1440 1.7392 1.3900 1.0442 0.0000
34        1441 12.8366 8.9856 10.7399 0.0000
6         M:cpu1
32        1440 2.0012 3.5940 5.3092 0.0000
32        1441 1.3291 0.9303 1.1120 0.0000
6         M:cpu0
32        1440 4.6086 3.6556 2.8183 0.0000
35        1441 40.7402 28.5182 34.0857 0.0000
5         M:cpu
32        1440 2.4181 3.4961 3.5933 0.0000
34        1441 14.2681 9.9876 11.9375 0.0000
8         M:syslog
40        1440 646.0000 1370.1100 2019.4463 0.0000
38        1441 743.0000 520.1000 621.6384 0.0000
9         M:ssh_out
32        1440 5.0000 3.5000 4.1833 0.0000
8         M:ssh_in
32        1440 2.0000 1.8200 0.6000 0.0000
32        1441 2.0000 1.4000 1.6733 0.0000
8         M:www_in
32        1440 1.0000 0.9100 0.3000 0.0000
32        1441 1.0000 0.7000 0.8367 0.0000
14        M:cfengine_out
32        1440 6.0000 5.2500 2.5000 0.0000
32        1441 5.0000 3.5000 4.1833 0.0000
13        M:cfengine_in
32        1440 1.0000 0.9100 0.3000 0.0000
32        1441 1.0000 0.7000 0.8367 0.0000
9         M:loadavg
32        1440 0.1641 0.1461 0.0598 0.0000
32        1441 0.2876 0.2013 0.2406 0.0000
10        M:diskfree
35        1440 52.0000 47.3200 15.6000 0.0000
35        1441 52.0000 36.4000 43.5063 0.0000
12        M:otherprocs
34        1440 26.0000 23.6600 7.8000 0.0000
35        1441 26.0000 18.2000 21.7532 0.0000
11        M:rootprocs
37        1440 124.0000 111.7900 40.7000 0.0000
36        1441 119.0000 83.3000 99.5625 0.0000
7         M:users
32        1440 8.0000 7.2800 2.4000 0.0000
32        1441 8.0000 5.6000 6.6933 0.0000
3         MOY
15        M:entropy_avail
36        155 323.0000 297.6050 79.9482 0.0000
12        M:mem_cached
39        155 2526.1133 2298.4965 696.2697 0.0000
16        M:io_writtendata
31        155 0.2939 0.2241 0.2132 0.0000
11        M:io_writes
34        155 16.0000 12.2500 11.5973 0.0000
13        M:postgres_in
31        155 1.0000 0.9100 0.3000 0.0000
6         M:cpu3
31        155 9.2585 6.6064 9.9586 0.0000
6         M:cpu2
31        155 1.2023 0.9735 0.7040 0.0000
6         M:cpu1
33        155 11.0003 7.8207 12.0038 0.0000
6         M:cpu0
31        155 5.6586 4.0823 5.7035 0.0000
5         M:cpu
31        155 8.5900 6.1378 9.1662 0.0000
8         M:syslog
38        155 1068.5000 778.2950 812.0638 0.0000
8         M:ssh_in
31        155 2.0000 1.8200 0.6000 0.0000
8         M:www_in
31        155 1.0000 0.9100 0.3000 0.0000
14        M:cfengine_out
31        155 5.0000 4.5500 1.5000 0.0000
13        M:cfengine_in
31        155 1.0000 0.9100 0.3000 0.0000
9         M:loadavg
31        155 0.2126 0.1705 0.1909 0.0000
10        M:diskfree
34        155 60.5000 55.0550 18.2248 0.0000
12        M:otherprocs
33        155 26.0000 23.6600 7.8000 0.0000
11        M:rootprocs
36        155 113.5000 103.3900 33.7037 0.0000
7         M:users
31        155 8.0000 7.2800 2.4000 0.0000
# send QUERY complete successful
