# delta from 1679719158 to 1679719219 at 1679719219
22        CFR: 0 1679719218 1966
3         PRD
56        DBReportCollectAll,0.128551,0.396027,0.373858,1679719159
60        Packing reports: delta,0.070106,0.152804,0.235496,1679719159
3         EXS
16        f,287,1679719097
3         MOM
15        M:entropy_avail
35        1495 58.0000 75.0400 56.8000 0.0000
12        M:mem_cached
40        1495 3715.8047 3381.2699 932.9730 0.0000
10        M:mem_free
38        1495 7827.2633 7827.2633 0.0000 0.0000
11        M:mem_total
40        1495 11072.0285 11072.0285 0.0000 0.0000
16        M:io_writtendata
32        1495 0.0879 0.1142 0.0878 0.0000
11        M:io_writes
32        1495 6.0000 7.1400 3.8000 0.0000
13        M:postgres_in
32        1495 1.0000 0.9100 0.3000 0.0000
6         M:cpu3
32        1495 1.4162 1.2645 0.5056 0.0000
6         M:cpu2
35        1495 19.5237 14.7430 13.5381 0.0000
6         M:cpu1
32        1495 3.5951 2.7343 2.4470 0.0000
6         M:cpu0
35        1495 27.8761 24.4293 11.4892 0.0000
5         M:cpu
34        1495 13.1062 10.7985 7.3472 0.0000
8         M:syslog
39        1495 167.0000 440.5100 1039.4810 0.0000
8         M:ssh_in
32        1495 2.0000 1.8200 0.6000 0.0000
8         M:www_in
32        1495 1.0000 0.9100 0.3000 0.0000
14        M:cfengine_out
32        1495 5.0000 4.5500 1.5000 0.0000
13        M:cfengine_in
32        1495 1.0000 0.9100 0.3000 0.0000
9         M:loadavg
32        1495 0.8120 0.5972 0.6023 0.0000
10        M:diskfree
35        1495 51.0000 46.4100 15.3000 0.0000
12        M:otherprocs
34        1495 26.0000 23.6600 7.8000 0.0000
11        M:rootprocs
37        1495 119.0000 107.6600 37.8000 0.0000
7         M:users
32        1495 8.0000 7.2800 2.4000 0.0000
3         MOY
15        M:entropy_avail
36        155 323.0000 297.6050 79.9482 0.0000
12        M:mem_cached
39        155 2526.1133 2298.4965 696.2697 0.0000
16        M:io_writtendata
31        155 0.2939 0.2241 0.2132 0.0000
11        M:io_writes
34        155 16.0000 12.2500 11.5973 0.0000
13        M:postgres_in
31        155 1.0000 0.9100 0.3000 0.0000
6         M:cpu3
31        155 9.2585 6.6064 9.9586 0.0000
6         M:cpu2
31        155 1.2023 0.9735 0.7040 0.0000
6         M:cpu1
33        155 11.0003 7.8207 12.0038 0.0000
6         M:cpu0
31        155 5.6586 4.0823 5.7035 0.0000
5         M:cpu
31        155 8.5900 6.1378 9.1662 0.0000
8         M:syslog
38        155 1068.5000 778.2950 812.0638 0.0000
8         M:ssh_in
31        155 2.0000 1.8200 0.6000 0.0000
8         M:www_in
31        155 1.0000 0.9100 0.3000 0.0000
14        M:cfengine_out
31        155 5.0000 4.5500 1.5000 0.0000
13        M:cfengine_in
31        155 1.0000 0.9100 0.3000 0.0000
9         M:loadavg
31        155 0.2126 0.1705 0.1909 0.0000
10        M:diskfree
34        155 60.5000 55.0550 18.2248 0.0000
12        M:otherprocs
33        155 26.0000 23.6600 7.8000 0.0000
11        M:rootprocs
36        155 113.5000 103.3900 33.7037 0.0000
7         M:users
31        155 8.0000 7.2800 2.4000 0.0000
# send QUERY complete successful
