# delta from 1679678358 to 1679678419 at 1679678419
22        CFR: 0 1679678418 1972
3         PRD
56        DBReportCollectAll,0.123006,0.336502,0.272643,1679678359
60        Packing reports: delta,0.024418,0.059625,0.049895,1679678359
3         EXS
16        f,288,1679678317
3         MOM
15        M:entropy_avail
36        1359 119.0000 86.0300 92.1417 0.0000
12        M:mem_cached
40        1359 3349.9258 3047.9649 842.1287 0.0000
10        M:mem_free
40        1359 11611.4492 10570.5983 0.0000 0.0000
11        M:mem_total
40        1359 15817.1836 14393.6371 0.0000 0.0000
16        M:io_writtendata
32        1359 0.2246 0.1837 0.1279 0.0000
11        M:io_writes
34        1359 14.0000 11.0600 8.6480 0.0000
13        M:postgres_in
32        1359 1.0000 0.9100 0.3000 0.0000
6         M:cpu3
32        1359 3.1376 2.3142 2.3107 0.0000
6         M:cpu2
35        1359 14.3984 10.2405 11.6012 0.0000
6         M:cpu1
32        1359 8.2038 5.9097 6.4084 0.0000
6         M:cpu0
35        1359 37.9433 26.7317 31.2698 0.0000
5         M:cpu
35        1359 15.9413 11.3131 12.9120 0.0000
8         M:syslog
39        1359 1181.0000 857.1500 905.6155 0.0000
8         M:ssh_in
32        1359 2.0000 1.8200 0.6000 0.0000
8         M:www_in
32        1359 2.0000 1.6100 1.1803 0.0000
14        M:cfengine_out
32        1359 5.0000 4.5500 1.5000 0.0000
13        M:cfengine_in
32        1359 1.0000 0.9100 0.3000 0.0000
9         M:loadavg
32        1359 0.4316 0.3130 0.3317 0.0000
10        M:diskfree
35        1359 55.0000 50.0500 16.5000 0.0000
12        M:otherprocs
34        1359 26.0000 23.6600 7.8000 0.0000
11        M:rootprocs
37        1359 114.0000 103.7400 34.2000 0.0000
7         M:users
32        1359 8.0000 7.2800 2.4000 0.0000
3         MOY
15        M:entropy_avail
36        155 323.0000 297.6050 79.9482 0.0000
12        M:mem_cached
39        155 2526.1133 2298.4965 696.2697 0.0000
16        M:io_writtendata
31        155 0.2939 0.2241 0.2132 0.0000
11        M:io_writes
34        155 16.0000 12.2500 11.5973 0.0000
13        M:postgres_in
31        155 1.0000 0.9100 0.3000 0.0000
6         M:cpu3
31        155 9.2585 6.6064 9.9586 0.0000
6         M:cpu2
31        155 1.2023 0.9735 0.7040 0.0000
6         M:cpu1
33        155 11.0003 7.8207 12.0038 0.0000
6         M:cpu0
31        155 5.6586 4.0823 5.7035 0.0000
5         M:cpu
31        155 8.5900 6.1378 9.1662 0.0000
8         M:syslog
38        155 1068.5000 778.2950 812.0638 0.0000
8         M:ssh_in
31        155 2.0000 1.8200 0.6000 0.0000
8         M:www_in
31        155 1.0000 0.9100 0.3000 0.0000
14        M:cfengine_out
31        155 5.0000 4.5500 1.5000 0.0000
13        M:cfengine_in
31        155 1.0000 0.9100 0.3000 0.0000
9         M:loadavg
31        155 0.2126 0.1705 0.1909 0.0000
10        M:diskfree
34        155 60.5000 55.0550 18.2248 0.0000
12        M:otherprocs
33        155 26.0000 23.6600 7.8000 0.0000
11        M:rootprocs
36        155 113.5000 103.3900 33.7037 0.0000
7         M:users
31        155 8.0000 7.2800 2.4000 0.0000
# send QUERY complete successful
