# delta from 1679704758 to 1679704819 at 1679704819
22        CFR: 0 1679704818 2844
3         PRD
56        DBReportCollectAll,0.035496,0.352567,0.364793,1679704759
60        Packing reports: delta,0.033661,0.126246,0.108368,1679704759
83        Sample(/proc/sys/kernel/random/entropy_avail),0.005274,0.002781,0.002859,1679704805
3         EXS
16        f,319,1679704731
3         MOM
15        M:entropy_avail
35        1447 52.0000 68.3200 54.4000 0.0000
38        1448 169.0000 118.3000 141.3955 0.0000
12        M:mem_cached
40        1447 3586.5000 3263.6527 900.3782 0.0000
38        1448 3588.9141 2512.2398 0.0000 0.0000
10        M:mem_free
40        1447 11249.8047 10247.6361 0.0000 0.0000
39        1448 11285.4492 7899.8145 0.0000 0.0000
11        M:mem_total
40        1447 15817.1836 14393.6371 0.0000 0.0000
40        1448 15817.1836 11072.0285 0.0000 0.0000
16        M:io_writtendata
32        1447 0.0781 0.1002 0.0736 0.0000
32        1448 0.4336 0.3035 0.3628 0.0000
11        M:io_writes
32        1447 6.0000 6.3000 1.0000 0.0000
35        1448 22.0000 15.4000 18.4065 0.0000
13        M:postgres_in
32        1447 1.0000 0.9100 0.3000 0.0000
32        1448 1.0000 0.7000 0.8367 0.0000
6         M:cpu3
32        1447 8.9780 6.5747 6.7323 0.0000
32        1448 1.5965 1.1176 1.3357 0.0000
6         M:cpu2
32        1447 0.9672 1.4159 1.4957 0.0000
35        1448 22.8762 16.0133 19.1396 0.0000
6         M:cpu1
32        1447 1.5298 1.2924 0.8199 0.0000
34        1448 11.9725 8.3807 10.0169 0.0000
6         M:cpu0
33        1447 1.1807 6.2487 18.4329 0.0000
35        1448 16.8803 11.8162 14.1230 0.0000
5         M:cpu
32        1447 3.1635 3.8814 2.3928 0.0000
34        1448 13.3372 9.3361 11.1587 0.0000
8         M:syslog
38        1447 167.0000 337.8200 569.4000 0.0000
38        1448 815.0000 570.5000 681.8779 0.0000
9         M:ssh_out
32        1447 5.0000 3.5000 4.1833 0.0000
8         M:ssh_in
32        1447 2.0000 1.8200 0.6000 0.0000
32        1448 2.0000 1.4000 1.6733 0.0000
8         M:www_in
32        1447 1.0000 0.9100 0.3000 0.0000
32        1448 2.0000 1.4000 1.6733 0.0000
14        M:cfengine_out
32        1447 6.0000 5.2500 2.5000 0.0000
32        1448 5.0000 3.5000 4.1833 0.0000
13        M:cfengine_in
32        1447 1.0000 0.9100 0.3000 0.0000
32        1448 1.0000 0.7000 0.8367 0.0000
9         M:loadavg
32        1447 0.2314 0.1908 0.1296 0.0000
32        1448 0.4980 0.3486 0.4167 0.0000
10        M:diskfree
35        1447 52.0000 47.3200 15.6000 0.0000
35        1448 52.0000 36.4000 43.5063 0.0000
12        M:otherprocs
34        1447 26.0000 23.6600 7.8000 0.0000
35        1448 26.0000 18.2000 21.7532 0.0000
11        M:rootprocs
37        1447 119.0000 107.8700 37.1000 0.0000
36        1448 116.0000 81.2000 97.0526 0.0000
7         M:users
32        1447 8.0000 7.2800 2.4000 0.0000
32        1448 8.0000 5.6000 6.6933 0.0000
3         MOY
15        M:entropy_avail
36        155 323.0000 297.6050 79.9482 0.0000
12        M:mem_cached
39        155 2526.1133 2298.4965 696.2697 0.0000
16        M:io_writtendata
31        155 0.2939 0.2241 0.2132 0.0000
11        M:io_writes
34        155 16.0000 12.2500 11.5973 0.0000
13        M:postgres_in
31        155 1.0000 0.9100 0.3000 0.0000
6         M:cpu3
31        155 9.2585 6.6064 9.9586 0.0000
6         M:cpu2
31        155 1.2023 0.9735 0.7040 0.0000
6         M:cpu1
33        155 11.0003 7.8207 12.0038 0.0000
6         M:cpu0
31        155 5.6586 4.0823 5.7035 0.0000
5         M:cpu
31        155 8.5900 6.1378 9.1662 0.0000
8         M:syslog
38        155 1068.5000 778.2950 812.0638 0.0000
8         M:ssh_in
31        155 2.0000 1.8200 0.6000 0.0000
8         M:www_in
31        155 1.0000 0.9100 0.3000 0.0000
14        M:cfengine_out
31        155 5.0000 4.5500 1.5000 0.0000
13        M:cfengine_in
31        155 1.0000 0.9100 0.3000 0.0000
9         M:loadavg
31        155 0.2126 0.1705 0.1909 0.0000
10        M:diskfree
34        155 60.5000 55.0550 18.2248 0.0000
12        M:otherprocs
33        155 26.0000 23.6600 7.8000 0.0000
11        M:rootprocs
36        155 113.5000 103.3900 33.7037 0.0000
7         M:users
31        155 8.0000 7.2800 2.4000 0.0000
# send QUERY complete successful
