# delta from 1679708059 to 1679708119 at 1679708119
22        CFR: 0 1679708118 2747
3         PRD
60        Packing reports: delta,0.041101,0.168037,0.186255,1679708060
83        Sample(/proc/sys/kernel/random/entropy_avail),0.005188,0.002691,0.003446,1679708111
3         EXS
16        f,278,1679707989
3         MOM
15        M:entropy_avail
35        1458 52.0000 68.7400 55.8000 0.0000
38        1459 157.0000 109.9000 131.3556 0.0000
12        M:mem_cached
40        1458 3614.3945 3289.0416 907.3660 0.0000
38        1459 3616.6172 2531.6320 0.0000 0.0000
10        M:mem_free
40        1458 11186.9141 10197.4677 0.0000 0.0000
39        1459 11263.1211 7884.1848 0.0000 0.0000
11        M:mem_total
40        1458 15817.1836 14393.6371 0.0000 0.0000
40        1459 15817.1836 11072.0285 0.0000 0.0000
16        M:io_writtendata
32        1458 0.0898 0.1072 0.0578 0.0000
32        1459 0.2363 0.1654 0.1977 0.0000
11        M:io_writes
32        1458 6.0000 6.3000 1.0000 0.0000
34        1459 12.0000 8.4000 10.0399 0.0000
13        M:postgres_in
32        1458 1.0000 0.9100 0.3000 0.0000
32        1459 1.0000 0.7000 0.8367 0.0000
6         M:cpu3
32        1458 5.5317 5.1750 1.1891 0.0000
35        1459 14.5789 10.2052 12.1976 0.0000
6         M:cpu2
33        1458 10.4880 7.5536 8.1969 0.0000
32        1459 2.9386 2.0570 2.4586 0.0000
6         M:cpu1
34        1458 6.1913 10.3793 13.9599 0.0000
32        1459 2.5834 1.8084 2.1615 0.0000
6         M:cpu0
35        1458 22.8362 16.3569 18.0881 0.0000
32        1459 0.9669 0.6768 0.8089 0.0000
5         M:cpu
33        1458 11.2739 9.8771 4.6558 0.0000
32        1459 5.2625 3.6838 4.4030 0.0000
8         M:syslog
38        1458 167.0000 388.4300 738.1000 0.0000
40        1459 1292.0000 904.4000 1080.9648 0.0000
8         M:ssh_in
32        1458 2.0000 1.8200 0.6000 0.0000
32        1459 2.0000 1.4000 1.6733 0.0000
8         M:www_in
32        1458 2.0000 1.6100 1.1803 0.0000
32        1459 1.0000 0.7000 0.8367 0.0000
14        M:cfengine_out
32        1458 5.0000 4.5500 1.5000 0.0000
32        1459 5.0000 3.5000 4.1833 0.0000
13        M:cfengine_in
32        1458 1.0000 0.9100 0.3000 0.0000
32        1459 1.0000 0.7000 0.8367 0.0000
9         M:loadavg
32        1458 0.6470 0.4871 0.4520 0.0000
32        1459 0.1035 0.0725 0.0866 0.0000
10        M:diskfree
35        1458 52.0000 47.3200 15.6000 0.0000
35        1459 52.0000 36.4000 43.5063 0.0000
12        M:otherprocs
34        1458 26.0000 23.6600 7.8000 0.0000
35        1459 26.0000 18.2000 21.7532 0.0000
11        M:rootprocs
37        1458 120.0000 108.5700 38.1000 0.0000
36        1459 116.0000 81.2000 97.0526 0.0000
7         M:users
32        1458 8.0000 7.2800 2.4000 0.0000
32        1459 8.0000 5.6000 6.6933 0.0000
3         MOY
15        M:entropy_avail
36        155 323.0000 297.6050 79.9482 0.0000
12        M:mem_cached
39        155 2526.1133 2298.4965 696.2697 0.0000
16        M:io_writtendata
31        155 0.2939 0.2241 0.2132 0.0000
11        M:io_writes
34        155 16.0000 12.2500 11.5973 0.0000
13        M:postgres_in
31        155 1.0000 0.9100 0.3000 0.0000
6         M:cpu3
31        155 9.2585 6.6064 9.9586 0.0000
6         M:cpu2
31        155 1.2023 0.9735 0.7040 0.0000
6         M:cpu1
33        155 11.0003 7.8207 12.0038 0.0000
6         M:cpu0
31        155 5.6586 4.0823 5.7035 0.0000
5         M:cpu
31        155 8.5900 6.1378 9.1662 0.0000
8         M:syslog
38        155 1068.5000 778.2950 812.0638 0.0000
8         M:ssh_in
31        155 2.0000 1.8200 0.6000 0.0000
8         M:www_in
31        155 1.0000 0.9100 0.3000 0.0000
14        M:cfengine_out
31        155 5.0000 4.5500 1.5000 0.0000
13        M:cfengine_in
31        155 1.0000 0.9100 0.3000 0.0000
9         M:loadavg
31        155 0.2126 0.1705 0.1909 0.0000
10        M:diskfree
34        155 60.5000 55.0550 18.2248 0.0000
12        M:otherprocs
33        155 26.0000 23.6600 7.8000 0.0000
11        M:rootprocs
36        155 113.5000 103.3900 33.7037 0.0000
7         M:users
31        155 8.0000 7.2800 2.4000 0.0000
# send QUERY complete successful
