# delta from 1679675178 to 1679675239 at 1679675239
22        CFR: 0 1679675238 2042
3         PRD
56        DBReportCollectAll,0.078804,0.350927,0.289641,1679675179
60        Packing reports: delta,0.068677,0.207349,0.198286,1679675179
83        Sample(/proc/sys/kernel/random/entropy_avail),0.005556,0.003087,0.002735,1679675202
3         EXS
16        f,287,1679674999
3         MOM
15        M:entropy_avail
35        1349 15.0000 10.5000 12.5499 0.0000
12        M:mem_cached
38        1349 3321.6875 2325.1812 0.0000 0.0000
10        M:mem_free
39        1349 11657.0820 8159.9574 0.0000 0.0000
11        M:mem_total
40        1349 15817.1836 11072.0285 0.0000 0.0000
16        M:io_writtendata
32        1349 0.2656 0.1859 0.2222 0.0000
11        M:io_writes
35        1349 16.0000 11.2000 13.3866 0.0000
13        M:postgres_in
32        1349 1.0000 0.7000 0.8367 0.0000
6         M:cpu3
32        1349 0.7547 0.5283 0.6314 0.0000
6         M:cpu2
32        1349 0.6277 0.4394 0.5252 0.0000
6         M:cpu1
32        1349 0.5603 0.3922 0.4687 0.0000
6         M:cpu0
32        1349 0.7214 0.5050 0.6036 0.0000
5         M:cpu
32        1349 0.6693 0.4685 0.5600 0.0000
8         M:syslog
38        1349 145.0000 101.5000 121.3157 0.0000
8         M:ssh_in
32        1349 2.0000 1.4000 1.6733 0.0000
8         M:www_in
32        1349 1.0000 0.7000 0.8367 0.0000
14        M:cfengine_out
32        1349 5.0000 3.5000 4.1833 0.0000
13        M:cfengine_in
32        1349 1.0000 0.7000 0.8367 0.0000
9         M:loadavg
32        1349 0.0288 0.0202 0.0241 0.0000
10        M:diskfree
35        1349 55.0000 38.5000 46.0163 0.0000
12        M:otherprocs
35        1349 26.0000 18.2000 21.7532 0.0000
11        M:rootprocs
36        1349 115.0000 80.5000 96.2159 0.0000
7         M:users
32        1349 8.0000 5.6000 6.6933 0.0000
3         MOY
15        M:entropy_avail
36        155 326.0000 300.0200 82.1068 0.0000
12        M:mem_cached
39        155 2518.4746 2291.5080 694.0815 0.0000
16        M:io_writtendata
31        155 0.2979 0.2256 0.2212 0.0000
11        M:io_writes
34        155 15.0000 11.3400 11.1825 0.0000
13        M:postgres_in
31        155 1.0000 0.9100 0.3000 0.0000
6         M:cpu3
31        155 1.6576 1.2887 1.1079 0.0000
6         M:cpu2
31        155 8.8769 6.3252 9.5975 0.0000
6         M:cpu1
31        155 4.0748 2.9834 3.8038 0.0000
6         M:cpu0
31        155 9.0086 6.4323 9.6344 0.0000
5         M:cpu
31        155 8.6523 6.1804 9.2437 0.0000
8         M:syslog
40        155 1432.0000 1032.7450 2103.9943 0.0000
8         M:ssh_in
31        155 2.0000 1.8200 0.6000 0.0000
8         M:www_in
31        155 1.0000 0.9100 0.3000 0.0000
14        M:cfengine_out
31        155 5.0000 4.5500 1.5000 0.0000
13        M:cfengine_in
31        155 1.0000 0.9100 0.3000 0.0000
9         M:loadavg
31        155 0.2974 0.2359 0.2689 0.0000
10        M:diskfree
34        155 60.5000 55.0550 18.2248 0.0000
12        M:otherprocs
33        155 26.0000 23.6600 7.8000 0.0000
11        M:rootprocs
36        155 114.0000 103.8450 33.8518 0.0000
7         M:users
31        155 8.0000 7.2800 2.4000 0.0000
# send QUERY complete successful
