# delta from 1679759664 to 1679759724 at 1679759724
22        CFR: 0 1679759723 1975
3         PRD
56        DBReportCollectAll,0.033809,0.311586,0.316706,1679759665
60        Packing reports: delta,0.025030,0.062651,0.060629,1679759665
3         EXS
16        f,287,1679759606
3         MOM
15        M:entropy_avail
37        1630 116.0000 125.7200 32.4000 0.0000
12        M:mem_cached
41        1630 4076.1367 3708.7848 1024.4954 0.0000
10        M:mem_free
39        1630 10749.6250 9784.5992 0.0000 0.0000
11        M:mem_total
40        1630 15817.1836 14393.6371 0.0000 0.0000
16        M:io_writtendata
32        1630 0.3945 0.2979 0.2736 0.0000
11        M:io_writes
35        1630 22.0000 16.2400 16.1681 0.0000
13        M:postgres_in
32        1630 1.0000 0.9100 0.3000 0.0000
6         M:cpu3
32        1630 8.8474 6.3081 7.0862 0.0000
6         M:cpu2
35        1630 14.1617 10.0927 11.3547 0.0000
6         M:cpu1
32        1630 1.9273 1.4681 1.3067 0.0000
6         M:cpu0
35        1630 38.5499 27.1124 31.8989 0.0000
5         M:cpu
35        1630 15.8815 11.2526 12.9128 0.0000
8         M:syslog
40        1630 6878.0000 4845.0500 121.3157 0.0000
8         M:ssh_in
32        1630 2.0000 1.8200 0.6000 0.0000
8         M:www_in
32        1630 1.0000 0.9100 0.3000 0.0000
14        M:cfengine_out
32        1630 5.0000 4.5500 1.5000 0.0000
13        M:cfengine_in
32        1630 1.0000 0.9100 0.3000 0.0000
9         M:loadavg
32        1630 0.3911 0.2837 0.3003 0.0000
10        M:diskfree
35        1630 47.0000 42.7700 14.1000 0.0000
12        M:otherprocs
34        1630 26.0000 23.6600 7.8000 0.0000
11        M:rootprocs
37        1630 116.0000 105.1400 36.2000 0.0000
7         M:users
32        1630 8.0000 7.2800 2.4000 0.0000
3         MOY
15        M:entropy_avail
36        155 323.0000 297.6050 79.9482 0.0000
12        M:mem_cached
39        155 2526.1133 2298.4965 696.2697 0.0000
16        M:io_writtendata
31        155 0.2939 0.2241 0.2132 0.0000
11        M:io_writes
34        155 16.0000 12.2500 11.5973 0.0000
13        M:postgres_in
31        155 1.0000 0.9100 0.3000 0.0000
6         M:cpu3
31        155 9.2585 6.6064 9.9586 0.0000
6         M:cpu2
31        155 1.2023 0.9735 0.7040 0.0000
6         M:cpu1
33        155 11.0003 7.8207 12.0038 0.0000
6         M:cpu0
31        155 5.6586 4.0823 5.7035 0.0000
5         M:cpu
31        155 8.5900 6.1378 9.1662 0.0000
8         M:syslog
38        155 1068.5000 778.2950 812.0638 0.0000
8         M:ssh_in
31        155 2.0000 1.8200 0.6000 0.0000
8         M:www_in
31        155 1.0000 0.9100 0.3000 0.0000
14        M:cfengine_out
31        155 5.0000 4.5500 1.5000 0.0000
13        M:cfengine_in
31        155 1.0000 0.9100 0.3000 0.0000
9         M:loadavg
31        155 0.2126 0.1705 0.1909 0.0000
10        M:diskfree
34        155 60.5000 55.0550 18.2248 0.0000
12        M:otherprocs
33        155 26.0000 23.6600 7.8000 0.0000
11        M:rootprocs
36        155 113.5000 103.3900 33.7037 0.0000
7         M:users
31        155 8.0000 7.2800 2.4000 0.0000
# send QUERY complete successful
