# delta from 1679759003 to 1679759064 at 1679759064
22        CFR: 0 1679759063 2057
3         PRD
56        DBReportCollectAll,0.065871,0.333248,0.308435,1679759004
60        Packing reports: delta,0.027632,0.076351,0.075237,1679759004
83        Sample(/proc/sys/kernel/random/entropy_avail),0.005239,0.002745,0.002407,1679759052
3         EXS
16        f,287,1679758998
3         MOM
15        M:entropy_avail
37        1628 115.0000 127.9600 43.2000 0.0000
12        M:mem_cached
41        1628 4071.0781 3704.1750 1023.2440 0.0000
10        M:mem_free
39        1628 10759.2227 9791.2938 0.0000 0.0000
11        M:mem_total
40        1628 15817.1836 14393.6371 0.0000 0.0000
16        M:io_writtendata
32        1628 0.2539 0.2302 0.0789 0.0000
11        M:io_writes
34        1628 14.0000 13.5800 1.4000 0.0000
13        M:postgres_in
32        1628 1.0000 0.9100 0.3000 0.0000
6         M:cpu3
35        1628 27.1646 19.1553 22.3390 0.0000
6         M:cpu2
32        1628 2.1224 1.6399 1.3871 0.0000
6         M:cpu1
35        1628 30.8078 21.6858 25.4413 0.0000
6         M:cpu0
32        1628 3.3931 2.5028 2.4985 0.0000
5         M:cpu
35        1628 15.8831 11.2537 12.9141 0.0000
8         M:syslog
40        1628 1315.0000 950.9500 1017.4590 0.0000
8         M:ssh_in
32        1628 2.0000 1.8200 0.6000 0.0000
8         M:www_in
32        1628 1.0000 0.9100 0.3000 0.0000
14        M:cfengine_out
32        1628 5.0000 4.5500 1.5000 0.0000
13        M:cfengine_in
32        1628 1.0000 0.9100 0.3000 0.0000
9         M:loadavg
32        1628 0.3647 0.2771 0.2491 0.0000
10        M:diskfree
35        1628 47.0000 42.7700 14.1000 0.0000
12        M:otherprocs
34        1628 26.0000 23.6600 7.8000 0.0000
11        M:rootprocs
37        1628 114.0000 103.7400 34.2000 0.0000
7         M:users
32        1628 8.0000 7.2800 2.4000 0.0000
3         MOY
15        M:entropy_avail
36        155 323.0000 297.6050 79.9482 0.0000
12        M:mem_cached
39        155 2526.1133 2298.4965 696.2697 0.0000
16        M:io_writtendata
31        155 0.2939 0.2241 0.2132 0.0000
11        M:io_writes
34        155 16.0000 12.2500 11.5973 0.0000
13        M:postgres_in
31        155 1.0000 0.9100 0.3000 0.0000
6         M:cpu3
31        155 9.2585 6.6064 9.9586 0.0000
6         M:cpu2
31        155 1.2023 0.9735 0.7040 0.0000
6         M:cpu1
33        155 11.0003 7.8207 12.0038 0.0000
6         M:cpu0
31        155 5.6586 4.0823 5.7035 0.0000
5         M:cpu
31        155 8.5900 6.1378 9.1662 0.0000
8         M:syslog
38        155 1068.5000 778.2950 812.0638 0.0000
8         M:ssh_in
31        155 2.0000 1.8200 0.6000 0.0000
8         M:www_in
31        155 1.0000 0.9100 0.3000 0.0000
14        M:cfengine_out
31        155 5.0000 4.5500 1.5000 0.0000
13        M:cfengine_in
31        155 1.0000 0.9100 0.3000 0.0000
9         M:loadavg
31        155 0.2126 0.1705 0.1909 0.0000
10        M:diskfree
34        155 60.5000 55.0550 18.2248 0.0000
12        M:otherprocs
33        155 26.0000 23.6600 7.8000 0.0000
11        M:rootprocs
36        155 113.5000 103.3900 33.7037 0.0000
7         M:users
31        155 8.0000 7.2800 2.4000 0.0000
# send QUERY complete successful
