# delta from 1679754443 to 1679754504 at 1679754504
22        CFR: 0 1679754503 1962
3         PRD
56        DBReportCollectAll,0.086484,0.329513,0.251952,1679754444
60        Packing reports: delta,0.072117,0.160066,0.099564,1679754444
3         EXS
16        f,277,1679754188
3         MOM
15        M:entropy_avail
38        1613 214.0000 149.8000 179.0452 0.0000
12        M:mem_cached
38        1613 4029.2930 2820.5051 0.0000 0.0000
10        M:mem_free
39        1613 10809.8516 7566.8961 0.0000 0.0000
11        M:mem_total
40        1613 15817.1836 11072.0285 0.0000 0.0000
16        M:io_writtendata
32        1613 0.2607 0.1825 0.2182 0.0000
11        M:io_writes
35        1613 18.0000 12.6000 15.0599 0.0000
13        M:postgres_in
32        1613 1.0000 0.7000 0.8367 0.0000
6         M:cpu3
32        1613 0.7080 0.4956 0.5923 0.0000
6         M:cpu2
32        1613 0.7344 0.5141 0.6144 0.0000
6         M:cpu1
32        1613 0.6608 0.4626 0.5529 0.0000
6         M:cpu0
32        1613 0.6678 0.4675 0.5587 0.0000
5         M:cpu
32        1613 0.6944 0.4861 0.5810 0.0000
8         M:syslog
38        1613 145.0000 101.5000 121.3157 0.0000
8         M:ssh_in
32        1613 2.0000 1.4000 1.6733 0.0000
8         M:www_in
32        1613 2.0000 1.4000 1.6733 0.0000
14        M:cfengine_out
32        1613 5.0000 3.5000 4.1833 0.0000
13        M:cfengine_in
32        1613 1.0000 0.7000 0.8367 0.0000
9         M:loadavg
32        1613 0.0840 0.0588 0.0703 0.0000
10        M:diskfree
35        1613 47.0000 32.9000 39.3230 0.0000
12        M:otherprocs
35        1613 26.0000 18.2000 21.7532 0.0000
11        M:rootprocs
36        1613 113.0000 79.1000 94.5426 0.0000
7         M:users
32        1613 8.0000 5.6000 6.6933 0.0000
3         MOY
15        M:entropy_avail
36        155 323.0000 297.6050 79.9482 0.0000
12        M:mem_cached
39        155 2526.1133 2298.4965 696.2697 0.0000
16        M:io_writtendata
31        155 0.2939 0.2241 0.2132 0.0000
11        M:io_writes
34        155 16.0000 12.2500 11.5973 0.0000
13        M:postgres_in
31        155 1.0000 0.9100 0.3000 0.0000
6         M:cpu3
31        155 9.2585 6.6064 9.9586 0.0000
6         M:cpu2
31        155 1.2023 0.9735 0.7040 0.0000
6         M:cpu1
33        155 11.0003 7.8207 12.0038 0.0000
6         M:cpu0
31        155 5.6586 4.0823 5.7035 0.0000
5         M:cpu
31        155 8.5900 6.1378 9.1662 0.0000
8         M:syslog
38        155 1068.5000 778.2950 812.0638 0.0000
8         M:ssh_in
31        155 2.0000 1.8200 0.6000 0.0000
8         M:www_in
31        155 1.0000 0.9100 0.3000 0.0000
14        M:cfengine_out
31        155 5.0000 4.5500 1.5000 0.0000
13        M:cfengine_in
31        155 1.0000 0.9100 0.3000 0.0000
9         M:loadavg
31        155 0.2126 0.1705 0.1909 0.0000
10        M:diskfree
34        155 60.5000 55.0550 18.2248 0.0000
12        M:otherprocs
33        155 26.0000 23.6600 7.8000 0.0000
11        M:rootprocs
36        155 113.5000 103.3900 33.7037 0.0000
7         M:users
31        155 8.0000 7.2800 2.4000 0.0000
# send QUERY complete successful
