# delta from 1679662218 to 1679662279 at 1679662279
22        CFR: 0 1679662278 2180
3         PRD
56        DBReportCollectAll,0.087728,0.489767,0.521300,1679662219
60        Packing reports: delta,0.051717,0.283328,0.303442,1679662219
83        Sample(/proc/sys/kernel/random/entropy_avail),0.005146,0.002648,0.002940,1679662277
3         EXS
16        f,314,1679662124
3         MOM
15        M:entropy_avail
40        1306 1326.0000 928.2000 1109.4112 0.0000
12        M:mem_cached
38        1306 3214.8594 2250.4016 0.0000 0.0000
10        M:mem_free
39        1306 11795.1875 8256.6313 0.0000 0.0000
11        M:mem_total
40        1306 15817.1836 11072.0285 0.0000 0.0000
16        M:io_writtendata
32        1306 0.1816 0.1271 0.1520 0.0000
11        M:io_writes
32        1306 8.0000 5.6000 6.6933 0.0000
13        M:postgres_in
32        1306 1.0000 0.7000 0.8367 0.0000
6         M:cpu3
32        1306 1.5051 1.0536 1.2593 0.0000
6         M:cpu2
32        1306 1.5237 1.0666 1.2748 0.0000
6         M:cpu1
32        1306 1.2084 0.8459 1.0111 0.0000
6         M:cpu0
32        1306 1.2424 0.8697 1.0395 0.0000
5         M:cpu
32        1306 1.3731 0.9612 1.1488 0.0000
8         M:syslog
38        1306 145.0000 101.5000 121.3157 0.0000
8         M:ssh_in
32        1306 2.0000 1.4000 1.6733 0.0000
8         M:www_in
32        1306 1.0000 0.7000 0.8367 0.0000
14        M:cfengine_out
32        1306 5.0000 3.5000 4.1833 0.0000
13        M:cfengine_in
32        1306 1.0000 0.7000 0.8367 0.0000
9         M:loadavg
32        1306 0.1309 0.0916 0.1095 0.0000
10        M:diskfree
35        1306 56.0000 39.2000 46.8530 0.0000
12        M:otherprocs
35        1306 27.0000 18.9000 22.5898 0.0000
11        M:rootprocs
36        1306 114.0000 79.8000 95.3792 0.0000
7         M:users
32        1306 8.0000 5.6000 6.6933 0.0000
3         MOY
15        M:entropy_avail
37        155 956.5000 899.2900 239.3838 0.0000
12        M:mem_cached
39        155 2444.9004 2224.7170 671.4100 0.0000
16        M:io_writtendata
31        155 0.9365 0.9361 0.1306 0.0000
13        M:io_readdata
31        155 0.0034 0.0237 0.1037 0.0000
11        M:io_writes
33        155 24.0000 21.8400 6.7634 0.0000
13        M:postgres_in
31        155 1.0000 0.9100 0.3000 0.0000
6         M:cpu3
34        155 22.3530 19.4789 12.9401 0.0000
6         M:cpu2
33        155 8.1117 10.9255 13.8492 0.0000
6         M:cpu1
34        155 30.9730 26.0574 23.0851 0.0000
6         M:cpu0
33        155 8.7018 11.4627 13.6796 0.0000
5         M:cpu
33        155 17.5788 17.0119 2.1176 0.0000
8         M:syslog
40        155 5028.4671 4634.2920 7134.1788 0.0000
9         M:ssh_out
31        155 4.5000 3.6750 3.6349 0.0000
8         M:ssh_in
31        155 3.0000 2.6250 1.5455 0.0000
9         M:www_out
31        155 1.0000 0.7000 1.1832 0.0000
8         M:www_in
31        155 1.0000 0.9100 0.3000 0.0000
14        M:cfengine_out
31        155 5.0000 4.5500 1.5000 0.0000
13        M:cfengine_in
31        155 1.0000 0.9100 0.3000 0.0000
9         M:loadavg
31        155 0.7024 0.5940 0.5291 0.0000
10        M:diskfree
34        155 61.0000 55.5100 18.3614 0.0000
12        M:otherprocs
33        155 28.5000 25.8300 8.9677 0.0000
11        M:rootprocs
36        155 117.5000 113.3300 24.6028 0.0000
7         M:users
31        155 8.5000 7.7350 2.5544 0.0000
# send QUERY complete successful
