# delta from 1679669658 to 1679669719 at 1679669719
22        CFR: 0 1679669718 1972
3         PRD
56        DBReportCollectAll,0.162723,0.466916,0.395030,1679669659
60        Packing reports: delta,0.142047,0.187869,0.140093,1679669659
3         EXS
16        f,321,1679669643
3         MOM
15        M:entropy_avail
37        1330 131.0000 93.3800 104.9812 0.0000
12        M:mem_cached
40        1330 3283.9180 2988.2423 824.6000 0.0000
10        M:mem_free
40        1330 11567.4453 10557.8588 0.0000 0.0000
11        M:mem_total
40        1330 15817.1836 14393.6371 0.0000 0.0000
16        M:io_writtendata
32        1330 0.3242 0.2442 0.2264 0.0000
11        M:io_writes
35        1330 16.0000 12.4600 10.2483 0.0000
13        M:postgres_in
32        1330 1.0000 0.9100 0.3000 0.0000
6         M:cpu3
33        1330 12.2618 8.8026 9.6592 0.0000
6         M:cpu2
34        1330 13.7519 9.7723 11.1031 0.0000
6         M:cpu1
34        1330 12.7792 9.0703 10.3474 0.0000
6         M:cpu0
35        1330 26.7677 18.8847 21.9872 0.0000
5         M:cpu
35        1330 16.3936 11.6348 13.2762 0.0000
8         M:syslog
38        1330 646.0000 704.6200 195.4000 0.0000
8         M:ssh_in
32        1330 2.0000 1.8200 0.6000 0.0000
8         M:www_in
32        1330 1.0000 0.9100 0.3000 0.0000
14        M:cfengine_out
32        1330 5.0000 4.5500 1.5000 0.0000
13        M:cfengine_in
32        1330 1.0000 0.9100 0.3000 0.0000
9         M:loadavg
32        1330 0.8013 0.5715 0.6413 0.0000
10        M:diskfree
35        1330 55.0000 50.0500 16.5000 0.0000
12        M:otherprocs
34        1330 27.0000 24.3600 8.8000 0.0000
11        M:rootprocs
37        1330 119.0000 107.4500 38.5000 0.0000
7         M:users
32        1330 8.0000 7.2800 2.4000 0.0000
3         MOY
15        M:entropy_avail
36        155 423.0000 416.4300 32.5641 0.0000
12        M:mem_cached
39        155 2484.3203 2260.4222 683.7891 0.0000
16        M:io_writtendata
31        155 0.2417 0.1846 0.1679 0.0000
11        M:io_writes
32        155 13.0000 9.9400 9.0823 0.0000
13        M:postgres_in
31        155 1.0000 0.9100 0.3000 0.0000
6         M:cpu3
31        155 1.9659 1.4981 1.4496 0.0000
6         M:cpu2
31        155 6.8025 4.8838 7.1072 0.0000
6         M:cpu1
31        155 2.1684 1.6356 1.6646 0.0000
6         M:cpu0
33        155 10.6045 7.5325 11.5855 0.0000
5         M:cpu
31        155 8.6535 6.1752 9.2683 0.0000
8         M:syslog
37        155 923.0000 676.4450 700.5598 0.0000
8         M:ssh_in
31        155 2.0000 1.8200 0.6000 0.0000
8         M:www_in
31        155 1.0000 1.0150 0.3536 0.0000
14        M:cfengine_out
31        155 5.0000 4.5500 1.5000 0.0000
13        M:cfengine_in
31        155 1.0000 0.9100 0.3000 0.0000
9         M:loadavg
31        155 0.4209 0.3099 0.4592 0.0000
10        M:diskfree
34        155 61.0000 55.5100 18.3614 0.0000
12        M:otherprocs
33        155 26.0000 23.6600 7.8000 0.0000
11        M:rootprocs
36        155 116.0000 105.1400 36.2552 0.0000
7         M:users
31        155 8.0000 7.2800 2.4000 0.0000
# send QUERY complete successful
