# delta from 1679750362 to 1679750423 at 1679750423
22        CFR: 0 1679750422 1978
3         PRD
57        DBReportCollectAll,16.665690,3.860967,1.300135,1679750363
60        Packing reports: delta,0.053541,0.136970,0.195296,1679750363
3         EXS
16        f,317,1679750323
3         MOM
15        M:entropy_avail
37        1599 102.0000 112.7700 35.9000 0.0000
12        M:mem_cached
41        1599 3987.0781 3627.7604 1002.0893 0.0000
10        M:mem_free
40        1599 8793.9211 8437.9346 992.7991 0.0000
11        M:mem_total
40        1599 11072.0285 11072.0285 0.0000 0.0000
16        M:io_writtendata
32        1599 0.2812 0.2102 0.2003 0.0000
11        M:io_writes
35        1599 18.0000 13.4400 12.8487 0.0000
13        M:postgres_in
32        1599 1.0000 0.9100 0.3000 0.0000
6         M:cpu3
32        1599 2.0701 1.5751 1.4075 0.0000
6         M:cpu2
35        1599 21.0442 14.8527 17.2694 0.0000
6         M:cpu1
32        1599 1.5984 1.2365 1.0416 0.0000
6         M:cpu0
35        1599 38.7652 27.2503 32.1143 0.0000
5         M:cpu
35        1599 15.8970 11.2479 12.9683 0.0000
8         M:syslog
41        1599 2013.4587 1483.7611 1486.1366 0.0000
8         M:ssh_in
32        1599 2.0000 1.8200 0.6000 0.0000
8         M:www_in
32        1599 1.0000 0.9100 0.3000 0.0000
14        M:cfengine_out
32        1599 5.0000 4.5500 1.5000 0.0000
13        M:cfengine_in
32        1599 1.0000 0.9100 0.3000 0.0000
9         M:loadavg
32        1599 0.5918 0.4205 0.4779 0.0000
10        M:diskfree
35        1599 48.0000 43.6800 14.4000 0.0000
12        M:otherprocs
34        1599 27.0000 24.3600 8.8000 0.0000
11        M:rootprocs
37        1599 115.0000 104.4400 35.2000 0.0000
7         M:users
32        1599 8.0000 7.2800 2.4000 0.0000
3         MOY
15        M:entropy_avail
36        155 323.0000 297.6050 79.9482 0.0000
12        M:mem_cached
39        155 2526.1133 2298.4965 696.2697 0.0000
16        M:io_writtendata
31        155 0.2939 0.2241 0.2132 0.0000
11        M:io_writes
34        155 16.0000 12.2500 11.5973 0.0000
13        M:postgres_in
31        155 1.0000 0.9100 0.3000 0.0000
6         M:cpu3
31        155 9.2585 6.6064 9.9586 0.0000
6         M:cpu2
31        155 1.2023 0.9735 0.7040 0.0000
6         M:cpu1
33        155 11.0003 7.8207 12.0038 0.0000
6         M:cpu0
31        155 5.6586 4.0823 5.7035 0.0000
5         M:cpu
31        155 8.5900 6.1378 9.1662 0.0000
8         M:syslog
38        155 1068.5000 778.2950 812.0638 0.0000
8         M:ssh_in
31        155 2.0000 1.8200 0.6000 0.0000
8         M:www_in
31        155 1.0000 0.9100 0.3000 0.0000
14        M:cfengine_out
31        155 5.0000 4.5500 1.5000 0.0000
13        M:cfengine_in
31        155 1.0000 0.9100 0.3000 0.0000
9         M:loadavg
31        155 0.2126 0.1705 0.1909 0.0000
10        M:diskfree
34        155 60.5000 55.0550 18.2248 0.0000
12        M:otherprocs
33        155 26.0000 23.6600 7.8000 0.0000
11        M:rootprocs
36        155 113.5000 103.3900 33.7037 0.0000
7         M:users
31        155 8.0000 7.2800 2.4000 0.0000
# send QUERY complete successful
