# delta from 1679713158 to 1679713219 at 1679713219
22        CFR: 0 1679713218 2005
3         PRD
56        DBReportCollectAll,0.060682,0.341866,0.335644,1679713159
60        Packing reports: delta,0.038347,0.092061,0.072807,1679713159
3         EXS
16        f,319,1679713131
3         MOM
15        M:entropy_avail
35        1475 58.0000 76.7200 62.4000 0.0000
12        M:mem_cached
40        1475 3664.0430 3334.2299 919.8048 0.0000
10        M:mem_free
40        1475 11182.1836 10189.0163 0.0000 0.0000
11        M:mem_total
40        1475 15817.1836 14393.6371 0.0000 0.0000
16        M:io_writtendata
32        1475 0.1592 0.2152 0.1867 0.0000
11        M:io_writes
34        1475 12.0000 13.4400 4.8000 0.0000
13        M:postgres_in
32        1475 1.0000 0.9100 0.3000 0.0000
6         M:cpu3
34        1475 13.6421 9.8848 10.5043 0.0000
6         M:cpu2
32        1475 0.9010 0.8383 0.2088 0.0000
6         M:cpu1
32        1475 5.2973 7.4034 7.0205 0.0000
6         M:cpu0
32        1475 2.4633 1.9543 1.5056 0.0000
5         M:cpu
32        1475 5.5699 5.0168 1.8439 0.0000
8         M:syslog
39        1475 167.0000 489.4400 1212.2386 0.0000
9         M:ssh_out
32        1475 5.0000 3.5000 4.1833 0.0000
8         M:ssh_in
32        1475 2.0000 1.8200 0.6000 0.0000
8         M:www_in
32        1475 1.0000 1.1200 0.4000 0.0000
14        M:cfengine_out
32        1475 6.0000 6.3000 1.0000 0.0000
13        M:cfengine_in
32        1475 1.0000 0.9100 0.3000 0.0000
9         M:loadavg
32        1475 0.4185 0.3198 0.2814 0.0000
10        M:diskfree
35        1475 51.0000 46.4100 15.3000 0.0000
12        M:otherprocs
34        1475 26.0000 23.6600 7.8000 0.0000
11        M:rootprocs
37        1475 118.0000 106.5400 38.2000 0.0000
7         M:users
32        1475 8.0000 7.2800 2.4000 0.0000
3         MOY
15        M:entropy_avail
36        155 323.0000 297.6050 79.9482 0.0000
12        M:mem_cached
39        155 2526.1133 2298.4965 696.2697 0.0000
16        M:io_writtendata
31        155 0.2939 0.2241 0.2132 0.0000
11        M:io_writes
34        155 16.0000 12.2500 11.5973 0.0000
13        M:postgres_in
31        155 1.0000 0.9100 0.3000 0.0000
6         M:cpu3
31        155 9.2585 6.6064 9.9586 0.0000
6         M:cpu2
31        155 1.2023 0.9735 0.7040 0.0000
6         M:cpu1
33        155 11.0003 7.8207 12.0038 0.0000
6         M:cpu0
31        155 5.6586 4.0823 5.7035 0.0000
5         M:cpu
31        155 8.5900 6.1378 9.1662 0.0000
8         M:syslog
38        155 1068.5000 778.2950 812.0638 0.0000
8         M:ssh_in
31        155 2.0000 1.8200 0.6000 0.0000
8         M:www_in
31        155 1.0000 0.9100 0.3000 0.0000
14        M:cfengine_out
31        155 5.0000 4.5500 1.5000 0.0000
13        M:cfengine_in
31        155 1.0000 0.9100 0.3000 0.0000
9         M:loadavg
31        155 0.2126 0.1705 0.1909 0.0000
10        M:diskfree
34        155 60.5000 55.0550 18.2248 0.0000
12        M:otherprocs
33        155 26.0000 23.6600 7.8000 0.0000
11        M:rootprocs
36        155 113.5000 103.3900 33.7037 0.0000
7         M:users
31        155 8.0000 7.2800 2.4000 0.0000
# send QUERY complete successful
