# delta from 1679729958 to 1679730019 at 1679730019
22        CFR: 0 1679730018 2002
3         PRD
56        DBReportCollectAll,0.031829,0.330811,0.328497,1679729959
60        Packing reports: delta,0.029207,0.085303,0.078568,1679729959
3         EXS
16        f,319,1679729931
3         MOM
15        M:entropy_avail
35        1531 87.0000 96.8100 32.7000 0.0000
12        M:mem_cached
40        1531 3809.5117 3466.5859 956.3743 0.0000
10        M:mem_free
38        1531 7758.4773 7758.4773 0.0000 0.0000
11        M:mem_total
40        1531 11072.0285 11072.0285 0.0000 0.0000
16        M:io_writtendata
32        1531 0.1338 0.1170 0.0559 0.0000
11        M:io_writes
32        1531 8.0000 7.2800 2.4000 0.0000
13        M:postgres_in
32        1531 1.0000 0.9100 0.3000 0.0000
6         M:cpu3
32        1531 2.0535 1.5313 1.4708 0.0000
6         M:cpu2
33        1531 11.6778 8.2852 9.4646 0.0000
6         M:cpu1
32        1531 5.3633 3.8551 4.2119 0.0000
6         M:cpu0
35        1531 24.0184 16.9137 19.8153 0.0000
5         M:cpu
33        1531 10.7790 7.6475 8.7361 0.0000
8         M:syslog
37        1531 167.0000 147.3500 65.5000 0.0000
9         M:ssh_out
32        1531 5.0000 3.5000 4.1833 0.0000
8         M:ssh_in
32        1531 2.0000 1.8200 0.6000 0.0000
8         M:www_in
32        1531 1.0000 0.9100 0.3000 0.0000
14        M:cfengine_out
32        1531 6.0000 5.2500 2.5000 0.0000
13        M:cfengine_in
32        1531 1.0000 0.9100 0.3000 0.0000
9         M:loadavg
32        1531 0.7144 0.5136 0.5607 0.0000
10        M:diskfree
35        1531 50.0000 45.5000 15.0000 0.0000
12        M:otherprocs
34        1531 26.0000 23.6600 7.8000 0.0000
11        M:rootprocs
37        1531 117.0000 105.6300 37.9000 0.0000
7         M:users
32        1531 8.0000 7.2800 2.4000 0.0000
3         MOY
15        M:entropy_avail
36        155 323.0000 297.6050 79.9482 0.0000
12        M:mem_cached
39        155 2526.1133 2298.4965 696.2697 0.0000
16        M:io_writtendata
31        155 0.2939 0.2241 0.2132 0.0000
11        M:io_writes
34        155 16.0000 12.2500 11.5973 0.0000
13        M:postgres_in
31        155 1.0000 0.9100 0.3000 0.0000
6         M:cpu3
31        155 9.2585 6.6064 9.9586 0.0000
6         M:cpu2
31        155 1.2023 0.9735 0.7040 0.0000
6         M:cpu1
33        155 11.0003 7.8207 12.0038 0.0000
6         M:cpu0
31        155 5.6586 4.0823 5.7035 0.0000
5         M:cpu
31        155 8.5900 6.1378 9.1662 0.0000
8         M:syslog
38        155 1068.5000 778.2950 812.0638 0.0000
8         M:ssh_in
31        155 2.0000 1.8200 0.6000 0.0000
8         M:www_in
31        155 1.0000 0.9100 0.3000 0.0000
14        M:cfengine_out
31        155 5.0000 4.5500 1.5000 0.0000
13        M:cfengine_in
31        155 1.0000 0.9100 0.3000 0.0000
9         M:loadavg
31        155 0.2126 0.1705 0.1909 0.0000
10        M:diskfree
34        155 60.5000 55.0550 18.2248 0.0000
12        M:otherprocs
33        155 26.0000 23.6600 7.8000 0.0000
11        M:rootprocs
36        155 113.5000 103.3900 33.7037 0.0000
7         M:users
31        155 8.0000 7.2800 2.4000 0.0000
# send QUERY complete successful
