# delta from 1679695758 to 1679695819 at 1679695819
22        CFR: 0 1679695818 2093
3         PRD
56        DBReportCollectAll,0.079974,0.352565,0.437410,1679695759
60        Packing reports: delta,0.029647,0.087893,0.084031,1679695759
83        Sample(/proc/sys/kernel/random/entropy_avail),0.005696,0.003244,0.001943,1679695790
3         EXS
16        f,321,1679695730
3         MOM
15        M:entropy_avail
38        1417 160.0000 119.9800 112.9608 0.0000
12        M:mem_cached
40        1417 3503.0039 3187.2446 880.6105 0.0000
10        M:mem_free
38        1417 7984.7059 7984.7059 0.0000 0.0000
11        M:mem_total
40        1417 11072.0285 11072.0285 0.0000 0.0000
16        M:io_writtendata
32        1417 0.4209 0.3059 0.3216 0.0000
11        M:io_writes
35        1417 22.0000 16.2400 16.1681 0.0000
13        M:postgres_in
32        1417 1.0000 0.9100 0.3000 0.0000
6         M:cpu3
33        1417 11.7706 8.9267 8.0719 0.0000
6         M:cpu2
32        1417 2.3088 1.7100 1.6824 0.0000
6         M:cpu1
33        1417 10.9918 8.2377 7.7719 0.0000
6         M:cpu0
32        1417 3.7702 2.7721 2.7985 0.0000
5         M:cpu
35        1417 15.0704 10.9140 11.6188 0.0000
8         M:syslog
39        1417 1076.0000 783.6500 818.0284 0.0000
9         M:ssh_out
32        1417 0.0000 1.0500 3.7182 0.0000
8         M:ssh_in
32        1417 2.0000 1.8200 0.6000 0.0000
8         M:www_in
32        1417 1.0000 0.9100 0.3000 0.0000
14        M:cfengine_out
32        1417 5.0000 4.7600 0.8000 0.0000
13        M:cfengine_in
32        1417 1.0000 0.9100 0.3000 0.0000
9         M:loadavg
32        1417 0.2915 0.2229 0.1957 0.0000
10        M:diskfree
35        1417 53.0000 48.2300 15.9000 0.0000
12        M:otherprocs
34        1417 26.0000 23.6600 7.8000 0.0000
11        M:rootprocs
37        1417 115.0000 105.2800 32.4000 0.0000
7         M:users
32        1417 8.0000 7.2800 2.4000 0.0000
3         MOY
15        M:entropy_avail
36        155 323.0000 297.6050 79.9482 0.0000
12        M:mem_cached
39        155 2526.1133 2298.4965 696.2697 0.0000
16        M:io_writtendata
31        155 0.2939 0.2241 0.2132 0.0000
11        M:io_writes
34        155 16.0000 12.2500 11.5973 0.0000
13        M:postgres_in
31        155 1.0000 0.9100 0.3000 0.0000
6         M:cpu3
31        155 9.2585 6.6064 9.9586 0.0000
6         M:cpu2
31        155 1.2023 0.9735 0.7040 0.0000
6         M:cpu1
33        155 11.0003 7.8207 12.0038 0.0000
6         M:cpu0
31        155 5.6586 4.0823 5.7035 0.0000
5         M:cpu
31        155 8.5900 6.1378 9.1662 0.0000
8         M:syslog
38        155 1068.5000 778.2950 812.0638 0.0000
8         M:ssh_in
31        155 2.0000 1.8200 0.6000 0.0000
8         M:www_in
31        155 1.0000 0.9100 0.3000 0.0000
14        M:cfengine_out
31        155 5.0000 4.5500 1.5000 0.0000
13        M:cfengine_in
31        155 1.0000 0.9100 0.3000 0.0000
9         M:loadavg
31        155 0.2126 0.1705 0.1909 0.0000
10        M:diskfree
34        155 60.5000 55.0550 18.2248 0.0000
12        M:otherprocs
33        155 26.0000 23.6600 7.8000 0.0000
11        M:rootprocs
36        155 113.5000 103.3900 33.7037 0.0000
7         M:users
31        155 8.0000 7.2800 2.4000 0.0000
# send QUERY complete successful
