# delta from 1679758163 to 1679758224 at 1679758224
22        CFR: 0 1679758223 1973
3         PRD
56        DBReportCollectAll,0.054779,0.381314,0.402010,1679758164
60        Packing reports: delta,0.052126,0.189713,0.149307,1679758164
3         EXS
16        f,289,1679758116
3         MOM
15        M:entropy_avail
37        1625 112.0000 125.2300 44.1000 0.0000
12        M:mem_cached
41        1625 4063.3633 3697.1717 1021.2596 0.0000
10        M:mem_free
39        1625 10763.3789 9796.8724 0.0000 0.0000
11        M:mem_total
40        1625 15817.1836 14393.6371 0.0000 0.0000
16        M:io_writtendata
32        1625 0.3262 0.2900 0.1204 0.0000
11        M:io_writes
34        1625 18.0000 15.9600 6.8000 0.0000
13        M:postgres_in
32        1625 1.0000 0.9100 0.3000 0.0000
6         M:cpu3
35        1625 26.4303 18.6568 21.6821 0.0000
6         M:cpu2
32        1625 4.6012 3.3682 3.4536 0.0000
6         M:cpu1
35        1625 30.8383 21.7605 25.3196 0.0000
6         M:cpu0
32        1625 1.6249 1.2651 1.0413 0.0000
5         M:cpu
35        1625 15.8733 11.2624 12.8634 0.0000
8         M:syslog
39        1625 1083.0000 788.5500 823.8658 0.0000
8         M:ssh_in
32        1625 2.0000 1.8200 0.6000 0.0000
8         M:www_in
32        1625 1.0000 0.9100 0.3000 0.0000
14        M:cfengine_out
32        1625 5.0000 4.5500 1.5000 0.0000
13        M:cfengine_in
32        1625 1.0000 0.9100 0.3000 0.0000
9         M:loadavg
32        1625 0.5830 0.4187 0.4589 0.0000
10        M:diskfree
35        1625 47.0000 42.7700 14.1000 0.0000
12        M:otherprocs
34        1625 26.0000 23.6600 7.8000 0.0000
11        M:rootprocs
37        1625 114.0000 103.7400 34.2000 0.0000
7         M:users
32        1625 8.0000 7.2800 2.4000 0.0000
3         MOY
15        M:entropy_avail
36        155 323.0000 297.6050 79.9482 0.0000
12        M:mem_cached
39        155 2526.1133 2298.4965 696.2697 0.0000
16        M:io_writtendata
31        155 0.2939 0.2241 0.2132 0.0000
11        M:io_writes
34        155 16.0000 12.2500 11.5973 0.0000
13        M:postgres_in
31        155 1.0000 0.9100 0.3000 0.0000
6         M:cpu3
31        155 9.2585 6.6064 9.9586 0.0000
6         M:cpu2
31        155 1.2023 0.9735 0.7040 0.0000
6         M:cpu1
33        155 11.0003 7.8207 12.0038 0.0000
6         M:cpu0
31        155 5.6586 4.0823 5.7035 0.0000
5         M:cpu
31        155 8.5900 6.1378 9.1662 0.0000
8         M:syslog
38        155 1068.5000 778.2950 812.0638 0.0000
8         M:ssh_in
31        155 2.0000 1.8200 0.6000 0.0000
8         M:www_in
31        155 1.0000 0.9100 0.3000 0.0000
14        M:cfengine_out
31        155 5.0000 4.5500 1.5000 0.0000
13        M:cfengine_in
31        155 1.0000 0.9100 0.3000 0.0000
9         M:loadavg
31        155 0.2126 0.1705 0.1909 0.0000
10        M:diskfree
34        155 60.5000 55.0550 18.2248 0.0000
12        M:otherprocs
33        155 26.0000 23.6600 7.8000 0.0000
11        M:rootprocs
36        155 113.5000 103.3900 33.7037 0.0000
7         M:users
31        155 8.0000 7.2800 2.4000 0.0000
# send QUERY complete successful
