# delta from 1679673918 to 1679673979 at 1679673979
21        CFR: 0 1679673978 991
3         PRD
56        DBReportCollectAll,0.048119,0.336288,0.348201,1679673919
60        Packing reports: delta,0.054522,0.172082,0.227614,1679673919
3         EXS
16        f,320,1679673841
3         MOY
15        M:entropy_avail
36        155 311.5000 288.7150 70.5984 0.0000
12        M:mem_cached
39        155 2500.4707 2275.1462 688.5663 0.0000
16        M:io_writtendata
31        155 0.2676 0.2020 0.1967 0.0000
11        M:io_writes
34        155 14.0000 10.6400 10.1177 0.0000
13        M:postgres_in
31        155 1.0000 0.9100 0.3000 0.0000
6         M:cpu3
31        155 5.6157 4.0684 5.6166 0.0000
6         M:cpu2
31        155 6.9570 5.0045 7.2414 0.0000
6         M:cpu1
31        155 4.6086 3.3564 4.4307 0.0000
6         M:cpu0
31        155 8.9643 6.3865 9.6397 0.0000
5         M:cpu
31        155 8.5530 6.1152 9.1097 0.0000
8         M:syslog
39        155 1188.0000 861.9450 1774.3258 0.0000
8         M:ssh_in
31        155 2.0000 1.8200 0.6000 0.0000
8         M:www_in
31        155 1.0000 0.9100 0.3000 0.0000
14        M:cfengine_out
31        155 5.0000 4.5500 1.5000 0.0000
13        M:cfengine_in
31        155 1.0000 0.9100 0.3000 0.0000
9         M:loadavg
31        155 0.3083 0.2329 0.3196 0.0000
10        M:diskfree
34        155 60.5000 55.0550 18.2248 0.0000
12        M:otherprocs
33        155 26.0000 23.6600 7.8000 0.0000
11        M:rootprocs
36        155 114.5000 103.9850 35.0603 0.0000
7         M:users
31        155 8.0000 7.2800 2.4000 0.0000
# send QUERY complete successful
