# delta from 1679744658 to 1679744719 at 1679744719
22        CFR: 0 1679744718 1969
3         PRD
56        DBReportCollectAll,0.067900,0.327351,0.327508,1679744659
60        Packing reports: delta,0.027478,0.075503,0.059694,1679744659
3         EXS
16        f,319,1679744631
3         MOM
15        M:entropy_avail
36        1580 90.0000 107.5200 58.4000 0.0000
12        M:mem_cached
40        1580 3936.8164 3582.3717 988.4991 0.0000
10        M:mem_free
42        1580 10793.7031 9846.7135 2641.0278 0.0000
11        M:mem_total
40        1580 15817.1836 14393.6371 0.0000 0.0000
16        M:io_writtendata
32        1580 0.1875 0.1915 0.0135 0.0000
11        M:io_writes
34        1580 12.0000 11.7600 0.8000 0.0000
13        M:postgres_in
32        1580 1.0000 0.9100 0.3000 0.0000
6         M:cpu3
32        1580 9.6692 6.8778 7.7887 0.0000
6         M:cpu2
32        1580 1.6046 1.2747 0.9776 0.0000
6         M:cpu1
35        1580 43.2654 30.4021 35.8749 0.0000
6         M:cpu0
32        1580 4.7667 3.4683 3.6324 0.0000
5         M:cpu
35        1580 14.8443 10.5172 12.0710 0.0000
8         M:syslog
37        1580 167.0000 147.3500 65.5000 0.0000
8         M:ssh_in
32        1580 2.0000 1.8200 0.6000 0.0000
8         M:www_in
32        1580 1.0000 1.1200 0.4000 0.0000
14        M:cfengine_out
32        1580 5.0000 4.5500 1.5000 0.0000
13        M:cfengine_in
32        1580 1.0000 0.9100 0.3000 0.0000
9         M:loadavg
32        1580 0.8037 0.5744 0.6401 0.0000
10        M:diskfree
35        1580 48.0000 43.6800 14.4000 0.0000
12        M:otherprocs
34        1580 28.0000 25.0600 9.8000 0.0000
11        M:rootprocs
37        1580 118.0000 106.5400 38.2000 0.0000
7         M:users
32        1580 8.0000 7.2800 2.4000 0.0000
3         MOY
15        M:entropy_avail
36        155 323.0000 297.6050 79.9482 0.0000
12        M:mem_cached
39        155 2526.1133 2298.4965 696.2697 0.0000
16        M:io_writtendata
31        155 0.2939 0.2241 0.2132 0.0000
11        M:io_writes
34        155 16.0000 12.2500 11.5973 0.0000
13        M:postgres_in
31        155 1.0000 0.9100 0.3000 0.0000
6         M:cpu3
31        155 9.2585 6.6064 9.9586 0.0000
6         M:cpu2
31        155 1.2023 0.9735 0.7040 0.0000
6         M:cpu1
33        155 11.0003 7.8207 12.0038 0.0000
6         M:cpu0
31        155 5.6586 4.0823 5.7035 0.0000
5         M:cpu
31        155 8.5900 6.1378 9.1662 0.0000
8         M:syslog
38        155 1068.5000 778.2950 812.0638 0.0000
8         M:ssh_in
31        155 2.0000 1.8200 0.6000 0.0000
8         M:www_in
31        155 1.0000 0.9100 0.3000 0.0000
14        M:cfengine_out
31        155 5.0000 4.5500 1.5000 0.0000
13        M:cfengine_in
31        155 1.0000 0.9100 0.3000 0.0000
9         M:loadavg
31        155 0.2126 0.1705 0.1909 0.0000
10        M:diskfree
34        155 60.5000 55.0550 18.2248 0.0000
12        M:otherprocs
33        155 26.0000 23.6600 7.8000 0.0000
11        M:rootprocs
36        155 113.5000 103.3900 33.7037 0.0000
7         M:users
31        155 8.0000 7.2800 2.4000 0.0000
# send QUERY complete successful
