# delta from 1679685258 to 1679685319 at 1679685319
22        CFR: 0 1679685318 2055
3         PRD
56        DBReportCollectAll,0.066550,0.338679,0.361403,1679685259
60        Packing reports: delta,0.030992,0.096050,0.108221,1679685259
83        Sample(/proc/sys/kernel/random/entropy_avail),0.004663,0.002174,0.002099,1679685271
3         EXS
16        f,316,1679685223
3         MOM
15        M:entropy_avail
38        1382 140.0000 102.6200 104.7342 0.0000
12        M:mem_cached
40        1382 3410.7969 3103.2796 857.6246 0.0000
10        M:mem_free
38        1382 8080.3324 8080.3324 0.0000 0.0000
11        M:mem_total
40        1382 11072.0285 11072.0285 0.0000 0.0000
16        M:io_writtendata
32        1382 0.2734 0.2330 0.1447 0.0000
11        M:io_writes
34        1382 14.0000 12.7400 4.2000 0.0000
13        M:postgres_in
32        1382 1.0000 0.9100 0.3000 0.0000
6         M:cpu3
34        1382 12.8064 9.0261 10.5436 0.0000
6         M:cpu2
32        1382 3.1949 2.3443 2.3840 0.0000
6         M:cpu1
35        1382 27.4408 19.3302 22.6208 0.0000
6         M:cpu0
32        1382 1.8869 1.4202 1.3195 0.0000
5         M:cpu
35        1382 16.0343 11.3202 13.1485 0.0000
8         M:syslog
40        1382 1318.0000 953.0500 1019.9636 0.0000
8         M:ssh_in
32        1382 2.0000 1.8200 0.6000 0.0000
8         M:www_in
32        1382 1.0000 0.9100 0.3000 0.0000
14        M:cfengine_out
32        1382 5.0000 4.5500 1.5000 0.0000
13        M:cfengine_in
32        1382 1.0000 0.9100 0.3000 0.0000
9         M:loadavg
32        1382 0.3760 0.2674 0.3030 0.0000
10        M:diskfree
35        1382 54.0000 49.1400 16.2000 0.0000
12        M:otherprocs
34        1382 26.0000 23.6600 7.8000 0.0000
11        M:rootprocs
37        1382 114.0000 103.7400 34.2000 0.0000
7         M:users
32        1382 8.0000 7.2800 2.4000 0.0000
3         MOY
15        M:entropy_avail
36        155 323.0000 297.6050 79.9482 0.0000
12        M:mem_cached
39        155 2526.1133 2298.4965 696.2697 0.0000
16        M:io_writtendata
31        155 0.2939 0.2241 0.2132 0.0000
11        M:io_writes
34        155 16.0000 12.2500 11.5973 0.0000
13        M:postgres_in
31        155 1.0000 0.9100 0.3000 0.0000
6         M:cpu3
31        155 9.2585 6.6064 9.9586 0.0000
6         M:cpu2
31        155 1.2023 0.9735 0.7040 0.0000
6         M:cpu1
33        155 11.0003 7.8207 12.0038 0.0000
6         M:cpu0
31        155 5.6586 4.0823 5.7035 0.0000
5         M:cpu
31        155 8.5900 6.1378 9.1662 0.0000
8         M:syslog
38        155 1068.5000 778.2950 812.0638 0.0000
8         M:ssh_in
31        155 2.0000 1.8200 0.6000 0.0000
8         M:www_in
31        155 1.0000 0.9100 0.3000 0.0000
14        M:cfengine_out
31        155 5.0000 4.5500 1.5000 0.0000
13        M:cfengine_in
31        155 1.0000 0.9100 0.3000 0.0000
9         M:loadavg
31        155 0.2126 0.1705 0.1909 0.0000
10        M:diskfree
34        155 60.5000 55.0550 18.2248 0.0000
12        M:otherprocs
33        155 26.0000 23.6600 7.8000 0.0000
11        M:rootprocs
36        155 113.5000 103.3900 33.7037 0.0000
7         M:users
31        155 8.0000 7.2800 2.4000 0.0000
# send QUERY complete successful
