# delta from 1679685859 to 1679685919 at 1679685919
22        CFR: 0 1679685918 2003
3         PRD
60        Packing reports: delta,0.031720,0.100616,0.100089,1679685860
83        Sample(/proc/sys/kernel/random/entropy_avail),0.007218,0.005209,0.004083,1679685872
3         EXS
16        f,320,1679685833
3         MOM
15        M:entropy_avail
38        1384 141.0000 102.6900 107.1957 0.0000
12        M:mem_cached
40        1384 3416.0352 3108.0334 858.9760 0.0000
10        M:mem_free
40        1384 11537.4648 10499.9141 0.0000 0.0000
11        M:mem_total
40        1384 15817.1836 14393.6371 0.0000 0.0000
16        M:io_writtendata
32        1384 0.4375 0.3161 0.3393 0.0000
11        M:io_writes
35        1384 22.0000 16.2400 16.1681 0.0000
13        M:postgres_in
32        1384 1.0000 0.9100 0.3000 0.0000
6         M:cpu3
35        1384 28.4824 20.0231 23.5925 0.0000
6         M:cpu2
32        1384 9.9445 7.0592 8.0496 0.0000
6         M:cpu1
35        1384 17.0164 12.0109 13.9614 0.0000
6         M:cpu0
32        1384 9.0415 6.4313 7.2829 0.0000
5         M:cpu
35        1384 16.1170 11.3793 13.2147 0.0000
8         M:syslog
40        1384 1326.0000 958.6500 1026.6428 0.0000
8         M:ssh_in
32        1384 2.0000 1.8200 0.6000 0.0000
8         M:www_in
32        1384 1.0000 0.9100 0.3000 0.0000
14        M:cfengine_out
32        1384 5.0000 4.5500 1.5000 0.0000
13        M:cfengine_in
32        1384 1.0000 0.9100 0.3000 0.0000
9         M:loadavg
32        1384 0.4487 0.3268 0.3411 0.0000
10        M:diskfree
35        1384 54.0000 49.1400 16.2000 0.0000
12        M:otherprocs
34        1384 26.0000 23.6600 7.8000 0.0000
11        M:rootprocs
37        1384 115.0000 104.6500 34.5000 0.0000
7         M:users
32        1384 8.0000 7.2800 2.4000 0.0000
3         MOY
15        M:entropy_avail
36        155 323.0000 297.6050 79.9482 0.0000
12        M:mem_cached
39        155 2526.1133 2298.4965 696.2697 0.0000
16        M:io_writtendata
31        155 0.2939 0.2241 0.2132 0.0000
11        M:io_writes
34        155 16.0000 12.2500 11.5973 0.0000
13        M:postgres_in
31        155 1.0000 0.9100 0.3000 0.0000
6         M:cpu3
31        155 9.2585 6.6064 9.9586 0.0000
6         M:cpu2
31        155 1.2023 0.9735 0.7040 0.0000
6         M:cpu1
33        155 11.0003 7.8207 12.0038 0.0000
6         M:cpu0
31        155 5.6586 4.0823 5.7035 0.0000
5         M:cpu
31        155 8.5900 6.1378 9.1662 0.0000
8         M:syslog
38        155 1068.5000 778.2950 812.0638 0.0000
8         M:ssh_in
31        155 2.0000 1.8200 0.6000 0.0000
8         M:www_in
31        155 1.0000 0.9100 0.3000 0.0000
14        M:cfengine_out
31        155 5.0000 4.5500 1.5000 0.0000
13        M:cfengine_in
31        155 1.0000 0.9100 0.3000 0.0000
9         M:loadavg
31        155 0.2126 0.1705 0.1909 0.0000
10        M:diskfree
34        155 60.5000 55.0550 18.2248 0.0000
12        M:otherprocs
33        155 26.0000 23.6600 7.8000 0.0000
11        M:rootprocs
36        155 113.5000 103.3900 33.7037 0.0000
7         M:users
31        155 8.0000 7.2800 2.4000 0.0000
# send QUERY complete successful
