# delta from 1679690958 to 1679691019 at 1679691019
22        CFR: 0 1679691018 2097
3         PRD
56        DBReportCollectAll,0.042711,0.349405,0.355276,1679690959
60        Packing reports: delta,0.037616,0.141499,0.145919,1679690959
83        Sample(/proc/sys/kernel/random/entropy_avail),0.006578,0.004327,0.003828,1679690981
3         EXS
16        f,288,1679690915
3         MOM
15        M:entropy_avail
38        1401 144.0000 106.6800 104.8685 0.0000
12        M:mem_cached
40        1401 3461.1953 3149.1307 870.3065 0.0000
10        M:mem_free
40        1401 11484.8555 10444.9620 0.0000 0.0000
11        M:mem_total
40        1401 15817.1836 14393.6371 0.0000 0.0000
16        M:io_writtendata
32        1401 0.2441 0.1838 0.1706 0.0000
11        M:io_writes
33        1401 12.0000 9.2400 7.9125 0.0000
13        M:postgres_in
32        1401 1.0000 0.9100 0.3000 0.0000
6         M:cpu3
32        1401 1.2577 1.0064 0.7529 0.0000
6         M:cpu2
33        1401 12.6041 9.2853 9.3104 0.0000
6         M:cpu1
34        1401 13.7862 9.8578 10.9652 0.0000
6         M:cpu0
35        1401 31.1101 22.5349 23.9720 0.0000
5         M:cpu
35        1401 14.7036 10.6811 11.2503 0.0000
8         M:syslog
39        1401 1079.0000 785.7500 820.5301 0.0000
9         M:ssh_out
32        1401 0.0000 1.0500 3.7182 0.0000
8         M:ssh_in
32        1401 2.0000 1.8200 0.6000 0.0000
8         M:www_in
32        1401 1.0000 0.9100 0.3000 0.0000
14        M:cfengine_out
32        1401 5.0000 4.7600 0.8000 0.0000
13        M:cfengine_in
32        1401 1.0000 0.9100 0.3000 0.0000
9         M:loadavg
32        1401 0.2729 0.2368 0.1205 0.0000
10        M:diskfree
35        1401 53.0000 48.2300 15.9000 0.0000
12        M:otherprocs
34        1401 26.0000 23.6600 7.8000 0.0000
11        M:rootprocs
37        1401 114.0000 104.3700 32.1000 0.0000
7         M:users
32        1401 8.0000 7.2800 2.4000 0.0000
3         MOY
15        M:entropy_avail
36        155 323.0000 297.6050 79.9482 0.0000
12        M:mem_cached
39        155 2526.1133 2298.4965 696.2697 0.0000
16        M:io_writtendata
31        155 0.2939 0.2241 0.2132 0.0000
11        M:io_writes
34        155 16.0000 12.2500 11.5973 0.0000
13        M:postgres_in
31        155 1.0000 0.9100 0.3000 0.0000
6         M:cpu3
31        155 9.2585 6.6064 9.9586 0.0000
6         M:cpu2
31        155 1.2023 0.9735 0.7040 0.0000
6         M:cpu1
33        155 11.0003 7.8207 12.0038 0.0000
6         M:cpu0
31        155 5.6586 4.0823 5.7035 0.0000
5         M:cpu
31        155 8.5900 6.1378 9.1662 0.0000
8         M:syslog
38        155 1068.5000 778.2950 812.0638 0.0000
8         M:ssh_in
31        155 2.0000 1.8200 0.6000 0.0000
8         M:www_in
31        155 1.0000 0.9100 0.3000 0.0000
14        M:cfengine_out
31        155 5.0000 4.5500 1.5000 0.0000
13        M:cfengine_in
31        155 1.0000 0.9100 0.3000 0.0000
9         M:loadavg
31        155 0.2126 0.1705 0.1909 0.0000
10        M:diskfree
34        155 60.5000 55.0550 18.2248 0.0000
12        M:otherprocs
33        155 26.0000 23.6600 7.8000 0.0000
11        M:rootprocs
36        155 113.5000 103.3900 33.7037 0.0000
7         M:users
31        155 8.0000 7.2800 2.4000 0.0000
# send QUERY complete successful
