# delta from 1679687358 to 1679687419 at 1679687419
22        CFR: 0 1679687418 2057
3         PRD
56        DBReportCollectAll,0.092091,0.392319,0.320782,1679687359
60        Packing reports: delta,0.051991,0.140046,0.126189,1679687359
83        Sample(/proc/sys/kernel/random/entropy_avail),0.004987,0.002487,0.001960,1679687374
3         EXS
16        f,316,1679687324
3         MOM
15        M:entropy_avail
37        1389 134.0000 98.2100 100.2764 0.0000
12        M:mem_cached
40        1389 3429.4023 3120.2279 862.2465 0.0000
10        M:mem_free
40        1389 11522.4258 10486.9341 0.0000 0.0000
11        M:mem_total
40        1389 15817.1836 14393.6371 0.0000 0.0000
16        M:io_writtendata
32        1389 0.2949 0.2167 0.2193 0.0000
11        M:io_writes
35        1389 16.0000 12.0400 11.1950 0.0000
13        M:postgres_in
32        1389 1.0000 0.9100 0.3000 0.0000
6         M:cpu3
33        1389 11.8207 8.3683 9.6306 0.0000
6         M:cpu2
34        1389 12.6446 8.9604 10.2774 0.0000
6         M:cpu1
32        1389 5.4261 3.9103 4.2344 0.0000
6         M:cpu0
35        1389 34.6663 24.4064 28.6151 0.0000
5         M:cpu
35        1389 16.1542 11.4213 13.2016 0.0000
8         M:syslog
39        1389 1078.0000 785.0500 819.6962 0.0000
8         M:ssh_in
32        1389 2.0000 1.8200 0.6000 0.0000
8         M:www_in
32        1389 1.0000 0.9100 0.3000 0.0000
14        M:cfengine_out
32        1389 5.0000 4.5500 1.5000 0.0000
13        M:cfengine_in
32        1389 1.0000 0.9100 0.3000 0.0000
9         M:loadavg
32        1389 0.3857 0.2970 0.2544 0.0000
10        M:diskfree
35        1389 54.0000 49.1400 16.2000 0.0000
12        M:otherprocs
34        1389 26.0000 23.6600 7.8000 0.0000
11        M:rootprocs
37        1389 114.0000 103.7400 34.2000 0.0000
7         M:users
32        1389 8.0000 7.2800 2.4000 0.0000
3         MOY
15        M:entropy_avail
36        155 323.0000 297.6050 79.9482 0.0000
12        M:mem_cached
39        155 2526.1133 2298.4965 696.2697 0.0000
16        M:io_writtendata
31        155 0.2939 0.2241 0.2132 0.0000
11        M:io_writes
34        155 16.0000 12.2500 11.5973 0.0000
13        M:postgres_in
31        155 1.0000 0.9100 0.3000 0.0000
6         M:cpu3
31        155 9.2585 6.6064 9.9586 0.0000
6         M:cpu2
31        155 1.2023 0.9735 0.7040 0.0000
6         M:cpu1
33        155 11.0003 7.8207 12.0038 0.0000
6         M:cpu0
31        155 5.6586 4.0823 5.7035 0.0000
5         M:cpu
31        155 8.5900 6.1378 9.1662 0.0000
8         M:syslog
38        155 1068.5000 778.2950 812.0638 0.0000
8         M:ssh_in
31        155 2.0000 1.8200 0.6000 0.0000
8         M:www_in
31        155 1.0000 0.9100 0.3000 0.0000
14        M:cfengine_out
31        155 5.0000 4.5500 1.5000 0.0000
13        M:cfengine_in
31        155 1.0000 0.9100 0.3000 0.0000
9         M:loadavg
31        155 0.2126 0.1705 0.1909 0.0000
10        M:diskfree
34        155 60.5000 55.0550 18.2248 0.0000
12        M:otherprocs
33        155 26.0000 23.6600 7.8000 0.0000
11        M:rootprocs
36        155 113.5000 103.3900 33.7037 0.0000
7         M:users
31        155 8.0000 7.2800 2.4000 0.0000
# send QUERY complete successful
