# delta from 1679748858 to 1679748919 at 1679748919
22        CFR: 0 1679748918 1965
3         PRD
56        DBReportCollectAll,0.042676,0.323002,0.316780,1679748859
60        Packing reports: delta,0.036805,0.099260,0.083500,1679748859
3         EXS
16        f,318,1679748831
3         MOM
15        M:entropy_avail
36        1594 96.0000 108.5700 41.9000 0.0000
12        M:mem_cached
40        1594 3974.1758 3616.0537 998.7547 0.0000
10        M:mem_free
40        1594 8043.8509 7916.1658 356.0966 0.0000
11        M:mem_total
40        1594 11072.0285 11072.0285 0.0000 0.0000
16        M:io_writtendata
32        1594 0.2607 0.1983 0.1775 0.0000
11        M:io_writes
33        1594 12.0000 9.2400 7.9125 0.0000
13        M:postgres_in
32        1594 1.0000 0.9100 0.3000 0.0000
6         M:cpu3
32        1594 1.7894 1.3900 1.1537 0.0000
6         M:cpu2
32        1594 8.4623 6.0358 6.7718 0.0000
6         M:cpu1
32        1594 2.2732 1.7047 1.6046 0.0000
6         M:cpu0
32        1594 9.5046 6.7779 7.6094 0.0000
5         M:cpu
35        1594 15.8448 11.2132 12.9195 0.0000
8         M:syslog
39        1594 1077.0000 784.3500 818.8623 0.0000
8         M:ssh_in
32        1594 2.0000 1.8200 0.6000 0.0000
8         M:www_in
32        1594 2.0000 1.6100 1.1803 0.0000
14        M:cfengine_out
32        1594 5.0000 4.5500 1.5000 0.0000
13        M:cfengine_in
32        1594 1.0000 0.9100 0.3000 0.0000
9         M:loadavg
32        1594 0.8823 0.6344 0.6923 0.0000
10        M:diskfree
35        1594 48.0000 43.6800 14.4000 0.0000
12        M:otherprocs
34        1594 26.0000 23.6600 7.8000 0.0000
11        M:rootprocs
37        1594 115.0000 104.6500 34.5000 0.0000
7         M:users
32        1594 8.0000 7.2800 2.4000 0.0000
3         MOY
15        M:entropy_avail
36        155 323.0000 297.6050 79.9482 0.0000
12        M:mem_cached
39        155 2526.1133 2298.4965 696.2697 0.0000
16        M:io_writtendata
31        155 0.2939 0.2241 0.2132 0.0000
11        M:io_writes
34        155 16.0000 12.2500 11.5973 0.0000
13        M:postgres_in
31        155 1.0000 0.9100 0.3000 0.0000
6         M:cpu3
31        155 9.2585 6.6064 9.9586 0.0000
6         M:cpu2
31        155 1.2023 0.9735 0.7040 0.0000
6         M:cpu1
33        155 11.0003 7.8207 12.0038 0.0000
6         M:cpu0
31        155 5.6586 4.0823 5.7035 0.0000
5         M:cpu
31        155 8.5900 6.1378 9.1662 0.0000
8         M:syslog
38        155 1068.5000 778.2950 812.0638 0.0000
8         M:ssh_in
31        155 2.0000 1.8200 0.6000 0.0000
8         M:www_in
31        155 1.0000 0.9100 0.3000 0.0000
14        M:cfengine_out
31        155 5.0000 4.5500 1.5000 0.0000
13        M:cfengine_in
31        155 1.0000 0.9100 0.3000 0.0000
9         M:loadavg
31        155 0.2126 0.1705 0.1909 0.0000
10        M:diskfree
34        155 60.5000 55.0550 18.2248 0.0000
12        M:otherprocs
33        155 26.0000 23.6600 7.8000 0.0000
11        M:rootprocs
36        155 113.5000 103.3900 33.7037 0.0000
7         M:users
31        155 8.0000 7.2800 2.4000 0.0000
# send QUERY complete successful
