# delta from 1679735718 to 1679735779 at 1679735779
22        CFR: 0 1679735778 2134
3         PRD
56        DBReportCollectAll,0.071769,0.323101,0.263699,1679735719
60        Packing reports: delta,0.032918,0.108360,0.100760,1679735719
83        Sample(/proc/sys/kernel/random/entropy_avail),0.004570,0.002089,0.001899,1679735760
3         EXS
16        f,339,1679735655
3         MOM
15        M:entropy_avail
38        1551 195.0000 136.5000 163.1487 0.0000
12        M:mem_cached
38        1551 3861.3125 2702.9187 0.0000 0.0000
10        M:mem_free
39        1551 11005.2109 7703.6477 0.0000 0.0000
11        M:mem_total
40        1551 15817.1836 11072.0285 0.0000 0.0000
16        M:io_writtendata
32        1551 2.6611 1.8628 2.2265 0.0000
13        M:io_readdata
32        1551 0.0669 0.0468 0.0560 0.0000
11        M:io_writes
35        1551 24.0000 16.8000 20.0798 0.0000
10        M:io_reads
32        1551 1.0000 0.7000 0.8367 0.0000
13        M:postgres_in
32        1551 1.0000 0.7000 0.8367 0.0000
6         M:cpu3
33        1551 10.4529 7.3170 8.7455 0.0000
6         M:cpu2
32        1551 8.0896 5.6627 6.7683 0.0000
6         M:cpu1
32        1551 7.6743 5.3720 6.4207 0.0000
6         M:cpu0
32        1551 8.4515 5.9160 7.0710 0.0000
5         M:cpu
32        1551 8.6710 6.0697 7.2547 0.0000
8         M:syslog
39        1551 1055.0000 738.5000 882.6763 0.0000
8         M:ssh_in
32        1551 2.0000 1.4000 1.6733 0.0000
8         M:www_in
32        1551 1.0000 0.7000 0.8367 0.0000
14        M:cfengine_out
32        1551 5.0000 3.5000 4.1833 0.0000
13        M:cfengine_in
32        1551 1.0000 0.7000 0.8367 0.0000
9         M:loadavg
32        1551 0.1851 0.1295 0.1548 0.0000
10        M:diskfree
35        1551 49.0000 34.3000 40.9963 0.0000
12        M:otherprocs
35        1551 26.0000 18.2000 21.7532 0.0000
11        M:rootprocs
36        1551 116.0000 81.2000 97.0526 0.0000
7         M:users
32        1551 8.0000 5.6000 6.6933 0.0000
3         MOY
15        M:entropy_avail
36        155 323.0000 297.6050 79.9482 0.0000
12        M:mem_cached
39        155 2526.1133 2298.4965 696.2697 0.0000
16        M:io_writtendata
31        155 0.2939 0.2241 0.2132 0.0000
11        M:io_writes
34        155 16.0000 12.2500 11.5973 0.0000
13        M:postgres_in
31        155 1.0000 0.9100 0.3000 0.0000
6         M:cpu3
31        155 9.2585 6.6064 9.9586 0.0000
6         M:cpu2
31        155 1.2023 0.9735 0.7040 0.0000
6         M:cpu1
33        155 11.0003 7.8207 12.0038 0.0000
6         M:cpu0
31        155 5.6586 4.0823 5.7035 0.0000
5         M:cpu
31        155 8.5900 6.1378 9.1662 0.0000
8         M:syslog
38        155 1068.5000 778.2950 812.0638 0.0000
8         M:ssh_in
31        155 2.0000 1.8200 0.6000 0.0000
8         M:www_in
31        155 1.0000 0.9100 0.3000 0.0000
14        M:cfengine_out
31        155 5.0000 4.5500 1.5000 0.0000
13        M:cfengine_in
31        155 1.0000 0.9100 0.3000 0.0000
9         M:loadavg
31        155 0.2126 0.1705 0.1909 0.0000
10        M:diskfree
34        155 60.5000 55.0550 18.2248 0.0000
12        M:otherprocs
33        155 26.0000 23.6600 7.8000 0.0000
11        M:rootprocs
36        155 113.5000 103.3900 33.7037 0.0000
7         M:users
31        155 8.0000 7.2800 2.4000 0.0000
# send QUERY complete successful
