# delta from 1679736858 to 1679736919 at 1679736919
22        CFR: 0 1679736918 1961
3         PRD
56        DBReportCollectAll,0.064453,0.371056,0.431439,1679736859
60        Packing reports: delta,0.047491,0.164754,0.148224,1679736859
3         EXS
16        f,319,1679736840
3         MOM
15        M:entropy_avail
35        1554 84.0000 95.5500 38.5000 0.0000
12        M:mem_cached
40        1554 3870.3164 3521.8764 971.7528 0.0000
10        M:mem_free
39        1554 10890.9414 9931.4663 0.0000 0.0000
11        M:mem_total
40        1554 15817.1836 14393.6371 0.0000 0.0000
16        M:io_writtendata
32        1554 0.0957 0.0893 0.0212 0.0000
11        M:io_writes
32        1554 6.0000 5.4600 1.8000 0.0000
13        M:postgres_in
32        1554 1.0000 0.9100 0.3000 0.0000
6         M:cpu3
32        1554 7.4603 5.3455 5.9041 0.0000
6         M:cpu2
32        1554 1.2301 1.0138 0.6892 0.0000
6         M:cpu1
35        1554 32.9952 23.2086 27.2945 0.0000
6         M:cpu0
32        1554 2.8761 2.1293 2.0979 0.0000
5         M:cpu
33        1554 11.1479 7.9302 8.9779 0.0000
8         M:syslog
37        1554 167.0000 147.3500 65.5000 0.0000
8         M:ssh_in
32        1554 2.0000 1.8200 0.6000 0.0000
8         M:www_in
32        1554 1.0000 0.9100 0.3000 0.0000
14        M:cfengine_out
32        1554 5.0000 4.5500 1.5000 0.0000
13        M:cfengine_in
32        1554 1.0000 0.9100 0.3000 0.0000
9         M:loadavg
32        1554 0.7314 0.5299 0.5636 0.0000
10        M:diskfree
35        1554 49.0000 44.5900 14.7000 0.0000
12        M:otherprocs
34        1554 26.0000 23.6600 7.8000 0.0000
11        M:rootprocs
37        1554 118.0000 106.7500 37.5000 0.0000
7         M:users
32        1554 8.0000 7.2800 2.4000 0.0000
3         MOY
15        M:entropy_avail
36        155 323.0000 297.6050 79.9482 0.0000
12        M:mem_cached
39        155 2526.1133 2298.4965 696.2697 0.0000
16        M:io_writtendata
31        155 0.2939 0.2241 0.2132 0.0000
11        M:io_writes
34        155 16.0000 12.2500 11.5973 0.0000
13        M:postgres_in
31        155 1.0000 0.9100 0.3000 0.0000
6         M:cpu3
31        155 9.2585 6.6064 9.9586 0.0000
6         M:cpu2
31        155 1.2023 0.9735 0.7040 0.0000
6         M:cpu1
33        155 11.0003 7.8207 12.0038 0.0000
6         M:cpu0
31        155 5.6586 4.0823 5.7035 0.0000
5         M:cpu
31        155 8.5900 6.1378 9.1662 0.0000
8         M:syslog
38        155 1068.5000 778.2950 812.0638 0.0000
8         M:ssh_in
31        155 2.0000 1.8200 0.6000 0.0000
8         M:www_in
31        155 1.0000 0.9100 0.3000 0.0000
14        M:cfengine_out
31        155 5.0000 4.5500 1.5000 0.0000
13        M:cfengine_in
31        155 1.0000 0.9100 0.3000 0.0000
9         M:loadavg
31        155 0.2126 0.1705 0.1909 0.0000
10        M:diskfree
34        155 60.5000 55.0550 18.2248 0.0000
12        M:otherprocs
33        155 26.0000 23.6600 7.8000 0.0000
11        M:rootprocs
36        155 113.5000 103.3900 33.7037 0.0000
7         M:users
31        155 8.0000 7.2800 2.4000 0.0000
# send QUERY complete successful
