# delta from 1679753363 to 1679753425 at 1679753425
22        CFR: 0 1679753424 1975
3         PRD
56        DBReportCollectAll,0.049359,0.373269,0.386525,1679753364
60        Packing reports: delta,0.055908,0.162211,0.212802,1679753364
3         EXS
16        f,287,1679753306
3         MOM
15        M:entropy_avail
37        1609 106.0000 114.1000 27.0000 0.0000
12        M:mem_cached
41        1609 4021.4141 3658.9880 1010.7579 0.0000
10        M:mem_free
39        1609 10816.5938 9845.2586 0.0000 0.0000
11        M:mem_total
40        1609 15817.1836 14393.6371 0.0000 0.0000
16        M:io_writtendata
32        1609 0.3418 0.2589 0.2350 0.0000
11        M:io_writes
35        1609 18.0000 13.4400 12.8487 0.0000
13        M:postgres_in
32        1609 1.0000 0.9100 0.3000 0.0000
6         M:cpu3
35        1609 23.8200 16.7889 19.6105 0.0000
6         M:cpu2
32        1609 1.7799 1.3762 1.1612 0.0000
6         M:cpu1
35        1609 35.0317 24.6511 28.9514 0.0000
6         M:cpu0
32        1609 3.1514 2.3222 2.3263 0.0000
5         M:cpu
35        1609 15.9728 11.3032 13.0256 0.0000
8         M:syslog
40        1609 7596.0000 5347.6500 121.3157 0.0000
8         M:ssh_in
32        1609 2.0000 1.8200 0.6000 0.0000
8         M:www_in
32        1609 1.0000 0.9100 0.3000 0.0000
14        M:cfengine_out
32        1609 5.0000 4.5500 1.5000 0.0000
13        M:cfengine_in
32        1609 1.0000 0.9100 0.3000 0.0000
9         M:loadavg
32        1609 0.4380 0.3192 0.3324 0.0000
10        M:diskfree
35        1609 47.0000 42.7700 14.1000 0.0000
12        M:otherprocs
34        1609 26.0000 23.6600 7.8000 0.0000
11        M:rootprocs
37        1609 114.0000 103.7400 34.2000 0.0000
7         M:users
32        1609 8.0000 7.2800 2.4000 0.0000
3         MOY
15        M:entropy_avail
36        155 323.0000 297.6050 79.9482 0.0000
12        M:mem_cached
39        155 2526.1133 2298.4965 696.2697 0.0000
16        M:io_writtendata
31        155 0.2939 0.2241 0.2132 0.0000
11        M:io_writes
34        155 16.0000 12.2500 11.5973 0.0000
13        M:postgres_in
31        155 1.0000 0.9100 0.3000 0.0000
6         M:cpu3
31        155 9.2585 6.6064 9.9586 0.0000
6         M:cpu2
31        155 1.2023 0.9735 0.7040 0.0000
6         M:cpu1
33        155 11.0003 7.8207 12.0038 0.0000
6         M:cpu0
31        155 5.6586 4.0823 5.7035 0.0000
5         M:cpu
31        155 8.5900 6.1378 9.1662 0.0000
8         M:syslog
38        155 1068.5000 778.2950 812.0638 0.0000
8         M:ssh_in
31        155 2.0000 1.8200 0.6000 0.0000
8         M:www_in
31        155 1.0000 0.9100 0.3000 0.0000
14        M:cfengine_out
31        155 5.0000 4.5500 1.5000 0.0000
13        M:cfengine_in
31        155 1.0000 0.9100 0.3000 0.0000
9         M:loadavg
31        155 0.2126 0.1705 0.1909 0.0000
10        M:diskfree
34        155 60.5000 55.0550 18.2248 0.0000
12        M:otherprocs
33        155 26.0000 23.6600 7.8000 0.0000
11        M:rootprocs
36        155 113.5000 103.3900 33.7037 0.0000
7         M:users
31        155 8.0000 7.2800 2.4000 0.0000
# send QUERY complete successful
