# delta from 1679697558 to 1679697619 at 1679697619
22        CFR: 0 1679697618 2096
3         PRD
56        DBReportCollectAll,0.060916,0.329570,0.311545,1679697559
60        Packing reports: delta,0.029558,0.087366,0.095946,1679697559
83        Sample(/proc/sys/kernel/random/entropy_avail),0.005548,0.003078,0.001867,1679697593
3         EXS
16        f,277,1679697489
3         MOM
15        M:entropy_avail
38        1423 156.0000 117.6000 108.6499 0.0000
12        M:mem_cached
40        1423 3518.3359 3201.2017 884.4451 0.0000
10        M:mem_free
40        1423 11406.7344 10367.1321 0.0000 0.0000
11        M:mem_total
40        1423 15817.1836 14393.6371 0.0000 0.0000
16        M:io_writtendata
32        1423 0.4697 0.3469 0.3449 0.0000
11        M:io_writes
35        1423 24.0000 18.0600 16.7925 0.0000
13        M:postgres_in
32        1423 1.0000 0.9100 0.3000 0.0000
6         M:cpu3
32        1423 6.6658 5.5171 3.7030 0.0000
6         M:cpu2
32        1423 3.8639 3.6951 0.5628 0.0000
6         M:cpu1
35        1423 20.1525 14.5608 15.6259 0.0000
6         M:cpu0
33        1423 2.7841 6.4854 12.3378 0.0000
5         M:cpu
32        1423 8.3644 7.5629 2.6715 0.0000
8         M:syslog
41        1423 1669.0000 1302.7000 1062.8286 0.0000
9         M:ssh_out
32        1423 0.0000 1.0500 3.7182 0.0000
8         M:ssh_in
32        1423 2.0000 1.8200 0.6000 0.0000
8         M:www_in
32        1423 1.0000 0.9100 0.3000 0.0000
14        M:cfengine_out
32        1423 5.0000 4.7600 0.8000 0.0000
13        M:cfengine_in
32        1423 1.0000 0.9100 0.3000 0.0000
9         M:loadavg
32        1423 0.1514 0.2249 0.2451 0.0000
10        M:diskfree
35        1423 53.0000 48.2300 15.9000 0.0000
12        M:otherprocs
34        1423 26.0000 23.6600 7.8000 0.0000
11        M:rootprocs
37        1423 113.0000 103.4600 31.8000 0.0000
7         M:users
32        1423 8.0000 7.2800 2.4000 0.0000
3         MOY
15        M:entropy_avail
36        155 323.0000 297.6050 79.9482 0.0000
12        M:mem_cached
39        155 2526.1133 2298.4965 696.2697 0.0000
16        M:io_writtendata
31        155 0.2939 0.2241 0.2132 0.0000
11        M:io_writes
34        155 16.0000 12.2500 11.5973 0.0000
13        M:postgres_in
31        155 1.0000 0.9100 0.3000 0.0000
6         M:cpu3
31        155 9.2585 6.6064 9.9586 0.0000
6         M:cpu2
31        155 1.2023 0.9735 0.7040 0.0000
6         M:cpu1
33        155 11.0003 7.8207 12.0038 0.0000
6         M:cpu0
31        155 5.6586 4.0823 5.7035 0.0000
5         M:cpu
31        155 8.5900 6.1378 9.1662 0.0000
8         M:syslog
38        155 1068.5000 778.2950 812.0638 0.0000
8         M:ssh_in
31        155 2.0000 1.8200 0.6000 0.0000
8         M:www_in
31        155 1.0000 0.9100 0.3000 0.0000
14        M:cfengine_out
31        155 5.0000 4.5500 1.5000 0.0000
13        M:cfengine_in
31        155 1.0000 0.9100 0.3000 0.0000
9         M:loadavg
31        155 0.2126 0.1705 0.1909 0.0000
10        M:diskfree
34        155 60.5000 55.0550 18.2248 0.0000
12        M:otherprocs
33        155 26.0000 23.6600 7.8000 0.0000
11        M:rootprocs
36        155 113.5000 103.3900 33.7037 0.0000
7         M:users
31        155 8.0000 7.2800 2.4000 0.0000
# send QUERY complete successful
