# delta from 1679705658 to 1679705719 at 1679705719
22        CFR: 0 1679705718 2842
3         PRD
56        DBReportCollectAll,0.044195,0.342412,0.327080,1679705659
60        Packing reports: delta,0.033137,0.131631,0.126237,1679705659
83        Sample(/proc/sys/kernel/random/entropy_avail),0.004627,0.002141,0.001981,1679705707
3         EXS
16        f,288,1679705615
3         MOM
15        M:entropy_avail
35        1450 53.0000 66.7100 45.7000 0.0000
38        1451 163.0000 114.1000 136.3756 0.0000
12        M:mem_cached
40        1450 3594.3359 3270.7866 902.3359 0.0000
38        1451 3596.3750 2517.4625 0.0000 0.0000
10        M:mem_free
40        1450 11219.0664 10223.4409 0.0000 0.0000
39        1451 11279.1914 7895.4340 0.0000 0.0000
11        M:mem_total
40        1450 15817.1836 14393.6371 0.0000 0.0000
40        1451 15817.1836 11072.0285 0.0000 0.0000
16        M:io_writtendata
32        1450 0.0850 0.1058 0.0695 0.0000
32        1451 0.4111 0.2878 0.3440 0.0000
11        M:io_writes
32        1450 6.0000 6.7200 2.4000 0.0000
35        1451 20.0000 14.0000 16.7332 0.0000
13        M:postgres_in
32        1450 1.0000 0.9100 0.3000 0.0000
32        1451 1.0000 0.7000 0.8367 0.0000
6         M:cpu3
33        1450 1.2425 5.5165 15.6492 0.0000
35        1451 14.6620 10.2634 12.2671 0.0000
6         M:cpu2
32        1450 8.3979 6.2445 6.0585 0.0000
32        1451 6.8529 4.7970 5.7335 0.0000
6         M:cpu1
33        1450 9.1681 10.0733 3.0174 0.0000
35        1451 17.4035 12.1824 14.5608 0.0000
6         M:cpu0
32        1450 6.0055 7.8122 6.0223 0.0000
32        1451 2.1746 1.5222 1.8194 0.0000
5         M:cpu
32        1450 6.2010 7.4132 4.0407 0.0000
33        1451 10.2755 7.1929 8.5971 0.0000
8         M:syslog
38        1450 167.0000 373.5200 688.4000 0.0000
38        1451 813.0000 569.1000 680.2046 0.0000
9         M:ssh_out
32        1450 5.0000 3.5000 4.1833 0.0000
8         M:ssh_in
32        1450 2.0000 1.8200 0.6000 0.0000
32        1451 2.0000 1.4000 1.6733 0.0000
8         M:www_in
32        1450 1.0000 0.9100 0.3000 0.0000
32        1451 1.0000 0.7000 0.8367 0.0000
14        M:cfengine_out
32        1450 6.0000 5.2500 2.5000 0.0000
32        1451 5.0000 3.5000 4.1833 0.0000
13        M:cfengine_in
32        1450 1.0000 0.9100 0.3000 0.0000
32        1451 1.0000 0.7000 0.8367 0.0000
9         M:loadavg
32        1450 0.6626 0.5324 0.3927 0.0000
32        1451 0.4956 0.3469 0.4147 0.0000
10        M:diskfree
35        1450 52.0000 47.3200 15.6000 0.0000
35        1451 52.0000 36.4000 43.5063 0.0000
12        M:otherprocs
34        1450 26.0000 23.6600 7.8000 0.0000
35        1451 26.0000 18.2000 21.7532 0.0000
11        M:rootprocs
37        1450 119.0000 107.8700 37.1000 0.0000
36        1451 116.0000 81.2000 97.0526 0.0000
7         M:users
32        1450 8.0000 7.2800 2.4000 0.0000
32        1451 8.0000 5.6000 6.6933 0.0000
3         MOY
15        M:entropy_avail
36        155 323.0000 297.6050 79.9482 0.0000
12        M:mem_cached
39        155 2526.1133 2298.4965 696.2697 0.0000
16        M:io_writtendata
31        155 0.2939 0.2241 0.2132 0.0000
11        M:io_writes
34        155 16.0000 12.2500 11.5973 0.0000
13        M:postgres_in
31        155 1.0000 0.9100 0.3000 0.0000
6         M:cpu3
31        155 9.2585 6.6064 9.9586 0.0000
6         M:cpu2
31        155 1.2023 0.9735 0.7040 0.0000
6         M:cpu1
33        155 11.0003 7.8207 12.0038 0.0000
6         M:cpu0
31        155 5.6586 4.0823 5.7035 0.0000
5         M:cpu
31        155 8.5900 6.1378 9.1662 0.0000
8         M:syslog
38        155 1068.5000 778.2950 812.0638 0.0000
8         M:ssh_in
31        155 2.0000 1.8200 0.6000 0.0000
8         M:www_in
31        155 1.0000 0.9100 0.3000 0.0000
14        M:cfengine_out
31        155 5.0000 4.5500 1.5000 0.0000
13        M:cfengine_in
31        155 1.0000 0.9100 0.3000 0.0000
9         M:loadavg
31        155 0.2126 0.1705 0.1909 0.0000
10        M:diskfree
34        155 60.5000 55.0550 18.2248 0.0000
12        M:otherprocs
33        155 26.0000 23.6600 7.8000 0.0000
11        M:rootprocs
36        155 113.5000 103.3900 33.7037 0.0000
7         M:users
31        155 8.0000 7.2800 2.4000 0.0000
# send QUERY complete successful
