# delta from 1679715258 to 1679715319 at 1679715319
22        CFR: 0 1679715318 2002
3         PRD
56        DBReportCollectAll,0.084814,0.348631,0.439965,1679715259
60        Packing reports: delta,0.050877,0.129827,0.120059,1679715259
3         EXS
16        f,320,1679715232
3         MOM
15        M:entropy_avail
35        1482 59.0000 74.2700 50.9000 0.0000
12        M:mem_cached
40        1482 3682.6484 3351.1256 924.5731 0.0000
10        M:mem_free
40        1482 11150.0977 10162.2396 0.0000 0.0000
11        M:mem_total
40        1482 15817.1836 14393.6371 0.0000 0.0000
16        M:io_writtendata
32        1482 0.0723 0.0914 0.0638 0.0000
11        M:io_writes
32        1482 6.0000 5.8800 0.4000 0.0000
13        M:postgres_in
32        1482 1.0000 0.9100 0.3000 0.0000
6         M:cpu3
32        1482 2.4835 2.6250 0.4716 0.0000
6         M:cpu2
32        1482 2.0115 2.7135 2.3401 0.0000
6         M:cpu1
32        1482 4.6237 3.4400 3.3309 0.0000
6         M:cpu0
34        1482 15.6288 12.5226 9.3257 0.0000
5         M:cpu
32        1482 6.1888 5.3269 3.2388 0.0000
8         M:syslog
38        1482 167.0000 337.8200 569.4000 0.0000
9         M:ssh_out
32        1482 5.0000 3.5000 4.1833 0.0000
8         M:ssh_in
32        1482 2.0000 1.8200 0.6000 0.0000
8         M:www_in
32        1482 1.0000 0.9100 0.3000 0.0000
14        M:cfengine_out
32        1482 6.0000 5.2500 2.5000 0.0000
13        M:cfengine_in
32        1482 1.0000 0.9100 0.3000 0.0000
9         M:loadavg
32        1482 0.4507 0.3366 0.3215 0.0000
10        M:diskfree
35        1482 51.0000 46.4100 15.3000 0.0000
12        M:otherprocs
34        1482 26.0000 23.6600 7.8000 0.0000
11        M:rootprocs
37        1482 117.0000 105.8400 37.2000 0.0000
7         M:users
32        1482 8.0000 7.2800 2.4000 0.0000
3         MOY
15        M:entropy_avail
36        155 323.0000 297.6050 79.9482 0.0000
12        M:mem_cached
39        155 2526.1133 2298.4965 696.2697 0.0000
16        M:io_writtendata
31        155 0.2939 0.2241 0.2132 0.0000
11        M:io_writes
34        155 16.0000 12.2500 11.5973 0.0000
13        M:postgres_in
31        155 1.0000 0.9100 0.3000 0.0000
6         M:cpu3
31        155 9.2585 6.6064 9.9586 0.0000
6         M:cpu2
31        155 1.2023 0.9735 0.7040 0.0000
6         M:cpu1
33        155 11.0003 7.8207 12.0038 0.0000
6         M:cpu0
31        155 5.6586 4.0823 5.7035 0.0000
5         M:cpu
31        155 8.5900 6.1378 9.1662 0.0000
8         M:syslog
38        155 1068.5000 778.2950 812.0638 0.0000
8         M:ssh_in
31        155 2.0000 1.8200 0.6000 0.0000
8         M:www_in
31        155 1.0000 0.9100 0.3000 0.0000
14        M:cfengine_out
31        155 5.0000 4.5500 1.5000 0.0000
13        M:cfengine_in
31        155 1.0000 0.9100 0.3000 0.0000
9         M:loadavg
31        155 0.2126 0.1705 0.1909 0.0000
10        M:diskfree
34        155 60.5000 55.0550 18.2248 0.0000
12        M:otherprocs
33        155 26.0000 23.6600 7.8000 0.0000
11        M:rootprocs
36        155 113.5000 103.3900 33.7037 0.0000
7         M:users
31        155 8.0000 7.2800 2.4000 0.0000
# send QUERY complete successful
