# delta from 1679747178 to 1679747239 at 1679747239
22        CFR: 0 1679747238 2046
3         PRD
56        DBReportCollectAll,0.073688,0.359505,0.297206,1679747179
60        Packing reports: delta,0.030175,0.092383,0.075636,1679747179
83        Sample(/proc/sys/kernel/random/entropy_avail),0.005827,0.003395,0.003680,1679747181
3         EXS
16        f,288,1679747007
3         MOM
15        M:entropy_avail
38        1589 219.0000 153.3000 183.2285 0.0000
12        M:mem_cached
38        1589 3959.3594 2771.5516 0.0000 0.0000
10        M:mem_free
39        1589 10896.9141 7627.8398 0.0000 0.0000
11        M:mem_total
40        1589 15817.1836 11072.0285 0.0000 0.0000
16        M:io_writtendata
32        1589 0.2969 0.2078 0.2484 0.0000
11        M:io_writes
35        1589 18.0000 12.6000 15.0599 0.0000
13        M:postgres_in
32        1589 1.0000 0.7000 0.8367 0.0000
6         M:cpu3
32        1589 0.4808 0.3365 0.4022 0.0000
6         M:cpu2
32        1589 0.8224 0.5757 0.6880 0.0000
6         M:cpu1
32        1589 0.7073 0.4951 0.5918 0.0000
6         M:cpu0
32        1589 0.6344 0.4441 0.5308 0.0000
5         M:cpu
32        1589 0.6645 0.4651 0.5560 0.0000
8         M:syslog
38        1589 145.0000 101.5000 121.3157 0.0000
8         M:ssh_in
32        1589 2.0000 1.4000 1.6733 0.0000
8         M:www_in
32        1589 1.0000 0.7000 0.8367 0.0000
14        M:cfengine_out
33        1589 10.0000 7.0000 8.3666 0.0000
13        M:cfengine_in
32        1589 1.0000 0.7000 0.8367 0.0000
9         M:loadavg
32        1589 0.0713 0.0499 0.0596 0.0000
10        M:diskfree
35        1589 48.0000 33.6000 40.1597 0.0000
12        M:otherprocs
35        1589 26.0000 18.2000 21.7532 0.0000
11        M:rootprocs
36        1589 115.0000 80.5000 96.2159 0.0000
7         M:users
32        1589 8.0000 5.6000 6.6933 0.0000
3         MOY
15        M:entropy_avail
36        155 323.0000 297.6050 79.9482 0.0000
12        M:mem_cached
39        155 2526.1133 2298.4965 696.2697 0.0000
16        M:io_writtendata
31        155 0.2939 0.2241 0.2132 0.0000
11        M:io_writes
34        155 16.0000 12.2500 11.5973 0.0000
13        M:postgres_in
31        155 1.0000 0.9100 0.3000 0.0000
6         M:cpu3
31        155 9.2585 6.6064 9.9586 0.0000
6         M:cpu2
31        155 1.2023 0.9735 0.7040 0.0000
6         M:cpu1
33        155 11.0003 7.8207 12.0038 0.0000
6         M:cpu0
31        155 5.6586 4.0823 5.7035 0.0000
5         M:cpu
31        155 8.5900 6.1378 9.1662 0.0000
8         M:syslog
38        155 1068.5000 778.2950 812.0638 0.0000
8         M:ssh_in
31        155 2.0000 1.8200 0.6000 0.0000
8         M:www_in
31        155 1.0000 0.9100 0.3000 0.0000
14        M:cfengine_out
31        155 5.0000 4.5500 1.5000 0.0000
13        M:cfengine_in
31        155 1.0000 0.9100 0.3000 0.0000
9         M:loadavg
31        155 0.2126 0.1705 0.1909 0.0000
10        M:diskfree
34        155 60.5000 55.0550 18.2248 0.0000
12        M:otherprocs
33        155 26.0000 23.6600 7.8000 0.0000
11        M:rootprocs
36        155 113.5000 103.3900 33.7037 0.0000
7         M:users
31        155 8.0000 7.2800 2.4000 0.0000
# send QUERY complete successful
