# delta from 1679751263 to 1679751324 at 1679751324
22        CFR: 0 1679751323 1974
3         PRD
56        DBReportCollectAll,1.186743,0.364951,0.348696,1679751264
60        Packing reports: delta,0.040989,0.128561,0.141245,1679751264
3         EXS
16        f,288,1679751207
3         MOM
15        M:entropy_avail
37        1602 101.0000 113.1200 40.4000 0.0000
12        M:mem_cached
41        1602 4002.9258 3642.2055 1006.0007 0.0000
10        M:mem_free
39        1602 10838.2344 9864.2296 0.0000 0.0000
11        M:mem_total
40        1602 15817.1836 14393.6371 0.0000 0.0000
16        M:io_writtendata
32        1602 0.2256 0.1848 0.1280 0.0000
11        M:io_writes
34        1602 14.0000 11.0600 8.6480 0.0000
13        M:postgres_in
32        1602 1.0000 0.9100 0.3000 0.0000
6         M:cpu3
33        1602 11.0317 7.8904 8.7683 0.0000
6         M:cpu2
34        1602 13.3111 9.4257 10.8383 0.0000
6         M:cpu1
33        1602 11.7808 8.3586 9.5473 0.0000
6         M:cpu0
35        1602 27.4925 19.3582 22.6866 0.0000
5         M:cpu
35        1602 15.9000 11.2554 12.9559 0.0000
8         M:syslog
39        1602 1077.0000 784.3500 818.8623 0.0000
8         M:ssh_in
32        1602 2.0000 1.8200 0.6000 0.0000
8         M:www_in
32        1602 1.0000 0.9100 0.3000 0.0000
14        M:cfengine_out
32        1602 5.0000 4.5500 1.5000 0.0000
13        M:cfengine_in
32        1602 1.0000 0.9100 0.3000 0.0000
9         M:loadavg
32        1602 0.5054 0.3656 0.3908 0.0000
10        M:diskfree
35        1602 47.0000 42.7700 14.1000 0.0000
12        M:otherprocs
34        1602 26.0000 23.6600 7.8000 0.0000
11        M:rootprocs
37        1602 113.0000 103.0400 33.2000 0.0000
7         M:users
32        1602 8.0000 7.2800 2.4000 0.0000
3         MOY
15        M:entropy_avail
36        155 323.0000 297.6050 79.9482 0.0000
12        M:mem_cached
39        155 2526.1133 2298.4965 696.2697 0.0000
16        M:io_writtendata
31        155 0.2939 0.2241 0.2132 0.0000
11        M:io_writes
34        155 16.0000 12.2500 11.5973 0.0000
13        M:postgres_in
31        155 1.0000 0.9100 0.3000 0.0000
6         M:cpu3
31        155 9.2585 6.6064 9.9586 0.0000
6         M:cpu2
31        155 1.2023 0.9735 0.7040 0.0000
6         M:cpu1
33        155 11.0003 7.8207 12.0038 0.0000
6         M:cpu0
31        155 5.6586 4.0823 5.7035 0.0000
5         M:cpu
31        155 8.5900 6.1378 9.1662 0.0000
8         M:syslog
38        155 1068.5000 778.2950 812.0638 0.0000
8         M:ssh_in
31        155 2.0000 1.8200 0.6000 0.0000
8         M:www_in
31        155 1.0000 0.9100 0.3000 0.0000
14        M:cfengine_out
31        155 5.0000 4.5500 1.5000 0.0000
13        M:cfengine_in
31        155 1.0000 0.9100 0.3000 0.0000
9         M:loadavg
31        155 0.2126 0.1705 0.1909 0.0000
10        M:diskfree
34        155 60.5000 55.0550 18.2248 0.0000
12        M:otherprocs
33        155 26.0000 23.6600 7.8000 0.0000
11        M:rootprocs
36        155 113.5000 103.3900 33.7037 0.0000
7         M:users
31        155 8.0000 7.2800 2.4000 0.0000
# send QUERY complete successful
