# delta from 1679742258 to 1679742319 at 1679742319
22        CFR: 0 1679742318 1972
3         PRD
56        DBReportCollectAll,0.050272,0.352074,0.348031,1679742259
60        Packing reports: delta,0.072007,0.157810,0.079885,1679742259
3         EXS
16        f,286,1679742197
3         MOM
15        M:entropy_avail
36        1572 91.0000 102.9700 39.9000 0.0000
12        M:mem_cached
40        1572 3918.1680 3565.0120 984.9051 0.0000
10        M:mem_free
39        1572 10937.0039 9955.5684 0.0000 0.0000
11        M:mem_total
40        1572 15817.1836 14393.6371 0.0000 0.0000
16        M:io_writtendata
32        1572 0.2412 0.2097 0.1052 0.0000
11        M:io_writes
34        1572 12.0000 10.9200 3.6000 0.0000
13        M:postgres_in
32        1572 1.0000 0.9100 0.3000 0.0000
6         M:cpu3
35        1572 28.6763 20.2138 23.6029 0.0000
6         M:cpu2
33        1572 11.0636 7.9884 8.5928 0.0000
6         M:cpu1
32        1572 3.2753 2.4455 2.3380 0.0000
6         M:cpu0
35        1572 20.7545 14.7722 16.6921 0.0000
5         M:cpu
35        1572 15.9376 11.3519 12.7958 0.0000
8         M:syslog
39        1572 1079.0000 976.2200 342.6000 0.0000
8         M:ssh_in
32        1572 2.0000 1.8200 0.6000 0.0000
8         M:www_in
32        1572 1.0000 0.9100 0.3000 0.0000
14        M:cfengine_out
32        1572 5.0000 4.5500 1.5000 0.0000
13        M:cfengine_in
32        1572 1.0000 0.9100 0.3000 0.0000
9         M:loadavg
32        1572 0.5186 0.3792 0.3903 0.0000
10        M:diskfree
35        1572 48.0000 43.6800 14.4000 0.0000
12        M:otherprocs
34        1572 26.0000 23.6600 7.8000 0.0000
11        M:rootprocs
37        1572 115.0000 104.4400 35.2000 0.0000
7         M:users
32        1572 8.0000 7.2800 2.4000 0.0000
3         MOY
15        M:entropy_avail
36        155 323.0000 297.6050 79.9482 0.0000
12        M:mem_cached
39        155 2526.1133 2298.4965 696.2697 0.0000
16        M:io_writtendata
31        155 0.2939 0.2241 0.2132 0.0000
11        M:io_writes
34        155 16.0000 12.2500 11.5973 0.0000
13        M:postgres_in
31        155 1.0000 0.9100 0.3000 0.0000
6         M:cpu3
31        155 9.2585 6.6064 9.9586 0.0000
6         M:cpu2
31        155 1.2023 0.9735 0.7040 0.0000
6         M:cpu1
33        155 11.0003 7.8207 12.0038 0.0000
6         M:cpu0
31        155 5.6586 4.0823 5.7035 0.0000
5         M:cpu
31        155 8.5900 6.1378 9.1662 0.0000
8         M:syslog
38        155 1068.5000 778.2950 812.0638 0.0000
8         M:ssh_in
31        155 2.0000 1.8200 0.6000 0.0000
8         M:www_in
31        155 1.0000 0.9100 0.3000 0.0000
14        M:cfengine_out
31        155 5.0000 4.5500 1.5000 0.0000
13        M:cfengine_in
31        155 1.0000 0.9100 0.3000 0.0000
9         M:loadavg
31        155 0.2126 0.1705 0.1909 0.0000
10        M:diskfree
34        155 60.5000 55.0550 18.2248 0.0000
12        M:otherprocs
33        155 26.0000 23.6600 7.8000 0.0000
11        M:rootprocs
36        155 113.5000 103.3900 33.7037 0.0000
7         M:users
31        155 8.0000 7.2800 2.4000 0.0000
# send QUERY complete successful
