# delta from 1679723358 to 1679723419 at 1679723419
22        CFR: 0 1679723418 1966
3         PRD
56        DBReportCollectAll,0.062720,0.320587,0.356701,1679723359
60        Packing reports: delta,0.045276,0.153537,0.161495,1679723359
3         EXS
16        f,287,1679723298
3         MOM
15        M:entropy_avail
35        1509 62.0000 78.4700 54.9000 0.0000
12        M:mem_cached
40        1509 3752.2812 3414.5013 942.0233 0.0000
10        M:mem_free
40        1509 11030.9531 10062.6840 0.0000 0.0000
11        M:mem_total
40        1509 15817.1836 14393.6371 0.0000 0.0000
16        M:io_writtendata
32        1509 0.0869 0.1113 0.0812 0.0000
11        M:io_writes
32        1509 6.0000 6.7200 2.4000 0.0000
13        M:postgres_in
32        1509 1.0000 0.9100 0.3000 0.0000
6         M:cpu3
32        1509 2.1423 1.8140 1.1441 0.0000
6         M:cpu2
34        1509 14.5047 11.4618 8.9539 0.0000
6         M:cpu1
32        1509 5.4233 6.3987 3.2513 0.0000
6         M:cpu0
35        1509 34.7047 25.6023 25.5456 0.0000
5         M:cpu
34        1509 14.1825 11.3118 8.5567 0.0000
8         M:syslog
38        1509 167.0000 288.2600 404.2000 0.0000
8         M:ssh_in
32        1509 2.0000 1.8200 0.6000 0.0000
8         M:www_in
32        1509 1.0000 0.9100 0.3000 0.0000
14        M:cfengine_out
32        1509 5.0000 4.5500 1.5000 0.0000
13        M:cfengine_in
32        1509 1.0000 0.9100 0.3000 0.0000
9         M:loadavg
32        1509 0.7480 0.5498 0.5559 0.0000
10        M:diskfree
35        1509 50.0000 45.5000 15.0000 0.0000
12        M:otherprocs
34        1509 26.0000 23.6600 7.8000 0.0000
11        M:rootprocs
37        1509 118.0000 106.7500 37.5000 0.0000
7         M:users
32        1509 8.0000 7.2800 2.4000 0.0000
3         MOY
15        M:entropy_avail
36        155 323.0000 297.6050 79.9482 0.0000
12        M:mem_cached
39        155 2526.1133 2298.4965 696.2697 0.0000
16        M:io_writtendata
31        155 0.2939 0.2241 0.2132 0.0000
11        M:io_writes
34        155 16.0000 12.2500 11.5973 0.0000
13        M:postgres_in
31        155 1.0000 0.9100 0.3000 0.0000
6         M:cpu3
31        155 9.2585 6.6064 9.9586 0.0000
6         M:cpu2
31        155 1.2023 0.9735 0.7040 0.0000
6         M:cpu1
33        155 11.0003 7.8207 12.0038 0.0000
6         M:cpu0
31        155 5.6586 4.0823 5.7035 0.0000
5         M:cpu
31        155 8.5900 6.1378 9.1662 0.0000
8         M:syslog
38        155 1068.5000 778.2950 812.0638 0.0000
8         M:ssh_in
31        155 2.0000 1.8200 0.6000 0.0000
8         M:www_in
31        155 1.0000 0.9100 0.3000 0.0000
14        M:cfengine_out
31        155 5.0000 4.5500 1.5000 0.0000
13        M:cfengine_in
31        155 1.0000 0.9100 0.3000 0.0000
9         M:loadavg
31        155 0.2126 0.1705 0.1909 0.0000
10        M:diskfree
34        155 60.5000 55.0550 18.2248 0.0000
12        M:otherprocs
33        155 26.0000 23.6600 7.8000 0.0000
11        M:rootprocs
36        155 113.5000 103.3900 33.7037 0.0000
7         M:users
31        155 8.0000 7.2800 2.4000 0.0000
# send QUERY complete successful
