# delta from 1679759963 to 1679760024 at 1679760024
22        CFR: 0 1679760023 1970
3         PRD
56        DBReportCollectAll,0.052691,0.320506,0.328284,1679759964
60        Packing reports: delta,0.026040,0.067810,0.071306,1679759964
3         EXS
16        f,320,1679759941
3         MOM
15        M:entropy_avail
37        1631 101.0000 117.3200 54.4000 0.0000
12        M:mem_cached
41        1631 4078.7305 3711.1722 1025.0710 0.0000
10        M:mem_free
39        1631 10751.3125 9785.9084 0.0000 0.0000
11        M:mem_total
40        1631 15817.1836 14393.6371 0.0000 0.0000
16        M:io_writtendata
32        1631 0.2334 0.2196 0.0461 0.0000
11        M:io_writes
34        1631 12.0000 11.7600 0.8000 0.0000
13        M:postgres_in
32        1631 1.0000 0.9100 0.3000 0.0000
6         M:cpu3
33        1631 11.6543 8.2743 9.4299 0.0000
6         M:cpu2
32        1631 5.3259 3.8473 4.1319 0.0000
6         M:cpu1
35        1631 40.7529 28.6615 33.7226 0.0000
6         M:cpu0
32        1631 5.7275 4.1563 4.3936 0.0000
5         M:cpu
35        1631 15.8667 11.2359 12.9177 0.0000
8         M:syslog
38        1631 839.0000 617.7500 620.6042 0.0000
8         M:ssh_in
32        1631 2.0000 1.8200 0.6000 0.0000
8         M:www_in
32        1631 1.0000 0.9100 0.3000 0.0000
14        M:cfengine_out
32        1631 5.0000 4.5500 1.5000 0.0000
13        M:cfengine_in
32        1631 1.0000 0.9100 0.3000 0.0000
9         M:loadavg
32        1631 0.6157 0.4385 0.4945 0.0000
10        M:diskfree
35        1631 47.0000 42.7700 14.1000 0.0000
12        M:otherprocs
34        1631 26.0000 23.6600 7.8000 0.0000
11        M:rootprocs
37        1631 114.0000 104.1600 32.8000 0.0000
7         M:users
32        1631 8.0000 7.2800 2.4000 0.0000
3         MOY
15        M:entropy_avail
36        155 323.0000 297.6050 79.9482 0.0000
12        M:mem_cached
39        155 2526.1133 2298.4965 696.2697 0.0000
16        M:io_writtendata
31        155 0.2939 0.2241 0.2132 0.0000
11        M:io_writes
34        155 16.0000 12.2500 11.5973 0.0000
13        M:postgres_in
31        155 1.0000 0.9100 0.3000 0.0000
6         M:cpu3
31        155 9.2585 6.6064 9.9586 0.0000
6         M:cpu2
31        155 1.2023 0.9735 0.7040 0.0000
6         M:cpu1
33        155 11.0003 7.8207 12.0038 0.0000
6         M:cpu0
31        155 5.6586 4.0823 5.7035 0.0000
5         M:cpu
31        155 8.5900 6.1378 9.1662 0.0000
8         M:syslog
38        155 1068.5000 778.2950 812.0638 0.0000
8         M:ssh_in
31        155 2.0000 1.8200 0.6000 0.0000
8         M:www_in
31        155 1.0000 0.9100 0.3000 0.0000
14        M:cfengine_out
31        155 5.0000 4.5500 1.5000 0.0000
13        M:cfengine_in
31        155 1.0000 0.9100 0.3000 0.0000
9         M:loadavg
31        155 0.2126 0.1705 0.1909 0.0000
10        M:diskfree
34        155 60.5000 55.0550 18.2248 0.0000
12        M:otherprocs
33        155 26.0000 23.6600 7.8000 0.0000
11        M:rootprocs
36        155 113.5000 103.3900 33.7037 0.0000
7         M:users
31        155 8.0000 7.2800 2.4000 0.0000
# send QUERY complete successful
