# delta from 1679739858 to 1679739919 at 1679739919
22        CFR: 0 1679739918 1967
3         PRD
56        DBReportCollectAll,0.043481,0.316809,0.279829,1679739859
60        Packing reports: delta,0.049619,0.149661,0.137417,1679739859
3         EXS
16        f,318,1679739825
3         MOM
15        M:entropy_avail
36        1564 94.0000 103.1800 30.6000 0.0000
12        M:mem_cached
40        1564 3896.1875 3545.3748 978.3700 0.0000
10        M:mem_free
41        1564 9364.8354 8857.4048 1415.1564 0.0000
11        M:mem_total
40        1564 11072.0285 11072.0285 0.0000 0.0000
16        M:io_writtendata
32        1564 0.2070 0.1624 0.1303 0.0000
11        M:io_writes
33        1564 10.0000 7.8400 6.2967 0.0000
13        M:postgres_in
32        1564 1.0000 0.9100 0.3000 0.0000
6         M:cpu3
32        1564 1.7855 1.3450 1.2458 0.0000
6         M:cpu2
32        1564 4.2183 3.0832 3.1785 0.0000
6         M:cpu1
32        1564 9.6608 6.8745 7.7743 0.0000
6         M:cpu0
35        1564 28.0399 19.7064 23.2418 0.0000
5         M:cpu
35        1564 14.8698 10.5136 12.1512 0.0000
8         M:syslog
37        1564 167.0000 147.3500 65.5000 0.0000
8         M:ssh_in
32        1564 2.0000 1.8200 0.6000 0.0000
8         M:www_in
32        1564 2.0000 1.6100 1.1803 0.0000
14        M:cfengine_out
32        1564 5.0000 4.5500 1.5000 0.0000
13        M:cfengine_in
32        1564 1.0000 0.9100 0.3000 0.0000
9         M:loadavg
32        1564 0.8037 0.5702 0.6515 0.0000
10        M:diskfree
35        1564 49.0000 44.5900 14.7000 0.0000
12        M:otherprocs
34        1564 26.0000 23.6600 7.8000 0.0000
11        M:rootprocs
37        1564 118.0000 106.7500 37.5000 0.0000
7         M:users
32        1564 8.0000 7.2800 2.4000 0.0000
3         MOY
15        M:entropy_avail
36        155 323.0000 297.6050 79.9482 0.0000
12        M:mem_cached
39        155 2526.1133 2298.4965 696.2697 0.0000
16        M:io_writtendata
31        155 0.2939 0.2241 0.2132 0.0000
11        M:io_writes
34        155 16.0000 12.2500 11.5973 0.0000
13        M:postgres_in
31        155 1.0000 0.9100 0.3000 0.0000
6         M:cpu3
31        155 9.2585 6.6064 9.9586 0.0000
6         M:cpu2
31        155 1.2023 0.9735 0.7040 0.0000
6         M:cpu1
33        155 11.0003 7.8207 12.0038 0.0000
6         M:cpu0
31        155 5.6586 4.0823 5.7035 0.0000
5         M:cpu
31        155 8.5900 6.1378 9.1662 0.0000
8         M:syslog
38        155 1068.5000 778.2950 812.0638 0.0000
8         M:ssh_in
31        155 2.0000 1.8200 0.6000 0.0000
8         M:www_in
31        155 1.0000 0.9100 0.3000 0.0000
14        M:cfengine_out
31        155 5.0000 4.5500 1.5000 0.0000
13        M:cfengine_in
31        155 1.0000 0.9100 0.3000 0.0000
9         M:loadavg
31        155 0.2126 0.1705 0.1909 0.0000
10        M:diskfree
34        155 60.5000 55.0550 18.2248 0.0000
12        M:otherprocs
33        155 26.0000 23.6600 7.8000 0.0000
11        M:rootprocs
36        155 113.5000 103.3900 33.7037 0.0000
7         M:users
31        155 8.0000 7.2800 2.4000 0.0000
# send QUERY complete successful
