# delta from 1679693479 to 1679693539 at 1679693539
22        CFR: 0 1679693538 2188
3         PRD
108       CFEngine Execution (policy filename: '/var/cfengine/inputs/update.cf'),0.193640,0.963798,0.820195,1679693531
56        DBReportCollectAll,0.145175,0.332760,0.278014,1679693480
60        Packing reports: delta,0.112502,0.122032,0.066059,1679693480
83        Sample(/proc/sys/kernel/random/entropy_avail),0.004734,0.002241,0.002449,1679693536
3         EXS
16        f,280,1679693293
3         MOM
15        M:entropy_avail
35        1410 33.0000 23.1000 27.6098 0.0000
12        M:mem_cached
38        1410 3482.6172 2437.8320 0.0000 0.0000
10        M:mem_free
39        1410 11425.2070 7997.6449 0.0000 0.0000
11        M:mem_total
40        1410 15817.1836 11072.0285 0.0000 0.0000
16        M:io_writtendata
32        1410 0.0527 0.0369 0.0441 0.0000
11        M:io_writes
32        1410 4.0000 2.8000 3.3466 0.0000
13        M:postgres_in
32        1410 1.0000 0.7000 0.8367 0.0000
6         M:cpu3
32        1410 0.5866 0.4106 0.4908 0.0000
6         M:cpu2
32        1410 0.5669 0.3968 0.4743 0.0000
6         M:cpu1
32        1410 2.0088 1.4062 1.6807 0.0000
6         M:cpu0
32        1410 1.1410 0.7987 0.9546 0.0000
5         M:cpu
32        1410 1.0739 0.7517 0.8985 0.0000
8         M:syslog
38        1410 145.0000 101.5000 121.3157 0.0000
9         M:ssh_out
32        1410 5.0000 3.5000 4.1833 0.0000
8         M:ssh_in
32        1410 2.0000 1.4000 1.6733 0.0000
8         M:www_in
32        1410 1.0000 0.7000 0.8367 0.0000
14        M:cfengine_out
32        1410 6.0000 4.2000 5.0200 0.0000
13        M:cfengine_in
32        1410 1.0000 0.7000 0.8367 0.0000
9         M:loadavg
32        1410 0.3208 0.2246 0.2684 0.0000
10        M:diskfree
35        1410 53.0000 37.1000 44.3430 0.0000
12        M:otherprocs
35        1410 26.0000 18.2000 21.7532 0.0000
11        M:rootprocs
36        1410 117.0000 81.9000 97.8892 0.0000
7         M:users
32        1410 8.0000 5.6000 6.6933 0.0000
3         MOY
15        M:entropy_avail
36        155 323.0000 297.6050 79.9482 0.0000
12        M:mem_cached
39        155 2526.1133 2298.4965 696.2697 0.0000
16        M:io_writtendata
31        155 0.2939 0.2241 0.2132 0.0000
11        M:io_writes
34        155 16.0000 12.2500 11.5973 0.0000
13        M:postgres_in
31        155 1.0000 0.9100 0.3000 0.0000
6         M:cpu3
31        155 9.2585 6.6064 9.9586 0.0000
6         M:cpu2
31        155 1.2023 0.9735 0.7040 0.0000
6         M:cpu1
33        155 11.0003 7.8207 12.0038 0.0000
6         M:cpu0
31        155 5.6586 4.0823 5.7035 0.0000
5         M:cpu
31        155 8.5900 6.1378 9.1662 0.0000
8         M:syslog
38        155 1068.5000 778.2950 812.0638 0.0000
8         M:ssh_in
31        155 2.0000 1.8200 0.6000 0.0000
8         M:www_in
31        155 1.0000 0.9100 0.3000 0.0000
14        M:cfengine_out
31        155 5.0000 4.5500 1.5000 0.0000
13        M:cfengine_in
31        155 1.0000 0.9100 0.3000 0.0000
9         M:loadavg
31        155 0.2126 0.1705 0.1909 0.0000
10        M:diskfree
34        155 60.5000 55.0550 18.2248 0.0000
12        M:otherprocs
33        155 26.0000 23.6600 7.8000 0.0000
11        M:rootprocs
36        155 113.5000 103.3900 33.7037 0.0000
7         M:users
31        155 8.0000 7.2800 2.4000 0.0000
# send QUERY complete successful
