# delta from 1679688558 to 1679688620 at 1679688620
22        CFR: 0 1679688619 2056
3         PRD
56        DBReportCollectAll,0.049883,0.400222,0.410304,1679688559
60        Packing reports: delta,0.036885,0.136051,0.128981,1679688559
83        Sample(/proc/sys/kernel/random/entropy_avail),0.004925,0.002426,0.002554,1679688577
3         EXS
16        f,319,1679688540
3         MOM
15        M:entropy_avail
38        1393 156.0000 115.5000 113.7827 0.0000
12        M:mem_cached
40        1393 3440.3750 3130.1588 865.1516 0.0000
10        M:mem_free
38        1393 8054.0824 8054.0824 0.0000 0.0000
11        M:mem_total
40        1393 11072.0285 11072.0285 0.0000 0.0000
16        M:io_writtendata
32        1393 0.5039 0.3640 0.3909 0.0000
11        M:io_writes
35        1393 24.0000 17.6400 17.8317 0.0000
13        M:postgres_in
32        1393 1.0000 0.9100 0.3000 0.0000
6         M:cpu3
32        1393 1.7662 1.3485 1.1905 0.0000
6         M:cpu2
33        1393 10.6716 7.5723 8.6462 0.0000
6         M:cpu1
32        1393 2.3111 1.7215 1.6599 0.0000
6         M:cpu0
35        1393 24.9466 17.5914 20.5145 0.0000
5         M:cpu
35        1393 16.0362 11.3371 13.1075 0.0000
8         M:syslog
41        1393 2278.0000 1625.0500 1822.2025 0.0000
8         M:ssh_in
32        1393 2.0000 1.8200 0.6000 0.0000
8         M:www_in
32        1393 2.0000 1.6100 1.1803 0.0000
14        M:cfengine_out
32        1393 5.0000 4.5500 1.5000 0.0000
13        M:cfengine_in
32        1393 1.0000 0.9100 0.3000 0.0000
9         M:loadavg
32        1393 0.4453 0.3153 0.3627 0.0000
10        M:diskfree
35        1393 54.0000 49.1400 16.2000 0.0000
12        M:otherprocs
34        1393 26.0000 23.6600 7.8000 0.0000
11        M:rootprocs
37        1393 114.0000 103.7400 34.2000 0.0000
7         M:users
32        1393 8.0000 7.2800 2.4000 0.0000
3         MOY
15        M:entropy_avail
36        155 323.0000 297.6050 79.9482 0.0000
12        M:mem_cached
39        155 2526.1133 2298.4965 696.2697 0.0000
16        M:io_writtendata
31        155 0.2939 0.2241 0.2132 0.0000
11        M:io_writes
34        155 16.0000 12.2500 11.5973 0.0000
13        M:postgres_in
31        155 1.0000 0.9100 0.3000 0.0000
6         M:cpu3
31        155 9.2585 6.6064 9.9586 0.0000
6         M:cpu2
31        155 1.2023 0.9735 0.7040 0.0000
6         M:cpu1
33        155 11.0003 7.8207 12.0038 0.0000
6         M:cpu0
31        155 5.6586 4.0823 5.7035 0.0000
5         M:cpu
31        155 8.5900 6.1378 9.1662 0.0000
8         M:syslog
38        155 1068.5000 778.2950 812.0638 0.0000
8         M:ssh_in
31        155 2.0000 1.8200 0.6000 0.0000
8         M:www_in
31        155 1.0000 0.9100 0.3000 0.0000
14        M:cfengine_out
31        155 5.0000 4.5500 1.5000 0.0000
13        M:cfengine_in
31        155 1.0000 0.9100 0.3000 0.0000
9         M:loadavg
31        155 0.2126 0.1705 0.1909 0.0000
10        M:diskfree
34        155 60.5000 55.0550 18.2248 0.0000
12        M:otherprocs
33        155 26.0000 23.6600 7.8000 0.0000
11        M:rootprocs
36        155 113.5000 103.3900 33.7037 0.0000
7         M:users
31        155 8.0000 7.2800 2.4000 0.0000
# send QUERY complete successful
