# delta from 1679710878 to 1679710939 at 1679710939
22        CFR: 0 1679710938 1965
3         PRD
56        DBReportCollectAll,0.098390,0.311785,0.258949,1679710879
60        Packing reports: delta,0.025545,0.065253,0.061638,1679710879
3         EXS
16        f,287,1679710697
3         MOM
15        M:entropy_avail
38        1468 148.0000 103.6000 123.8257 0.0000
12        M:mem_cached
38        1468 3645.3789 2551.7652 0.0000 0.0000
10        M:mem_free
39        1468 11268.4297 7887.9008 0.0000 0.0000
11        M:mem_total
40        1468 15817.1836 11072.0285 0.0000 0.0000
16        M:io_writtendata
32        1468 0.2373 0.1661 0.1985 0.0000
11        M:io_writes
34        1468 12.0000 8.4000 10.0399 0.0000
13        M:postgres_in
32        1468 1.0000 0.7000 0.8367 0.0000
6         M:cpu3
32        1468 0.7822 0.5476 0.6545 0.0000
6         M:cpu2
32        1468 2.3234 1.6264 1.9439 0.0000
6         M:cpu1
32        1468 0.8884 0.6219 0.7433 0.0000
6         M:cpu0
35        1468 18.8084 13.1659 15.7362 0.0000
5         M:cpu
32        1468 5.7052 3.9936 4.7733 0.0000
8         M:syslog
39        1468 1060.0000 742.0000 886.8596 0.0000
8         M:ssh_in
32        1468 2.0000 1.4000 1.6733 0.0000
8         M:www_in
32        1468 1.0000 0.7000 0.8367 0.0000
14        M:cfengine_out
32        1468 5.0000 3.5000 4.1833 0.0000
13        M:cfengine_in
32        1468 1.0000 0.7000 0.8367 0.0000
9         M:loadavg
32        1468 0.1060 0.0742 0.0887 0.0000
10        M:diskfree
35        1468 51.0000 35.7000 42.6697 0.0000
12        M:otherprocs
35        1468 26.0000 18.2000 21.7532 0.0000
11        M:rootprocs
36        1468 114.0000 79.8000 95.3792 0.0000
7         M:users
32        1468 8.0000 5.6000 6.6933 0.0000
3         MOY
15        M:entropy_avail
36        155 323.0000 297.6050 79.9482 0.0000
12        M:mem_cached
39        155 2526.1133 2298.4965 696.2697 0.0000
16        M:io_writtendata
31        155 0.2939 0.2241 0.2132 0.0000
11        M:io_writes
34        155 16.0000 12.2500 11.5973 0.0000
13        M:postgres_in
31        155 1.0000 0.9100 0.3000 0.0000
6         M:cpu3
31        155 9.2585 6.6064 9.9586 0.0000
6         M:cpu2
31        155 1.2023 0.9735 0.7040 0.0000
6         M:cpu1
33        155 11.0003 7.8207 12.0038 0.0000
6         M:cpu0
31        155 5.6586 4.0823 5.7035 0.0000
5         M:cpu
31        155 8.5900 6.1378 9.1662 0.0000
8         M:syslog
38        155 1068.5000 778.2950 812.0638 0.0000
8         M:ssh_in
31        155 2.0000 1.8200 0.6000 0.0000
8         M:www_in
31        155 1.0000 0.9100 0.3000 0.0000
14        M:cfengine_out
31        155 5.0000 4.5500 1.5000 0.0000
13        M:cfengine_in
31        155 1.0000 0.9100 0.3000 0.0000
9         M:loadavg
31        155 0.2126 0.1705 0.1909 0.0000
10        M:diskfree
34        155 60.5000 55.0550 18.2248 0.0000
12        M:otherprocs
33        155 26.0000 23.6600 7.8000 0.0000
11        M:rootprocs
36        155 113.5000 103.3900 33.7037 0.0000
7         M:users
31        155 8.0000 7.2800 2.4000 0.0000
# send QUERY complete successful
