# delta from 1679747658 to 1679747719 at 1679747719
22        CFR: 0 1679747718 1973
3         PRD
56        DBReportCollectAll,0.094656,0.363761,0.290698,1679747659
60        Packing reports: delta,0.030795,0.094831,0.087727,1679747659
3         EXS
16        f,288,1679747615
3         MOM
15        M:entropy_avail
36        1590 94.0000 104.6500 35.5000 0.0000
12        M:mem_cached
40        1590 3964.3633 3607.0735 996.4337 0.0000
10        M:mem_free
39        1590 10875.5039 9900.5419 0.0000 0.0000
11        M:mem_total
40        1590 15817.1836 14393.6371 0.0000 0.0000
16        M:io_writtendata
32        1590 0.2334 0.2093 0.0803 0.0000
11        M:io_writes
34        1590 12.0000 10.9200 3.6000 0.0000
13        M:postgres_in
32        1590 1.0000 0.9100 0.3000 0.0000
6         M:cpu3
35        1590 21.1613 15.1340 16.8239 0.0000
6         M:cpu2
32        1590 9.8342 7.5533 6.5266 0.0000
6         M:cpu1
35        1590 26.8157 19.4002 20.7263 0.0000
6         M:cpu0
32        1590 5.8080 4.3907 4.0160 0.0000
5         M:cpu
35        1590 15.9014 11.6171 11.9952 0.0000
8         M:syslog
41        1590 1836.0000 1456.3500 1122.7335 0.0000
8         M:ssh_in
32        1590 2.0000 1.8200 0.6000 0.0000
8         M:www_in
32        1590 1.0000 0.9100 0.3000 0.0000
14        M:cfengine_out
32        1590 5.0000 4.5500 1.5000 0.0000
13        M:cfengine_in
32        1590 1.0000 0.9100 0.3000 0.0000
9         M:loadavg
32        1590 0.6255 0.4526 0.4832 0.0000
10        M:diskfree
35        1590 48.0000 43.6800 14.4000 0.0000
12        M:otherprocs
34        1590 26.0000 23.6600 7.8000 0.0000
11        M:rootprocs
37        1590 115.0000 104.4400 35.2000 0.0000
7         M:users
32        1590 8.0000 7.2800 2.4000 0.0000
3         MOY
15        M:entropy_avail
36        155 323.0000 297.6050 79.9482 0.0000
12        M:mem_cached
39        155 2526.1133 2298.4965 696.2697 0.0000
16        M:io_writtendata
31        155 0.2939 0.2241 0.2132 0.0000
11        M:io_writes
34        155 16.0000 12.2500 11.5973 0.0000
13        M:postgres_in
31        155 1.0000 0.9100 0.3000 0.0000
6         M:cpu3
31        155 9.2585 6.6064 9.9586 0.0000
6         M:cpu2
31        155 1.2023 0.9735 0.7040 0.0000
6         M:cpu1
33        155 11.0003 7.8207 12.0038 0.0000
6         M:cpu0
31        155 5.6586 4.0823 5.7035 0.0000
5         M:cpu
31        155 8.5900 6.1378 9.1662 0.0000
8         M:syslog
38        155 1068.5000 778.2950 812.0638 0.0000
8         M:ssh_in
31        155 2.0000 1.8200 0.6000 0.0000
8         M:www_in
31        155 1.0000 0.9100 0.3000 0.0000
14        M:cfengine_out
31        155 5.0000 4.5500 1.5000 0.0000
13        M:cfengine_in
31        155 1.0000 0.9100 0.3000 0.0000
9         M:loadavg
31        155 0.2126 0.1705 0.1909 0.0000
10        M:diskfree
34        155 60.5000 55.0550 18.2248 0.0000
12        M:otherprocs
33        155 26.0000 23.6600 7.8000 0.0000
11        M:rootprocs
36        155 113.5000 103.3900 33.7037 0.0000
7         M:users
31        155 8.0000 7.2800 2.4000 0.0000
# send QUERY complete successful
