# delta from 1679740759 to 1679740819 at 1679740819
22        CFR: 0 1679740818 1916
3         PRD
60        Packing reports: delta,0.156880,0.268157,0.444276,1679740760
3         EXS
16        f,287,1679740705
3         MOM
15        M:entropy_avail
36        1567 93.0000 105.4200 41.4000 0.0000
12        M:mem_cached
40        1567 3905.1602 3553.2495 981.4320 0.0000
10        M:mem_free
39        1567 10943.6211 9960.2472 0.0000 0.0000
11        M:mem_total
40        1567 15817.1836 14393.6371 0.0000 0.0000
16        M:io_writtendata
32        1567 0.3164 0.2658 0.1711 0.0000
11        M:io_writes
34        1567 18.0000 15.1200 9.7341 0.0000
13        M:postgres_in
32        1567 1.0000 0.9100 0.3000 0.0000
6         M:cpu3
32        1567 7.2250 6.8043 1.4026 0.0000
6         M:cpu2
35        1567 28.6296 20.2431 23.3932 0.0000
6         M:cpu1
32        1567 1.6501 1.4477 0.6745 0.0000
6         M:cpu0
35        1567 26.1854 18.4938 21.4538 0.0000
5         M:cpu
35        1567 15.9272 11.7505 11.7220 0.0000
8         M:syslog
40        1567 1318.0000 1144.1500 579.5000 0.0000
8         M:ssh_in
32        1567 2.0000 2.0300 0.1000 0.0000
8         M:www_in
32        1567 1.0000 0.9100 0.3000 0.0000
14        M:cfengine_out
32        1567 5.0000 4.5500 1.5000 0.0000
13        M:cfengine_in
32        1567 1.0000 0.9100 0.3000 0.0000
9         M:loadavg
32        1567 0.6187 0.4660 0.4318 0.0000
10        M:diskfree
35        1567 49.0000 44.5900 14.7000 0.0000
12        M:otherprocs
34        1567 26.0000 23.6600 7.8000 0.0000
11        M:rootprocs
37        1567 117.0000 106.2600 35.8000 0.0000
7         M:users
32        1567 8.0000 7.2800 2.4000 0.0000
3         MOY
15        M:entropy_avail
36        155 323.0000 297.6050 79.9482 0.0000
12        M:mem_cached
39        155 2526.1133 2298.4965 696.2697 0.0000
16        M:io_writtendata
31        155 0.2939 0.2241 0.2132 0.0000
11        M:io_writes
34        155 16.0000 12.2500 11.5973 0.0000
13        M:postgres_in
31        155 1.0000 0.9100 0.3000 0.0000
6         M:cpu3
31        155 9.2585 6.6064 9.9586 0.0000
6         M:cpu2
31        155 1.2023 0.9735 0.7040 0.0000
6         M:cpu1
33        155 11.0003 7.8207 12.0038 0.0000
6         M:cpu0
31        155 5.6586 4.0823 5.7035 0.0000
5         M:cpu
31        155 8.5900 6.1378 9.1662 0.0000
8         M:syslog
38        155 1068.5000 778.2950 812.0638 0.0000
8         M:ssh_in
31        155 2.0000 1.8200 0.6000 0.0000
8         M:www_in
31        155 1.0000 0.9100 0.3000 0.0000
14        M:cfengine_out
31        155 5.0000 4.5500 1.5000 0.0000
13        M:cfengine_in
31        155 1.0000 0.9100 0.3000 0.0000
9         M:loadavg
31        155 0.2126 0.1705 0.1909 0.0000
10        M:diskfree
34        155 60.5000 55.0550 18.2248 0.0000
12        M:otherprocs
33        155 26.0000 23.6600 7.8000 0.0000
11        M:rootprocs
36        155 113.5000 103.3900 33.7037 0.0000
7         M:users
31        155 8.0000 7.2800 2.4000 0.0000
# send QUERY complete successful
