# delta from 1679733858 to 1679733919 at 1679733919
22        CFR: 0 1679733918 1970
3         PRD
56        DBReportCollectAll,0.104588,0.351895,0.363379,1679733859
60        Packing reports: delta,0.033008,0.108953,0.109922,1679733859
3         EXS
16        f,289,1679733801
3         MOM
15        M:entropy_avail
36        1544 95.0000 109.5500 48.5000 0.0000
12        M:mem_cached
40        1544 3845.5469 3498.9842 966.5172 0.0000
10        M:mem_free
40        1544 11033.7812 10040.3751 0.0000 0.0000
11        M:mem_total
40        1544 15817.1836 14393.6371 0.0000 0.0000
16        M:io_writtendata
32        1544 0.3535 0.3383 0.0507 0.0000
11        M:io_writes
34        1544 22.0000 20.0200 6.6000 0.0000
13        M:postgres_in
32        1544 1.0000 0.9100 0.3000 0.0000
6         M:cpu3
35        1544 28.3680 20.0667 23.1556 0.0000
6         M:cpu2
32        1544 8.7169 7.0723 5.0520 0.0000
6         M:cpu1
32        1544 2.8218 2.2220 1.7573 0.0000
6         M:cpu0
35        1544 24.4677 18.6546 16.5508 0.0000
5         M:cpu
35        1544 16.0669 11.9850 11.4974 0.0000
8         M:syslog
37        1544 549.0000 555.8700 22.9000 0.0000
8         M:ssh_in
32        1544 2.0000 1.8200 0.6000 0.0000
8         M:www_in
32        1544 1.0000 0.9100 0.3000 0.0000
14        M:cfengine_out
32        1544 4.0000 3.8500 0.5000 0.0000
13        M:cfengine_in
32        1544 2.0000 1.6100 1.1803 0.0000
9         M:loadavg
32        1544 0.7397 0.5363 0.5689 0.0000
10        M:diskfree
35        1544 49.0000 44.5900 14.7000 0.0000
12        M:otherprocs
34        1544 26.0000 23.6600 7.8000 0.0000
11        M:rootprocs
37        1544 115.0000 104.2300 35.9000 0.0000
7         M:users
32        1544 8.0000 7.2800 2.4000 0.0000
3         MOY
15        M:entropy_avail
36        155 323.0000 297.6050 79.9482 0.0000
12        M:mem_cached
39        155 2526.1133 2298.4965 696.2697 0.0000
16        M:io_writtendata
31        155 0.2939 0.2241 0.2132 0.0000
11        M:io_writes
34        155 16.0000 12.2500 11.5973 0.0000
13        M:postgres_in
31        155 1.0000 0.9100 0.3000 0.0000
6         M:cpu3
31        155 9.2585 6.6064 9.9586 0.0000
6         M:cpu2
31        155 1.2023 0.9735 0.7040 0.0000
6         M:cpu1
33        155 11.0003 7.8207 12.0038 0.0000
6         M:cpu0
31        155 5.6586 4.0823 5.7035 0.0000
5         M:cpu
31        155 8.5900 6.1378 9.1662 0.0000
8         M:syslog
38        155 1068.5000 778.2950 812.0638 0.0000
8         M:ssh_in
31        155 2.0000 1.8200 0.6000 0.0000
8         M:www_in
31        155 1.0000 0.9100 0.3000 0.0000
14        M:cfengine_out
31        155 5.0000 4.5500 1.5000 0.0000
13        M:cfengine_in
31        155 1.0000 0.9100 0.3000 0.0000
9         M:loadavg
31        155 0.2126 0.1705 0.1909 0.0000
10        M:diskfree
34        155 60.5000 55.0550 18.2248 0.0000
12        M:otherprocs
33        155 26.0000 23.6600 7.8000 0.0000
11        M:rootprocs
36        155 113.5000 103.3900 33.7037 0.0000
7         M:users
31        155 8.0000 7.2800 2.4000 0.0000
# send QUERY complete successful
