# delta from 1679745018 to 1679745079 at 1679745079
22        CFR: 0 1679745078 2087
3         PRD
56        DBReportCollectAll,0.104507,0.340189,0.272067,1679745019
60        Packing reports: delta,0.040480,0.086974,0.071935,1679745019
83        Sample(/proc/sys/kernel/random/entropy_avail),0.005141,0.002643,0.002465,1679745077
3         EXS
16        f,288,1679744906
3         MOM
15        M:entropy_avail
38        1582 188.0000 131.6000 157.2921 0.0000
12        M:mem_cached
38        1582 3941.2969 2758.9078 0.0000 0.0000
10        M:mem_free
39        1582 10908.1016 7635.6711 0.0000 0.0000
11        M:mem_total
40        1582 15817.1836 11072.0285 0.0000 0.0000
16        M:io_writtendata
32        1582 0.0938 0.0656 0.0784 0.0000
13        M:io_readdata
32        1582 0.0029 0.0021 0.0025 0.0000
11        M:io_writes
32        1582 6.0000 4.2000 5.0200 0.0000
13        M:postgres_in
32        1582 1.0000 0.7000 0.8367 0.0000
6         M:cpu3
32        1582 0.4872 0.3410 0.4076 0.0000
6         M:cpu2
32        1582 0.6673 0.4671 0.5583 0.0000
6         M:cpu1
32        1582 0.4871 0.3410 0.4075 0.0000
6         M:cpu0
32        1582 0.5000 0.3500 0.4183 0.0000
5         M:cpu
32        1582 0.5354 0.3748 0.4479 0.0000
8         M:syslog
38        1582 145.0000 101.5000 121.3157 0.0000
8         M:ssh_in
32        1582 2.0000 1.4000 1.6733 0.0000
8         M:www_in
32        1582 1.0000 0.7000 0.8367 0.0000
14        M:cfengine_out
32        1582 5.0000 3.5000 4.1833 0.0000
13        M:cfengine_in
32        1582 1.0000 0.7000 0.8367 0.0000
9         M:loadavg
32        1582 0.0659 0.0461 0.0552 0.0000
10        M:diskfree
35        1582 48.0000 33.6000 40.1597 0.0000
12        M:otherprocs
35        1582 26.0000 18.2000 21.7532 0.0000
11        M:rootprocs
36        1582 115.0000 80.5000 96.2159 0.0000
7         M:users
32        1582 8.0000 5.6000 6.6933 0.0000
3         MOY
15        M:entropy_avail
36        155 323.0000 297.6050 79.9482 0.0000
12        M:mem_cached
39        155 2526.1133 2298.4965 696.2697 0.0000
16        M:io_writtendata
31        155 0.2939 0.2241 0.2132 0.0000
11        M:io_writes
34        155 16.0000 12.2500 11.5973 0.0000
13        M:postgres_in
31        155 1.0000 0.9100 0.3000 0.0000
6         M:cpu3
31        155 9.2585 6.6064 9.9586 0.0000
6         M:cpu2
31        155 1.2023 0.9735 0.7040 0.0000
6         M:cpu1
33        155 11.0003 7.8207 12.0038 0.0000
6         M:cpu0
31        155 5.6586 4.0823 5.7035 0.0000
5         M:cpu
31        155 8.5900 6.1378 9.1662 0.0000
8         M:syslog
38        155 1068.5000 778.2950 812.0638 0.0000
8         M:ssh_in
31        155 2.0000 1.8200 0.6000 0.0000
8         M:www_in
31        155 1.0000 0.9100 0.3000 0.0000
14        M:cfengine_out
31        155 5.0000 4.5500 1.5000 0.0000
13        M:cfengine_in
31        155 1.0000 0.9100 0.3000 0.0000
9         M:loadavg
31        155 0.2126 0.1705 0.1909 0.0000
10        M:diskfree
34        155 60.5000 55.0550 18.2248 0.0000
12        M:otherprocs
33        155 26.0000 23.6600 7.8000 0.0000
11        M:rootprocs
36        155 113.5000 103.3900 33.7037 0.0000
7         M:users
31        155 8.0000 7.2800 2.4000 0.0000
# send QUERY complete successful
