# delta from 1679723478 to 1679723539 at 1679723539
22        CFR: 0 1679723538 1962
3         PRD
56        DBReportCollectAll,0.050147,0.312556,0.326729,1679723479
60        Packing reports: delta,0.032263,0.148385,0.143290,1679723479
3         EXS
16        f,287,1679723298
3         MOM
15        M:entropy_avail
38        1510 167.0000 116.9000 139.7222 0.0000
12        M:mem_cached
38        1510 3754.6055 2628.2238 0.0000 0.0000
10        M:mem_free
39        1510 11140.2344 7798.1641 0.0000 0.0000
11        M:mem_total
40        1510 15817.1836 11072.0285 0.0000 0.0000
16        M:io_writtendata
32        1510 0.2510 0.1757 0.2100 0.0000
11        M:io_writes
34        1510 14.0000 9.8000 11.7132 0.0000
13        M:postgres_in
32        1510 1.0000 0.7000 0.8367 0.0000
6         M:cpu3
32        1510 1.0011 0.7008 0.8376 0.0000
6         M:cpu2
32        1510 2.7878 1.9514 2.3324 0.0000
6         M:cpu1
32        1510 1.2150 0.8505 1.0165 0.0000
6         M:cpu0
32        1510 4.1703 2.9192 3.4891 0.0000
5         M:cpu
32        1510 2.2945 1.6061 1.9197 0.0000
8         M:syslog
39        1510 1063.0000 744.1000 889.3696 0.0000
8         M:ssh_in
32        1510 2.0000 1.4000 1.6733 0.0000
8         M:www_in
32        1510 1.0000 0.7000 0.8367 0.0000
14        M:cfengine_out
32        1510 5.0000 3.5000 4.1833 0.0000
13        M:cfengine_in
32        1510 1.0000 0.7000 0.8367 0.0000
9         M:loadavg
32        1510 0.1489 0.1042 0.1246 0.0000
10        M:diskfree
35        1510 50.0000 35.0000 41.8330 0.0000
12        M:otherprocs
35        1510 26.0000 18.2000 21.7532 0.0000
11        M:rootprocs
36        1510 114.0000 79.8000 95.3792 0.0000
7         M:users
32        1510 8.0000 5.6000 6.6933 0.0000
3         MOY
15        M:entropy_avail
36        155 323.0000 297.6050 79.9482 0.0000
12        M:mem_cached
39        155 2526.1133 2298.4965 696.2697 0.0000
16        M:io_writtendata
31        155 0.2939 0.2241 0.2132 0.0000
11        M:io_writes
34        155 16.0000 12.2500 11.5973 0.0000
13        M:postgres_in
31        155 1.0000 0.9100 0.3000 0.0000
6         M:cpu3
31        155 9.2585 6.6064 9.9586 0.0000
6         M:cpu2
31        155 1.2023 0.9735 0.7040 0.0000
6         M:cpu1
33        155 11.0003 7.8207 12.0038 0.0000
6         M:cpu0
31        155 5.6586 4.0823 5.7035 0.0000
5         M:cpu
31        155 8.5900 6.1378 9.1662 0.0000
8         M:syslog
38        155 1068.5000 778.2950 812.0638 0.0000
8         M:ssh_in
31        155 2.0000 1.8200 0.6000 0.0000
8         M:www_in
31        155 1.0000 0.9100 0.3000 0.0000
14        M:cfengine_out
31        155 5.0000 4.5500 1.5000 0.0000
13        M:cfengine_in
31        155 1.0000 0.9100 0.3000 0.0000
9         M:loadavg
31        155 0.2126 0.1705 0.1909 0.0000
10        M:diskfree
34        155 60.5000 55.0550 18.2248 0.0000
12        M:otherprocs
33        155 26.0000 23.6600 7.8000 0.0000
11        M:rootprocs
36        155 113.5000 103.3900 33.7037 0.0000
7         M:users
31        155 8.0000 7.2800 2.4000 0.0000
# send QUERY complete successful
