# delta from 1679689278 to 1679689339 at 1679689339
22        CFR: 0 1679689338 2147
3         PRD
108       CFEngine Execution (policy filename: '/var/cfengine/inputs/update.cf'),0.100238,0.969643,1.013885,1679689331
56        DBReportCollectAll,0.047320,0.365282,0.322340,1679689279
60        Packing reports: delta,0.048761,0.146654,0.135764,1679689279
83        Sample(/proc/sys/kernel/random/entropy_avail),0.005007,0.002507,0.002686,1679689328
3         EXS
16        f,278,1679689089
3         MOM
15        M:entropy_avail
35        1396 30.0000 21.0000 25.0998 0.0000
12        M:mem_cached
38        1396 3445.2539 2411.6777 0.0000 0.0000
10        M:mem_free
39        1396 11503.1953 8052.2367 0.0000 0.0000
11        M:mem_total
40        1396 15817.1836 11072.0285 0.0000 0.0000
16        M:io_writtendata
32        1396 0.0518 0.0362 0.0433 0.0000
11        M:io_writes
32        1396 4.0000 2.8000 3.3466 0.0000
13        M:postgres_in
32        1396 1.0000 0.7000 0.8367 0.0000
6         M:cpu3
32        1396 0.4604 0.3223 0.3852 0.0000
6         M:cpu2
32        1396 0.6008 0.4205 0.5026 0.0000
6         M:cpu1
32        1396 0.5672 0.3970 0.4746 0.0000
6         M:cpu0
32        1396 0.5070 0.3549 0.4242 0.0000
5         M:cpu
32        1396 0.5355 0.3748 0.4480 0.0000
8         M:syslog
38        1396 145.0000 101.5000 121.3157 0.0000
8         M:ssh_in
32        1396 2.0000 1.4000 1.6733 0.0000
8         M:www_in
32        1396 1.0000 0.7000 0.8367 0.0000
14        M:cfengine_out
32        1396 5.0000 3.5000 4.1833 0.0000
13        M:cfengine_in
32        1396 1.0000 0.7000 0.8367 0.0000
9         M:loadavg
32        1396 0.0342 0.0239 0.0286 0.0000
10        M:diskfree
35        1396 54.0000 37.8000 45.1796 0.0000
12        M:otherprocs
35        1396 26.0000 18.2000 21.7532 0.0000
11        M:rootprocs
36        1396 114.0000 79.8000 95.3792 0.0000
7         M:users
32        1396 8.0000 5.6000 6.6933 0.0000
3         MOY
15        M:entropy_avail
36        155 323.0000 297.6050 79.9482 0.0000
12        M:mem_cached
39        155 2526.1133 2298.4965 696.2697 0.0000
16        M:io_writtendata
31        155 0.2939 0.2241 0.2132 0.0000
11        M:io_writes
34        155 16.0000 12.2500 11.5973 0.0000
13        M:postgres_in
31        155 1.0000 0.9100 0.3000 0.0000
6         M:cpu3
31        155 9.2585 6.6064 9.9586 0.0000
6         M:cpu2
31        155 1.2023 0.9735 0.7040 0.0000
6         M:cpu1
33        155 11.0003 7.8207 12.0038 0.0000
6         M:cpu0
31        155 5.6586 4.0823 5.7035 0.0000
5         M:cpu
31        155 8.5900 6.1378 9.1662 0.0000
8         M:syslog
38        155 1068.5000 778.2950 812.0638 0.0000
8         M:ssh_in
31        155 2.0000 1.8200 0.6000 0.0000
8         M:www_in
31        155 1.0000 0.9100 0.3000 0.0000
14        M:cfengine_out
31        155 5.0000 4.5500 1.5000 0.0000
13        M:cfengine_in
31        155 1.0000 0.9100 0.3000 0.0000
9         M:loadavg
31        155 0.2126 0.1705 0.1909 0.0000
10        M:diskfree
34        155 60.5000 55.0550 18.2248 0.0000
12        M:otherprocs
33        155 26.0000 23.6600 7.8000 0.0000
11        M:rootprocs
36        155 113.5000 103.3900 33.7037 0.0000
7         M:users
31        155 8.0000 7.2800 2.4000 0.0000
# send QUERY complete successful
