# delta from 1679694678 to 1679694739 at 1679694739
22        CFR: 0 1679694738 2039
3         PRD
56        DBReportCollectAll,0.049070,0.285596,0.247569,1679694679
60        Packing reports: delta,0.026724,0.071416,0.068089,1679694679
83        Sample(/proc/sys/kernel/random/entropy_avail),0.005481,0.003004,0.002670,1679694738
3         EXS
16        f,288,1679694507
3         MOM
15        M:entropy_avail
35        1414 29.0000 20.3000 24.2631 0.0000
12        M:mem_cached
38        1414 3492.7500 2444.9250 0.0000 0.0000
10        M:mem_free
39        1414 11443.3203 8010.3242 0.0000 0.0000
11        M:mem_total
40        1414 15817.1836 11072.0285 0.0000 0.0000
16        M:io_writtendata
32        1414 0.0518 0.0362 0.0433 0.0000
11        M:io_writes
32        1414 4.0000 2.8000 3.3466 0.0000
13        M:postgres_in
32        1414 1.0000 0.7000 0.8367 0.0000
6         M:cpu3
32        1414 0.4069 0.2848 0.3404 0.0000
6         M:cpu2
32        1414 0.5733 0.4013 0.4796 0.0000
6         M:cpu1
32        1414 0.2866 0.2007 0.2398 0.0000
6         M:cpu0
32        1414 0.4998 0.3498 0.4181 0.0000
5         M:cpu
32        1414 0.4433 0.3103 0.3709 0.0000
8         M:syslog
38        1414 145.0000 101.5000 121.3157 0.0000
8         M:ssh_in
32        1414 2.0000 1.4000 1.6733 0.0000
8         M:www_in
32        1414 1.0000 0.7000 0.8367 0.0000
14        M:cfengine_out
32        1414 5.0000 3.5000 4.1833 0.0000
13        M:cfengine_in
32        1414 1.0000 0.7000 0.8367 0.0000
9         M:loadavg
32        1414 0.0156 0.0109 0.0131 0.0000
10        M:diskfree
35        1414 53.0000 37.1000 44.3430 0.0000
12        M:otherprocs
35        1414 26.0000 18.2000 21.7532 0.0000
11        M:rootprocs
36        1414 114.0000 79.8000 95.3792 0.0000
7         M:users
32        1414 8.0000 5.6000 6.6933 0.0000
3         MOY
15        M:entropy_avail
36        155 323.0000 297.6050 79.9482 0.0000
12        M:mem_cached
39        155 2526.1133 2298.4965 696.2697 0.0000
16        M:io_writtendata
31        155 0.2939 0.2241 0.2132 0.0000
11        M:io_writes
34        155 16.0000 12.2500 11.5973 0.0000
13        M:postgres_in
31        155 1.0000 0.9100 0.3000 0.0000
6         M:cpu3
31        155 9.2585 6.6064 9.9586 0.0000
6         M:cpu2
31        155 1.2023 0.9735 0.7040 0.0000
6         M:cpu1
33        155 11.0003 7.8207 12.0038 0.0000
6         M:cpu0
31        155 5.6586 4.0823 5.7035 0.0000
5         M:cpu
31        155 8.5900 6.1378 9.1662 0.0000
8         M:syslog
38        155 1068.5000 778.2950 812.0638 0.0000
8         M:ssh_in
31        155 2.0000 1.8200 0.6000 0.0000
8         M:www_in
31        155 1.0000 0.9100 0.3000 0.0000
14        M:cfengine_out
31        155 5.0000 4.5500 1.5000 0.0000
13        M:cfengine_in
31        155 1.0000 0.9100 0.3000 0.0000
9         M:loadavg
31        155 0.2126 0.1705 0.1909 0.0000
10        M:diskfree
34        155 60.5000 55.0550 18.2248 0.0000
12        M:otherprocs
33        155 26.0000 23.6600 7.8000 0.0000
11        M:rootprocs
36        155 113.5000 103.3900 33.7037 0.0000
7         M:users
31        155 8.0000 7.2800 2.4000 0.0000
# send QUERY complete successful
