# delta from 1679718018 to 1679718079 at 1679718079
22        CFR: 0 1679718078 2051
3         PRD
56        DBReportCollectAll,0.045023,0.303486,0.298215,1679718019
60        Packing reports: delta,0.032123,0.103192,0.109618,1679718019
83        Sample(/proc/sys/kernel/random/entropy_avail),0.006496,0.004219,0.002888,1679718029
3         EXS
16        f,320,1679717940
3         MOM
15        M:entropy_avail
38        1492 172.0000 120.4000 143.9055 0.0000
12        M:mem_cached
38        1492 3707.6133 2595.3293 0.0000 0.0000
10        M:mem_free
39        1492 11189.8984 7832.9289 0.0000 0.0000
11        M:mem_total
40        1492 15817.1836 11072.0285 0.0000 0.0000
16        M:io_writtendata
32        1492 0.2520 0.1764 0.2108 0.0000
11        M:io_writes
34        1492 14.0000 9.8000 11.7132 0.0000
13        M:postgres_in
32        1492 1.0000 0.7000 0.8367 0.0000
6         M:cpu3
35        1492 16.4877 11.5414 13.7946 0.0000
6         M:cpu2
33        1492 10.4125 7.2887 8.7117 0.0000
6         M:cpu1
32        1492 5.7679 4.0376 4.8258 0.0000
6         M:cpu0
33        1492 10.8455 7.5918 9.0740 0.0000
5         M:cpu
33        1492 10.8782 7.6147 9.1013 0.0000
8         M:syslog
39        1492 1054.0000 737.8000 881.8397 0.0000
8         M:ssh_in
32        1492 2.0000 1.4000 1.6733 0.0000
8         M:www_in
32        1492 1.0000 0.7000 0.8367 0.0000
14        M:cfengine_out
32        1492 5.0000 3.5000 4.1833 0.0000
13        M:cfengine_in
32        1492 1.0000 0.7000 0.8367 0.0000
9         M:loadavg
32        1492 0.3579 0.2505 0.2994 0.0000
10        M:diskfree
35        1492 51.0000 35.7000 42.6697 0.0000
12        M:otherprocs
35        1492 26.0000 18.2000 21.7532 0.0000
11        M:rootprocs
36        1492 114.0000 79.8000 95.3792 0.0000
7         M:users
32        1492 8.0000 5.6000 6.6933 0.0000
3         MOY
15        M:entropy_avail
36        155 323.0000 297.6050 79.9482 0.0000
12        M:mem_cached
39        155 2526.1133 2298.4965 696.2697 0.0000
16        M:io_writtendata
31        155 0.2939 0.2241 0.2132 0.0000
11        M:io_writes
34        155 16.0000 12.2500 11.5973 0.0000
13        M:postgres_in
31        155 1.0000 0.9100 0.3000 0.0000
6         M:cpu3
31        155 9.2585 6.6064 9.9586 0.0000
6         M:cpu2
31        155 1.2023 0.9735 0.7040 0.0000
6         M:cpu1
33        155 11.0003 7.8207 12.0038 0.0000
6         M:cpu0
31        155 5.6586 4.0823 5.7035 0.0000
5         M:cpu
31        155 8.5900 6.1378 9.1662 0.0000
8         M:syslog
38        155 1068.5000 778.2950 812.0638 0.0000
8         M:ssh_in
31        155 2.0000 1.8200 0.6000 0.0000
8         M:www_in
31        155 1.0000 0.9100 0.3000 0.0000
14        M:cfengine_out
31        155 5.0000 4.5500 1.5000 0.0000
13        M:cfengine_in
31        155 1.0000 0.9100 0.3000 0.0000
9         M:loadavg
31        155 0.2126 0.1705 0.1909 0.0000
10        M:diskfree
34        155 60.5000 55.0550 18.2248 0.0000
12        M:otherprocs
33        155 26.0000 23.6600 7.8000 0.0000
11        M:rootprocs
36        155 113.5000 103.3900 33.7037 0.0000
7         M:users
31        155 8.0000 7.2800 2.4000 0.0000
# send QUERY complete successful
