# delta from 1679736318 to 1679736379 at 1679736379
22        CFR: 0 1679736378 2046
3         PRD
56        DBReportCollectAll,0.081055,0.363313,0.294373,1679736319
60        Packing reports: delta,0.039514,0.133276,0.113515,1679736319
83        Sample(/proc/sys/kernel/random/entropy_avail),0.005847,0.003419,0.002200,1679736361
3         EXS
16        f,315,1679736232
3         MOM
15        M:entropy_avail
38        1553 199.0000 139.3000 166.4953 0.0000
12        M:mem_cached
38        1553 3867.0703 2706.9492 0.0000 0.0000
10        M:mem_free
39        1553 10989.8789 7692.9152 0.0000 0.0000
11        M:mem_total
40        1553 15817.1836 11072.0285 0.0000 0.0000
16        M:io_writtendata
32        1553 0.4385 0.3069 0.3669 0.0000
11        M:io_writes
35        1553 24.0000 16.8000 20.0798 0.0000
13        M:postgres_in
32        1553 1.0000 0.7000 0.8367 0.0000
6         M:cpu3
32        1553 0.7690 0.5383 0.6434 0.0000
6         M:cpu2
32        1553 7.4235 5.1964 6.2109 0.0000
6         M:cpu1
32        1553 1.2613 0.8829 1.0553 0.0000
6         M:cpu0
32        1553 7.2794 5.0956 6.0904 0.0000
5         M:cpu
32        1553 4.1871 2.9310 3.5032 0.0000
8         M:syslog
39        1553 1053.0000 737.1000 881.0030 0.0000
8         M:ssh_in
32        1553 2.0000 1.4000 1.6733 0.0000
8         M:www_in
32        1553 1.0000 0.7000 0.8367 0.0000
14        M:cfengine_out
32        1553 5.0000 3.5000 4.1833 0.0000
13        M:cfengine_in
32        1553 1.0000 0.7000 0.8367 0.0000
9         M:loadavg
32        1553 0.1763 0.1234 0.1475 0.0000
10        M:diskfree
35        1553 49.0000 34.3000 40.9963 0.0000
12        M:otherprocs
35        1553 26.0000 18.2000 21.7532 0.0000
11        M:rootprocs
36        1553 116.0000 81.2000 97.0526 0.0000
7         M:users
32        1553 8.0000 5.6000 6.6933 0.0000
3         MOY
15        M:entropy_avail
36        155 323.0000 297.6050 79.9482 0.0000
12        M:mem_cached
39        155 2526.1133 2298.4965 696.2697 0.0000
16        M:io_writtendata
31        155 0.2939 0.2241 0.2132 0.0000
11        M:io_writes
34        155 16.0000 12.2500 11.5973 0.0000
13        M:postgres_in
31        155 1.0000 0.9100 0.3000 0.0000
6         M:cpu3
31        155 9.2585 6.6064 9.9586 0.0000
6         M:cpu2
31        155 1.2023 0.9735 0.7040 0.0000
6         M:cpu1
33        155 11.0003 7.8207 12.0038 0.0000
6         M:cpu0
31        155 5.6586 4.0823 5.7035 0.0000
5         M:cpu
31        155 8.5900 6.1378 9.1662 0.0000
8         M:syslog
38        155 1068.5000 778.2950 812.0638 0.0000
8         M:ssh_in
31        155 2.0000 1.8200 0.6000 0.0000
8         M:www_in
31        155 1.0000 0.9100 0.3000 0.0000
14        M:cfengine_out
31        155 5.0000 4.5500 1.5000 0.0000
13        M:cfengine_in
31        155 1.0000 0.9100 0.3000 0.0000
9         M:loadavg
31        155 0.2126 0.1705 0.1909 0.0000
10        M:diskfree
34        155 60.5000 55.0550 18.2248 0.0000
12        M:otherprocs
33        155 26.0000 23.6600 7.8000 0.0000
11        M:rootprocs
36        155 113.5000 103.3900 33.7037 0.0000
7         M:users
31        155 8.0000 7.2800 2.4000 0.0000
# send QUERY complete successful
