# delta from 1679724978 to 1679725039 at 1679725039
22        CFR: 0 1679725038 2112
3         PRD
108       CFEngine Execution (policy filename: '/var/cfengine/inputs/update.cf'),0.090139,0.909654,0.977750,1679725031
56        DBReportCollectAll,0.141292,0.368943,0.269510,1679724979
60        Packing reports: delta,0.033377,0.166687,0.148925,1679724979
3         EXS
16        f,277,1679724789
3         MOM
15        M:entropy_avail
38        1515 172.0000 120.4000 143.9055 0.0000
12        M:mem_cached
38        1515 3767.5820 2637.3074 0.0000 0.0000
10        M:mem_free
39        1515 11122.1992 7785.5395 0.0000 0.0000
11        M:mem_total
40        1515 15817.1836 11072.0285 0.0000 0.0000
16        M:io_writtendata
32        1515 0.1309 0.0916 0.1095 0.0000
13        M:io_readdata
32        1515 0.0010 0.0007 0.0008 0.0000
11        M:io_writes
32        1515 8.0000 5.6000 6.6933 0.0000
13        M:postgres_in
32        1515 1.0000 0.7000 0.8367 0.0000
6         M:cpu3
32        1515 0.9029 0.6321 0.7555 0.0000
6         M:cpu2
32        1515 0.8697 0.6088 0.7276 0.0000
6         M:cpu1
32        1515 0.9701 0.6791 0.8116 0.0000
6         M:cpu0
32        1515 1.6950 1.1865 1.4182 0.0000
5         M:cpu
32        1515 1.1092 0.7764 0.9280 0.0000
8         M:syslog
38        1515 523.0000 366.1000 437.5732 0.0000
8         M:ssh_in
32        1515 3.0000 2.1000 2.5100 0.0000
8         M:www_in
32        1515 1.0000 0.7000 0.8367 0.0000
14        M:cfengine_out
32        1515 5.0000 3.5000 4.1833 0.0000
13        M:cfengine_in
32        1515 1.0000 0.7000 0.8367 0.0000
9         M:loadavg
32        1515 0.1812 0.1268 0.1516 0.0000
10        M:diskfree
35        1515 50.0000 35.0000 41.8330 0.0000
12        M:otherprocs
35        1515 26.0000 18.2000 21.7532 0.0000
11        M:rootprocs
36        1515 116.0000 81.2000 97.0526 0.0000
7         M:users
32        1515 8.0000 5.6000 6.6933 0.0000
3         MOY
15        M:entropy_avail
36        155 323.0000 297.6050 79.9482 0.0000
12        M:mem_cached
39        155 2526.1133 2298.4965 696.2697 0.0000
16        M:io_writtendata
31        155 0.2939 0.2241 0.2132 0.0000
11        M:io_writes
34        155 16.0000 12.2500 11.5973 0.0000
13        M:postgres_in
31        155 1.0000 0.9100 0.3000 0.0000
6         M:cpu3
31        155 9.2585 6.6064 9.9586 0.0000
6         M:cpu2
31        155 1.2023 0.9735 0.7040 0.0000
6         M:cpu1
33        155 11.0003 7.8207 12.0038 0.0000
6         M:cpu0
31        155 5.6586 4.0823 5.7035 0.0000
5         M:cpu
31        155 8.5900 6.1378 9.1662 0.0000
8         M:syslog
38        155 1068.5000 778.2950 812.0638 0.0000
8         M:ssh_in
31        155 2.0000 1.8200 0.6000 0.0000
8         M:www_in
31        155 1.0000 0.9100 0.3000 0.0000
14        M:cfengine_out
31        155 5.0000 4.5500 1.5000 0.0000
13        M:cfengine_in
31        155 1.0000 0.9100 0.3000 0.0000
9         M:loadavg
31        155 0.2126 0.1705 0.1909 0.0000
10        M:diskfree
34        155 60.5000 55.0550 18.2248 0.0000
12        M:otherprocs
33        155 26.0000 23.6600 7.8000 0.0000
11        M:rootprocs
36        155 113.5000 103.3900 33.7037 0.0000
7         M:users
31        155 8.0000 7.2800 2.4000 0.0000
# send QUERY complete successful
