# delta from 1679719878 to 1679719939 at 1679719939
22        CFR: 0 1679719938 2052
3         PRD
56        DBReportCollectAll,0.069112,0.328504,0.261372,1679719879
60        Packing reports: delta,0.046787,0.126068,0.101693,1679719879
3         EXS
16        f,288,1679719706
3         MOM
15        M:entropy_avail
38        1498 172.0000 120.4000 143.9055 0.0000
12        M:mem_cached
38        1498 3723.4727 2606.4309 0.0000 0.0000
10        M:mem_free
39        1498 11172.5586 7820.7910 0.0000 0.0000
11        M:mem_total
40        1498 15817.1836 11072.0285 0.0000 0.0000
16        M:io_writtendata
32        1498 0.2588 0.1812 0.2165 0.0000
13        M:io_readdata
32        1498 0.0156 0.0109 0.0131 0.0000
11        M:io_writes
34        1498 14.0000 9.8000 11.7132 0.0000
10        M:io_reads
32        1498 2.0000 1.4000 1.6733 0.0000
13        M:postgres_in
32        1498 1.0000 0.7000 0.8367 0.0000
6         M:cpu3
32        1498 0.8825 0.6178 0.7384 0.0000
6         M:cpu2
32        1498 5.5496 3.8847 4.6431 0.0000
6         M:cpu1
32        1498 1.6776 1.1743 1.4036 0.0000
6         M:cpu0
33        1498 10.3690 7.2583 8.6753 0.0000
5         M:cpu
32        1498 4.6209 3.2346 3.8661 0.0000
8         M:syslog
41        1498 1541.0000 1078.7000 1289.2931 0.0000
8         M:ssh_in
32        1498 2.0000 1.4000 1.6733 0.0000
8         M:www_in
32        1498 1.0000 0.7000 0.8367 0.0000
14        M:cfengine_out
32        1498 5.0000 3.5000 4.1833 0.0000
13        M:cfengine_in
32        1498 1.0000 0.7000 0.8367 0.0000
9         M:loadavg
32        1498 0.1079 0.0755 0.0903 0.0000
10        M:diskfree
35        1498 50.0000 35.0000 41.8330 0.0000
12        M:otherprocs
35        1498 26.0000 18.2000 21.7532 0.0000
11        M:rootprocs
36        1498 118.0000 82.6000 98.7259 0.0000
7         M:users
32        1498 8.0000 5.6000 6.6933 0.0000
3         MOY
15        M:entropy_avail
36        155 323.0000 297.6050 79.9482 0.0000
12        M:mem_cached
39        155 2526.1133 2298.4965 696.2697 0.0000
16        M:io_writtendata
31        155 0.2939 0.2241 0.2132 0.0000
11        M:io_writes
34        155 16.0000 12.2500 11.5973 0.0000
13        M:postgres_in
31        155 1.0000 0.9100 0.3000 0.0000
6         M:cpu3
31        155 9.2585 6.6064 9.9586 0.0000
6         M:cpu2
31        155 1.2023 0.9735 0.7040 0.0000
6         M:cpu1
33        155 11.0003 7.8207 12.0038 0.0000
6         M:cpu0
31        155 5.6586 4.0823 5.7035 0.0000
5         M:cpu
31        155 8.5900 6.1378 9.1662 0.0000
8         M:syslog
38        155 1068.5000 778.2950 812.0638 0.0000
8         M:ssh_in
31        155 2.0000 1.8200 0.6000 0.0000
8         M:www_in
31        155 1.0000 0.9100 0.3000 0.0000
14        M:cfengine_out
31        155 5.0000 4.5500 1.5000 0.0000
13        M:cfengine_in
31        155 1.0000 0.9100 0.3000 0.0000
9         M:loadavg
31        155 0.2126 0.1705 0.1909 0.0000
10        M:diskfree
34        155 60.5000 55.0550 18.2248 0.0000
12        M:otherprocs
33        155 26.0000 23.6600 7.8000 0.0000
11        M:rootprocs
36        155 113.5000 103.3900 33.7037 0.0000
7         M:users
31        155 8.0000 7.2800 2.4000 0.0000
# send QUERY complete successful
