# delta from 1679702118 to 1679702179 at 1679702179
22        CFR: 0 1679702178 1972
3         PRD
56        DBReportCollectAll,0.047090,0.326691,0.291700,1679702119
60        Packing reports: delta,0.034441,0.118621,0.113465,1679702119
3         EXS
16        f,317,1679702023
3         MOM
15        M:entropy_avail
38        1439 156.0000 109.2000 130.5190 0.0000
12        M:mem_cached
38        1439 3558.2891 2490.8023 0.0000 0.0000
10        M:mem_free
39        1439 11374.4883 7962.1418 0.0000 0.0000
11        M:mem_total
40        1439 15817.1836 11072.0285 0.0000 0.0000
16        M:io_writtendata
32        1439 0.4346 0.3042 0.3636 0.0000
11        M:io_writes
35        1439 22.0000 15.4000 18.4065 0.0000
13        M:postgres_in
32        1439 1.0000 0.7000 0.8367 0.0000
6         M:cpu3
35        1439 25.1867 17.6307 21.0727 0.0000
6         M:cpu2
32        1439 0.7680 0.5376 0.6426 0.0000
6         M:cpu1
35        1439 23.5702 16.4991 19.7202 0.0000
6         M:cpu0
32        1439 1.4294 1.0006 1.1959 0.0000
5         M:cpu
34        1439 12.7504 8.9253 10.6678 0.0000
8         M:syslog
40        1439 1386.0000 970.2000 1159.6108 0.0000
8         M:ssh_in
32        1439 2.0000 1.4000 1.6733 0.0000
8         M:www_in
32        1439 1.0000 0.7000 0.8367 0.0000
14        M:cfengine_out
32        1439 5.0000 3.5000 4.1833 0.0000
13        M:cfengine_in
32        1439 1.0000 0.7000 0.8367 0.0000
9         M:loadavg
32        1439 0.2275 0.1593 0.1904 0.0000
10        M:diskfree
35        1439 52.0000 36.4000 43.5063 0.0000
12        M:otherprocs
35        1439 26.0000 18.2000 21.7532 0.0000
11        M:rootprocs
36        1439 114.0000 79.8000 95.3792 0.0000
7         M:users
32        1439 8.0000 5.6000 6.6933 0.0000
3         MOY
15        M:entropy_avail
36        155 323.0000 297.6050 79.9482 0.0000
12        M:mem_cached
39        155 2526.1133 2298.4965 696.2697 0.0000
16        M:io_writtendata
31        155 0.2939 0.2241 0.2132 0.0000
11        M:io_writes
34        155 16.0000 12.2500 11.5973 0.0000
13        M:postgres_in
31        155 1.0000 0.9100 0.3000 0.0000
6         M:cpu3
31        155 9.2585 6.6064 9.9586 0.0000
6         M:cpu2
31        155 1.2023 0.9735 0.7040 0.0000
6         M:cpu1
33        155 11.0003 7.8207 12.0038 0.0000
6         M:cpu0
31        155 5.6586 4.0823 5.7035 0.0000
5         M:cpu
31        155 8.5900 6.1378 9.1662 0.0000
8         M:syslog
38        155 1068.5000 778.2950 812.0638 0.0000
8         M:ssh_in
31        155 2.0000 1.8200 0.6000 0.0000
8         M:www_in
31        155 1.0000 0.9100 0.3000 0.0000
14        M:cfengine_out
31        155 5.0000 4.5500 1.5000 0.0000
13        M:cfengine_in
31        155 1.0000 0.9100 0.3000 0.0000
9         M:loadavg
31        155 0.2126 0.1705 0.1909 0.0000
10        M:diskfree
34        155 60.5000 55.0550 18.2248 0.0000
12        M:otherprocs
33        155 26.0000 23.6600 7.8000 0.0000
11        M:rootprocs
36        155 113.5000 103.3900 33.7037 0.0000
7         M:users
31        155 8.0000 7.2800 2.4000 0.0000
# send QUERY complete successful
