# delta from 1679702358 to 1679702419 at 1679702419
22        CFR: 0 1679702418 2886
3         PRD
56        DBReportCollectAll,0.038024,0.341296,0.366033,1679702359
60        Packing reports: delta,0.030107,0.118381,0.109298,1679702359
83        Sample(/proc/sys/kernel/random/entropy_avail),0.004839,0.002341,0.002462,1679702401
3         EXS
16        f,286,1679702297
3         MOM
15        M:entropy_avail
35        1439 52.0000 69.1600 57.2000 0.0000
38        1440 152.0000 106.4000 127.1723 0.0000
12        M:mem_cached
40        1439 3558.4258 3238.1387 893.2379 0.0000
38        1440 3566.3984 2496.4789 0.0000 0.0000
10        M:mem_free
40        1439 11290.0391 10291.6699 0.0000 0.0000
39        1440 11336.1289 7935.2902 0.0000 0.0000
11        M:mem_total
40        1439 15817.1836 14393.6371 0.0000 0.0000
40        1440 15817.1836 11072.0285 0.0000 0.0000
16        M:io_writtendata
32        1439 0.1895 0.2239 0.1147 0.0000
32        1440 0.3271 0.2290 0.2737 0.0000
13        M:io_readdata
32        1440 0.0098 0.0068 0.0082 0.0000
11        M:io_writes
34        1439 14.0000 14.4200 1.4000 0.0000
34        1440 14.0000 9.8000 11.7132 0.0000
13        M:postgres_in
32        1439 1.0000 0.9100 0.3000 0.0000
32        1440 1.0000 0.7000 0.8367 0.0000
6         M:cpu3
33        1439 9.6007 12.0097 8.0300 0.0000
35        1440 21.0077 14.7054 17.5763 0.0000
6         M:cpu2
32        1439 5.7704 4.2006 4.3922 0.0000
32        1440 0.8217 0.5752 0.6875 0.0000
6         M:cpu1
34        1439 15.9784 16.1346 0.5207 0.0000
33        1440 10.4435 7.3104 8.7376 0.0000
6         M:cpu0
32        1439 1.1878 1.1316 0.1872 0.0000
32        1440 2.0455 1.4318 1.7114 0.0000
5         M:cpu
32        1439 8.1304 8.3689 0.7949 0.0000
32        1440 8.5877 6.0114 7.1850 0.0000
8         M:syslog
38        1439 312.0000 509.4600 658.2000 0.0000
38        1440 4371.0000 3059.7000 0.0000 0.0000
9         M:ssh_out
32        1439 5.0000 3.5000 4.1833 0.0000
8         M:ssh_in
32        1439 2.0000 1.8200 0.6000 0.0000
32        1440 2.0000 1.4000 1.6733 0.0000
8         M:www_in
32        1439 1.0000 0.9100 0.3000 0.0000
32        1440 1.0000 0.7000 0.8367 0.0000
14        M:cfengine_out
32        1439 6.0000 5.2500 2.5000 0.0000
32        1440 5.0000 3.5000 4.1833 0.0000
13        M:cfengine_in
32        1439 1.0000 0.9100 0.3000 0.0000
32        1440 1.0000 0.7000 0.8367 0.0000
9         M:loadavg
32        1439 0.5464 0.4303 0.3403 0.0000
32        1440 0.1489 0.1042 0.1246 0.0000
10        M:diskfree
35        1439 52.0000 47.3200 15.6000 0.0000
35        1440 52.0000 36.4000 43.5063 0.0000
12        M:otherprocs
34        1439 26.0000 23.6600 7.8000 0.0000
35        1440 26.0000 18.2000 21.7532 0.0000
11        M:rootprocs
37        1439 116.0000 105.1400 36.2000 0.0000
36        1440 119.0000 83.3000 99.5625 0.0000
7         M:users
32        1439 8.0000 7.2800 2.4000 0.0000
32        1440 8.0000 5.6000 6.6933 0.0000
3         MOY
15        M:entropy_avail
36        155 323.0000 297.6050 79.9482 0.0000
12        M:mem_cached
39        155 2526.1133 2298.4965 696.2697 0.0000
16        M:io_writtendata
31        155 0.2939 0.2241 0.2132 0.0000
11        M:io_writes
34        155 16.0000 12.2500 11.5973 0.0000
13        M:postgres_in
31        155 1.0000 0.9100 0.3000 0.0000
6         M:cpu3
31        155 9.2585 6.6064 9.9586 0.0000
6         M:cpu2
31        155 1.2023 0.9735 0.7040 0.0000
6         M:cpu1
33        155 11.0003 7.8207 12.0038 0.0000
6         M:cpu0
31        155 5.6586 4.0823 5.7035 0.0000
5         M:cpu
31        155 8.5900 6.1378 9.1662 0.0000
8         M:syslog
38        155 1068.5000 778.2950 812.0638 0.0000
8         M:ssh_in
31        155 2.0000 1.8200 0.6000 0.0000
8         M:www_in
31        155 1.0000 0.9100 0.3000 0.0000
14        M:cfengine_out
31        155 5.0000 4.5500 1.5000 0.0000
13        M:cfengine_in
31        155 1.0000 0.9100 0.3000 0.0000
9         M:loadavg
31        155 0.2126 0.1705 0.1909 0.0000
10        M:diskfree
34        155 60.5000 55.0550 18.2248 0.0000
12        M:otherprocs
33        155 26.0000 23.6600 7.8000 0.0000
11        M:rootprocs
36        155 113.5000 103.3900 33.7037 0.0000
7         M:users
31        155 8.0000 7.2800 2.4000 0.0000
# send QUERY complete successful
