# delta from 1679675538 to 1679675599 at 1679675599
22        CFR: 0 1679675598 1953
3         PRD
56        DBReportCollectAll,0.098620,0.362965,0.305018,1679675539
60        Packing reports: delta,0.091262,0.171820,0.110780,1679675539
3         EXS
16        f,319,1679675332
3         MOM
15        M:entropy_avail
32        1350 7.0000 4.9000 5.8566 0.0000
12        M:mem_cached
38        1350 3324.0977 2326.8684 0.0000 0.0000
10        M:mem_free
39        1350 11653.9062 8157.7344 0.0000 0.0000
11        M:mem_total
40        1350 15817.1836 11072.0285 0.0000 0.0000
16        M:io_writtendata
32        1350 0.1016 0.0711 0.0850 0.0000
11        M:io_writes
32        1350 4.0000 2.8000 3.3466 0.0000
13        M:postgres_in
32        1350 1.0000 0.7000 0.8367 0.0000
6         M:cpu3
32        1350 0.6558 0.4590 0.5487 0.0000
6         M:cpu2
32        1350 0.7415 0.5190 0.6204 0.0000
6         M:cpu1
32        1350 0.5678 0.3975 0.4751 0.0000
6         M:cpu0
32        1350 0.6606 0.4624 0.5527 0.0000
5         M:cpu
32        1350 0.6581 0.4607 0.5506 0.0000
8         M:syslog
38        1350 145.0000 101.5000 121.3157 0.0000
8         M:ssh_in
32        1350 2.0000 1.4000 1.6733 0.0000
8         M:www_in
32        1350 1.0000 0.7000 0.8367 0.0000
14        M:cfengine_out
32        1350 5.0000 3.5000 4.1833 0.0000
13        M:cfengine_in
32        1350 1.0000 0.7000 0.8367 0.0000
9         M:loadavg
32        1350 0.0454 0.0318 0.0380 0.0000
10        M:diskfree
35        1350 55.0000 38.5000 46.0163 0.0000
12        M:otherprocs
35        1350 26.0000 18.2000 21.7532 0.0000
11        M:rootprocs
36        1350 114.0000 79.8000 95.3792 0.0000
7         M:users
32        1350 8.0000 5.6000 6.6933 0.0000
3         MOY
15        M:entropy_avail
36        155 326.0000 300.0200 82.1068 0.0000
12        M:mem_cached
39        155 2518.4746 2291.5080 694.0815 0.0000
16        M:io_writtendata
31        155 0.2979 0.2256 0.2212 0.0000
11        M:io_writes
34        155 15.0000 11.3400 11.1825 0.0000
13        M:postgres_in
31        155 1.0000 0.9100 0.3000 0.0000
6         M:cpu3
31        155 1.6576 1.2887 1.1079 0.0000
6         M:cpu2
31        155 8.8769 6.3252 9.5975 0.0000
6         M:cpu1
31        155 4.0748 2.9834 3.8038 0.0000
6         M:cpu0
31        155 9.0086 6.4323 9.6344 0.0000
5         M:cpu
31        155 8.6523 6.1804 9.2437 0.0000
8         M:syslog
40        155 1432.0000 1032.7450 2103.9943 0.0000
8         M:ssh_in
31        155 2.0000 1.8200 0.6000 0.0000
8         M:www_in
31        155 1.0000 0.9100 0.3000 0.0000
14        M:cfengine_out
31        155 5.0000 4.5500 1.5000 0.0000
13        M:cfengine_in
31        155 1.0000 0.9100 0.3000 0.0000
9         M:loadavg
31        155 0.2974 0.2359 0.2689 0.0000
10        M:diskfree
34        155 60.5000 55.0550 18.2248 0.0000
12        M:otherprocs
33        155 26.0000 23.6600 7.8000 0.0000
11        M:rootprocs
36        155 114.0000 103.8450 33.8518 0.0000
7         M:users
31        155 8.0000 7.2800 2.4000 0.0000
# send QUERY complete successful
