# delta from 1679681358 to 1679681419 at 1679681419
22        CFR: 0 1679681418 2097
3         PRD
56        DBReportCollectAll,0.116346,0.394574,0.517396,1679681359
60        Packing reports: delta,0.083339,0.126829,0.227792,1679681359
83        Sample(/proc/sys/kernel/random/entropy_avail),0.005750,0.003306,0.001757,1679681363
3         EXS
16        f,287,1679681298
3         MOM
15        M:entropy_avail
38        1369 139.0000 102.1300 103.3643 0.0000
12        M:mem_cached
40        1369 3377.7500 3073.2136 849.3116 0.0000
10        M:mem_free
38        1369 8095.3551 8095.3551 0.0000 0.0000
11        M:mem_total
40        1369 11072.0285 11072.0285 0.0000 0.0000
16        M:io_writtendata
32        1369 0.4668 0.3399 0.3551 0.0000
11        M:io_writes
35        1369 24.0000 17.6400 17.8317 0.0000
13        M:postgres_in
32        1369 1.0000 0.9100 0.3000 0.0000
6         M:cpu3
33        1369 10.5449 7.7781 7.7647 0.0000
6         M:cpu2
32        1369 1.8606 1.5087 1.0797 0.0000
6         M:cpu1
35        1369 20.8912 15.3050 15.6499 0.0000
6         M:cpu0
32        1369 1.1439 1.0320 0.3729 0.0000
5         M:cpu
35        1369 14.7776 10.7229 11.3382 0.0000
8         M:syslog
41        1369 2163.0000 1544.5500 1726.0541 0.0000
9         M:ssh_out
32        1369 0.0000 1.0500 3.7182 0.0000
8         M:ssh_in
32        1369 3.0000 2.5200 1.6223 0.0000
8         M:www_in
32        1369 1.0000 1.1200 0.4000 0.0000
14        M:cfengine_out
32        1369 5.0000 4.7600 0.8000 0.0000
13        M:cfengine_in
32        1369 1.0000 0.9100 0.3000 0.0000
9         M:loadavg
32        1369 0.2642 0.2093 0.1620 0.0000
10        M:diskfree
35        1369 54.0000 49.1400 16.2000 0.0000
12        M:otherprocs
34        1369 27.0000 24.3600 8.8000 0.0000
11        M:rootprocs
37        1369 115.0000 105.2800 32.4000 0.0000
7         M:users
32        1369 9.0000 7.9800 3.4000 0.0000
3         MOY
15        M:entropy_avail
36        155 323.0000 297.6050 79.9482 0.0000
12        M:mem_cached
39        155 2526.1133 2298.4965 696.2697 0.0000
16        M:io_writtendata
31        155 0.2939 0.2241 0.2132 0.0000
11        M:io_writes
34        155 16.0000 12.2500 11.5973 0.0000
13        M:postgres_in
31        155 1.0000 0.9100 0.3000 0.0000
6         M:cpu3
31        155 9.2585 6.6064 9.9586 0.0000
6         M:cpu2
31        155 1.2023 0.9735 0.7040 0.0000
6         M:cpu1
33        155 11.0003 7.8207 12.0038 0.0000
6         M:cpu0
31        155 5.6586 4.0823 5.7035 0.0000
5         M:cpu
31        155 8.5900 6.1378 9.1662 0.0000
8         M:syslog
38        155 1068.5000 778.2950 812.0638 0.0000
8         M:ssh_in
31        155 2.0000 1.8200 0.6000 0.0000
8         M:www_in
31        155 1.0000 0.9100 0.3000 0.0000
14        M:cfengine_out
31        155 5.0000 4.5500 1.5000 0.0000
13        M:cfengine_in
31        155 1.0000 0.9100 0.3000 0.0000
9         M:loadavg
31        155 0.2126 0.1705 0.1909 0.0000
10        M:diskfree
34        155 60.5000 55.0550 18.2248 0.0000
12        M:otherprocs
33        155 26.0000 23.6600 7.8000 0.0000
11        M:rootprocs
36        155 113.5000 103.3900 33.7037 0.0000
7         M:users
31        155 8.0000 7.2800 2.4000 0.0000
# send QUERY complete successful
