# delta from 1679718318 to 1679718379 at 1679718379
22        CFR: 0 1679718378 2050
3         PRD
56        DBReportCollectAll,0.123270,0.354524,0.329932,1679718319
60        Packing reports: delta,0.056864,0.129985,0.194088,1679718319
83        Sample(/proc/sys/kernel/random/entropy_avail),0.005590,0.003124,0.001683,1679718330
3         EXS
16        f,289,1679718216
3         MOM
15        M:entropy_avail
38        1493 187.0000 130.9000 156.4554 0.0000
12        M:mem_cached
38        1493 3710.2070 2597.1449 0.0000 0.0000
10        M:mem_free
39        1493 11194.7734 7836.3414 0.0000 0.0000
11        M:mem_total
40        1493 15817.1836 11072.0285 0.0000 0.0000
16        M:io_writtendata
32        1493 0.4668 0.3268 0.3906 0.0000
11        M:io_writes
35        1493 24.0000 16.8000 20.0798 0.0000
13        M:postgres_in
32        1493 1.0000 0.7000 0.8367 0.0000
6         M:cpu3
32        1493 1.3265 0.9286 1.1099 0.0000
6         M:cpu2
33        1493 10.8835 7.6184 9.1058 0.0000
6         M:cpu1
32        1493 0.9412 0.6588 0.7875 0.0000
6         M:cpu0
34        1493 13.5461 9.4823 11.3335 0.0000
5         M:cpu
32        1493 6.6812 4.6769 5.5899 0.0000
8         M:syslog
40        1493 1302.0000 911.4000 1089.3314 0.0000
8         M:ssh_in
32        1493 2.0000 1.4000 1.6733 0.0000
8         M:www_in
32        1493 1.0000 0.7000 0.8367 0.0000
14        M:cfengine_out
32        1493 5.0000 3.5000 4.1833 0.0000
13        M:cfengine_in
32        1493 1.0000 0.7000 0.8367 0.0000
9         M:loadavg
32        1493 0.6978 0.4884 0.5838 0.0000
10        M:diskfree
35        1493 51.0000 35.7000 42.6697 0.0000
12        M:otherprocs
35        1493 26.0000 18.2000 21.7532 0.0000
11        M:rootprocs
36        1493 114.0000 79.8000 95.3792 0.0000
7         M:users
32        1493 8.0000 5.6000 6.6933 0.0000
3         MOY
15        M:entropy_avail
36        155 323.0000 297.6050 79.9482 0.0000
12        M:mem_cached
39        155 2526.1133 2298.4965 696.2697 0.0000
16        M:io_writtendata
31        155 0.2939 0.2241 0.2132 0.0000
11        M:io_writes
34        155 16.0000 12.2500 11.5973 0.0000
13        M:postgres_in
31        155 1.0000 0.9100 0.3000 0.0000
6         M:cpu3
31        155 9.2585 6.6064 9.9586 0.0000
6         M:cpu2
31        155 1.2023 0.9735 0.7040 0.0000
6         M:cpu1
33        155 11.0003 7.8207 12.0038 0.0000
6         M:cpu0
31        155 5.6586 4.0823 5.7035 0.0000
5         M:cpu
31        155 8.5900 6.1378 9.1662 0.0000
8         M:syslog
38        155 1068.5000 778.2950 812.0638 0.0000
8         M:ssh_in
31        155 2.0000 1.8200 0.6000 0.0000
8         M:www_in
31        155 1.0000 0.9100 0.3000 0.0000
14        M:cfengine_out
31        155 5.0000 4.5500 1.5000 0.0000
13        M:cfengine_in
31        155 1.0000 0.9100 0.3000 0.0000
9         M:loadavg
31        155 0.2126 0.1705 0.1909 0.0000
10        M:diskfree
34        155 60.5000 55.0550 18.2248 0.0000
12        M:otherprocs
33        155 26.0000 23.6600 7.8000 0.0000
11        M:rootprocs
36        155 113.5000 103.3900 33.7037 0.0000
7         M:users
31        155 8.0000 7.2800 2.4000 0.0000
# send QUERY complete successful
