# delta from 1679737818 to 1679737879 at 1679737879
22        CFR: 0 1679737878 2044
3         PRD
56        DBReportCollectAll,0.067456,0.339583,0.288063,1679737819
60        Packing reports: delta,0.033692,0.164440,0.165724,1679737819
83        Sample(/proc/sys/kernel/random/entropy_avail),0.004999,0.002499,0.002940,1679737864
3         EXS
16        f,316,1679737723
3         MOM
15        M:entropy_avail
38        1558 182.0000 127.4000 152.2721 0.0000
12        M:mem_cached
38        1558 3880.0508 2716.0355 0.0000 0.0000
10        M:mem_free
39        1558 10980.0469 7686.0328 0.0000 0.0000
11        M:mem_total
40        1558 15817.1836 11072.0285 0.0000 0.0000
16        M:io_writtendata
32        1558 0.2002 0.1401 0.1675 0.0000
11        M:io_writes
33        1558 10.0000 7.0000 8.3666 0.0000
13        M:postgres_in
32        1558 1.0000 0.7000 0.8367 0.0000
6         M:cpu3
32        1558 3.3440 2.3408 2.7978 0.0000
6         M:cpu2
32        1558 0.8894 0.6226 0.7441 0.0000
6         M:cpu1
32        1558 3.8972 2.7281 3.2607 0.0000
6         M:cpu0
32        1558 0.8345 0.5842 0.6982 0.0000
5         M:cpu
32        1558 2.2388 1.5672 1.8731 0.0000
8         M:syslog
39        1558 1052.0000 736.4000 880.1663 0.0000
8         M:ssh_in
32        1558 2.0000 1.4000 1.6733 0.0000
8         M:www_in
32        1558 1.0000 0.7000 0.8367 0.0000
14        M:cfengine_out
32        1558 5.0000 3.5000 4.1833 0.0000
13        M:cfengine_in
32        1558 1.0000 0.7000 0.8367 0.0000
9         M:loadavg
32        1558 0.0767 0.0537 0.0641 0.0000
10        M:diskfree
35        1558 49.0000 34.3000 40.9963 0.0000
12        M:otherprocs
35        1558 26.0000 18.2000 21.7532 0.0000
11        M:rootprocs
36        1558 114.0000 79.8000 95.3792 0.0000
7         M:users
32        1558 8.0000 5.6000 6.6933 0.0000
3         MOY
15        M:entropy_avail
36        155 323.0000 297.6050 79.9482 0.0000
12        M:mem_cached
39        155 2526.1133 2298.4965 696.2697 0.0000
16        M:io_writtendata
31        155 0.2939 0.2241 0.2132 0.0000
11        M:io_writes
34        155 16.0000 12.2500 11.5973 0.0000
13        M:postgres_in
31        155 1.0000 0.9100 0.3000 0.0000
6         M:cpu3
31        155 9.2585 6.6064 9.9586 0.0000
6         M:cpu2
31        155 1.2023 0.9735 0.7040 0.0000
6         M:cpu1
33        155 11.0003 7.8207 12.0038 0.0000
6         M:cpu0
31        155 5.6586 4.0823 5.7035 0.0000
5         M:cpu
31        155 8.5900 6.1378 9.1662 0.0000
8         M:syslog
38        155 1068.5000 778.2950 812.0638 0.0000
8         M:ssh_in
31        155 2.0000 1.8200 0.6000 0.0000
8         M:www_in
31        155 1.0000 0.9100 0.3000 0.0000
14        M:cfengine_out
31        155 5.0000 4.5500 1.5000 0.0000
13        M:cfengine_in
31        155 1.0000 0.9100 0.3000 0.0000
9         M:loadavg
31        155 0.2126 0.1705 0.1909 0.0000
10        M:diskfree
34        155 60.5000 55.0550 18.2248 0.0000
12        M:otherprocs
33        155 26.0000 23.6600 7.8000 0.0000
11        M:rootprocs
36        155 113.5000 103.3900 33.7037 0.0000
7         M:users
31        155 8.0000 7.2800 2.4000 0.0000
# send QUERY complete successful
