# delta from 1679749458 to 1679749519 at 1679749519
22        CFR: 0 1679749518 1970
3         PRD
56        DBReportCollectAll,0.058880,0.340297,0.320293,1679749459
60        Packing reports: delta,0.042116,0.134630,0.132008,1679749459
3         EXS
16        f,320,1679749441
3         MOM
15        M:entropy_avail
36        1596 93.0000 110.2500 57.5000 0.0000
12        M:mem_cached
40        1596 3977.7344 3619.6218 998.7283 0.0000
10        M:mem_free
42        1596 10759.6992 9816.0604 2631.6831 0.0000
11        M:mem_total
40        1596 15817.1836 14393.6371 0.0000 0.0000
16        M:io_writtendata
32        1596 0.0996 0.1085 0.0296 0.0000
11        M:io_writes
32        1596 6.0000 6.7200 2.4000 0.0000
13        M:postgres_in
32        1596 1.0000 0.9100 0.3000 0.0000
6         M:cpu3
35        1596 28.5332 20.1091 23.4954 0.0000
6         M:cpu2
32        1596 2.4524 1.8695 1.6595 0.0000
6         M:cpu1
35        1596 26.1925 18.4412 21.6187 0.0000
6         M:cpu0
32        1596 1.4846 1.1484 0.9673 0.0000
5         M:cpu
35        1596 14.6699 10.3953 11.9243 0.0000
8         M:syslog
37        1596 167.0000 147.3500 65.5000 0.0000
8         M:ssh_in
32        1596 2.0000 1.8200 0.6000 0.0000
8         M:www_in
32        1596 1.0000 0.9100 0.3000 0.0000
14        M:cfengine_out
32        1596 5.0000 4.5500 1.5000 0.0000
13        M:cfengine_in
32        1596 1.0000 0.9100 0.3000 0.0000
9         M:loadavg
32        1596 0.9902 0.7329 0.7228 0.0000
10        M:diskfree
35        1596 48.0000 43.6800 14.4000 0.0000
12        M:otherprocs
34        1596 26.0000 23.6600 7.8000 0.0000
11        M:rootprocs
37        1596 117.0000 106.0500 36.5000 0.0000
7         M:users
32        1596 8.0000 7.2800 2.4000 0.0000
3         MOY
15        M:entropy_avail
36        155 323.0000 297.6050 79.9482 0.0000
12        M:mem_cached
39        155 2526.1133 2298.4965 696.2697 0.0000
16        M:io_writtendata
31        155 0.2939 0.2241 0.2132 0.0000
11        M:io_writes
34        155 16.0000 12.2500 11.5973 0.0000
13        M:postgres_in
31        155 1.0000 0.9100 0.3000 0.0000
6         M:cpu3
31        155 9.2585 6.6064 9.9586 0.0000
6         M:cpu2
31        155 1.2023 0.9735 0.7040 0.0000
6         M:cpu1
33        155 11.0003 7.8207 12.0038 0.0000
6         M:cpu0
31        155 5.6586 4.0823 5.7035 0.0000
5         M:cpu
31        155 8.5900 6.1378 9.1662 0.0000
8         M:syslog
38        155 1068.5000 778.2950 812.0638 0.0000
8         M:ssh_in
31        155 2.0000 1.8200 0.6000 0.0000
8         M:www_in
31        155 1.0000 0.9100 0.3000 0.0000
14        M:cfengine_out
31        155 5.0000 4.5500 1.5000 0.0000
13        M:cfengine_in
31        155 1.0000 0.9100 0.3000 0.0000
9         M:loadavg
31        155 0.2126 0.1705 0.1909 0.0000
10        M:diskfree
34        155 60.5000 55.0550 18.2248 0.0000
12        M:otherprocs
33        155 26.0000 23.6600 7.8000 0.0000
11        M:rootprocs
36        155 113.5000 103.3900 33.7037 0.0000
7         M:users
31        155 8.0000 7.2800 2.4000 0.0000
# send QUERY complete successful
