# delta from 1679690478 to 1679690539 at 1679690539
22        CFR: 0 1679690538 2041
3         PRD
56        DBReportCollectAll,0.049909,0.334296,0.321787,1679690479
60        Packing reports: delta,0.035469,0.138889,0.116174,1679690479
83        Sample(/proc/sys/kernel/random/entropy_avail),0.006940,0.004816,0.002727,1679690530
3         EXS
16        f,287,1679690307
3         MOM
15        M:entropy_avail
35        1400 25.0000 17.5000 20.9165 0.0000
12        M:mem_cached
38        1400 3455.8008 2419.0605 0.0000 0.0000
10        M:mem_free
39        1400 11495.4570 8046.8199 0.0000 0.0000
11        M:mem_total
40        1400 15817.1836 11072.0285 0.0000 0.0000
16        M:io_writtendata
32        1400 0.1992 0.1395 0.1667 0.0000
11        M:io_writes
34        1400 14.0000 9.8000 11.7132 0.0000
13        M:postgres_in
32        1400 1.0000 0.7000 0.8367 0.0000
6         M:cpu3
32        1400 0.5202 0.3641 0.4352 0.0000
6         M:cpu2
32        1400 0.5399 0.3779 0.4517 0.0000
6         M:cpu1
32        1400 0.4599 0.3219 0.3848 0.0000
6         M:cpu0
32        1400 0.6465 0.4525 0.5409 0.0000
5         M:cpu
32        1400 0.5433 0.3803 0.4545 0.0000
8         M:syslog
38        1400 145.0000 101.5000 121.3157 0.0000
8         M:ssh_in
32        1400 2.0000 1.4000 1.6733 0.0000
8         M:www_in
32        1400 1.0000 0.7000 0.8367 0.0000
14        M:cfengine_out
32        1400 5.0000 3.5000 4.1833 0.0000
13        M:cfengine_in
32        1400 1.0000 0.7000 0.8367 0.0000
9         M:loadavg
32        1400 0.0181 0.0126 0.0151 0.0000
10        M:diskfree
35        1400 53.0000 37.1000 44.3430 0.0000
12        M:otherprocs
35        1400 26.0000 18.2000 21.7532 0.0000
11        M:rootprocs
36        1400 114.0000 79.8000 95.3792 0.0000
7         M:users
32        1400 8.0000 5.6000 6.6933 0.0000
3         MOY
15        M:entropy_avail
36        155 323.0000 297.6050 79.9482 0.0000
12        M:mem_cached
39        155 2526.1133 2298.4965 696.2697 0.0000
16        M:io_writtendata
31        155 0.2939 0.2241 0.2132 0.0000
11        M:io_writes
34        155 16.0000 12.2500 11.5973 0.0000
13        M:postgres_in
31        155 1.0000 0.9100 0.3000 0.0000
6         M:cpu3
31        155 9.2585 6.6064 9.9586 0.0000
6         M:cpu2
31        155 1.2023 0.9735 0.7040 0.0000
6         M:cpu1
33        155 11.0003 7.8207 12.0038 0.0000
6         M:cpu0
31        155 5.6586 4.0823 5.7035 0.0000
5         M:cpu
31        155 8.5900 6.1378 9.1662 0.0000
8         M:syslog
38        155 1068.5000 778.2950 812.0638 0.0000
8         M:ssh_in
31        155 2.0000 1.8200 0.6000 0.0000
8         M:www_in
31        155 1.0000 0.9100 0.3000 0.0000
14        M:cfengine_out
31        155 5.0000 4.5500 1.5000 0.0000
13        M:cfengine_in
31        155 1.0000 0.9100 0.3000 0.0000
9         M:loadavg
31        155 0.2126 0.1705 0.1909 0.0000
10        M:diskfree
34        155 60.5000 55.0550 18.2248 0.0000
12        M:otherprocs
33        155 26.0000 23.6600 7.8000 0.0000
11        M:rootprocs
36        155 113.5000 103.3900 33.7037 0.0000
7         M:users
31        155 8.0000 7.2800 2.4000 0.0000
# send QUERY complete successful
