# delta from 1679663058 to 1679663119 at 1679663119
22        CFR: 0 1679663118 2156
3         PRD
56        DBReportCollectAll,0.159744,0.646056,0.726642,1679663059
60        Packing reports: delta,0.121280,0.335578,0.407865,1679663059
3         EXS
16        f,287,1679663006
3         MOM
15        M:entropy_avail
38        1308 994.0000 940.2400 179.2000 0.0000
12        M:mem_cached
40        1308 3222.6992 2932.1780 810.2248 0.0000
10        M:mem_free
40        1308 11787.1367 10729.5264 0.0000 0.0000
11        M:mem_total
40        1308 15817.1836 14393.6371 0.0000 0.0000
16        M:io_writtendata
32        1308 0.3545 0.3111 0.1446 0.0000
13        M:io_readdata
32        1308 0.0000 0.0002 0.0007 0.0000
11        M:io_writes
34        1308 14.0000 12.3200 5.6000 0.0000
13        M:postgres_in
32        1308 1.0000 0.9100 0.3000 0.0000
6         M:cpu3
35        1308 19.2736 13.6559 15.6713 0.0000
6         M:cpu2
32        1308 7.5146 5.7624 5.0081 0.0000
6         M:cpu1
35        1308 34.9997 24.6527 28.8583 0.0000
6         M:cpu0
32        1308 3.2717 2.6376 1.9239 0.0000
5         M:cpu
35        1308 16.2926 11.6970 12.8325 0.0000
8         M:syslog
40        1308 1685.0000 1452.2900 880.6540 0.0000
8         M:ssh_in
32        1308 2.0000 1.8200 0.6000 0.0000
8         M:www_in
32        1308 1.0000 0.9100 0.3000 0.0000
14        M:cfengine_out
32        1308 5.0000 4.5500 1.5000 0.0000
13        M:cfengine_in
32        1308 1.0000 0.9100 0.3000 0.0000
9         M:loadavg
32        1308 0.5767 0.4202 0.4379 0.0000
10        M:diskfree
35        1308 56.0000 50.9600 16.8000 0.0000
12        M:otherprocs
34        1308 26.0000 23.6600 7.8000 0.0000
11        M:rootprocs
37        1308 116.0000 105.3500 35.5000 0.0000
7         M:users
32        1308 8.0000 7.2800 2.4000 0.0000
3         MOY
15        M:entropy_avail
37        155 956.5000 899.2900 239.3838 0.0000
12        M:mem_cached
39        155 2444.9004 2224.7170 671.4100 0.0000
16        M:io_writtendata
31        155 0.9365 0.9361 0.1306 0.0000
13        M:io_readdata
31        155 0.0034 0.0237 0.1037 0.0000
11        M:io_writes
33        155 24.0000 21.8400 6.7634 0.0000
13        M:postgres_in
31        155 1.0000 0.9100 0.3000 0.0000
6         M:cpu3
34        155 22.3530 19.4789 12.9401 0.0000
6         M:cpu2
33        155 8.1117 10.9255 13.8492 0.0000
6         M:cpu1
34        155 30.9730 26.0574 23.0851 0.0000
6         M:cpu0
33        155 8.7018 11.4627 13.6796 0.0000
5         M:cpu
33        155 17.5788 17.0119 2.1176 0.0000
8         M:syslog
40        155 5028.4671 4634.2920 7134.1788 0.0000
9         M:ssh_out
31        155 4.5000 3.6750 3.6349 0.0000
8         M:ssh_in
31        155 3.0000 2.6250 1.5455 0.0000
9         M:www_out
31        155 1.0000 0.7000 1.1832 0.0000
8         M:www_in
31        155 1.0000 0.9100 0.3000 0.0000
14        M:cfengine_out
31        155 5.0000 4.5500 1.5000 0.0000
13        M:cfengine_in
31        155 1.0000 0.9100 0.3000 0.0000
9         M:loadavg
31        155 0.7024 0.5940 0.5291 0.0000
10        M:diskfree
34        155 61.0000 55.5100 18.3614 0.0000
12        M:otherprocs
33        155 28.5000 25.8300 8.9677 0.0000
11        M:rootprocs
36        155 117.5000 113.3300 24.6028 0.0000
7         M:users
31        155 8.5000 7.7350 2.5544 0.0000
# send QUERY complete successful
