# delta from 1679662158 to 1679662219 at 1679662219
22        CFR: 0 1679662218 2114
3         PRD
56        DBReportCollectAll,0.100623,0.476253,0.522228,1679662159
60        Packing reports: delta,0.058881,0.274707,0.304070,1679662159
3         EXS
16        f,314,1679662124
3         MOM
15        M:entropy_avail
40        1305 1247.0000 1169.6300 257.9000 0.0000
12        M:mem_cached
40        1305 3214.3359 2924.5707 808.1165 0.0000
10        M:mem_free
40        1305 11793.5664 10733.1339 0.0000 0.0000
11        M:mem_total
40        1305 15817.1836 14393.6371 0.0000 0.0000
16        M:io_writtendata
32        1305 0.3281 0.2576 0.2059 0.0000
11        M:io_writes
33        1305 12.0000 9.2400 7.9125 0.0000
13        M:postgres_in
32        1305 1.0000 0.9100 0.3000 0.0000
6         M:cpu3
35        1305 24.9716 17.7849 20.0538 0.0000
6         M:cpu2
33        1305 12.5436 9.0530 9.7530 0.0000
6         M:cpu1
35        1305 17.1852 12.2740 13.7071 0.0000
6         M:cpu0
33        1305 10.1335 7.3912 7.6755 0.0000
5         M:cpu
35        1305 16.2197 11.6333 12.8055 0.0000
8         M:syslog
40        1305 1316.0000 951.6500 1018.2939 0.0000
8         M:ssh_in
32        1305 2.0000 1.8200 0.6000 0.0000
8         M:www_in
32        1305 1.0000 0.9100 0.3000 0.0000
14        M:cfengine_out
32        1305 5.0000 4.5500 1.5000 0.0000
13        M:cfengine_in
32        1305 1.0000 0.9100 0.3000 0.0000
9         M:loadavg
32        1305 0.9946 0.7139 0.7839 0.0000
10        M:diskfree
35        1305 56.0000 50.9600 16.8000 0.0000
12        M:otherprocs
34        1305 26.0000 23.6600 7.8000 0.0000
11        M:rootprocs
37        1305 115.0000 104.4400 35.2000 0.0000
7         M:users
32        1305 8.0000 7.2800 2.4000 0.0000
3         MOY
15        M:entropy_avail
37        155 956.5000 899.2900 239.3838 0.0000
12        M:mem_cached
39        155 2444.9004 2224.7170 671.4100 0.0000
16        M:io_writtendata
31        155 0.9365 0.9361 0.1306 0.0000
13        M:io_readdata
31        155 0.0034 0.0237 0.1037 0.0000
11        M:io_writes
33        155 24.0000 21.8400 6.7634 0.0000
13        M:postgres_in
31        155 1.0000 0.9100 0.3000 0.0000
6         M:cpu3
34        155 22.3530 19.4789 12.9401 0.0000
6         M:cpu2
33        155 8.1117 10.9255 13.8492 0.0000
6         M:cpu1
34        155 30.9730 26.0574 23.0851 0.0000
6         M:cpu0
33        155 8.7018 11.4627 13.6796 0.0000
5         M:cpu
33        155 17.5788 17.0119 2.1176 0.0000
8         M:syslog
40        155 5028.4671 4634.2920 7134.1788 0.0000
9         M:ssh_out
31        155 4.5000 3.6750 3.6349 0.0000
8         M:ssh_in
31        155 3.0000 2.6250 1.5455 0.0000
9         M:www_out
31        155 1.0000 0.7000 1.1832 0.0000
8         M:www_in
31        155 1.0000 0.9100 0.3000 0.0000
14        M:cfengine_out
31        155 5.0000 4.5500 1.5000 0.0000
13        M:cfengine_in
31        155 1.0000 0.9100 0.3000 0.0000
9         M:loadavg
31        155 0.7024 0.5940 0.5291 0.0000
10        M:diskfree
34        155 61.0000 55.5100 18.3614 0.0000
12        M:otherprocs
33        155 28.5000 25.8300 8.9677 0.0000
11        M:rootprocs
36        155 117.5000 113.3300 24.6028 0.0000
7         M:users
31        155 8.5000 7.7350 2.5544 0.0000
# send QUERY complete successful
