# delta from 1679670558 to 1679670619 at 1679670619
22        CFR: 0 1679670618 1971
3         PRD
56        DBReportCollectAll,0.062632,0.366809,0.316282,1679670559
60        Packing reports: delta,0.034333,0.117875,0.113498,1679670559
3         EXS
16        f,316,1679670523
3         MOM
15        M:entropy_avail
36        1333 108.0000 76.2300 88.6130 0.0000
12        M:mem_cached
40        1333 3293.3906 2996.5023 827.9820 0.0000
10        M:mem_free
38        1333 8197.1641 8197.1641 0.0000 0.0000
11        M:mem_total
40        1333 11072.0285 11072.0285 0.0000 0.0000
16        M:io_writtendata
32        1333 0.3467 0.2579 0.2499 0.0000
11        M:io_writes
35        1333 18.0000 13.4400 12.8487 0.0000
13        M:postgres_in
32        1333 1.0000 0.9100 0.3000 0.0000
6         M:cpu3
33        1333 10.0141 7.1824 7.9060 0.0000
6         M:cpu2
34        1333 12.7544 9.0937 10.2157 0.0000
6         M:cpu1
32        1333 7.9150 5.6905 6.2124 0.0000
6         M:cpu0
35        1333 16.6644 11.7857 13.6088 0.0000
5         M:cpu
35        1333 15.8701 11.2605 12.8597 0.0000
8         M:syslog
40        1333 1314.0000 950.2500 1016.6241 0.0000
8         M:ssh_in
32        1333 2.0000 1.8200 0.6000 0.0000
8         M:www_in
32        1333 1.0000 0.9100 0.3000 0.0000
14        M:cfengine_out
32        1333 5.0000 4.5500 1.5000 0.0000
13        M:cfengine_in
32        1333 1.0000 0.9100 0.3000 0.0000
9         M:loadavg
32        1333 0.5747 0.4134 0.4506 0.0000
10        M:diskfree
35        1333 55.0000 50.0500 16.5000 0.0000
12        M:otherprocs
34        1333 26.0000 23.6600 7.8000 0.0000
11        M:rootprocs
37        1333 115.0000 104.2300 35.9000 0.0000
7         M:users
32        1333 8.0000 7.2800 2.4000 0.0000
3         MOY
15        M:entropy_avail
36        155 311.5000 288.7150 70.5984 0.0000
12        M:mem_cached
39        155 2500.4707 2275.1462 688.5663 0.0000
16        M:io_writtendata
31        155 0.2676 0.2020 0.1967 0.0000
11        M:io_writes
34        155 14.0000 10.6400 10.1177 0.0000
13        M:postgres_in
31        155 1.0000 0.9100 0.3000 0.0000
6         M:cpu3
31        155 5.6157 4.0684 5.6166 0.0000
6         M:cpu2
31        155 6.9570 5.0045 7.2414 0.0000
6         M:cpu1
31        155 4.6086 3.3564 4.4307 0.0000
6         M:cpu0
31        155 8.9643 6.3865 9.6397 0.0000
5         M:cpu
31        155 8.5530 6.1152 9.1097 0.0000
8         M:syslog
39        155 1188.0000 861.9450 1774.3258 0.0000
8         M:ssh_in
31        155 2.0000 1.8200 0.6000 0.0000
8         M:www_in
31        155 1.0000 0.9100 0.3000 0.0000
14        M:cfengine_out
31        155 5.0000 4.5500 1.5000 0.0000
13        M:cfengine_in
31        155 1.0000 0.9100 0.3000 0.0000
9         M:loadavg
31        155 0.3083 0.2329 0.3196 0.0000
10        M:diskfree
34        155 60.5000 55.0550 18.2248 0.0000
12        M:otherprocs
33        155 26.0000 23.6600 7.8000 0.0000
11        M:rootprocs
36        155 114.5000 103.9850 35.0603 0.0000
7         M:users
31        155 8.0000 7.2800 2.4000 0.0000
# send QUERY complete successful
