# delta from 1679707998 to 1679708060 at 1679708060
22        CFR: 0 1679708059 1966
3         PRD
56        DBReportCollectAll,0.059427,0.357117,0.345467,1679707999
60        Packing reports: delta,0.046076,0.160228,0.124575,1679707999
3         EXS
16        f,278,1679707989
3         MOM
15        M:entropy_avail
35        1458 52.0000 68.7400 55.8000 0.0000
12        M:mem_cached
40        1458 3614.3945 3289.0416 907.3660 0.0000
10        M:mem_free
40        1458 11186.9141 10197.4677 0.0000 0.0000
11        M:mem_total
40        1458 15817.1836 14393.6371 0.0000 0.0000
16        M:io_writtendata
32        1458 0.0898 0.1072 0.0578 0.0000
11        M:io_writes
32        1458 6.0000 6.3000 1.0000 0.0000
13        M:postgres_in
32        1458 1.0000 0.9100 0.3000 0.0000
6         M:cpu3
32        1458 5.5317 5.1750 1.1891 0.0000
6         M:cpu2
33        1458 10.4880 7.5536 8.1969 0.0000
6         M:cpu1
34        1458 6.1913 10.3793 13.9599 0.0000
6         M:cpu0
35        1458 22.8362 16.3569 18.0881 0.0000
5         M:cpu
33        1458 11.2739 9.8771 4.6558 0.0000
8         M:syslog
38        1458 167.0000 388.4300 738.1000 0.0000
8         M:ssh_in
32        1458 2.0000 1.8200 0.6000 0.0000
8         M:www_in
32        1458 2.0000 1.6100 1.1803 0.0000
14        M:cfengine_out
32        1458 5.0000 4.5500 1.5000 0.0000
13        M:cfengine_in
32        1458 1.0000 0.9100 0.3000 0.0000
9         M:loadavg
32        1458 0.6470 0.4871 0.4520 0.0000
10        M:diskfree
35        1458 52.0000 47.3200 15.6000 0.0000
12        M:otherprocs
34        1458 26.0000 23.6600 7.8000 0.0000
11        M:rootprocs
37        1458 120.0000 108.5700 38.1000 0.0000
7         M:users
32        1458 8.0000 7.2800 2.4000 0.0000
3         MOY
15        M:entropy_avail
36        155 323.0000 297.6050 79.9482 0.0000
12        M:mem_cached
39        155 2526.1133 2298.4965 696.2697 0.0000
16        M:io_writtendata
31        155 0.2939 0.2241 0.2132 0.0000
11        M:io_writes
34        155 16.0000 12.2500 11.5973 0.0000
13        M:postgres_in
31        155 1.0000 0.9100 0.3000 0.0000
6         M:cpu3
31        155 9.2585 6.6064 9.9586 0.0000
6         M:cpu2
31        155 1.2023 0.9735 0.7040 0.0000
6         M:cpu1
33        155 11.0003 7.8207 12.0038 0.0000
6         M:cpu0
31        155 5.6586 4.0823 5.7035 0.0000
5         M:cpu
31        155 8.5900 6.1378 9.1662 0.0000
8         M:syslog
38        155 1068.5000 778.2950 812.0638 0.0000
8         M:ssh_in
31        155 2.0000 1.8200 0.6000 0.0000
8         M:www_in
31        155 1.0000 0.9100 0.3000 0.0000
14        M:cfengine_out
31        155 5.0000 4.5500 1.5000 0.0000
13        M:cfengine_in
31        155 1.0000 0.9100 0.3000 0.0000
9         M:loadavg
31        155 0.2126 0.1705 0.1909 0.0000
10        M:diskfree
34        155 60.5000 55.0550 18.2248 0.0000
12        M:otherprocs
33        155 26.0000 23.6600 7.8000 0.0000
11        M:rootprocs
36        155 113.5000 103.3900 33.7037 0.0000
7         M:users
31        155 8.0000 7.2800 2.4000 0.0000
# send QUERY complete successful
