# delta from 1679720419 to 1679720479 at 1679720479
22        CFR: 0 1679720478 2047
3         PRD
56        DBReportCollectAll,0.051842,0.365557,0.357027,1679720420
60        Packing reports: delta,0.034146,0.148084,0.165274,1679720420
83        Sample(/proc/sys/kernel/random/entropy_avail),0.004865,0.002367,0.002596,1679720434
3         EXS
16        f,288,1679720315
3         MOM
15        M:entropy_avail
38        1500 160.0000 112.0000 133.8656 0.0000
12        M:mem_cached
38        1500 3728.4023 2609.8816 0.0000 0.0000
10        M:mem_free
39        1500 11167.8945 7817.5262 0.0000 0.0000
11        M:mem_total
40        1500 15817.1836 11072.0285 0.0000 0.0000
16        M:io_writtendata
32        1500 0.2217 0.1552 0.1855 0.0000
11        M:io_writes
33        1500 10.0000 7.0000 8.3666 0.0000
13        M:postgres_in
32        1500 1.0000 0.7000 0.8367 0.0000
6         M:cpu3
32        1500 1.0031 0.7022 0.8393 0.0000
6         M:cpu2
32        1500 9.4794 6.6356 7.9310 0.0000
6         M:cpu1
32        1500 0.8478 0.5935 0.7093 0.0000
6         M:cpu0
34        1500 12.4692 8.7284 10.4324 0.0000
5         M:cpu
32        1500 5.9552 4.1686 4.9825 0.0000
8         M:syslog
40        1500 1293.0000 905.1000 1081.8014 0.0000
8         M:ssh_in
32        1500 2.0000 1.4000 1.6733 0.0000
8         M:www_in
32        1500 1.0000 0.7000 0.8367 0.0000
14        M:cfengine_out
32        1500 5.0000 3.5000 4.1833 0.0000
13        M:cfengine_in
32        1500 1.0000 0.7000 0.8367 0.0000
9         M:loadavg
32        1500 0.1035 0.0725 0.0866 0.0000
10        M:diskfree
35        1500 50.0000 35.0000 41.8330 0.0000
12        M:otherprocs
35        1500 26.0000 18.2000 21.7532 0.0000
11        M:rootprocs
36        1500 114.0000 79.8000 95.3792 0.0000
7         M:users
32        1500 8.0000 5.6000 6.6933 0.0000
3         MOY
15        M:entropy_avail
36        155 323.0000 297.6050 79.9482 0.0000
12        M:mem_cached
39        155 2526.1133 2298.4965 696.2697 0.0000
16        M:io_writtendata
31        155 0.2939 0.2241 0.2132 0.0000
11        M:io_writes
34        155 16.0000 12.2500 11.5973 0.0000
13        M:postgres_in
31        155 1.0000 0.9100 0.3000 0.0000
6         M:cpu3
31        155 9.2585 6.6064 9.9586 0.0000
6         M:cpu2
31        155 1.2023 0.9735 0.7040 0.0000
6         M:cpu1
33        155 11.0003 7.8207 12.0038 0.0000
6         M:cpu0
31        155 5.6586 4.0823 5.7035 0.0000
5         M:cpu
31        155 8.5900 6.1378 9.1662 0.0000
8         M:syslog
38        155 1068.5000 778.2950 812.0638 0.0000
8         M:ssh_in
31        155 2.0000 1.8200 0.6000 0.0000
8         M:www_in
31        155 1.0000 0.9100 0.3000 0.0000
14        M:cfengine_out
31        155 5.0000 4.5500 1.5000 0.0000
13        M:cfengine_in
31        155 1.0000 0.9100 0.3000 0.0000
9         M:loadavg
31        155 0.2126 0.1705 0.1909 0.0000
10        M:diskfree
34        155 60.5000 55.0550 18.2248 0.0000
12        M:otherprocs
33        155 26.0000 23.6600 7.8000 0.0000
11        M:rootprocs
36        155 113.5000 103.3900 33.7037 0.0000
7         M:users
31        155 8.0000 7.2800 2.4000 0.0000
# send QUERY complete successful
