# delta from 1679665998 to 1679666059 at 1679666059
22        CFR: 0 1679666058 2056
3         PRD
56        DBReportCollectAll,0.193837,0.419635,0.377989,1679665999
60        Packing reports: delta,0.030236,0.097996,0.086172,1679665999
83        Sample(/proc/sys/kernel/random/entropy_avail),0.005045,0.002546,0.002104,1679666034
3         EXS
16        f,277,1679665989
3         MOM
15        M:entropy_avail
37        1318 402.0000 395.0100 23.3000 0.0000
12        M:mem_cached
40        1318 3252.5742 2959.2363 818.0803 0.0000
10        M:mem_free
40        1318 11754.2617 10699.4355 0.0000 0.0000
11        M:mem_total
40        1318 15817.1836 14393.6371 0.0000 0.0000
16        M:io_writtendata
32        1318 0.3887 0.2926 0.2717 0.0000
11        M:io_writes
35        1318 18.0000 13.4400 12.8487 0.0000
13        M:postgres_in
32        1318 1.0000 0.9100 0.3000 0.0000
6         M:cpu3
32        1318 1.8838 1.4434 1.2578 0.0000
6         M:cpu2
35        1318 26.6992 18.8537 21.8827 0.0000
6         M:cpu1
32        1318 1.9991 1.5297 1.3395 0.0000
6         M:cpu0
35        1318 33.7969 23.8008 27.8796 0.0000
5         M:cpu
35        1318 16.1082 11.4164 13.0886 0.0000
8         M:syslog
39        1318 1085.0000 789.9500 825.5337 0.0000
8         M:ssh_in
32        1318 2.0000 1.8200 0.6000 0.0000
8         M:www_in
32        1318 1.0000 0.9100 0.3000 0.0000
14        M:cfengine_out
32        1318 4.0000 3.8500 0.5000 0.0000
13        M:cfengine_in
32        1318 2.0000 1.6100 1.1803 0.0000
9         M:loadavg
32        1318 0.3906 0.3148 0.2300 0.0000
10        M:diskfree
35        1318 56.0000 50.9600 16.8000 0.0000
12        M:otherprocs
34        1318 26.0000 23.6600 7.8000 0.0000
11        M:rootprocs
37        1318 116.0000 105.5600 34.8000 0.0000
7         M:users
32        1318 8.0000 7.2800 2.4000 0.0000
3         MOY
15        M:entropy_avail
37        155 702.0000 673.2600 107.9707 0.0000
12        M:mem_cached
39        155 2464.8457 2243.0547 676.7562 0.0000
16        M:io_writtendata
31        155 0.2319 0.1839 0.1438 0.0000
11        M:io_writes
32        155 10.0000 7.8400 6.2967 0.0000
13        M:postgres_in
31        155 1.0000 0.9100 0.3000 0.0000
6         M:cpu3
31        155 3.7512 2.7372 3.5276 0.0000
6         M:cpu2
31        155 3.5083 2.5878 3.1994 0.0000
6         M:cpu1
31        155 4.4824 3.2504 4.3490 0.0000
6         M:cpu0
34        155 18.9663 13.4103 21.3762 0.0000
5         M:cpu
31        155 7.6736 5.4942 8.0927 0.0000
8         M:syslog
37        155 614.5000 460.4950 572.4415 0.0000
8         M:ssh_in
31        155 2.0000 1.8200 0.6000 0.0000
8         M:www_in
31        155 1.0000 0.9100 0.3000 0.0000
14        M:cfengine_out
31        155 5.0000 4.5500 1.5000 0.0000
13        M:cfengine_in
31        155 1.0000 0.9100 0.3000 0.0000
9         M:loadavg
31        155 0.4094 0.3028 0.4421 0.0000
10        M:diskfree
34        155 61.0000 55.5100 18.3614 0.0000
12        M:otherprocs
33        155 26.0000 23.6600 7.8000 0.0000
11        M:rootprocs
36        155 115.5000 104.7900 35.7315 0.0000
7         M:users
31        155 8.0000 7.2800 2.4000 0.0000
# send QUERY complete successful
