# delta from 1679756063 to 1679756124 at 1679756124
22        CFR: 0 1679756123 1975
3         PRD
56        DBReportCollectAll,0.094261,0.368240,0.336208,1679756064
60        Packing reports: delta,0.038680,0.149613,0.140492,1679756064
3         EXS
16        f,288,1679756015
3         MOM
15        M:entropy_avail
37        1618 110.0000 117.9500 26.5000 0.0000
12        M:mem_cached
41        1618 4045.4805 3680.8155 1017.0021 0.0000
10        M:mem_free
39        1618 10785.5312 9819.9145 0.0000 0.0000
11        M:mem_total
40        1618 15817.1836 14393.6371 0.0000 0.0000
16        M:io_writtendata
32        1618 0.4062 0.3078 0.2794 0.0000
11        M:io_writes
35        1618 22.0000 17.0800 14.2025 0.0000
13        M:postgres_in
32        1618 1.0000 0.9100 0.3000 0.0000
6         M:cpu3
35        1618 28.1173 19.8307 23.1123 0.0000
6         M:cpu2
32        1618 4.0362 2.9782 2.9694 0.0000
6         M:cpu1
35        1618 29.7272 20.9534 24.4709 0.0000
6         M:cpu0
32        1618 1.5524 1.2255 0.9607 0.0000
5         M:cpu
35        1618 15.8796 11.2626 12.8803 0.0000
8         M:syslog
40        1618 7118.0000 5013.0500 121.3157 0.0000
8         M:ssh_in
32        1618 2.0000 1.8200 0.6000 0.0000
8         M:www_in
32        1618 1.0000 0.9100 0.3000 0.0000
14        M:cfengine_out
32        1618 5.0000 4.5500 1.5000 0.0000
13        M:cfengine_in
32        1618 1.0000 0.9100 0.3000 0.0000
9         M:loadavg
32        1618 0.5786 0.5274 0.1708 0.0000
10        M:diskfree
35        1618 47.0000 42.7700 14.1000 0.0000
12        M:otherprocs
34        1618 26.0000 23.6600 7.8000 0.0000
11        M:rootprocs
37        1618 114.0000 103.7400 34.2000 0.0000
7         M:users
32        1618 8.0000 7.2800 2.4000 0.0000
3         MOY
15        M:entropy_avail
36        155 323.0000 297.6050 79.9482 0.0000
12        M:mem_cached
39        155 2526.1133 2298.4965 696.2697 0.0000
16        M:io_writtendata
31        155 0.2939 0.2241 0.2132 0.0000
11        M:io_writes
34        155 16.0000 12.2500 11.5973 0.0000
13        M:postgres_in
31        155 1.0000 0.9100 0.3000 0.0000
6         M:cpu3
31        155 9.2585 6.6064 9.9586 0.0000
6         M:cpu2
31        155 1.2023 0.9735 0.7040 0.0000
6         M:cpu1
33        155 11.0003 7.8207 12.0038 0.0000
6         M:cpu0
31        155 5.6586 4.0823 5.7035 0.0000
5         M:cpu
31        155 8.5900 6.1378 9.1662 0.0000
8         M:syslog
38        155 1068.5000 778.2950 812.0638 0.0000
8         M:ssh_in
31        155 2.0000 1.8200 0.6000 0.0000
8         M:www_in
31        155 1.0000 0.9100 0.3000 0.0000
14        M:cfengine_out
31        155 5.0000 4.5500 1.5000 0.0000
13        M:cfengine_in
31        155 1.0000 0.9100 0.3000 0.0000
9         M:loadavg
31        155 0.2126 0.1705 0.1909 0.0000
10        M:diskfree
34        155 60.5000 55.0550 18.2248 0.0000
12        M:otherprocs
33        155 26.0000 23.6600 7.8000 0.0000
11        M:rootprocs
36        155 113.5000 103.3900 33.7037 0.0000
7         M:users
31        155 8.0000 7.2800 2.4000 0.0000
# send QUERY complete successful
