# delta from 1679725578 to 1679725639 at 1679725639
22        CFR: 0 1679725638 1965
3         PRD
56        DBReportCollectAll,0.068676,0.323080,0.288484,1679725579
60        Packing reports: delta,0.033130,0.165057,0.148029,1679725579
3         EXS
16        f,286,1679725397
3         MOM
15        M:entropy_avail
38        1517 195.0000 136.5000 163.1487 0.0000
12        M:mem_cached
38        1517 3772.6289 2640.8402 0.0000 0.0000
10        M:mem_free
39        1517 11119.0352 7783.3246 0.0000 0.0000
11        M:mem_total
40        1517 15817.1836 11072.0285 0.0000 0.0000
16        M:io_writtendata
32        1517 0.4229 0.2960 0.3538 0.0000
11        M:io_writes
35        1517 20.0000 14.0000 16.7332 0.0000
13        M:postgres_in
32        1517 1.0000 0.7000 0.8367 0.0000
6         M:cpu3
32        1517 2.4091 1.6864 2.0156 0.0000
6         M:cpu2
32        1517 0.9024 0.6317 0.7550 0.0000
6         M:cpu1
32        1517 1.4805 1.0363 1.2387 0.0000
6         M:cpu0
32        1517 1.3545 0.9482 1.1333 0.0000
5         M:cpu
32        1517 1.5385 1.0770 1.2872 0.0000
8         M:syslog
41        1517 1669.0000 1168.3000 1396.3856 0.0000
8         M:ssh_in
32        1517 2.0000 1.4000 1.6733 0.0000
8         M:www_in
32        1517 1.0000 0.7000 0.8367 0.0000
14        M:cfengine_out
32        1517 5.0000 3.5000 4.1833 0.0000
13        M:cfengine_in
32        1517 1.0000 0.7000 0.8367 0.0000
9         M:loadavg
32        1517 0.0693 0.0485 0.0580 0.0000
10        M:diskfree
35        1517 50.0000 35.0000 41.8330 0.0000
12        M:otherprocs
35        1517 26.0000 18.2000 21.7532 0.0000
11        M:rootprocs
36        1517 114.0000 79.8000 95.3792 0.0000
7         M:users
32        1517 8.0000 5.6000 6.6933 0.0000
3         MOY
15        M:entropy_avail
36        155 323.0000 297.6050 79.9482 0.0000
12        M:mem_cached
39        155 2526.1133 2298.4965 696.2697 0.0000
16        M:io_writtendata
31        155 0.2939 0.2241 0.2132 0.0000
11        M:io_writes
34        155 16.0000 12.2500 11.5973 0.0000
13        M:postgres_in
31        155 1.0000 0.9100 0.3000 0.0000
6         M:cpu3
31        155 9.2585 6.6064 9.9586 0.0000
6         M:cpu2
31        155 1.2023 0.9735 0.7040 0.0000
6         M:cpu1
33        155 11.0003 7.8207 12.0038 0.0000
6         M:cpu0
31        155 5.6586 4.0823 5.7035 0.0000
5         M:cpu
31        155 8.5900 6.1378 9.1662 0.0000
8         M:syslog
38        155 1068.5000 778.2950 812.0638 0.0000
8         M:ssh_in
31        155 2.0000 1.8200 0.6000 0.0000
8         M:www_in
31        155 1.0000 0.9100 0.3000 0.0000
14        M:cfengine_out
31        155 5.0000 4.5500 1.5000 0.0000
13        M:cfengine_in
31        155 1.0000 0.9100 0.3000 0.0000
9         M:loadavg
31        155 0.2126 0.1705 0.1909 0.0000
10        M:diskfree
34        155 60.5000 55.0550 18.2248 0.0000
12        M:otherprocs
33        155 26.0000 23.6600 7.8000 0.0000
11        M:rootprocs
36        155 113.5000 103.3900 33.7037 0.0000
7         M:users
31        155 8.0000 7.2800 2.4000 0.0000
# send QUERY complete successful
