# delta from 1679708659 to 1679708719 at 1679708719
22        CFR: 0 1679708718 2839
3         PRD
56        DBReportCollectAll,0.052747,0.373248,0.402862,1679708660
60        Packing reports: delta,0.033204,0.165268,0.187331,1679708660
83        Sample(/proc/sys/kernel/random/entropy_avail),0.005432,0.002951,0.002738,1679708712
3         EXS
16        f,287,1679708597
3         MOM
15        M:entropy_avail
35        1460 53.0000 73.2200 67.4000 0.0000
38        1461 148.0000 103.6000 123.8257 0.0000
12        M:mem_cached
40        1460 3619.3828 3293.5801 908.6203 0.0000
38        1461 3621.5742 2535.1020 0.0000 0.0000
10        M:mem_free
38        1460 7881.2234 7881.2234 0.0000 0.0000
39        1461 11251.2617 7875.8832 0.0000 0.0000
11        M:mem_total
40        1460 11072.0285 11072.0285 0.0000 0.0000
40        1461 15817.1836 11072.0285 0.0000 0.0000
16        M:io_writtendata
32        1460 0.1641 0.2106 0.1552 0.0000
32        1461 0.2148 0.1504 0.1798 0.0000
11        M:io_writes
34        1460 12.0000 13.0200 3.4000 0.0000
33        1461 10.0000 7.0000 8.3666 0.0000
13        M:postgres_in
32        1460 1.0000 0.9100 0.3000 0.0000
32        1461 1.0000 0.7000 0.8367 0.0000
6         M:cpu3
32        1460 3.0441 5.6245 8.6016 0.0000
32        1461 0.6412 0.4489 0.5365 0.0000
6         M:cpu2
32        1460 8.5318 6.5369 5.6984 0.0000
32        1461 3.1227 2.1859 2.6126 0.0000
6         M:cpu1
32        1460 3.9949 6.3771 7.9406 0.0000
32        1461 1.7443 1.2210 1.4594 0.0000
6         M:cpu0
35        1460 24.9649 18.8720 17.2635 0.0000
35        1461 19.8386 13.8870 16.5982 0.0000
5         M:cpu
33        1460 10.1287 9.3497 2.5966 0.0000
32        1461 6.3404 4.4383 5.3048 0.0000
8         M:syslog
38        1460 167.0000 288.2600 404.2000 0.0000
39        1461 1054.0000 737.8000 881.8397 0.0000
9         M:ssh_out
32        1460 5.0000 3.5000 4.1833 0.0000
8         M:ssh_in
32        1460 2.0000 1.8200 0.6000 0.0000
32        1461 2.0000 1.4000 1.6733 0.0000
8         M:www_in
32        1460 1.0000 0.9100 0.3000 0.0000
32        1461 1.0000 0.7000 0.8367 0.0000
14        M:cfengine_out
32        1460 6.0000 5.2500 2.5000 0.0000
32        1461 5.0000 3.5000 4.1833 0.0000
13        M:cfengine_in
32        1460 1.0000 0.9100 0.3000 0.0000
32        1461 1.0000 0.7000 0.8367 0.0000
9         M:loadavg
32        1460 0.6499 0.4957 0.4391 0.0000
32        1461 0.1035 0.0725 0.0866 0.0000
10        M:diskfree
35        1460 52.0000 47.3200 15.6000 0.0000
35        1461 52.0000 36.4000 43.5063 0.0000
12        M:otherprocs
34        1460 26.0000 23.6600 7.8000 0.0000
35        1461 26.0000 18.2000 21.7532 0.0000
11        M:rootprocs
37        1460 119.0000 107.6600 37.8000 0.0000
36        1461 115.0000 80.5000 96.2159 0.0000
7         M:users
32        1460 8.0000 7.2800 2.4000 0.0000
32        1461 8.0000 5.6000 6.6933 0.0000
3         MOY
15        M:entropy_avail
36        155 323.0000 297.6050 79.9482 0.0000
12        M:mem_cached
39        155 2526.1133 2298.4965 696.2697 0.0000
16        M:io_writtendata
31        155 0.2939 0.2241 0.2132 0.0000
11        M:io_writes
34        155 16.0000 12.2500 11.5973 0.0000
13        M:postgres_in
31        155 1.0000 0.9100 0.3000 0.0000
6         M:cpu3
31        155 9.2585 6.6064 9.9586 0.0000
6         M:cpu2
31        155 1.2023 0.9735 0.7040 0.0000
6         M:cpu1
33        155 11.0003 7.8207 12.0038 0.0000
6         M:cpu0
31        155 5.6586 4.0823 5.7035 0.0000
5         M:cpu
31        155 8.5900 6.1378 9.1662 0.0000
8         M:syslog
38        155 1068.5000 778.2950 812.0638 0.0000
8         M:ssh_in
31        155 2.0000 1.8200 0.6000 0.0000
8         M:www_in
31        155 1.0000 0.9100 0.3000 0.0000
14        M:cfengine_out
31        155 5.0000 4.5500 1.5000 0.0000
13        M:cfengine_in
31        155 1.0000 0.9100 0.3000 0.0000
9         M:loadavg
31        155 0.2126 0.1705 0.1909 0.0000
10        M:diskfree
34        155 60.5000 55.0550 18.2248 0.0000
12        M:otherprocs
33        155 26.0000 23.6600 7.8000 0.0000
11        M:rootprocs
36        155 113.5000 103.3900 33.7037 0.0000
7         M:users
31        155 8.0000 7.2800 2.4000 0.0000
# send QUERY complete successful
