# delta from 1679697139 to 1679697199 at 1679697199
22        CFR: 0 1679697198 2080
3         PRD
56        DBReportCollectAll,0.117801,0.334497,0.386186,1679697140
60        Packing reports: delta,0.066366,0.093116,0.076529,1679697140
83        Sample(/proc/sys/kernel/random/entropy_avail),0.005397,0.002913,0.001856,1679697142
3         EXS
16        f,320,1679696941
3         MOM
15        M:entropy_avail
35        1422 40.0000 28.0000 33.4664 0.0000
12        M:mem_cached
38        1422 3513.5195 2459.4637 0.0000 0.0000
10        M:mem_free
39        1422 11377.2500 7964.0750 0.0000 0.0000
11        M:mem_total
40        1422 15817.1836 11072.0285 0.0000 0.0000
16        M:io_writtendata
32        1422 0.0840 0.0588 0.0703 0.0000
11        M:io_writes
32        1422 6.0000 4.2000 5.0200 0.0000
13        M:postgres_in
32        1422 1.0000 0.7000 0.8367 0.0000
6         M:cpu3
32        1422 4.3638 3.0547 3.6510 0.0000
6         M:cpu2
32        1422 2.5087 1.7561 2.0989 0.0000
6         M:cpu1
32        1422 2.2794 1.5956 1.9071 0.0000
6         M:cpu0
32        1422 5.2642 3.6849 4.4044 0.0000
5         M:cpu
32        1422 3.6013 2.5209 3.0131 0.0000
8         M:syslog
38        1422 312.0000 218.4000 261.0379 0.0000
9         M:ssh_out
32        1422 5.0000 3.5000 4.1833 0.0000
8         M:ssh_in
32        1422 2.0000 1.4000 1.6733 0.0000
8         M:www_in
32        1422 1.0000 0.7000 0.8367 0.0000
14        M:cfengine_out
32        1422 6.0000 4.2000 5.0200 0.0000
13        M:cfengine_in
32        1422 1.0000 0.7000 0.8367 0.0000
9         M:loadavg
32        1422 0.2476 0.1733 0.2071 0.0000
10        M:diskfree
35        1422 53.0000 37.1000 44.3430 0.0000
12        M:otherprocs
35        1422 26.0000 18.2000 21.7532 0.0000
11        M:rootprocs
36        1422 117.0000 81.9000 97.8892 0.0000
7         M:users
32        1422 8.0000 5.6000 6.6933 0.0000
3         MOY
15        M:entropy_avail
36        155 323.0000 297.6050 79.9482 0.0000
12        M:mem_cached
39        155 2526.1133 2298.4965 696.2697 0.0000
16        M:io_writtendata
31        155 0.2939 0.2241 0.2132 0.0000
11        M:io_writes
34        155 16.0000 12.2500 11.5973 0.0000
13        M:postgres_in
31        155 1.0000 0.9100 0.3000 0.0000
6         M:cpu3
31        155 9.2585 6.6064 9.9586 0.0000
6         M:cpu2
31        155 1.2023 0.9735 0.7040 0.0000
6         M:cpu1
33        155 11.0003 7.8207 12.0038 0.0000
6         M:cpu0
31        155 5.6586 4.0823 5.7035 0.0000
5         M:cpu
31        155 8.5900 6.1378 9.1662 0.0000
8         M:syslog
38        155 1068.5000 778.2950 812.0638 0.0000
8         M:ssh_in
31        155 2.0000 1.8200 0.6000 0.0000
8         M:www_in
31        155 1.0000 0.9100 0.3000 0.0000
14        M:cfengine_out
31        155 5.0000 4.5500 1.5000 0.0000
13        M:cfengine_in
31        155 1.0000 0.9100 0.3000 0.0000
9         M:loadavg
31        155 0.2126 0.1705 0.1909 0.0000
10        M:diskfree
34        155 60.5000 55.0550 18.2248 0.0000
12        M:otherprocs
33        155 26.0000 23.6600 7.8000 0.0000
11        M:rootprocs
36        155 113.5000 103.3900 33.7037 0.0000
7         M:users
31        155 8.0000 7.2800 2.4000 0.0000
# send QUERY complete successful
