# delta from 1679684958 to 1679685019 at 1679685019
22        CFR: 0 1679685018 2094
3         PRD
56        DBReportCollectAll,0.070079,0.324379,0.265887,1679684959
60        Packing reports: delta,0.031664,0.100261,0.090639,1679684959
83        Sample(/proc/sys/kernel/random/entropy_avail),0.004747,0.002253,0.002092,1679684970
3         EXS
16        f,278,1679684890
3         MOM
15        M:entropy_avail
38        1381 142.0000 105.2800 103.2079 0.0000
12        M:mem_cached
40        1381 3408.1914 3100.9062 856.9775 0.0000
10        M:mem_free
38        1381 8046.4316 8046.4316 0.0000 0.0000
11        M:mem_total
40        1381 11072.0285 11072.0285 0.0000 0.0000
16        M:io_writtendata
32        1381 0.4717 0.3431 0.3597 0.0000
11        M:io_writes
35        1381 24.0000 17.6400 17.8317 0.0000
13        M:postgres_in
32        1381 1.0000 0.9100 0.3000 0.0000
6         M:cpu3
33        1381 11.6984 8.3541 9.3336 0.0000
6         M:cpu2
33        1381 11.7101 8.4426 9.1282 0.0000
6         M:cpu1
34        1381 13.1858 11.4364 5.8314 0.0000
6         M:cpu0
33        1381 12.7431 9.7776 8.4793 0.0000
5         M:cpu
33        1381 12.3362 9.5046 8.1217 0.0000
8         M:syslog
39        1381 1156.0000 874.7200 797.3756 0.0000
9         M:ssh_out
32        1381 0.0000 1.0500 3.7182 0.0000
8         M:ssh_in
32        1381 2.0000 1.8200 0.6000 0.0000
8         M:www_in
32        1381 1.0000 0.9100 0.3000 0.0000
14        M:cfengine_out
32        1381 5.0000 4.7600 0.8000 0.0000
13        M:cfengine_in
32        1381 1.0000 0.9100 0.3000 0.0000
9         M:loadavg
32        1381 0.2744 0.2690 0.0181 0.0000
10        M:diskfree
35        1381 54.0000 49.1400 16.2000 0.0000
12        M:otherprocs
34        1381 26.0000 23.6600 7.8000 0.0000
11        M:rootprocs
37        1381 115.0000 105.2800 32.4000 0.0000
7         M:users
32        1381 8.0000 7.2800 2.4000 0.0000
3         MOY
15        M:entropy_avail
36        155 323.0000 297.6050 79.9482 0.0000
12        M:mem_cached
39        155 2526.1133 2298.4965 696.2697 0.0000
16        M:io_writtendata
31        155 0.2939 0.2241 0.2132 0.0000
11        M:io_writes
34        155 16.0000 12.2500 11.5973 0.0000
13        M:postgres_in
31        155 1.0000 0.9100 0.3000 0.0000
6         M:cpu3
31        155 9.2585 6.6064 9.9586 0.0000
6         M:cpu2
31        155 1.2023 0.9735 0.7040 0.0000
6         M:cpu1
33        155 11.0003 7.8207 12.0038 0.0000
6         M:cpu0
31        155 5.6586 4.0823 5.7035 0.0000
5         M:cpu
31        155 8.5900 6.1378 9.1662 0.0000
8         M:syslog
38        155 1068.5000 778.2950 812.0638 0.0000
8         M:ssh_in
31        155 2.0000 1.8200 0.6000 0.0000
8         M:www_in
31        155 1.0000 0.9100 0.3000 0.0000
14        M:cfengine_out
31        155 5.0000 4.5500 1.5000 0.0000
13        M:cfengine_in
31        155 1.0000 0.9100 0.3000 0.0000
9         M:loadavg
31        155 0.2126 0.1705 0.1909 0.0000
10        M:diskfree
34        155 60.5000 55.0550 18.2248 0.0000
12        M:otherprocs
33        155 26.0000 23.6600 7.8000 0.0000
11        M:rootprocs
36        155 113.5000 103.3900 33.7037 0.0000
7         M:users
31        155 8.0000 7.2800 2.4000 0.0000
# send QUERY complete successful
