# delta from 1679709138 to 1679709199 at 1679709199
22        CFR: 0 1679709198 2088
3         PRD
56        DBReportCollectAll,0.046782,0.341891,0.316390,1679709139
60        Packing reports: delta,0.031202,0.167661,0.184715,1679709139
83        Sample(/proc/sys/kernel/random/entropy_avail),0.005231,0.002737,0.002868,1679709163
3         EXS
16        f,319,1679708931
3         MOM
15        M:entropy_avail
35        1462 55.0000 71.2600 54.2000 0.0000
12        M:mem_cached
40        1462 3624.8320 3298.5635 909.9194 0.0000
10        M:mem_free
40        1462 11175.1680 10184.1266 0.0000 0.0000
11        M:mem_total
40        1462 15817.1836 14393.6371 0.0000 0.0000
16        M:io_writtendata
32        1462 0.0781 0.1076 0.0982 0.0000
11        M:io_writes
32        1462 6.0000 7.1400 3.8000 0.0000
13        M:postgres_in
32        1462 1.0000 0.9100 0.3000 0.0000
6         M:cpu3
32        1462 9.9315 8.8594 3.5738 0.0000
6         M:cpu2
32        1462 3.1688 2.5112 1.9422 0.0000
6         M:cpu1
34        1462 5.2311 11.4164 20.6175 0.0000
6         M:cpu0
35        1462 16.4049 11.6543 13.2541 0.0000
5         M:cpu
32        1462 8.6795 8.6106 0.2296 0.0000
8         M:syslog
38        1462 167.0000 389.0600 740.2000 0.0000
9         M:ssh_out
32        1462 5.0000 3.5000 4.1833 0.0000
8         M:ssh_in
32        1462 2.0000 1.8200 0.6000 0.0000
8         M:www_in
32        1462 1.0000 0.9100 0.3000 0.0000
14        M:cfengine_out
32        1462 6.0000 5.2500 2.5000 0.0000
13        M:cfengine_in
32        1462 1.0000 0.9100 0.3000 0.0000
9         M:loadavg
32        1462 0.6392 0.4867 0.4338 0.0000
10        M:diskfree
35        1462 52.0000 47.3200 15.6000 0.0000
12        M:otherprocs
34        1462 26.0000 23.6600 7.8000 0.0000
11        M:rootprocs
37        1462 119.0000 107.8700 37.1000 0.0000
7         M:users
32        1462 8.0000 7.2800 2.4000 0.0000
3         MOY
15        M:entropy_avail
36        155 323.0000 297.6050 79.9482 0.0000
12        M:mem_cached
39        155 2526.1133 2298.4965 696.2697 0.0000
16        M:io_writtendata
31        155 0.2939 0.2241 0.2132 0.0000
11        M:io_writes
34        155 16.0000 12.2500 11.5973 0.0000
13        M:postgres_in
31        155 1.0000 0.9100 0.3000 0.0000
6         M:cpu3
31        155 9.2585 6.6064 9.9586 0.0000
6         M:cpu2
31        155 1.2023 0.9735 0.7040 0.0000
6         M:cpu1
33        155 11.0003 7.8207 12.0038 0.0000
6         M:cpu0
31        155 5.6586 4.0823 5.7035 0.0000
5         M:cpu
31        155 8.5900 6.1378 9.1662 0.0000
8         M:syslog
38        155 1068.5000 778.2950 812.0638 0.0000
8         M:ssh_in
31        155 2.0000 1.8200 0.6000 0.0000
8         M:www_in
31        155 1.0000 0.9100 0.3000 0.0000
14        M:cfengine_out
31        155 5.0000 4.5500 1.5000 0.0000
13        M:cfengine_in
31        155 1.0000 0.9100 0.3000 0.0000
9         M:loadavg
31        155 0.2126 0.1705 0.1909 0.0000
10        M:diskfree
34        155 60.5000 55.0550 18.2248 0.0000
12        M:otherprocs
33        155 26.0000 23.6600 7.8000 0.0000
11        M:rootprocs
36        155 113.5000 103.3900 33.7037 0.0000
7         M:users
31        155 8.0000 7.2800 2.4000 0.0000
# send QUERY complete successful
