# delta from 1679741959 to 1679742019 at 1679742019
22        CFR: 0 1679742018 1968
3         PRD
56        DBReportCollectAll,0.081310,0.375648,0.467951,1679741960
60        Packing reports: delta,0.037242,0.175174,0.186684,1679741960
3         EXS
16        f,317,1679741923
3         MOM
15        M:entropy_avail
36        1571 91.0000 106.3300 51.1000 0.0000
12        M:mem_cached
40        1571 3913.8047 3561.4770 982.5951 0.0000
10        M:mem_free
40        1571 8324.1947 8127.2238 549.3256 0.0000
11        M:mem_total
40        1571 11072.0285 11072.0285 0.0000 0.0000
16        M:io_writtendata
32        1571 0.1777 0.1796 0.0062 0.0000
11        M:io_writes
32        1571 8.0000 9.3800 4.6000 0.0000
13        M:postgres_in
32        1571 1.0000 0.9100 0.3000 0.0000
6         M:cpu3
32        1571 2.9804 2.2025 2.1841 0.0000
6         M:cpu2
35        1571 19.4064 13.6867 15.9530 0.0000
6         M:cpu1
32        1571 8.6491 6.1426 6.9930 0.0000
6         M:cpu0
35        1571 31.5473 22.1895 26.0989 0.0000
5         M:cpu
35        1571 15.6616 11.0664 12.8175 0.0000
8         M:syslog
37        1571 167.0000 147.3500 65.5000 0.0000
8         M:ssh_in
32        1571 2.0000 1.8200 0.6000 0.0000
8         M:www_in
32        1571 1.0000 0.9100 0.3000 0.0000
14        M:cfengine_out
32        1571 5.0000 4.5500 1.5000 0.0000
13        M:cfengine_in
32        1571 1.0000 0.9100 0.3000 0.0000
9         M:loadavg
32        1571 0.8906 0.6312 0.7236 0.0000
10        M:diskfree
35        1571 48.0000 43.6800 14.4000 0.0000
12        M:otherprocs
34        1571 26.0000 23.6600 7.8000 0.0000
11        M:rootprocs
37        1571 116.0000 105.1400 36.2000 0.0000
7         M:users
32        1571 8.0000 7.2800 2.4000 0.0000
3         MOY
15        M:entropy_avail
36        155 323.0000 297.6050 79.9482 0.0000
12        M:mem_cached
39        155 2526.1133 2298.4965 696.2697 0.0000
16        M:io_writtendata
31        155 0.2939 0.2241 0.2132 0.0000
11        M:io_writes
34        155 16.0000 12.2500 11.5973 0.0000
13        M:postgres_in
31        155 1.0000 0.9100 0.3000 0.0000
6         M:cpu3
31        155 9.2585 6.6064 9.9586 0.0000
6         M:cpu2
31        155 1.2023 0.9735 0.7040 0.0000
6         M:cpu1
33        155 11.0003 7.8207 12.0038 0.0000
6         M:cpu0
31        155 5.6586 4.0823 5.7035 0.0000
5         M:cpu
31        155 8.5900 6.1378 9.1662 0.0000
8         M:syslog
38        155 1068.5000 778.2950 812.0638 0.0000
8         M:ssh_in
31        155 2.0000 1.8200 0.6000 0.0000
8         M:www_in
31        155 1.0000 0.9100 0.3000 0.0000
14        M:cfengine_out
31        155 5.0000 4.5500 1.5000 0.0000
13        M:cfengine_in
31        155 1.0000 0.9100 0.3000 0.0000
9         M:loadavg
31        155 0.2126 0.1705 0.1909 0.0000
10        M:diskfree
34        155 60.5000 55.0550 18.2248 0.0000
12        M:otherprocs
33        155 26.0000 23.6600 7.8000 0.0000
11        M:rootprocs
36        155 113.5000 103.3900 33.7037 0.0000
7         M:users
31        155 8.0000 7.2800 2.4000 0.0000
# send QUERY complete successful
