# delta from 1679711958 to 1679712019 at 1679712019
22        CFR: 0 1679712018 2837
3         PRD
56        DBReportCollectAll,0.051525,0.358513,0.349157,1679711959
60        Packing reports: delta,0.027364,0.074879,0.067355,1679711959
83        Sample(/proc/sys/kernel/random/entropy_avail),0.007020,0.004928,0.010899,1679712019
3         EXS
16        f,288,1679711915
3         MOM
15        M:entropy_avail
35        1471 53.0000 67.9700 49.9000 0.0000
38        1472 176.0000 123.2000 147.2522 0.0000
12        M:mem_cached
40        1471 3653.3594 3324.4889 917.1758 0.0000
38        1472 3655.4922 2558.8445 0.0000 0.0000
10        M:mem_free
38        1471 7878.6312 7878.6312 0.0000 0.0000
39        1472 11251.9453 7876.3617 0.0000 0.0000
11        M:mem_total
40        1471 11072.0285 11072.0285 0.0000 0.0000
40        1472 15817.1836 11072.0285 0.0000 0.0000
16        M:io_writtendata
32        1471 0.0938 0.1177 0.0799 0.0000
32        1472 0.4600 0.3220 0.3848 0.0000
11        M:io_writes
32        1471 6.0000 6.7200 2.4000 0.0000
35        1472 24.0000 16.8000 20.0798 0.0000
13        M:postgres_in
32        1471 1.0000 0.9100 0.3000 0.0000
32        1472 1.0000 0.7000 0.8367 0.0000
6         M:cpu3
32        1471 6.1335 5.9652 0.5610 0.0000
32        1472 6.8121 4.7685 5.6994 0.0000
6         M:cpu2
32        1471 2.0725 3.5425 4.9000 0.0000
32        1472 0.9226 0.6459 0.7719 0.0000
6         M:cpu1
34        1471 20.3978 18.9311 4.8890 0.0000
35        1472 24.7552 17.3287 20.7117 0.0000
6         M:cpu0
32        1471 3.8554 4.8892 3.4461 0.0000
32        1472 0.8614 0.6030 0.7207 0.0000
5         M:cpu
32        1471 8.1177 8.3342 0.7215 0.0000
32        1472 8.3520 5.8464 6.9878 0.0000
8         M:syslog
38        1471 167.0000 359.0300 640.1000 0.0000
39        1472 1063.0000 744.1000 889.3696 0.0000
9         M:ssh_out
32        1471 5.0000 3.5000 4.1833 0.0000
8         M:ssh_in
32        1471 2.0000 1.8200 0.6000 0.0000
32        1472 2.0000 1.4000 1.6733 0.0000
8         M:www_in
32        1471 1.0000 0.9100 0.3000 0.0000
32        1472 1.0000 0.7000 0.8367 0.0000
14        M:cfengine_out
32        1471 6.0000 5.2500 2.5000 0.0000
32        1472 5.0000 3.5000 4.1833 0.0000
13        M:cfengine_in
32        1471 1.0000 0.9100 0.3000 0.0000
32        1472 1.0000 0.7000 0.8367 0.0000
9         M:loadavg
32        1471 0.6162 0.4764 0.4022 0.0000
32        1472 0.2129 0.1490 0.1781 0.0000
10        M:diskfree
35        1471 51.0000 46.4100 15.3000 0.0000
35        1472 51.0000 35.7000 42.6697 0.0000
12        M:otherprocs
34        1471 26.0000 23.6600 7.8000 0.0000
35        1472 26.0000 18.2000 21.7532 0.0000
11        M:rootprocs
37        1471 116.0000 105.1400 36.2000 0.0000
36        1472 114.0000 79.8000 95.3792 0.0000
7         M:users
32        1471 8.0000 7.2800 2.4000 0.0000
32        1472 8.0000 5.6000 6.6933 0.0000
3         MOY
15        M:entropy_avail
36        155 323.0000 297.6050 79.9482 0.0000
12        M:mem_cached
39        155 2526.1133 2298.4965 696.2697 0.0000
16        M:io_writtendata
31        155 0.2939 0.2241 0.2132 0.0000
11        M:io_writes
34        155 16.0000 12.2500 11.5973 0.0000
13        M:postgres_in
31        155 1.0000 0.9100 0.3000 0.0000
6         M:cpu3
31        155 9.2585 6.6064 9.9586 0.0000
6         M:cpu2
31        155 1.2023 0.9735 0.7040 0.0000
6         M:cpu1
33        155 11.0003 7.8207 12.0038 0.0000
6         M:cpu0
31        155 5.6586 4.0823 5.7035 0.0000
5         M:cpu
31        155 8.5900 6.1378 9.1662 0.0000
8         M:syslog
38        155 1068.5000 778.2950 812.0638 0.0000
8         M:ssh_in
31        155 2.0000 1.8200 0.6000 0.0000
8         M:www_in
31        155 1.0000 0.9100 0.3000 0.0000
14        M:cfengine_out
31        155 5.0000 4.5500 1.5000 0.0000
13        M:cfengine_in
31        155 1.0000 0.9100 0.3000 0.0000
9         M:loadavg
31        155 0.2126 0.1705 0.1909 0.0000
10        M:diskfree
34        155 60.5000 55.0550 18.2248 0.0000
12        M:otherprocs
33        155 26.0000 23.6600 7.8000 0.0000
11        M:rootprocs
36        155 113.5000 103.3900 33.7037 0.0000
7         M:users
31        155 8.0000 7.2800 2.4000 0.0000
# send QUERY complete successful
