# delta from 1679696658 to 1679696719 at 1679696719
22        CFR: 0 1679696718 2096
3         PRD
56        DBReportCollectAll,0.037795,0.312238,0.322929,1679696659
60        Packing reports: delta,0.026870,0.072198,0.068868,1679696659
83        Sample(/proc/sys/kernel/random/entropy_avail),0.005162,0.002665,0.003461,1679696691
3         EXS
16        f,287,1679696606
3         MOM
15        M:entropy_avail
38        1420 153.0000 114.6600 108.1903 0.0000
12        M:mem_cached
40        1420 3510.7188 3194.2684 882.5378 0.0000
10        M:mem_free
40        1420 11428.1562 10384.4776 0.0000 0.0000
11        M:mem_total
40        1420 15817.1836 14393.6371 0.0000 0.0000
16        M:io_writtendata
32        1420 0.4795 0.3514 0.3588 0.0000
11        M:io_writes
35        1420 24.0000 17.6400 17.8317 0.0000
13        M:postgres_in
32        1420 1.0000 0.9100 0.3000 0.0000
6         M:cpu3
35        1420 36.9707 26.1744 30.1165 0.0000
6         M:cpu2
32        1420 2.9066 2.3460 1.7047 0.0000
6         M:cpu1
32        1420 4.0032 3.0309 2.7571 0.0000
6         M:cpu0
32        1420 2.0397 4.7942 9.1816 0.0000
5         M:cpu
33        1420 11.4861 9.0910 7.0622 0.0000
8         M:syslog
41        1420 1493.0000 1110.6200 1075.9488 0.0000
9         M:ssh_out
32        1420 0.0000 1.0500 3.7182 0.0000
8         M:ssh_in
32        1420 2.0000 1.8200 0.6000 0.0000
8         M:www_in
32        1420 1.0000 0.9100 0.3000 0.0000
14        M:cfengine_out
32        1420 5.0000 4.7600 0.8000 0.0000
13        M:cfengine_in
32        1420 1.0000 0.9100 0.3000 0.0000
9         M:loadavg
32        1420 0.2178 0.2293 0.0386 0.0000
10        M:diskfree
35        1420 53.0000 48.2300 15.9000 0.0000
12        M:otherprocs
34        1420 26.0000 23.6600 7.8000 0.0000
11        M:rootprocs
37        1420 114.0000 104.3700 32.1000 0.0000
7         M:users
32        1420 8.0000 7.2800 2.4000 0.0000
3         MOY
15        M:entropy_avail
36        155 323.0000 297.6050 79.9482 0.0000
12        M:mem_cached
39        155 2526.1133 2298.4965 696.2697 0.0000
16        M:io_writtendata
31        155 0.2939 0.2241 0.2132 0.0000
11        M:io_writes
34        155 16.0000 12.2500 11.5973 0.0000
13        M:postgres_in
31        155 1.0000 0.9100 0.3000 0.0000
6         M:cpu3
31        155 9.2585 6.6064 9.9586 0.0000
6         M:cpu2
31        155 1.2023 0.9735 0.7040 0.0000
6         M:cpu1
33        155 11.0003 7.8207 12.0038 0.0000
6         M:cpu0
31        155 5.6586 4.0823 5.7035 0.0000
5         M:cpu
31        155 8.5900 6.1378 9.1662 0.0000
8         M:syslog
38        155 1068.5000 778.2950 812.0638 0.0000
8         M:ssh_in
31        155 2.0000 1.8200 0.6000 0.0000
8         M:www_in
31        155 1.0000 0.9100 0.3000 0.0000
14        M:cfengine_out
31        155 5.0000 4.5500 1.5000 0.0000
13        M:cfengine_in
31        155 1.0000 0.9100 0.3000 0.0000
9         M:loadavg
31        155 0.2126 0.1705 0.1909 0.0000
10        M:diskfree
34        155 60.5000 55.0550 18.2248 0.0000
12        M:otherprocs
33        155 26.0000 23.6600 7.8000 0.0000
11        M:rootprocs
36        155 113.5000 103.3900 33.7037 0.0000
7         M:users
31        155 8.0000 7.2800 2.4000 0.0000
# send QUERY complete successful
