# delta from 1679690658 to 1679690719 at 1679690719
22        CFR: 0 1679690718 2054
3         PRD
56        DBReportCollectAll,0.033470,0.352951,0.359962,1679690659
60        Packing reports: delta,0.031654,0.141438,0.148935,1679690659
83        Sample(/proc/sys/kernel/random/entropy_avail),0.007562,0.005718,0.007823,1679690680
3         EXS
16        f,319,1679690640
3         MOM
15        M:entropy_avail
38        1400 138.0000 101.8500 101.4664 0.0000
12        M:mem_cached
40        1400 3458.4023 3146.5998 869.5757 0.0000
10        M:mem_free
40        1400 11482.5742 10451.8479 0.0000 0.0000
11        M:mem_total
40        1400 15817.1836 14393.6371 0.0000 0.0000
16        M:io_writtendata
32        1400 0.2969 0.2496 0.1603 0.0000
11        M:io_writes
34        1400 16.0000 14.1400 6.2000 0.0000
13        M:postgres_in
32        1400 1.0000 0.9100 0.3000 0.0000
6         M:cpu3
32        1400 9.1843 6.5382 7.3833 0.0000
6         M:cpu2
32        1400 1.6036 1.2359 1.0549 0.0000
6         M:cpu1
35        1400 50.5009 35.4472 41.9833 0.0000
6         M:cpu0
32        1400 2.5773 1.9399 1.8023 0.0000
5         M:cpu
35        1400 15.9718 11.2943 13.0472 0.0000
8         M:syslog
39        1400 1077.0000 784.3500 818.8623 0.0000
8         M:ssh_in
32        1400 2.0000 1.8200 0.6000 0.0000
8         M:www_in
32        1400 1.0000 0.9100 0.3000 0.0000
14        M:cfengine_out
32        1400 5.0000 4.5500 1.5000 0.0000
13        M:cfengine_in
32        1400 1.0000 0.9100 0.3000 0.0000
9         M:loadavg
32        1400 0.4741 0.3357 0.3862 0.0000
10        M:diskfree
35        1400 53.0000 48.2300 15.9000 0.0000
12        M:otherprocs
34        1400 26.0000 23.6600 7.8000 0.0000
11        M:rootprocs
37        1400 114.0000 103.7400 34.2000 0.0000
7         M:users
32        1400 8.0000 7.2800 2.4000 0.0000
3         MOY
15        M:entropy_avail
36        155 323.0000 297.6050 79.9482 0.0000
12        M:mem_cached
39        155 2526.1133 2298.4965 696.2697 0.0000
16        M:io_writtendata
31        155 0.2939 0.2241 0.2132 0.0000
11        M:io_writes
34        155 16.0000 12.2500 11.5973 0.0000
13        M:postgres_in
31        155 1.0000 0.9100 0.3000 0.0000
6         M:cpu3
31        155 9.2585 6.6064 9.9586 0.0000
6         M:cpu2
31        155 1.2023 0.9735 0.7040 0.0000
6         M:cpu1
33        155 11.0003 7.8207 12.0038 0.0000
6         M:cpu0
31        155 5.6586 4.0823 5.7035 0.0000
5         M:cpu
31        155 8.5900 6.1378 9.1662 0.0000
8         M:syslog
38        155 1068.5000 778.2950 812.0638 0.0000
8         M:ssh_in
31        155 2.0000 1.8200 0.6000 0.0000
8         M:www_in
31        155 1.0000 0.9100 0.3000 0.0000
14        M:cfengine_out
31        155 5.0000 4.5500 1.5000 0.0000
13        M:cfengine_in
31        155 1.0000 0.9100 0.3000 0.0000
9         M:loadavg
31        155 0.2126 0.1705 0.1909 0.0000
10        M:diskfree
34        155 60.5000 55.0550 18.2248 0.0000
12        M:otherprocs
33        155 26.0000 23.6600 7.8000 0.0000
11        M:rootprocs
36        155 113.5000 103.3900 33.7037 0.0000
7         M:users
31        155 8.0000 7.2800 2.4000 0.0000
# send QUERY complete successful
