# delta from 1679735058 to 1679735120 at 1679735120
22        CFR: 0 1679735119 1967
3         PRD
56        DBReportCollectAll,0.069230,0.362235,0.416054,1679735059
60        Packing reports: delta,0.037452,0.128496,0.134548,1679735059
3         EXS
16        f,288,1679735016
3         MOM
15        M:entropy_avail
35        1548 84.0000 95.3400 37.8000 0.0000
12        M:mem_cached
40        1548 3855.0664 3507.8414 968.3644 0.0000
10        M:mem_free
41        1548 9412.3622 8903.7567 1418.4330 0.0000
11        M:mem_total
40        1548 11072.0285 11072.0285 0.0000 0.0000
16        M:io_writtendata
32        1548 0.1035 0.1225 0.0633 0.0000
11        M:io_writes
32        1548 6.0000 7.1400 3.8000 0.0000
13        M:postgres_in
32        1548 1.0000 0.9100 0.3000 0.0000
6         M:cpu3
34        1548 14.3230 11.6224 8.2982 0.0000
6         M:cpu2
32        1548 9.4710 7.0771 6.7472 0.0000
6         M:cpu1
32        1548 6.1998 4.5108 4.7253 0.0000
6         M:cpu0
35        1548 29.1073 23.3373 17.3416 0.0000
5         M:cpu
34        1548 14.7748 11.6358 9.1979 0.0000
8         M:syslog
38        1548 167.0000 388.4300 738.1000 0.0000
8         M:ssh_in
32        1548 2.0000 1.8200 0.6000 0.0000
8         M:www_in
32        1548 1.0000 0.9100 0.3000 0.0000
14        M:cfengine_out
32        1548 5.0000 4.5500 1.5000 0.0000
13        M:cfengine_in
32        1548 1.0000 0.9100 0.3000 0.0000
9         M:loadavg
32        1548 0.8247 0.6007 0.6269 0.0000
10        M:diskfree
35        1548 49.0000 44.5900 14.7000 0.0000
12        M:otherprocs
34        1548 26.0000 23.6600 7.8000 0.0000
11        M:rootprocs
37        1548 118.0000 106.7500 37.5000 0.0000
7         M:users
32        1548 8.0000 7.2800 2.4000 0.0000
3         MOY
15        M:entropy_avail
36        155 323.0000 297.6050 79.9482 0.0000
12        M:mem_cached
39        155 2526.1133 2298.4965 696.2697 0.0000
16        M:io_writtendata
31        155 0.2939 0.2241 0.2132 0.0000
11        M:io_writes
34        155 16.0000 12.2500 11.5973 0.0000
13        M:postgres_in
31        155 1.0000 0.9100 0.3000 0.0000
6         M:cpu3
31        155 9.2585 6.6064 9.9586 0.0000
6         M:cpu2
31        155 1.2023 0.9735 0.7040 0.0000
6         M:cpu1
33        155 11.0003 7.8207 12.0038 0.0000
6         M:cpu0
31        155 5.6586 4.0823 5.7035 0.0000
5         M:cpu
31        155 8.5900 6.1378 9.1662 0.0000
8         M:syslog
38        155 1068.5000 778.2950 812.0638 0.0000
8         M:ssh_in
31        155 2.0000 1.8200 0.6000 0.0000
8         M:www_in
31        155 1.0000 0.9100 0.3000 0.0000
14        M:cfengine_out
31        155 5.0000 4.5500 1.5000 0.0000
13        M:cfengine_in
31        155 1.0000 0.9100 0.3000 0.0000
9         M:loadavg
31        155 0.2126 0.1705 0.1909 0.0000
10        M:diskfree
34        155 60.5000 55.0550 18.2248 0.0000
12        M:otherprocs
33        155 26.0000 23.6600 7.8000 0.0000
11        M:rootprocs
36        155 113.5000 103.3900 33.7037 0.0000
7         M:users
31        155 8.0000 7.2800 2.4000 0.0000
# send QUERY complete successful
