# delta from 1679691198 to 1679691259 at 1679691259
22        CFR: 0 1679691258 1998
3         PRD
56        DBReportCollectAll,0.050286,0.376856,0.427963,1679691199
60        Packing reports: delta,0.063943,0.190212,0.259605,1679691199
3         EXS
16        f,278,1679691189
3         MOM
15        M:entropy_avail
35        1402 32.0000 22.4000 26.7731 0.0000
12        M:mem_cached
38        1402 3461.2461 2422.8723 0.0000 0.0000
10        M:mem_free
39        1402 11410.0469 7987.0328 0.0000 0.0000
11        M:mem_total
40        1402 15817.1836 11072.0285 0.0000 0.0000
16        M:io_writtendata
32        1402 0.0713 0.0499 0.0596 0.0000
11        M:io_writes
32        1402 6.0000 4.2000 5.0200 0.0000
13        M:postgres_in
32        1402 1.0000 0.7000 0.8367 0.0000
6         M:cpu3
32        1402 1.2712 0.8898 1.0635 0.0000
6         M:cpu2
32        1402 7.1997 5.0398 6.0237 0.0000
6         M:cpu1
32        1402 5.2168 3.6517 4.3646 0.0000
6         M:cpu0
33        1402 11.0911 7.7638 9.2795 0.0000
5         M:cpu
32        1402 6.1991 4.3393 5.1865 0.0000
8         M:syslog
38        1402 312.0000 218.4000 261.0379 0.0000
9         M:ssh_out
32        1402 5.0000 3.5000 4.1833 0.0000
8         M:ssh_in
32        1402 2.0000 1.4000 1.6733 0.0000
8         M:www_in
32        1402 1.0000 0.7000 0.8367 0.0000
14        M:cfengine_out
32        1402 6.0000 4.2000 5.0200 0.0000
13        M:cfengine_in
32        1402 1.0000 0.7000 0.8367 0.0000
9         M:loadavg
32        1402 0.5132 0.3592 0.4294 0.0000
10        M:diskfree
35        1402 53.0000 37.1000 44.3430 0.0000
12        M:otherprocs
35        1402 26.0000 18.2000 21.7532 0.0000
11        M:rootprocs
36        1402 118.0000 82.6000 98.7259 0.0000
7         M:users
32        1402 8.0000 5.6000 6.6933 0.0000
3         MOY
15        M:entropy_avail
36        155 323.0000 297.6050 79.9482 0.0000
12        M:mem_cached
39        155 2526.1133 2298.4965 696.2697 0.0000
16        M:io_writtendata
31        155 0.2939 0.2241 0.2132 0.0000
11        M:io_writes
34        155 16.0000 12.2500 11.5973 0.0000
13        M:postgres_in
31        155 1.0000 0.9100 0.3000 0.0000
6         M:cpu3
31        155 9.2585 6.6064 9.9586 0.0000
6         M:cpu2
31        155 1.2023 0.9735 0.7040 0.0000
6         M:cpu1
33        155 11.0003 7.8207 12.0038 0.0000
6         M:cpu0
31        155 5.6586 4.0823 5.7035 0.0000
5         M:cpu
31        155 8.5900 6.1378 9.1662 0.0000
8         M:syslog
38        155 1068.5000 778.2950 812.0638 0.0000
8         M:ssh_in
31        155 2.0000 1.8200 0.6000 0.0000
8         M:www_in
31        155 1.0000 0.9100 0.3000 0.0000
14        M:cfengine_out
31        155 5.0000 4.5500 1.5000 0.0000
13        M:cfengine_in
31        155 1.0000 0.9100 0.3000 0.0000
9         M:loadavg
31        155 0.2126 0.1705 0.1909 0.0000
10        M:diskfree
34        155 60.5000 55.0550 18.2248 0.0000
12        M:otherprocs
33        155 26.0000 23.6600 7.8000 0.0000
11        M:rootprocs
36        155 113.5000 103.3900 33.7037 0.0000
7         M:users
31        155 8.0000 7.2800 2.4000 0.0000
# send QUERY complete successful
