# delta from 1679725818 to 1679725879 at 1679725879
22        CFR: 0 1679725878 2050
3         PRD
56        DBReportCollectAll,0.098146,0.378692,0.327930,1679725819
60        Packing reports: delta,0.074923,0.139176,0.055403,1679725819
83        Sample(/proc/sys/kernel/random/entropy_avail),0.005025,0.002525,0.002514,1679725843
3         EXS
16        f,319,1679725731
3         MOM
15        M:entropy_avail
38        1518 174.0000 121.8000 145.5788 0.0000
12        M:mem_cached
38        1518 3775.1875 2642.6312 0.0000 0.0000
10        M:mem_free
39        1518 11109.0742 7776.3520 0.0000 0.0000
11        M:mem_total
40        1518 15817.1836 11072.0285 0.0000 0.0000
16        M:io_writtendata
32        1518 0.2529 0.1771 0.2116 0.0000
11        M:io_writes
34        1518 12.0000 8.4000 10.0399 0.0000
13        M:postgres_in
32        1518 1.0000 0.7000 0.8367 0.0000
6         M:cpu3
32        1518 9.5070 6.6549 7.9541 0.0000
6         M:cpu2
32        1518 0.9571 0.6700 0.8008 0.0000
6         M:cpu1
35        1518 16.7233 11.7063 13.9917 0.0000
6         M:cpu0
32        1518 1.3992 0.9794 1.1707 0.0000
5         M:cpu
32        1518 7.1557 5.0090 5.9869 0.0000
8         M:syslog
41        1518 2017.0000 1411.9000 1687.5433 0.0000
8         M:ssh_in
32        1518 2.0000 1.4000 1.6733 0.0000
8         M:www_in
32        1518 1.0000 0.7000 0.8367 0.0000
14        M:cfengine_out
32        1518 5.0000 3.5000 4.1833 0.0000
13        M:cfengine_in
32        1518 1.0000 0.7000 0.8367 0.0000
9         M:loadavg
32        1518 0.1343 0.0940 0.1123 0.0000
10        M:diskfree
35        1518 50.0000 35.0000 41.8330 0.0000
12        M:otherprocs
35        1518 26.0000 18.2000 21.7532 0.0000
11        M:rootprocs
36        1518 115.0000 80.5000 96.2159 0.0000
7         M:users
32        1518 8.0000 5.6000 6.6933 0.0000
3         MOY
15        M:entropy_avail
36        155 323.0000 297.6050 79.9482 0.0000
12        M:mem_cached
39        155 2526.1133 2298.4965 696.2697 0.0000
16        M:io_writtendata
31        155 0.2939 0.2241 0.2132 0.0000
11        M:io_writes
34        155 16.0000 12.2500 11.5973 0.0000
13        M:postgres_in
31        155 1.0000 0.9100 0.3000 0.0000
6         M:cpu3
31        155 9.2585 6.6064 9.9586 0.0000
6         M:cpu2
31        155 1.2023 0.9735 0.7040 0.0000
6         M:cpu1
33        155 11.0003 7.8207 12.0038 0.0000
6         M:cpu0
31        155 5.6586 4.0823 5.7035 0.0000
5         M:cpu
31        155 8.5900 6.1378 9.1662 0.0000
8         M:syslog
38        155 1068.5000 778.2950 812.0638 0.0000
8         M:ssh_in
31        155 2.0000 1.8200 0.6000 0.0000
8         M:www_in
31        155 1.0000 0.9100 0.3000 0.0000
14        M:cfengine_out
31        155 5.0000 4.5500 1.5000 0.0000
13        M:cfengine_in
31        155 1.0000 0.9100 0.3000 0.0000
9         M:loadavg
31        155 0.2126 0.1705 0.1909 0.0000
10        M:diskfree
34        155 60.5000 55.0550 18.2248 0.0000
12        M:otherprocs
33        155 26.0000 23.6600 7.8000 0.0000
11        M:rootprocs
36        155 113.5000 103.3900 33.7037 0.0000
7         M:users
31        155 8.0000 7.2800 2.4000 0.0000
# send QUERY complete successful
