# delta from 1679717358 to 1679717419 at 1679717419
22        CFR: 0 1679717418 2001
3         PRD
56        DBReportCollectAll,0.049643,0.342306,0.387403,1679717359
60        Packing reports: delta,0.040151,0.127184,0.152471,1679717359
3         EXS
16        f,320,1679717332
3         MOM
15        M:entropy_avail
35        1489 58.0000 75.8800 59.6000 0.0000
12        M:mem_cached
40        1489 3700.1133 3367.0695 928.8149 0.0000
10        M:mem_free
38        1489 7841.2551 7841.2551 0.0000 0.0000
11        M:mem_total
40        1489 11072.0285 11072.0285 0.0000 0.0000
16        M:io_writtendata
32        1489 0.0732 0.0978 0.0819 0.0000
11        M:io_writes
32        1489 6.0000 6.3000 1.0000 0.0000
13        M:postgres_in
32        1489 1.0000 0.9100 0.3000 0.0000
6         M:cpu3
35        1489 17.4970 12.6528 13.5386 0.0000
6         M:cpu2
32        1489 1.8800 2.1169 0.7897 0.0000
6         M:cpu1
32        1489 6.7974 6.7486 0.1627 0.0000
6         M:cpu0
32        1489 0.9206 0.8728 0.1594 0.0000
5         M:cpu
32        1489 6.7758 5.5989 3.7765 0.0000
8         M:syslog
38        1489 167.0000 389.9000 743.0000 0.0000
9         M:ssh_out
32        1489 5.0000 3.5000 4.1833 0.0000
8         M:ssh_in
32        1489 2.0000 1.8200 0.6000 0.0000
8         M:www_in
32        1489 1.0000 0.9100 0.3000 0.0000
14        M:cfengine_out
32        1489 6.0000 5.2500 2.5000 0.0000
13        M:cfengine_in
32        1489 1.0000 0.9100 0.3000 0.0000
9         M:loadavg
32        1489 0.5034 0.3937 0.3190 0.0000
10        M:diskfree
35        1489 51.0000 46.4100 15.3000 0.0000
12        M:otherprocs
34        1489 26.0000 23.6600 7.8000 0.0000
11        M:rootprocs
37        1489 117.0000 105.6300 37.9000 0.0000
7         M:users
32        1489 8.0000 7.2800 2.4000 0.0000
3         MOY
15        M:entropy_avail
36        155 323.0000 297.6050 79.9482 0.0000
12        M:mem_cached
39        155 2526.1133 2298.4965 696.2697 0.0000
16        M:io_writtendata
31        155 0.2939 0.2241 0.2132 0.0000
11        M:io_writes
34        155 16.0000 12.2500 11.5973 0.0000
13        M:postgres_in
31        155 1.0000 0.9100 0.3000 0.0000
6         M:cpu3
31        155 9.2585 6.6064 9.9586 0.0000
6         M:cpu2
31        155 1.2023 0.9735 0.7040 0.0000
6         M:cpu1
33        155 11.0003 7.8207 12.0038 0.0000
6         M:cpu0
31        155 5.6586 4.0823 5.7035 0.0000
5         M:cpu
31        155 8.5900 6.1378 9.1662 0.0000
8         M:syslog
38        155 1068.5000 778.2950 812.0638 0.0000
8         M:ssh_in
31        155 2.0000 1.8200 0.6000 0.0000
8         M:www_in
31        155 1.0000 0.9100 0.3000 0.0000
14        M:cfengine_out
31        155 5.0000 4.5500 1.5000 0.0000
13        M:cfengine_in
31        155 1.0000 0.9100 0.3000 0.0000
9         M:loadavg
31        155 0.2126 0.1705 0.1909 0.0000
10        M:diskfree
34        155 60.5000 55.0550 18.2248 0.0000
12        M:otherprocs
33        155 26.0000 23.6600 7.8000 0.0000
11        M:rootprocs
36        155 113.5000 103.3900 33.7037 0.0000
7         M:users
31        155 8.0000 7.2800 2.4000 0.0000
# send QUERY complete successful
