# delta from 1679734758 to 1679734819 at 1679734819
22        CFR: 0 1679734818 2007
3         PRD
56        DBReportCollectAll,0.101369,0.370363,0.389874,1679734759
60        Packing reports: delta,0.031098,0.122116,0.117044,1679734759
3         EXS
16        f,319,1679734741
3         MOM
15        M:entropy_avail
35        1547 77.0000 94.4300 58.1000 0.0000
12        M:mem_cached
40        1547 3851.9023 3505.0712 967.2659 0.0000
10        M:mem_free
39        1547 10929.9219 9967.5857 0.0000 0.0000
11        M:mem_total
40        1547 11072.0285 11072.0285 0.0000 0.0000
16        M:io_writtendata
32        1547 0.1748 0.1948 0.0665 0.0000
11        M:io_writes
34        1547 10.0000 11.6200 5.4000 0.0000
13        M:postgres_in
32        1547 1.0000 0.9100 0.3000 0.0000
6         M:cpu3
35        1547 23.9002 16.9024 19.5196 0.0000
6         M:cpu2
32        1547 1.5577 1.2937 0.8596 0.0000
6         M:cpu1
34        1547 13.7052 9.7589 11.0116 0.0000
6         M:cpu0
32        1547 2.3389 1.7872 1.5732 0.0000
5         M:cpu
33        1547 10.3673 7.4294 8.2019 0.0000
8         M:syslog
38        1547 167.0000 237.8600 236.2000 0.0000
9         M:ssh_out
32        1547 5.0000 3.5000 4.1833 0.0000
8         M:ssh_in
32        1547 2.0000 1.8200 0.6000 0.0000
8         M:www_in
32        1547 1.0000 0.9100 0.3000 0.0000
14        M:cfengine_out
32        1547 6.0000 5.2500 2.5000 0.0000
13        M:cfengine_in
32        1547 1.0000 0.9100 0.3000 0.0000
9         M:loadavg
32        1547 0.6392 0.4623 0.4944 0.0000
10        M:diskfree
35        1547 49.0000 44.5900 14.7000 0.0000
12        M:otherprocs
34        1547 26.0000 23.6600 7.8000 0.0000
11        M:rootprocs
37        1547 118.0000 106.9600 36.8000 0.0000
7         M:users
32        1547 8.0000 7.2800 2.4000 0.0000
3         MOY
15        M:entropy_avail
36        155 323.0000 297.6050 79.9482 0.0000
12        M:mem_cached
39        155 2526.1133 2298.4965 696.2697 0.0000
16        M:io_writtendata
31        155 0.2939 0.2241 0.2132 0.0000
11        M:io_writes
34        155 16.0000 12.2500 11.5973 0.0000
13        M:postgres_in
31        155 1.0000 0.9100 0.3000 0.0000
6         M:cpu3
31        155 9.2585 6.6064 9.9586 0.0000
6         M:cpu2
31        155 1.2023 0.9735 0.7040 0.0000
6         M:cpu1
33        155 11.0003 7.8207 12.0038 0.0000
6         M:cpu0
31        155 5.6586 4.0823 5.7035 0.0000
5         M:cpu
31        155 8.5900 6.1378 9.1662 0.0000
8         M:syslog
38        155 1068.5000 778.2950 812.0638 0.0000
8         M:ssh_in
31        155 2.0000 1.8200 0.6000 0.0000
8         M:www_in
31        155 1.0000 0.9100 0.3000 0.0000
14        M:cfengine_out
31        155 5.0000 4.5500 1.5000 0.0000
13        M:cfengine_in
31        155 1.0000 0.9100 0.3000 0.0000
9         M:loadavg
31        155 0.2126 0.1705 0.1909 0.0000
10        M:diskfree
34        155 60.5000 55.0550 18.2248 0.0000
12        M:otherprocs
33        155 26.0000 23.6600 7.8000 0.0000
11        M:rootprocs
36        155 113.5000 103.3900 33.7037 0.0000
7         M:users
31        155 8.0000 7.2800 2.4000 0.0000
# send QUERY complete successful
