# delta from 1679737758 to 1679737819 at 1679737819
22        CFR: 0 1679737818 1965
3         PRD
56        DBReportCollectAll,0.064644,0.361663,0.406028,1679737759
60        Packing reports: delta,0.040251,0.163890,0.181901,1679737759
3         EXS
16        f,316,1679737723
3         MOM
15        M:entropy_avail
35        1557 85.0000 96.2500 37.5000 0.0000
12        M:mem_cached
40        1557 3878.0781 3528.9387 973.7033 0.0000
10        M:mem_free
39        1557 10855.9609 9906.1482 0.0000 0.0000
11        M:mem_total
40        1557 15817.1836 14393.6371 0.0000 0.0000
16        M:io_writtendata
32        1557 0.1025 0.0845 0.0575 0.0000
11        M:io_writes
32        1557 6.0000 5.0400 3.2447 0.0000
13        M:postgres_in
32        1557 1.0000 0.9100 0.3000 0.0000
6         M:cpu3
34        1557 13.9412 9.8878 11.3079 0.0000
6         M:cpu2
32        1557 2.7081 1.9966 1.9965 0.0000
6         M:cpu1
35        1557 38.3982 27.0062 31.7721 0.0000
6         M:cpu0
32        1557 1.8971 1.4205 1.3446 0.0000
5         M:cpu
35        1557 14.2339 10.0755 11.5999 0.0000
8         M:syslog
37        1557 167.0000 147.3500 65.5000 0.0000
8         M:ssh_in
32        1557 2.0000 1.8200 0.6000 0.0000
8         M:www_in
32        1557 1.0000 0.9100 0.3000 0.0000
14        M:cfengine_out
32        1557 5.0000 4.5500 1.5000 0.0000
13        M:cfengine_in
32        1557 1.0000 0.9100 0.3000 0.0000
9         M:loadavg
32        1557 0.7842 0.5673 0.6062 0.0000
10        M:diskfree
35        1557 49.0000 44.5900 14.7000 0.0000
12        M:otherprocs
34        1557 26.0000 23.6600 7.8000 0.0000
11        M:rootprocs
37        1557 118.0000 106.7500 37.5000 0.0000
7         M:users
32        1557 8.0000 7.2800 2.4000 0.0000
3         MOY
15        M:entropy_avail
36        155 323.0000 297.6050 79.9482 0.0000
12        M:mem_cached
39        155 2526.1133 2298.4965 696.2697 0.0000
16        M:io_writtendata
31        155 0.2939 0.2241 0.2132 0.0000
11        M:io_writes
34        155 16.0000 12.2500 11.5973 0.0000
13        M:postgres_in
31        155 1.0000 0.9100 0.3000 0.0000
6         M:cpu3
31        155 9.2585 6.6064 9.9586 0.0000
6         M:cpu2
31        155 1.2023 0.9735 0.7040 0.0000
6         M:cpu1
33        155 11.0003 7.8207 12.0038 0.0000
6         M:cpu0
31        155 5.6586 4.0823 5.7035 0.0000
5         M:cpu
31        155 8.5900 6.1378 9.1662 0.0000
8         M:syslog
38        155 1068.5000 778.2950 812.0638 0.0000
8         M:ssh_in
31        155 2.0000 1.8200 0.6000 0.0000
8         M:www_in
31        155 1.0000 0.9100 0.3000 0.0000
14        M:cfengine_out
31        155 5.0000 4.5500 1.5000 0.0000
13        M:cfengine_in
31        155 1.0000 0.9100 0.3000 0.0000
9         M:loadavg
31        155 0.2126 0.1705 0.1909 0.0000
10        M:diskfree
34        155 60.5000 55.0550 18.2248 0.0000
12        M:otherprocs
33        155 26.0000 23.6600 7.8000 0.0000
11        M:rootprocs
36        155 113.5000 103.3900 33.7037 0.0000
7         M:users
31        155 8.0000 7.2800 2.4000 0.0000
# send QUERY complete successful
