# delta from 1679693358 to 1679693419 at 1679693419
22        CFR: 0 1679693418 2095
3         PRD
56        DBReportCollectAll,0.172822,0.400651,0.283318,1679693359
60        Packing reports: delta,0.128599,0.179627,0.050350,1679693359
83        Sample(/proc/sys/kernel/random/entropy_avail),0.004639,0.002152,0.002306,1679693385
3         EXS
16        f,280,1679693293
3         MOM
15        M:entropy_avail
38        1409 161.0000 120.6800 113.7875 0.0000
12        M:mem_cached
40        1409 3482.5508 3168.5987 875.5706 0.0000
10        M:mem_free
40        1409 11459.3398 10415.0129 0.0000 0.0000
11        M:mem_total
40        1409 15817.1836 14393.6371 0.0000 0.0000
16        M:io_writtendata
32        1409 0.2617 0.2228 0.1387 0.0000
11        M:io_writes
34        1409 12.0000 11.7600 0.8000 0.0000
13        M:postgres_in
32        1409 1.0000 0.9100 0.3000 0.0000
6         M:cpu3
32        1409 8.2600 7.0150 4.3926 0.0000
6         M:cpu2
32        1409 7.9027 5.8710 5.7142 0.0000
6         M:cpu1
34        1409 12.1198 11.4917 2.0935 0.0000
6         M:cpu0
34        1409 13.9840 10.6473 9.4922 0.0000
5         M:cpu
33        1409 10.5676 8.7531 5.8618 0.0000
8         M:syslog
40        1409 1388.0000 1037.1200 988.9475 0.0000
9         M:ssh_out
32        1409 0.0000 1.0500 3.7182 0.0000
8         M:ssh_in
32        1409 2.0000 1.8200 0.6000 0.0000
8         M:www_in
32        1409 1.0000 1.3300 1.1000 0.0000
14        M:cfengine_out
32        1409 5.0000 4.7600 0.8000 0.0000
13        M:cfengine_in
32        1409 1.0000 0.9100 0.3000 0.0000
9         M:loadavg
32        1409 0.2275 0.2839 0.1877 0.0000
10        M:diskfree
35        1409 53.0000 48.2300 15.9000 0.0000
12        M:otherprocs
34        1409 26.0000 23.6600 7.8000 0.0000
11        M:rootprocs
37        1409 114.0000 104.3700 32.1000 0.0000
7         M:users
32        1409 8.0000 7.2800 2.4000 0.0000
3         MOY
15        M:entropy_avail
36        155 323.0000 297.6050 79.9482 0.0000
12        M:mem_cached
39        155 2526.1133 2298.4965 696.2697 0.0000
16        M:io_writtendata
31        155 0.2939 0.2241 0.2132 0.0000
11        M:io_writes
34        155 16.0000 12.2500 11.5973 0.0000
13        M:postgres_in
31        155 1.0000 0.9100 0.3000 0.0000
6         M:cpu3
31        155 9.2585 6.6064 9.9586 0.0000
6         M:cpu2
31        155 1.2023 0.9735 0.7040 0.0000
6         M:cpu1
33        155 11.0003 7.8207 12.0038 0.0000
6         M:cpu0
31        155 5.6586 4.0823 5.7035 0.0000
5         M:cpu
31        155 8.5900 6.1378 9.1662 0.0000
8         M:syslog
38        155 1068.5000 778.2950 812.0638 0.0000
8         M:ssh_in
31        155 2.0000 1.8200 0.6000 0.0000
8         M:www_in
31        155 1.0000 0.9100 0.3000 0.0000
14        M:cfengine_out
31        155 5.0000 4.5500 1.5000 0.0000
13        M:cfengine_in
31        155 1.0000 0.9100 0.3000 0.0000
9         M:loadavg
31        155 0.2126 0.1705 0.1909 0.0000
10        M:diskfree
34        155 60.5000 55.0550 18.2248 0.0000
12        M:otherprocs
33        155 26.0000 23.6600 7.8000 0.0000
11        M:rootprocs
36        155 113.5000 103.3900 33.7037 0.0000
7         M:users
31        155 8.0000 7.2800 2.4000 0.0000
# send QUERY complete successful
