# delta from 1679711718 to 1679711779 at 1679711779
22        CFR: 0 1679711778 1968
3         PRD
56        DBReportCollectAll,0.048530,0.317095,0.282952,1679711719
60        Packing reports: delta,0.025801,0.066571,0.061068,1679711719
3         EXS
16        f,319,1679711640
3         MOM
15        M:entropy_avail
38        1471 147.0000 102.9000 122.9890 0.0000
12        M:mem_cached
38        1471 3653.0352 2557.1246 0.0000 0.0000
10        M:mem_free
39        1471 11255.1875 7878.6312 0.0000 0.0000
11        M:mem_total
40        1471 15817.1836 11072.0285 0.0000 0.0000
16        M:io_writtendata
32        1471 0.2480 0.1736 0.2075 0.0000
11        M:io_writes
34        1471 12.0000 8.4000 10.0399 0.0000
13        M:postgres_in
32        1471 1.0000 0.7000 0.8367 0.0000
6         M:cpu3
32        1471 7.9608 5.5725 6.6605 0.0000
6         M:cpu2
32        1471 9.9606 6.9724 8.3336 0.0000
6         M:cpu1
35        1471 22.1555 15.5088 18.5366 0.0000
6         M:cpu0
33        1471 10.4307 7.3015 8.7270 0.0000
5         M:cpu
34        1471 12.6275 8.8392 10.5649 0.0000
8         M:syslog
39        1471 1153.0000 807.1000 964.6690 0.0000
8         M:ssh_in
32        1471 2.0000 1.4000 1.6733 0.0000
8         M:www_in
32        1471 1.0000 0.7000 0.8367 0.0000
14        M:cfengine_out
32        1471 5.0000 3.5000 4.1833 0.0000
13        M:cfengine_in
32        1471 1.0000 0.7000 0.8367 0.0000
9         M:loadavg
32        1471 0.2144 0.1500 0.1793 0.0000
10        M:diskfree
35        1471 51.0000 35.7000 42.6697 0.0000
12        M:otherprocs
35        1471 26.0000 18.2000 21.7532 0.0000
11        M:rootprocs
36        1471 114.0000 79.8000 95.3792 0.0000
7         M:users
32        1471 8.0000 5.6000 6.6933 0.0000
3         MOY
15        M:entropy_avail
36        155 323.0000 297.6050 79.9482 0.0000
12        M:mem_cached
39        155 2526.1133 2298.4965 696.2697 0.0000
16        M:io_writtendata
31        155 0.2939 0.2241 0.2132 0.0000
11        M:io_writes
34        155 16.0000 12.2500 11.5973 0.0000
13        M:postgres_in
31        155 1.0000 0.9100 0.3000 0.0000
6         M:cpu3
31        155 9.2585 6.6064 9.9586 0.0000
6         M:cpu2
31        155 1.2023 0.9735 0.7040 0.0000
6         M:cpu1
33        155 11.0003 7.8207 12.0038 0.0000
6         M:cpu0
31        155 5.6586 4.0823 5.7035 0.0000
5         M:cpu
31        155 8.5900 6.1378 9.1662 0.0000
8         M:syslog
38        155 1068.5000 778.2950 812.0638 0.0000
8         M:ssh_in
31        155 2.0000 1.8200 0.6000 0.0000
8         M:www_in
31        155 1.0000 0.9100 0.3000 0.0000
14        M:cfengine_out
31        155 5.0000 4.5500 1.5000 0.0000
13        M:cfengine_in
31        155 1.0000 0.9100 0.3000 0.0000
9         M:loadavg
31        155 0.2126 0.1705 0.1909 0.0000
10        M:diskfree
34        155 60.5000 55.0550 18.2248 0.0000
12        M:otherprocs
33        155 26.0000 23.6600 7.8000 0.0000
11        M:rootprocs
36        155 113.5000 103.3900 33.7037 0.0000
7         M:users
31        155 8.0000 7.2800 2.4000 0.0000
# send QUERY complete successful
