# delta from 1679733618 to 1679733679 at 1679733679
22        CFR: 0 1679733678 2045
3         PRD
56        DBReportCollectAll,0.129044,0.363763,0.286799,1679733619
60        Packing reports: delta,0.033887,0.114835,0.104652,1679733619
83        Sample(/proc/sys/kernel/random/entropy_avail),0.004884,0.002385,0.001768,1679733656
3         EXS
16        f,317,1679733523
3         MOM
15        M:entropy_avail
38        1544 205.0000 143.5000 171.5153 0.0000
12        M:mem_cached
38        1544 3843.3398 2690.3379 0.0000 0.0000
10        M:mem_free
39        1544 11032.0391 7722.4273 0.0000 0.0000
11        M:mem_total
40        1544 15817.1836 11072.0285 0.0000 0.0000
16        M:io_writtendata
32        1544 0.4326 0.3028 0.3620 0.0000
11        M:io_writes
35        1544 22.0000 15.4000 18.4065 0.0000
13        M:postgres_in
32        1544 1.0000 0.7000 0.8367 0.0000
6         M:cpu3
32        1544 0.9959 0.6971 0.8332 0.0000
6         M:cpu2
32        1544 4.6210 3.2347 3.8662 0.0000
6         M:cpu1
32        1544 1.1750 0.8225 0.9831 0.0000
6         M:cpu0
32        1544 7.2726 5.0908 6.0847 0.0000
5         M:cpu
32        1544 3.5149 2.4604 2.9408 0.0000
8         M:syslog
38        1544 817.0000 571.9000 683.5512 0.0000
8         M:ssh_in
32        1544 2.0000 1.4000 1.6733 0.0000
8         M:www_in
32        1544 1.0000 0.7000 0.8367 0.0000
14        M:cfengine_out
32        1544 5.0000 3.5000 4.1833 0.0000
13        M:cfengine_in
32        1544 1.0000 0.7000 0.8367 0.0000
9         M:loadavg
32        1544 0.0879 0.0615 0.0735 0.0000
10        M:diskfree
35        1544 49.0000 34.3000 40.9963 0.0000
12        M:otherprocs
35        1544 26.0000 18.2000 21.7532 0.0000
11        M:rootprocs
36        1544 113.0000 79.1000 94.5426 0.0000
7         M:users
32        1544 8.0000 5.6000 6.6933 0.0000
3         MOY
15        M:entropy_avail
36        155 323.0000 297.6050 79.9482 0.0000
12        M:mem_cached
39        155 2526.1133 2298.4965 696.2697 0.0000
16        M:io_writtendata
31        155 0.2939 0.2241 0.2132 0.0000
11        M:io_writes
34        155 16.0000 12.2500 11.5973 0.0000
13        M:postgres_in
31        155 1.0000 0.9100 0.3000 0.0000
6         M:cpu3
31        155 9.2585 6.6064 9.9586 0.0000
6         M:cpu2
31        155 1.2023 0.9735 0.7040 0.0000
6         M:cpu1
33        155 11.0003 7.8207 12.0038 0.0000
6         M:cpu0
31        155 5.6586 4.0823 5.7035 0.0000
5         M:cpu
31        155 8.5900 6.1378 9.1662 0.0000
8         M:syslog
38        155 1068.5000 778.2950 812.0638 0.0000
8         M:ssh_in
31        155 2.0000 1.8200 0.6000 0.0000
8         M:www_in
31        155 1.0000 0.9100 0.3000 0.0000
14        M:cfengine_out
31        155 5.0000 4.5500 1.5000 0.0000
13        M:cfengine_in
31        155 1.0000 0.9100 0.3000 0.0000
9         M:loadavg
31        155 0.2126 0.1705 0.1909 0.0000
10        M:diskfree
34        155 60.5000 55.0550 18.2248 0.0000
12        M:otherprocs
33        155 26.0000 23.6600 7.8000 0.0000
11        M:rootprocs
36        155 113.5000 103.3900 33.7037 0.0000
7         M:users
31        155 8.0000 7.2800 2.4000 0.0000
# send QUERY complete successful
