# delta from 1679684178 to 1679684239 at 1679684239
22        CFR: 0 1679684238 2041
3         PRD
56        DBReportCollectAll,0.070065,0.332345,0.283736,1679684179
60        Packing reports: delta,0.039890,0.108506,0.079800,1679684179
83        Sample(/proc/sys/kernel/random/entropy_avail),0.005179,0.002682,0.002350,1679684219
3         EXS
16        f,287,1679684006
3         MOM
15        M:entropy_avail
35        1379 17.0000 11.9000 14.2232 0.0000
12        M:mem_cached
38        1379 3400.5664 2380.3965 0.0000 0.0000
10        M:mem_free
39        1379 11564.2578 8094.9805 0.0000 0.0000
11        M:mem_total
40        1379 15817.1836 11072.0285 0.0000 0.0000
16        M:io_writtendata
32        1379 0.1982 0.1388 0.1659 0.0000
11        M:io_writes
34        1379 14.0000 9.8000 11.7132 0.0000
13        M:postgres_in
32        1379 1.0000 0.7000 0.8367 0.0000
6         M:cpu3
32        1379 0.4802 0.3362 0.4018 0.0000
6         M:cpu2
32        1379 0.5941 0.4159 0.4971 0.0000
6         M:cpu1
32        1379 0.3866 0.2706 0.3235 0.0000
6         M:cpu0
32        1379 0.5268 0.3687 0.4407 0.0000
5         M:cpu
32        1379 0.4969 0.3478 0.4157 0.0000
8         M:syslog
38        1379 145.0000 101.5000 121.3157 0.0000
8         M:ssh_in
32        1379 2.0000 1.4000 1.6733 0.0000
8         M:www_in
32        1379 1.0000 0.7000 0.8367 0.0000
14        M:cfengine_out
32        1379 5.0000 3.5000 4.1833 0.0000
13        M:cfengine_in
32        1379 1.0000 0.7000 0.8367 0.0000
9         M:loadavg
32        1379 0.0210 0.0147 0.0176 0.0000
10        M:diskfree
35        1379 54.0000 37.8000 45.1796 0.0000
12        M:otherprocs
35        1379 26.0000 18.2000 21.7532 0.0000
11        M:rootprocs
36        1379 114.0000 79.8000 95.3792 0.0000
7         M:users
32        1379 8.0000 5.6000 6.6933 0.0000
3         MOY
15        M:entropy_avail
36        155 323.0000 297.6050 79.9482 0.0000
12        M:mem_cached
39        155 2526.1133 2298.4965 696.2697 0.0000
16        M:io_writtendata
31        155 0.2939 0.2241 0.2132 0.0000
11        M:io_writes
34        155 16.0000 12.2500 11.5973 0.0000
13        M:postgres_in
31        155 1.0000 0.9100 0.3000 0.0000
6         M:cpu3
31        155 9.2585 6.6064 9.9586 0.0000
6         M:cpu2
31        155 1.2023 0.9735 0.7040 0.0000
6         M:cpu1
33        155 11.0003 7.8207 12.0038 0.0000
6         M:cpu0
31        155 5.6586 4.0823 5.7035 0.0000
5         M:cpu
31        155 8.5900 6.1378 9.1662 0.0000
8         M:syslog
38        155 1068.5000 778.2950 812.0638 0.0000
8         M:ssh_in
31        155 2.0000 1.8200 0.6000 0.0000
8         M:www_in
31        155 1.0000 0.9100 0.3000 0.0000
14        M:cfengine_out
31        155 5.0000 4.5500 1.5000 0.0000
13        M:cfengine_in
31        155 1.0000 0.9100 0.3000 0.0000
9         M:loadavg
31        155 0.2126 0.1705 0.1909 0.0000
10        M:diskfree
34        155 60.5000 55.0550 18.2248 0.0000
12        M:otherprocs
33        155 26.0000 23.6600 7.8000 0.0000
11        M:rootprocs
36        155 113.5000 103.3900 33.7037 0.0000
7         M:users
31        155 8.0000 7.2800 2.4000 0.0000
# send QUERY complete successful
