# delta from 1679701818 to 1679701879 at 1679701879
22        CFR: 0 1679701878 1966
3         PRD
56        DBReportCollectAll,0.060913,0.333739,0.280462,1679701819
60        Packing reports: delta,0.052026,0.138082,0.121912,1679701819
3         EXS
16        f,278,1679701689
3         MOM
15        M:entropy_avail
38        1438 145.0000 101.5000 121.3157 0.0000
12        M:mem_cached
38        1438 3555.6250 2488.9375 0.0000 0.0000
10        M:mem_free
39        1438 11365.7227 7956.0059 0.0000 0.0000
11        M:mem_total
40        1438 15817.1836 11072.0285 0.0000 0.0000
16        M:io_writtendata
32        1438 0.2100 0.1470 0.1757 0.0000
11        M:io_writes
33        1438 10.0000 7.0000 8.3666 0.0000
13        M:postgres_in
32        1438 1.0000 0.7000 0.8367 0.0000
6         M:cpu3
32        1438 0.8141 0.5699 0.6811 0.0000
6         M:cpu2
32        1438 3.0339 2.1238 2.5384 0.0000
6         M:cpu1
32        1438 1.0161 0.7113 0.8501 0.0000
6         M:cpu0
35        1438 23.7940 16.6558 19.9075 0.0000
5         M:cpu
32        1438 7.1695 5.0187 5.9985 0.0000
8         M:syslog
41        1438 1630.0000 1141.0000 1363.7558 0.0000
8         M:ssh_in
32        1438 3.0000 2.1000 2.5100 0.0000
8         M:www_in
32        1438 1.0000 0.7000 0.8367 0.0000
14        M:cfengine_out
32        1438 5.0000 3.5000 4.1833 0.0000
13        M:cfengine_in
32        1438 1.0000 0.7000 0.8367 0.0000
9         M:loadavg
32        1438 0.1230 0.0861 0.1029 0.0000
10        M:diskfree
35        1438 52.0000 36.4000 43.5063 0.0000
12        M:otherprocs
35        1438 27.0000 18.9000 22.5898 0.0000
11        M:rootprocs
36        1438 115.0000 80.5000 96.2159 0.0000
7         M:users
32        1438 9.0000 6.3000 7.5299 0.0000
3         MOY
15        M:entropy_avail
36        155 323.0000 297.6050 79.9482 0.0000
12        M:mem_cached
39        155 2526.1133 2298.4965 696.2697 0.0000
16        M:io_writtendata
31        155 0.2939 0.2241 0.2132 0.0000
11        M:io_writes
34        155 16.0000 12.2500 11.5973 0.0000
13        M:postgres_in
31        155 1.0000 0.9100 0.3000 0.0000
6         M:cpu3
31        155 9.2585 6.6064 9.9586 0.0000
6         M:cpu2
31        155 1.2023 0.9735 0.7040 0.0000
6         M:cpu1
33        155 11.0003 7.8207 12.0038 0.0000
6         M:cpu0
31        155 5.6586 4.0823 5.7035 0.0000
5         M:cpu
31        155 8.5900 6.1378 9.1662 0.0000
8         M:syslog
38        155 1068.5000 778.2950 812.0638 0.0000
8         M:ssh_in
31        155 2.0000 1.8200 0.6000 0.0000
8         M:www_in
31        155 1.0000 0.9100 0.3000 0.0000
14        M:cfengine_out
31        155 5.0000 4.5500 1.5000 0.0000
13        M:cfengine_in
31        155 1.0000 0.9100 0.3000 0.0000
9         M:loadavg
31        155 0.2126 0.1705 0.1909 0.0000
10        M:diskfree
34        155 60.5000 55.0550 18.2248 0.0000
12        M:otherprocs
33        155 26.0000 23.6600 7.8000 0.0000
11        M:rootprocs
36        155 113.5000 103.3900 33.7037 0.0000
7         M:users
31        155 8.0000 7.2800 2.4000 0.0000
# send QUERY complete successful
