# delta from 1679754863 to 1679754924 at 1679754924
22        CFR: 0 1679754923 1977
3         PRD
56        DBReportCollectAll,0.036225,0.346564,0.361632,1679754864
60        Packing reports: delta,0.039209,0.153732,0.162450,1679754864
3         EXS
16        f,287,1679754798
3         MOM
15        M:entropy_avail
36        1614 98.0000 111.2300 44.1000 0.0000
12        M:mem_cached
41        1614 4034.1172 3670.5462 1013.9509 0.0000
10        M:mem_free
39        1614 10800.0742 9831.1798 0.0000 0.0000
11        M:mem_total
40        1614 15817.1836 14393.6371 0.0000 0.0000
16        M:io_writtendata
32        1614 0.2373 0.1868 0.1479 0.0000
11        M:io_writes
34        1614 14.0000 10.6400 9.5482 0.0000
13        M:postgres_in
32        1614 1.0000 0.9100 0.3000 0.0000
6         M:cpu3
35        1614 15.0691 10.6846 12.2316 0.0000
6         M:cpu2
32        1614 5.8442 4.2507 4.4576 0.0000
6         M:cpu1
35        1614 23.6912 16.6792 19.5566 0.0000
6         M:cpu0
35        1614 18.9328 13.4197 15.3797 0.0000
5         M:cpu
35        1614 15.8932 11.2641 12.9136 0.0000
8         M:syslog
41        1614 1434.0000 1034.2500 1116.8279 0.0000
8         M:ssh_in
32        1614 2.0000 1.8200 0.6000 0.0000
8         M:www_in
32        1614 1.0000 0.9100 0.3000 0.0000
14        M:cfengine_out
32        1614 5.0000 4.5500 1.5000 0.0000
13        M:cfengine_in
32        1614 1.0000 0.9100 0.3000 0.0000
9         M:loadavg
32        1614 0.3779 0.2739 0.2909 0.0000
10        M:diskfree
35        1614 47.0000 42.7700 14.1000 0.0000
12        M:otherprocs
34        1614 26.0000 23.6600 7.8000 0.0000
11        M:rootprocs
37        1614 114.0000 103.7400 34.2000 0.0000
7         M:users
32        1614 8.0000 7.2800 2.4000 0.0000
3         MOY
15        M:entropy_avail
36        155 323.0000 297.6050 79.9482 0.0000
12        M:mem_cached
39        155 2526.1133 2298.4965 696.2697 0.0000
16        M:io_writtendata
31        155 0.2939 0.2241 0.2132 0.0000
11        M:io_writes
34        155 16.0000 12.2500 11.5973 0.0000
13        M:postgres_in
31        155 1.0000 0.9100 0.3000 0.0000
6         M:cpu3
31        155 9.2585 6.6064 9.9586 0.0000
6         M:cpu2
31        155 1.2023 0.9735 0.7040 0.0000
6         M:cpu1
33        155 11.0003 7.8207 12.0038 0.0000
6         M:cpu0
31        155 5.6586 4.0823 5.7035 0.0000
5         M:cpu
31        155 8.5900 6.1378 9.1662 0.0000
8         M:syslog
38        155 1068.5000 778.2950 812.0638 0.0000
8         M:ssh_in
31        155 2.0000 1.8200 0.6000 0.0000
8         M:www_in
31        155 1.0000 0.9100 0.3000 0.0000
14        M:cfengine_out
31        155 5.0000 4.5500 1.5000 0.0000
13        M:cfengine_in
31        155 1.0000 0.9100 0.3000 0.0000
9         M:loadavg
31        155 0.2126 0.1705 0.1909 0.0000
10        M:diskfree
34        155 60.5000 55.0550 18.2248 0.0000
12        M:otherprocs
33        155 26.0000 23.6600 7.8000 0.0000
11        M:rootprocs
36        155 113.5000 103.3900 33.7037 0.0000
7         M:users
31        155 8.0000 7.2800 2.4000 0.0000
# send QUERY complete successful
