# delta from 1679676678 to 1679676739 at 1679676739
22        CFR: 0 1679676738 2144
3         PRD
108       CFEngine Execution (policy filename: '/var/cfengine/inputs/update.cf'),0.136718,0.922729,0.809936,1679676731
56        DBReportCollectAll,0.070632,0.350095,0.319281,1679676679
60        Packing reports: delta,0.052503,0.203114,0.195327,1679676679
83        Sample(/proc/sys/kernel/random/entropy_avail),0.004598,0.002114,0.001894,1679676705
3         EXS
16        f,277,1679676489
3         MOM
15        M:entropy_avail
32        1354 8.0000 5.6000 6.6933 0.0000
12        M:mem_cached
38        1354 3334.6445 2334.2512 0.0000 0.0000
10        M:mem_free
39        1354 11653.4961 8157.4473 0.0000 0.0000
11        M:mem_total
40        1354 15817.1836 11072.0285 0.0000 0.0000
16        M:io_writtendata
32        1354 0.0596 0.0417 0.0498 0.0000
11        M:io_writes
32        1354 4.0000 2.8000 3.3466 0.0000
13        M:postgres_in
32        1354 1.0000 0.7000 0.8367 0.0000
6         M:cpu3
32        1354 0.7689 0.5382 0.6433 0.0000
6         M:cpu2
32        1354 0.6608 0.4626 0.5529 0.0000
6         M:cpu1
32        1354 0.5336 0.3735 0.4464 0.0000
6         M:cpu0
32        1354 0.6939 0.4858 0.5806 0.0000
5         M:cpu
32        1354 0.6659 0.4661 0.5571 0.0000
8         M:syslog
38        1354 145.0000 101.5000 121.3157 0.0000
8         M:ssh_in
32        1354 2.0000 1.4000 1.6733 0.0000
8         M:www_in
32        1354 1.0000 0.7000 0.8367 0.0000
14        M:cfengine_out
32        1354 5.0000 3.5000 4.1833 0.0000
13        M:cfengine_in
32        1354 1.0000 0.7000 0.8367 0.0000
9         M:loadavg
32        1354 0.0186 0.0130 0.0155 0.0000
10        M:diskfree
35        1354 55.0000 38.5000 46.0163 0.0000
12        M:otherprocs
35        1354 26.0000 18.2000 21.7532 0.0000
11        M:rootprocs
36        1354 114.0000 79.8000 95.3792 0.0000
7         M:users
32        1354 8.0000 5.6000 6.6933 0.0000
3         MOY
15        M:entropy_avail
36        155 326.0000 300.0200 82.1068 0.0000
12        M:mem_cached
39        155 2518.4746 2291.5080 694.0815 0.0000
16        M:io_writtendata
31        155 0.2979 0.2256 0.2212 0.0000
11        M:io_writes
34        155 15.0000 11.3400 11.1825 0.0000
13        M:postgres_in
31        155 1.0000 0.9100 0.3000 0.0000
6         M:cpu3
31        155 1.6576 1.2887 1.1079 0.0000
6         M:cpu2
31        155 8.8769 6.3252 9.5975 0.0000
6         M:cpu1
31        155 4.0748 2.9834 3.8038 0.0000
6         M:cpu0
31        155 9.0086 6.4323 9.6344 0.0000
5         M:cpu
31        155 8.6523 6.1804 9.2437 0.0000
8         M:syslog
40        155 1432.0000 1032.7450 2103.9943 0.0000
8         M:ssh_in
31        155 2.0000 1.8200 0.6000 0.0000
8         M:www_in
31        155 1.0000 0.9100 0.3000 0.0000
14        M:cfengine_out
31        155 5.0000 4.5500 1.5000 0.0000
13        M:cfengine_in
31        155 1.0000 0.9100 0.3000 0.0000
9         M:loadavg
31        155 0.2974 0.2359 0.2689 0.0000
10        M:diskfree
34        155 60.5000 55.0550 18.2248 0.0000
12        M:otherprocs
33        155 26.0000 23.6600 7.8000 0.0000
11        M:rootprocs
36        155 114.0000 103.8450 33.8518 0.0000
7         M:users
31        155 8.0000 7.2800 2.4000 0.0000
# send QUERY complete successful
