# delta from 1679694558 to 1679694620 at 1679694620
22        CFR: 0 1679694619 2094
3         PRD
56        DBReportCollectAll,0.050984,0.312220,0.297914,1679694559
60        Packing reports: delta,0.027547,0.075886,0.062201,1679694559
83        Sample(/proc/sys/kernel/random/entropy_avail),0.005609,0.003146,0.002311,1679694588
3         EXS
16        f,288,1679694507
3         MOM
15        M:entropy_avail
37        1413 144.0000 108.9900 99.2604 0.0000
12        M:mem_cached
40        1413 3492.7344 3177.8575 878.1495 0.0000
10        M:mem_free
40        1413 11443.3789 10404.6286 0.0000 0.0000
11        M:mem_total
40        1413 15817.1836 14393.6371 0.0000 0.0000
16        M:io_writtendata
32        1413 0.2334 0.1783 0.1570 0.0000
11        M:io_writes
33        1413 12.0000 9.6600 7.0815 0.0000
13        M:postgres_in
32        1413 1.0000 0.9100 0.3000 0.0000
6         M:cpu3
35        1413 17.5599 12.5988 13.8521 0.0000
6         M:cpu2
32        1413 1.5585 1.5475 0.0368 0.0000
6         M:cpu1
35        1413 28.3659 21.8060 18.7830 0.0000
6         M:cpu0
32        1413 1.8464 2.0253 0.5963 0.0000
5         M:cpu
33        1413 12.3524 9.5081 8.1522 0.0000
8         M:syslog
39        1413 1157.0000 875.4200 798.1987 0.0000
9         M:ssh_out
32        1413 0.0000 1.0500 3.7182 0.0000
8         M:ssh_in
32        1413 2.0000 1.8200 0.6000 0.0000
8         M:www_in
32        1413 1.0000 0.9100 0.3000 0.0000
14        M:cfengine_out
32        1413 5.0000 4.7600 0.8000 0.0000
13        M:cfengine_in
32        1413 1.0000 0.9100 0.3000 0.0000
9         M:loadavg
32        1413 0.2290 0.2660 0.1234 0.0000
10        M:diskfree
35        1413 53.0000 48.2300 15.9000 0.0000
12        M:otherprocs
34        1413 26.0000 23.6600 7.8000 0.0000
11        M:rootprocs
37        1413 114.0000 104.5800 31.4000 0.0000
7         M:users
32        1413 8.0000 7.2800 2.4000 0.0000
3         MOY
15        M:entropy_avail
36        155 323.0000 297.6050 79.9482 0.0000
12        M:mem_cached
39        155 2526.1133 2298.4965 696.2697 0.0000
16        M:io_writtendata
31        155 0.2939 0.2241 0.2132 0.0000
11        M:io_writes
34        155 16.0000 12.2500 11.5973 0.0000
13        M:postgres_in
31        155 1.0000 0.9100 0.3000 0.0000
6         M:cpu3
31        155 9.2585 6.6064 9.9586 0.0000
6         M:cpu2
31        155 1.2023 0.9735 0.7040 0.0000
6         M:cpu1
33        155 11.0003 7.8207 12.0038 0.0000
6         M:cpu0
31        155 5.6586 4.0823 5.7035 0.0000
5         M:cpu
31        155 8.5900 6.1378 9.1662 0.0000
8         M:syslog
38        155 1068.5000 778.2950 812.0638 0.0000
8         M:ssh_in
31        155 2.0000 1.8200 0.6000 0.0000
8         M:www_in
31        155 1.0000 0.9100 0.3000 0.0000
14        M:cfengine_out
31        155 5.0000 4.5500 1.5000 0.0000
13        M:cfengine_in
31        155 1.0000 0.9100 0.3000 0.0000
9         M:loadavg
31        155 0.2126 0.1705 0.1909 0.0000
10        M:diskfree
34        155 60.5000 55.0550 18.2248 0.0000
12        M:otherprocs
33        155 26.0000 23.6600 7.8000 0.0000
11        M:rootprocs
36        155 113.5000 103.3900 33.7037 0.0000
7         M:users
31        155 8.0000 7.2800 2.4000 0.0000
# send QUERY complete successful
