# delta from 1679741358 to 1679741419 at 1679741419
22        CFR: 0 1679741418 1969
3         PRD
56        DBReportCollectAll,0.054931,0.363721,0.341457,1679741359
60        Packing reports: delta,0.059562,0.178939,0.148880,1679741359
3         EXS
16        f,289,1679741316
3         MOM
15        M:entropy_avail
36        1569 99.0000 109.6200 35.4000 0.0000
12        M:mem_cached
40        1569 3910.2461 3557.8867 982.6833 0.0000
10        M:mem_free
39        1569 10934.8906 9954.0703 0.0000 0.0000
11        M:mem_total
40        1569 15817.1836 14393.6371 0.0000 0.0000
16        M:io_writtendata
32        1569 0.1924 0.1763 0.0536 0.0000
11        M:io_writes
34        1569 12.0000 10.5000 5.0000 0.0000
13        M:postgres_in
32        1569 1.0000 0.9100 0.3000 0.0000
6         M:cpu3
32        1569 1.8414 1.5412 1.0020 0.0000
6         M:cpu2
32        1569 7.2775 6.2809 3.3218 0.0000
6         M:cpu1
32        1569 5.8910 4.3172 4.4093 0.0000
6         M:cpu0
35        1569 49.3874 36.3312 36.6140 0.0000
5         M:cpu
35        1569 16.0945 12.1155 11.2507 0.0000
8         M:syslog
40        1569 1320.0000 1163.4000 522.0000 0.0000
8         M:ssh_in
32        1569 2.0000 1.8200 0.6000 0.0000
8         M:www_in
32        1569 1.0000 0.9100 0.3000 0.0000
14        M:cfengine_out
32        1569 5.0000 4.5500 1.5000 0.0000
13        M:cfengine_in
32        1569 1.0000 0.9100 0.3000 0.0000
9         M:loadavg
32        1569 0.7837 0.5668 0.6061 0.0000
10        M:diskfree
35        1569 48.0000 43.6800 14.4000 0.0000
12        M:otherprocs
34        1569 26.0000 23.6600 7.8000 0.0000
11        M:rootprocs
37        1569 116.0000 105.3500 35.5000 0.0000
7         M:users
32        1569 8.0000 7.2800 2.4000 0.0000
3         MOY
15        M:entropy_avail
36        155 323.0000 297.6050 79.9482 0.0000
12        M:mem_cached
39        155 2526.1133 2298.4965 696.2697 0.0000
16        M:io_writtendata
31        155 0.2939 0.2241 0.2132 0.0000
11        M:io_writes
34        155 16.0000 12.2500 11.5973 0.0000
13        M:postgres_in
31        155 1.0000 0.9100 0.3000 0.0000
6         M:cpu3
31        155 9.2585 6.6064 9.9586 0.0000
6         M:cpu2
31        155 1.2023 0.9735 0.7040 0.0000
6         M:cpu1
33        155 11.0003 7.8207 12.0038 0.0000
6         M:cpu0
31        155 5.6586 4.0823 5.7035 0.0000
5         M:cpu
31        155 8.5900 6.1378 9.1662 0.0000
8         M:syslog
38        155 1068.5000 778.2950 812.0638 0.0000
8         M:ssh_in
31        155 2.0000 1.8200 0.6000 0.0000
8         M:www_in
31        155 1.0000 0.9100 0.3000 0.0000
14        M:cfengine_out
31        155 5.0000 4.5500 1.5000 0.0000
13        M:cfengine_in
31        155 1.0000 0.9100 0.3000 0.0000
9         M:loadavg
31        155 0.2126 0.1705 0.1909 0.0000
10        M:diskfree
34        155 60.5000 55.0550 18.2248 0.0000
12        M:otherprocs
33        155 26.0000 23.6600 7.8000 0.0000
11        M:rootprocs
36        155 113.5000 103.3900 33.7037 0.0000
7         M:users
31        155 8.0000 7.2800 2.4000 0.0000
# send QUERY complete successful
