# delta from 1679714658 to 1679714719 at 1679714719
22        CFR: 0 1679714718 2003
3         PRD
56        DBReportCollectAll,0.072212,0.333963,0.320475,1679714659
60        Packing reports: delta,0.031854,0.101465,0.105639,1679714659
3         EXS
16        f,317,1679714624
3         MOM
15        M:entropy_avail
35        1480 59.0000 75.3200 54.4000 0.0000
12        M:mem_cached
40        1480 3677.6211 3346.5392 923.3432 0.0000
10        M:mem_free
40        1480 11166.6719 10176.0539 0.0000 0.0000
11        M:mem_total
40        1480 15817.1836 14393.6371 0.0000 0.0000
16        M:io_writtendata
32        1480 0.0801 0.0987 0.0621 0.0000
11        M:io_writes
32        1480 6.0000 6.3000 1.0000 0.0000
13        M:postgres_in
32        1480 1.0000 0.9100 0.3000 0.0000
6         M:cpu3
32        1480 1.3233 1.2174 0.3530 0.0000
6         M:cpu2
32        1480 9.4356 8.2025 4.1104 0.0000
6         M:cpu1
32        1480 1.2022 1.7032 1.6700 0.0000
6         M:cpu0
35        1480 17.7020 12.6244 14.1698 0.0000
5         M:cpu
32        1480 7.4189 5.9387 4.4370 0.0000
8         M:syslog
38        1480 167.0000 439.0400 906.8000 0.0000
9         M:ssh_out
32        1480 5.0000 3.5000 4.1833 0.0000
8         M:ssh_in
32        1480 2.0000 1.8200 0.6000 0.0000
8         M:www_in
32        1480 1.0000 1.1200 0.4000 0.0000
14        M:cfengine_out
32        1480 6.0000 5.2500 2.5000 0.0000
13        M:cfengine_in
32        1480 1.0000 0.9100 0.3000 0.0000
9         M:loadavg
32        1480 0.5352 0.3914 0.4025 0.0000
10        M:diskfree
35        1480 51.0000 46.4100 15.3000 0.0000
12        M:otherprocs
34        1480 26.0000 23.6600 7.8000 0.0000
11        M:rootprocs
37        1480 117.0000 106.0500 36.5000 0.0000
7         M:users
32        1480 8.0000 7.2800 2.4000 0.0000
3         MOY
15        M:entropy_avail
36        155 323.0000 297.6050 79.9482 0.0000
12        M:mem_cached
39        155 2526.1133 2298.4965 696.2697 0.0000
16        M:io_writtendata
31        155 0.2939 0.2241 0.2132 0.0000
11        M:io_writes
34        155 16.0000 12.2500 11.5973 0.0000
13        M:postgres_in
31        155 1.0000 0.9100 0.3000 0.0000
6         M:cpu3
31        155 9.2585 6.6064 9.9586 0.0000
6         M:cpu2
31        155 1.2023 0.9735 0.7040 0.0000
6         M:cpu1
33        155 11.0003 7.8207 12.0038 0.0000
6         M:cpu0
31        155 5.6586 4.0823 5.7035 0.0000
5         M:cpu
31        155 8.5900 6.1378 9.1662 0.0000
8         M:syslog
38        155 1068.5000 778.2950 812.0638 0.0000
8         M:ssh_in
31        155 2.0000 1.8200 0.6000 0.0000
8         M:www_in
31        155 1.0000 0.9100 0.3000 0.0000
14        M:cfengine_out
31        155 5.0000 4.5500 1.5000 0.0000
13        M:cfengine_in
31        155 1.0000 0.9100 0.3000 0.0000
9         M:loadavg
31        155 0.2126 0.1705 0.1909 0.0000
10        M:diskfree
34        155 60.5000 55.0550 18.2248 0.0000
12        M:otherprocs
33        155 26.0000 23.6600 7.8000 0.0000
11        M:rootprocs
36        155 113.5000 103.3900 33.7037 0.0000
7         M:users
31        155 8.0000 7.2800 2.4000 0.0000
# send QUERY complete successful
