# delta from 1679749998 to 1679750059 at 1679750059
22        CFR: 0 1679750058 2058
3         PRD
56        DBReportCollectAll,0.168802,0.402681,0.614446,1679749999
60        Packing reports: delta,0.041464,0.125340,0.151672,1679749999
83        Sample(/proc/sys/kernel/random/entropy_avail),0.004715,0.002223,0.002504,1679750036
3         EXS
16        f,278,1679749989
3         MOM
15        M:entropy_avail
37        1598 101.0000 117.5300 55.1000 0.0000
12        M:mem_cached
41        1598 3984.7812 3625.6497 1001.5700 0.0000
10        M:mem_free
39        1598 10858.8164 9884.9010 0.0000 0.0000
11        M:mem_total
40        1598 15817.1836 14393.6371 0.0000 0.0000
16        M:io_writtendata
32        1598 0.3154 0.2827 0.1090 0.0000
11        M:io_writes
34        1598 18.0000 16.3800 5.4000 0.0000
13        M:postgres_in
32        1598 1.0000 0.9100 0.3000 0.0000
6         M:cpu3
32        1598 1.2720 0.9871 0.8221 0.0000
6         M:cpu2
35        1598 17.0605 12.0783 13.8978 0.0000
6         M:cpu1
32        1598 3.5427 2.6243 2.5807 0.0000
6         M:cpu0
35        1598 41.6683 29.3191 34.4421 0.0000
5         M:cpu
35        1598 15.8965 11.2596 12.9348 0.0000
8         M:syslog
41        1598 1798.0000 1289.0500 1420.9482 0.0000
8         M:ssh_in
32        1598 2.0000 1.8200 0.6000 0.0000
8         M:www_in
32        1598 1.0000 0.9100 0.3000 0.0000
14        M:cfengine_out
32        1598 5.0000 4.5500 1.5000 0.0000
13        M:cfengine_in
32        1598 1.0000 0.9100 0.3000 0.0000
9         M:loadavg
32        1598 0.4067 0.2989 0.3024 0.0000
10        M:diskfree
35        1598 48.0000 43.6800 14.4000 0.0000
12        M:otherprocs
34        1598 26.0000 23.6600 7.8000 0.0000
11        M:rootprocs
37        1598 114.0000 104.1600 32.8000 0.0000
7         M:users
32        1598 8.0000 7.2800 2.4000 0.0000
3         MOY
15        M:entropy_avail
36        155 323.0000 297.6050 79.9482 0.0000
12        M:mem_cached
39        155 2526.1133 2298.4965 696.2697 0.0000
16        M:io_writtendata
31        155 0.2939 0.2241 0.2132 0.0000
11        M:io_writes
34        155 16.0000 12.2500 11.5973 0.0000
13        M:postgres_in
31        155 1.0000 0.9100 0.3000 0.0000
6         M:cpu3
31        155 9.2585 6.6064 9.9586 0.0000
6         M:cpu2
31        155 1.2023 0.9735 0.7040 0.0000
6         M:cpu1
33        155 11.0003 7.8207 12.0038 0.0000
6         M:cpu0
31        155 5.6586 4.0823 5.7035 0.0000
5         M:cpu
31        155 8.5900 6.1378 9.1662 0.0000
8         M:syslog
38        155 1068.5000 778.2950 812.0638 0.0000
8         M:ssh_in
31        155 2.0000 1.8200 0.6000 0.0000
8         M:www_in
31        155 1.0000 0.9100 0.3000 0.0000
14        M:cfengine_out
31        155 5.0000 4.5500 1.5000 0.0000
13        M:cfengine_in
31        155 1.0000 0.9100 0.3000 0.0000
9         M:loadavg
31        155 0.2126 0.1705 0.1909 0.0000
10        M:diskfree
34        155 60.5000 55.0550 18.2248 0.0000
12        M:otherprocs
33        155 26.0000 23.6600 7.8000 0.0000
11        M:rootprocs
36        155 113.5000 103.3900 33.7037 0.0000
7         M:users
31        155 8.0000 7.2800 2.4000 0.0000
# send QUERY complete successful
