# delta from 1679699958 to 1679700019 at 1679700019
22        CFR: 0 1679700018 2094
3         PRD
56        DBReportCollectAll,0.054366,0.316358,0.348165,1679699959
60        Packing reports: delta,0.032906,0.108279,0.100649,1679699959
83        Sample(/proc/sys/kernel/random/entropy_avail),0.005035,0.002535,0.002701,1679699997
3         EXS
16        f,317,1679699923
3         MOM
15        M:entropy_avail
37        1431 142.0000 107.8000 97.1247 0.0000
12        M:mem_cached
40        1431 3539.6641 3220.5677 889.9174 0.0000
10        M:mem_free
40        1431 11394.2305 10358.7813 0.0000 0.0000
11        M:mem_total
40        1431 15817.1836 14393.6371 0.0000 0.0000
16        M:io_writtendata
32        1431 0.2314 0.1778 0.1535 0.0000
11        M:io_writes
33        1431 12.0000 9.2400 7.9125 0.0000
13        M:postgres_in
32        1431 1.0000 0.9100 0.3000 0.0000
6         M:cpu3
35        1431 29.4408 21.0204 23.5006 0.0000
6         M:cpu2
32        1431 2.8946 3.2584 1.2126 0.0000
6         M:cpu1
35        1431 17.5060 12.9962 12.6809 0.0000
6         M:cpu0
32        1431 3.4865 2.6842 2.2999 0.0000
5         M:cpu
33        1431 13.3418 9.9960 9.4403 0.0000
8         M:syslog
39        1431 1149.0000 891.8700 742.1260 0.0000
9         M:ssh_out
32        1431 0.0000 1.0500 3.7182 0.0000
8         M:ssh_in
32        1431 2.0000 1.8200 0.6000 0.0000
8         M:www_in
32        1431 1.0000 0.9100 0.3000 0.0000
14        M:cfengine_out
32        1431 5.0000 4.7600 0.8000 0.0000
13        M:cfengine_in
32        1431 1.0000 0.9100 0.3000 0.0000
9         M:loadavg
32        1431 0.2231 0.2092 0.0464 0.0000
10        M:diskfree
35        1431 52.0000 47.3200 15.6000 0.0000
12        M:otherprocs
34        1431 26.0000 23.6600 7.8000 0.0000
11        M:rootprocs
37        1431 114.0000 104.1600 32.8000 0.0000
7         M:users
32        1431 8.0000 7.2800 2.4000 0.0000
3         MOY
15        M:entropy_avail
36        155 323.0000 297.6050 79.9482 0.0000
12        M:mem_cached
39        155 2526.1133 2298.4965 696.2697 0.0000
16        M:io_writtendata
31        155 0.2939 0.2241 0.2132 0.0000
11        M:io_writes
34        155 16.0000 12.2500 11.5973 0.0000
13        M:postgres_in
31        155 1.0000 0.9100 0.3000 0.0000
6         M:cpu3
31        155 9.2585 6.6064 9.9586 0.0000
6         M:cpu2
31        155 1.2023 0.9735 0.7040 0.0000
6         M:cpu1
33        155 11.0003 7.8207 12.0038 0.0000
6         M:cpu0
31        155 5.6586 4.0823 5.7035 0.0000
5         M:cpu
31        155 8.5900 6.1378 9.1662 0.0000
8         M:syslog
38        155 1068.5000 778.2950 812.0638 0.0000
8         M:ssh_in
31        155 2.0000 1.8200 0.6000 0.0000
8         M:www_in
31        155 1.0000 0.9100 0.3000 0.0000
14        M:cfengine_out
31        155 5.0000 4.5500 1.5000 0.0000
13        M:cfengine_in
31        155 1.0000 0.9100 0.3000 0.0000
9         M:loadavg
31        155 0.2126 0.1705 0.1909 0.0000
10        M:diskfree
34        155 60.5000 55.0550 18.2248 0.0000
12        M:otherprocs
33        155 26.0000 23.6600 7.8000 0.0000
11        M:rootprocs
36        155 113.5000 103.3900 33.7037 0.0000
7         M:users
31        155 8.0000 7.2800 2.4000 0.0000
# send QUERY complete successful
