# delta from 1679745618 to 1679745679 at 1679745679
22        CFR: 0 1679745678 2044
3         PRD
56        DBReportCollectAll,0.049402,0.321547,0.280333,1679745619
60        Packing reports: delta,0.029292,0.085800,0.076338,1679745619
83        Sample(/proc/sys/kernel/random/entropy_avail),0.004782,0.002287,0.002205,1679745678
3         EXS
16        f,288,1679745516
3         MOM
15        M:entropy_avail
38        1584 209.0000 146.3000 174.8619 0.0000
12        M:mem_cached
38        1584 3946.3438 2762.4406 0.0000 0.0000
10        M:mem_free
39        1584 10909.7891 7636.8523 0.0000 0.0000
11        M:mem_total
40        1584 15817.1836 11072.0285 0.0000 0.0000
16        M:io_writtendata
32        1584 1.3281 0.9297 1.1112 0.0000
11        M:io_writes
34        1584 12.0000 8.4000 10.0399 0.0000
13        M:postgres_in
32        1584 1.0000 0.7000 0.8367 0.0000
6         M:cpu3
32        1584 0.5272 0.3690 0.4411 0.0000
6         M:cpu2
32        1584 0.5480 0.3836 0.4585 0.0000
6         M:cpu1
32        1584 0.6205 0.4343 0.5191 0.0000
6         M:cpu0
32        1584 0.4203 0.2942 0.3516 0.0000
5         M:cpu
32        1584 0.5257 0.3680 0.4398 0.0000
8         M:syslog
38        1584 145.0000 101.5000 121.3157 0.0000
8         M:ssh_in
32        1584 2.0000 1.4000 1.6733 0.0000
8         M:www_in
32        1584 1.0000 0.7000 0.8367 0.0000
14        M:cfengine_out
32        1584 5.0000 3.5000 4.1833 0.0000
13        M:cfengine_in
32        1584 1.0000 0.7000 0.8367 0.0000
9         M:loadavg
32        1584 0.1328 0.0930 0.1111 0.0000
10        M:diskfree
35        1584 48.0000 33.6000 40.1597 0.0000
12        M:otherprocs
35        1584 26.0000 18.2000 21.7532 0.0000
11        M:rootprocs
36        1584 116.0000 81.2000 97.0526 0.0000
7         M:users
32        1584 8.0000 5.6000 6.6933 0.0000
3         MOY
15        M:entropy_avail
36        155 323.0000 297.6050 79.9482 0.0000
12        M:mem_cached
39        155 2526.1133 2298.4965 696.2697 0.0000
16        M:io_writtendata
31        155 0.2939 0.2241 0.2132 0.0000
11        M:io_writes
34        155 16.0000 12.2500 11.5973 0.0000
13        M:postgres_in
31        155 1.0000 0.9100 0.3000 0.0000
6         M:cpu3
31        155 9.2585 6.6064 9.9586 0.0000
6         M:cpu2
31        155 1.2023 0.9735 0.7040 0.0000
6         M:cpu1
33        155 11.0003 7.8207 12.0038 0.0000
6         M:cpu0
31        155 5.6586 4.0823 5.7035 0.0000
5         M:cpu
31        155 8.5900 6.1378 9.1662 0.0000
8         M:syslog
38        155 1068.5000 778.2950 812.0638 0.0000
8         M:ssh_in
31        155 2.0000 1.8200 0.6000 0.0000
8         M:www_in
31        155 1.0000 0.9100 0.3000 0.0000
14        M:cfengine_out
31        155 5.0000 4.5500 1.5000 0.0000
13        M:cfengine_in
31        155 1.0000 0.9100 0.3000 0.0000
9         M:loadavg
31        155 0.2126 0.1705 0.1909 0.0000
10        M:diskfree
34        155 60.5000 55.0550 18.2248 0.0000
12        M:otherprocs
33        155 26.0000 23.6600 7.8000 0.0000
11        M:rootprocs
36        155 113.5000 103.3900 33.7037 0.0000
7         M:users
31        155 8.0000 7.2800 2.4000 0.0000
# send QUERY complete successful
