# delta from 1679682558 to 1679682619 at 1679682619
22        CFR: 0 1679682618 2054
3         PRD
56        DBReportCollectAll,0.067873,0.362344,0.361561,1679682559
60        Packing reports: delta,0.031686,0.100399,0.111906,1679682559
83        Sample(/proc/sys/kernel/random/entropy_avail),0.004994,0.002494,0.002503,1679682566
3         EXS
16        f,288,1679682515
3         MOM
15        M:entropy_avail
36        1373 127.0000 92.8900 95.5259 0.0000
12        M:mem_cached
40        1373 3387.9961 3082.5834 851.7552 0.0000
10        M:mem_free
40        1373 11580.6289 10536.8375 0.0000 0.0000
11        M:mem_total
40        1373 15817.1836 14393.6371 0.0000 0.0000
16        M:io_writtendata
32        1373 0.2949 0.2606 0.1145 0.0000
11        M:io_writes
34        1373 14.0000 13.1600 2.8000 0.0000
13        M:postgres_in
32        1373 1.0000 0.9100 0.3000 0.0000
6         M:cpu3
33        1373 11.8109 8.4034 9.5075 0.0000
6         M:cpu2
32        1373 9.8996 7.0418 7.9738 0.0000
6         M:cpu1
32        1373 2.5614 1.9359 1.7721 0.0000
6         M:cpu0
35        1373 40.0908 28.1883 33.1954 0.0000
5         M:cpu
35        1373 16.1049 11.4027 13.1169 0.0000
8         M:syslog
40        1373 1316.0000 1013.1800 868.0490 0.0000
8         M:ssh_in
32        1373 2.0000 1.8200 0.6000 0.0000
8         M:www_in
32        1373 1.0000 0.9100 0.3000 0.0000
14        M:cfengine_out
32        1373 5.0000 4.5500 1.5000 0.0000
13        M:cfengine_in
32        1373 1.0000 0.9100 0.3000 0.0000
9         M:loadavg
32        1373 0.3418 0.2522 0.2515 0.0000
10        M:diskfree
35        1373 54.0000 49.1400 16.2000 0.0000
12        M:otherprocs
34        1373 26.0000 23.6600 7.8000 0.0000
11        M:rootprocs
37        1373 115.0000 104.8600 33.8000 0.0000
7         M:users
32        1373 8.0000 7.2800 2.4000 0.0000
3         MOY
15        M:entropy_avail
36        155 323.0000 297.6050 79.9482 0.0000
12        M:mem_cached
39        155 2526.1133 2298.4965 696.2697 0.0000
16        M:io_writtendata
31        155 0.2939 0.2241 0.2132 0.0000
11        M:io_writes
34        155 16.0000 12.2500 11.5973 0.0000
13        M:postgres_in
31        155 1.0000 0.9100 0.3000 0.0000
6         M:cpu3
31        155 9.2585 6.6064 9.9586 0.0000
6         M:cpu2
31        155 1.2023 0.9735 0.7040 0.0000
6         M:cpu1
33        155 11.0003 7.8207 12.0038 0.0000
6         M:cpu0
31        155 5.6586 4.0823 5.7035 0.0000
5         M:cpu
31        155 8.5900 6.1378 9.1662 0.0000
8         M:syslog
38        155 1068.5000 778.2950 812.0638 0.0000
8         M:ssh_in
31        155 2.0000 1.8200 0.6000 0.0000
8         M:www_in
31        155 1.0000 0.9100 0.3000 0.0000
14        M:cfengine_out
31        155 5.0000 4.5500 1.5000 0.0000
13        M:cfengine_in
31        155 1.0000 0.9100 0.3000 0.0000
9         M:loadavg
31        155 0.2126 0.1705 0.1909 0.0000
10        M:diskfree
34        155 60.5000 55.0550 18.2248 0.0000
12        M:otherprocs
33        155 26.0000 23.6600 7.8000 0.0000
11        M:rootprocs
36        155 113.5000 103.3900 33.7037 0.0000
7         M:users
31        155 8.0000 7.2800 2.4000 0.0000
# send QUERY complete successful
