# delta from 1679740459 to 1679740519 at 1679740519
22        CFR: 0 1679740518 1968
3         PRD
56        DBReportCollectAll,0.076722,0.368840,0.447519,1679740460
60        Packing reports: delta,0.078006,0.193053,0.285448,1679740460
3         EXS
16        f,319,1679740432
3         MOM
15        M:entropy_avail
35        1566 88.0000 99.1900 37.3000 0.0000
12        M:mem_cached
40        1566 3901.1133 3549.8851 979.5286 0.0000
10        M:mem_free
42        1566 10817.0234 9870.8627 2638.7162 0.0000
11        M:mem_total
40        1566 15817.1836 14393.6371 0.0000 0.0000
16        M:io_writtendata
32        1566 0.0967 0.0876 0.0304 0.0000
11        M:io_writes
32        1566 6.0000 5.4600 1.8000 0.0000
13        M:postgres_in
32        1566 1.0000 0.9100 0.3000 0.0000
6         M:cpu3
35        1566 20.3578 14.3737 16.6910 0.0000
6         M:cpu2
32        1566 1.8931 1.4415 1.2849 0.0000
6         M:cpu1
35        1566 30.8031 21.6629 25.4917 0.0000
6         M:cpu0
32        1566 1.5908 1.2060 1.0919 0.0000
5         M:cpu
34        1566 13.6787 9.6829 11.1462 0.0000
8         M:syslog
37        1566 167.0000 147.3500 65.5000 0.0000
8         M:ssh_in
32        1566 2.0000 1.8200 0.6000 0.0000
8         M:www_in
32        1566 2.0000 1.6100 1.1803 0.0000
14        M:cfengine_out
32        1566 5.0000 4.5500 1.5000 0.0000
13        M:cfengine_in
32        1566 1.0000 0.9100 0.3000 0.0000
9         M:loadavg
32        1566 0.7422 0.5289 0.5953 0.0000
10        M:diskfree
35        1566 49.0000 44.5900 14.7000 0.0000
12        M:otherprocs
34        1566 26.0000 23.6600 7.8000 0.0000
11        M:rootprocs
37        1566 118.0000 106.7500 37.5000 0.0000
7         M:users
32        1566 8.0000 7.2800 2.4000 0.0000
3         MOY
15        M:entropy_avail
36        155 323.0000 297.6050 79.9482 0.0000
12        M:mem_cached
39        155 2526.1133 2298.4965 696.2697 0.0000
16        M:io_writtendata
31        155 0.2939 0.2241 0.2132 0.0000
11        M:io_writes
34        155 16.0000 12.2500 11.5973 0.0000
13        M:postgres_in
31        155 1.0000 0.9100 0.3000 0.0000
6         M:cpu3
31        155 9.2585 6.6064 9.9586 0.0000
6         M:cpu2
31        155 1.2023 0.9735 0.7040 0.0000
6         M:cpu1
33        155 11.0003 7.8207 12.0038 0.0000
6         M:cpu0
31        155 5.6586 4.0823 5.7035 0.0000
5         M:cpu
31        155 8.5900 6.1378 9.1662 0.0000
8         M:syslog
38        155 1068.5000 778.2950 812.0638 0.0000
8         M:ssh_in
31        155 2.0000 1.8200 0.6000 0.0000
8         M:www_in
31        155 1.0000 0.9100 0.3000 0.0000
14        M:cfengine_out
31        155 5.0000 4.5500 1.5000 0.0000
13        M:cfengine_in
31        155 1.0000 0.9100 0.3000 0.0000
9         M:loadavg
31        155 0.2126 0.1705 0.1909 0.0000
10        M:diskfree
34        155 60.5000 55.0550 18.2248 0.0000
12        M:otherprocs
33        155 26.0000 23.6600 7.8000 0.0000
11        M:rootprocs
36        155 113.5000 103.3900 33.7037 0.0000
7         M:users
31        155 8.0000 7.2800 2.4000 0.0000
# send QUERY complete successful
