# delta from 1679751384 to 1679751444 at 1679751444
22        CFR: 0 1679751443 2042
3         PRD
56        DBReportCollectAll,0.830948,0.353049,0.354932,1679751385
60        Packing reports: delta,0.032534,0.133978,0.125498,1679751385
83        Sample(/proc/sys/kernel/random/entropy_avail),0.004689,0.002199,0.001974,1679751388
3         EXS
16        f,288,1679751207
3         MOM
15        M:entropy_avail
38        1603 190.0000 133.0000 158.9654 0.0000
12        M:mem_cached
38        1603 4003.3047 2802.3133 0.0000 0.0000
10        M:mem_free
39        1603 10853.3086 7597.3160 0.0000 0.0000
11        M:mem_total
40        1603 15817.1836 11072.0285 0.0000 0.0000
16        M:io_writtendata
32        1603 0.0938 0.0656 0.0784 0.0000
11        M:io_writes
32        1603 4.0000 2.8000 3.3466 0.0000
13        M:postgres_in
32        1603 1.0000 0.7000 0.8367 0.0000
6         M:cpu3
32        1603 0.5609 0.3927 0.4693 0.0000
6         M:cpu2
32        1603 0.5475 0.3833 0.4581 0.0000
6         M:cpu1
32        1603 0.6204 0.4343 0.5191 0.0000
6         M:cpu0
32        1603 0.6275 0.4393 0.5250 0.0000
5         M:cpu
32        1603 0.5891 0.4124 0.4929 0.0000
8         M:syslog
38        1603 145.0000 101.5000 121.3157 0.0000
8         M:ssh_in
32        1603 2.0000 1.4000 1.6733 0.0000
8         M:www_in
32        1603 1.0000 0.7000 0.8367 0.0000
14        M:cfengine_out
32        1603 5.0000 3.5000 4.1833 0.0000
13        M:cfengine_in
32        1603 1.0000 0.7000 0.8367 0.0000
9         M:loadavg
32        1603 0.0391 0.0273 0.0327 0.0000
10        M:diskfree
35        1603 47.0000 32.9000 39.3230 0.0000
12        M:otherprocs
35        1603 26.0000 18.2000 21.7532 0.0000
11        M:rootprocs
36        1603 114.0000 79.8000 95.3792 0.0000
7         M:users
32        1603 8.0000 5.6000 6.6933 0.0000
3         MOY
15        M:entropy_avail
36        155 323.0000 297.6050 79.9482 0.0000
12        M:mem_cached
39        155 2526.1133 2298.4965 696.2697 0.0000
16        M:io_writtendata
31        155 0.2939 0.2241 0.2132 0.0000
11        M:io_writes
34        155 16.0000 12.2500 11.5973 0.0000
13        M:postgres_in
31        155 1.0000 0.9100 0.3000 0.0000
6         M:cpu3
31        155 9.2585 6.6064 9.9586 0.0000
6         M:cpu2
31        155 1.2023 0.9735 0.7040 0.0000
6         M:cpu1
33        155 11.0003 7.8207 12.0038 0.0000
6         M:cpu0
31        155 5.6586 4.0823 5.7035 0.0000
5         M:cpu
31        155 8.5900 6.1378 9.1662 0.0000
8         M:syslog
38        155 1068.5000 778.2950 812.0638 0.0000
8         M:ssh_in
31        155 2.0000 1.8200 0.6000 0.0000
8         M:www_in
31        155 1.0000 0.9100 0.3000 0.0000
14        M:cfengine_out
31        155 5.0000 4.5500 1.5000 0.0000
13        M:cfengine_in
31        155 1.0000 0.9100 0.3000 0.0000
9         M:loadavg
31        155 0.2126 0.1705 0.1909 0.0000
10        M:diskfree
34        155 60.5000 55.0550 18.2248 0.0000
12        M:otherprocs
33        155 26.0000 23.6600 7.8000 0.0000
11        M:rootprocs
36        155 113.5000 103.3900 33.7037 0.0000
7         M:users
31        155 8.0000 7.2800 2.4000 0.0000
# send QUERY complete successful
