# delta from 1679727498 to 1679727559 at 1679727559
22        CFR: 0 1679727558 1971
3         PRD
56        DBReportCollectAll,0.045665,0.317453,0.332373,1679727499
60        Packing reports: delta,0.026777,0.071699,0.073566,1679727499
3         EXS
16        f,286,1679727497
3         MOM
15        M:entropy_avail
35        1523 72.0000 91.5600 65.2000 0.0000
12        M:mem_cached
40        1523 3788.6641 3447.5990 951.1851 0.0000
10        M:mem_free
40        1523 10959.2344 10004.5821 0.0000 0.0000
11        M:mem_total
40        1523 15817.1836 14393.6371 0.0000 0.0000
16        M:io_writtendata
32        1523 0.2305 0.2671 0.1223 0.0000
11        M:io_writes
34        1523 14.0000 15.2600 4.2000 0.0000
13        M:postgres_in
32        1523 1.0000 0.9100 0.3000 0.0000
6         M:cpu3
32        1523 5.2958 4.3551 2.9804 0.0000
6         M:cpu2
32        1523 6.6680 5.5869 3.6214 0.0000
6         M:cpu1
35        1523 29.4597 22.0560 20.8838 0.0000
6         M:cpu0
35        1523 20.5378 15.8938 13.3681 0.0000
5         M:cpu
35        1523 15.4900 11.9732 10.1133 0.0000
8         M:syslog
39        1523 1126.0000 999.0400 423.2000 0.0000
8         M:ssh_in
32        1523 2.0000 1.8200 0.6000 0.0000
8         M:www_in
32        1523 1.0000 0.9100 0.3000 0.0000
14        M:cfengine_out
32        1523 5.0000 4.5500 1.5000 0.0000
13        M:cfengine_in
32        1523 1.0000 0.9100 0.3000 0.0000
9         M:loadavg
32        1523 0.7881 0.5746 0.5974 0.0000
10        M:diskfree
35        1523 50.0000 45.5000 15.0000 0.0000
12        M:otherprocs
34        1523 26.0000 23.6600 7.8000 0.0000
11        M:rootprocs
37        1523 118.0000 106.7500 37.5000 0.0000
7         M:users
32        1523 8.0000 7.2800 2.4000 0.0000
3         MOY
15        M:entropy_avail
36        155 323.0000 297.6050 79.9482 0.0000
12        M:mem_cached
39        155 2526.1133 2298.4965 696.2697 0.0000
16        M:io_writtendata
31        155 0.2939 0.2241 0.2132 0.0000
11        M:io_writes
34        155 16.0000 12.2500 11.5973 0.0000
13        M:postgres_in
31        155 1.0000 0.9100 0.3000 0.0000
6         M:cpu3
31        155 9.2585 6.6064 9.9586 0.0000
6         M:cpu2
31        155 1.2023 0.9735 0.7040 0.0000
6         M:cpu1
33        155 11.0003 7.8207 12.0038 0.0000
6         M:cpu0
31        155 5.6586 4.0823 5.7035 0.0000
5         M:cpu
31        155 8.5900 6.1378 9.1662 0.0000
8         M:syslog
38        155 1068.5000 778.2950 812.0638 0.0000
8         M:ssh_in
31        155 2.0000 1.8200 0.6000 0.0000
8         M:www_in
31        155 1.0000 0.9100 0.3000 0.0000
14        M:cfengine_out
31        155 5.0000 4.5500 1.5000 0.0000
13        M:cfengine_in
31        155 1.0000 0.9100 0.3000 0.0000
9         M:loadavg
31        155 0.2126 0.1705 0.1909 0.0000
10        M:diskfree
34        155 60.5000 55.0550 18.2248 0.0000
12        M:otherprocs
33        155 26.0000 23.6600 7.8000 0.0000
11        M:rootprocs
36        155 113.5000 103.3900 33.7037 0.0000
7         M:users
31        155 8.0000 7.2800 2.4000 0.0000
# send QUERY complete successful
