# delta from 1679743218 to 1679743279 at 1679743279
22        CFR: 0 1679743278 2044
3         PRD
56        DBReportCollectAll,0.053326,0.310232,0.262832,1679743219
60        Packing reports: delta,0.023606,0.055724,0.049565,1679743219
83        Sample(/proc/sys/kernel/random/entropy_avail),0.004744,0.002251,0.002042,1679743273
3         EXS
16        f,320,1679743140
3         MOM
15        M:entropy_avail
38        1576 184.0000 128.8000 153.9454 0.0000
12        M:mem_cached
38        1576 3925.7383 2748.0168 0.0000 0.0000
10        M:mem_free
39        1576 10938.4727 7656.9309 0.0000 0.0000
11        M:mem_total
40        1576 15817.1836 11072.0285 0.0000 0.0000
16        M:io_writtendata
32        1576 0.2246 0.1572 0.1879 0.0000
11        M:io_writes
34        1576 12.0000 8.4000 10.0399 0.0000
13        M:postgres_in
32        1576 1.0000 0.7000 0.8367 0.0000
6         M:cpu3
32        1576 0.9683 0.6778 0.8101 0.0000
6         M:cpu2
32        1576 0.8878 0.6215 0.7428 0.0000
6         M:cpu1
32        1576 8.4023 5.8816 7.0299 0.0000
6         M:cpu0
32        1576 3.1563 2.2094 2.6407 0.0000
5         M:cpu
32        1576 3.3510 2.3457 2.8036 0.0000
8         M:syslog
38        1576 813.0000 569.1000 680.2046 0.0000
8         M:ssh_in
32        1576 2.0000 1.4000 1.6733 0.0000
8         M:www_in
32        1576 5.0000 3.5000 4.1833 0.0000
14        M:cfengine_out
32        1576 5.0000 3.5000 4.1833 0.0000
13        M:cfengine_in
32        1576 1.0000 0.7000 0.8367 0.0000
9         M:loadavg
32        1576 0.1118 0.0783 0.0936 0.0000
10        M:diskfree
35        1576 48.0000 33.6000 40.1597 0.0000
12        M:otherprocs
35        1576 26.0000 18.2000 21.7532 0.0000
11        M:rootprocs
36        1576 114.0000 79.8000 95.3792 0.0000
7         M:users
32        1576 8.0000 5.6000 6.6933 0.0000
3         MOY
15        M:entropy_avail
36        155 323.0000 297.6050 79.9482 0.0000
12        M:mem_cached
39        155 2526.1133 2298.4965 696.2697 0.0000
16        M:io_writtendata
31        155 0.2939 0.2241 0.2132 0.0000
11        M:io_writes
34        155 16.0000 12.2500 11.5973 0.0000
13        M:postgres_in
31        155 1.0000 0.9100 0.3000 0.0000
6         M:cpu3
31        155 9.2585 6.6064 9.9586 0.0000
6         M:cpu2
31        155 1.2023 0.9735 0.7040 0.0000
6         M:cpu1
33        155 11.0003 7.8207 12.0038 0.0000
6         M:cpu0
31        155 5.6586 4.0823 5.7035 0.0000
5         M:cpu
31        155 8.5900 6.1378 9.1662 0.0000
8         M:syslog
38        155 1068.5000 778.2950 812.0638 0.0000
8         M:ssh_in
31        155 2.0000 1.8200 0.6000 0.0000
8         M:www_in
31        155 1.0000 0.9100 0.3000 0.0000
14        M:cfengine_out
31        155 5.0000 4.5500 1.5000 0.0000
13        M:cfengine_in
31        155 1.0000 0.9100 0.3000 0.0000
9         M:loadavg
31        155 0.2126 0.1705 0.1909 0.0000
10        M:diskfree
34        155 60.5000 55.0550 18.2248 0.0000
12        M:otherprocs
33        155 26.0000 23.6600 7.8000 0.0000
11        M:rootprocs
36        155 113.5000 103.3900 33.7037 0.0000
7         M:users
31        155 8.0000 7.2800 2.4000 0.0000
# send QUERY complete successful
