# delta from 1679759363 to 1679759424 at 1679759424
22        CFR: 0 1679759423 1975
3         PRD
56        DBReportCollectAll,0.049377,0.349419,0.380532,1679759364
60        Packing reports: delta,0.026936,0.072553,0.069626,1679759364
3         EXS
16        f,319,1679759332
3         MOM
15        M:entropy_avail
37        1629 116.0000 125.9300 33.1000 0.0000
12        M:mem_cached
41        1629 4073.4102 3706.3373 1023.7173 0.0000
10        M:mem_free
38        1629 7540.1709 7539.1306 2.9014 0.0000
11        M:mem_total
40        1629 11072.0285 11072.0285 0.0000 0.0000
16        M:io_writtendata
32        1629 0.2490 0.1887 0.1712 0.0000
11        M:io_writes
35        1629 16.0000 12.0400 11.1950 0.0000
13        M:postgres_in
32        1629 1.0000 0.9100 0.3000 0.0000
6         M:cpu3
35        1629 23.1677 16.3324 19.0644 0.0000
6         M:cpu2
32        1629 1.5990 1.2609 0.9922 0.0000
6         M:cpu1
35        1629 37.1674 26.1546 30.7149 0.0000
6         M:cpu0
32        1629 1.5517 1.2082 0.9945 0.0000
5         M:cpu
35        1629 15.8911 11.2531 12.9378 0.0000
8         M:syslog
41        1629 1555.0000 1118.9500 1217.8993 0.0000
8         M:ssh_in
32        1629 2.0000 1.8200 0.6000 0.0000
8         M:www_in
32        1629 1.0000 1.3300 1.1000 0.0000
14        M:cfengine_out
32        1629 5.0000 4.5500 1.5000 0.0000
13        M:cfengine_in
32        1629 1.0000 0.9100 0.3000 0.0000
9         M:loadavg
32        1629 0.6221 0.4412 0.5046 0.0000
10        M:diskfree
35        1629 47.0000 42.7700 14.1000 0.0000
12        M:otherprocs
34        1629 26.0000 23.6600 7.8000 0.0000
11        M:rootprocs
37        1629 114.0000 103.7400 34.2000 0.0000
7         M:users
32        1629 8.0000 7.2800 2.4000 0.0000
3         MOY
15        M:entropy_avail
36        155 323.0000 297.6050 79.9482 0.0000
12        M:mem_cached
39        155 2526.1133 2298.4965 696.2697 0.0000
16        M:io_writtendata
31        155 0.2939 0.2241 0.2132 0.0000
11        M:io_writes
34        155 16.0000 12.2500 11.5973 0.0000
13        M:postgres_in
31        155 1.0000 0.9100 0.3000 0.0000
6         M:cpu3
31        155 9.2585 6.6064 9.9586 0.0000
6         M:cpu2
31        155 1.2023 0.9735 0.7040 0.0000
6         M:cpu1
33        155 11.0003 7.8207 12.0038 0.0000
6         M:cpu0
31        155 5.6586 4.0823 5.7035 0.0000
5         M:cpu
31        155 8.5900 6.1378 9.1662 0.0000
8         M:syslog
38        155 1068.5000 778.2950 812.0638 0.0000
8         M:ssh_in
31        155 2.0000 1.8200 0.6000 0.0000
8         M:www_in
31        155 1.0000 0.9100 0.3000 0.0000
14        M:cfengine_out
31        155 5.0000 4.5500 1.5000 0.0000
13        M:cfengine_in
31        155 1.0000 0.9100 0.3000 0.0000
9         M:loadavg
31        155 0.2126 0.1705 0.1909 0.0000
10        M:diskfree
34        155 60.5000 55.0550 18.2248 0.0000
12        M:otherprocs
33        155 26.0000 23.6600 7.8000 0.0000
11        M:rootprocs
36        155 113.5000 103.3900 33.7037 0.0000
7         M:users
31        155 8.0000 7.2800 2.4000 0.0000
# send QUERY complete successful
