# delta from 1679732058 to 1679732119 at 1679732119
22        CFR: 0 1679732118 1966
3         PRD
56        DBReportCollectAll,0.046236,0.341269,0.330071,1679732059
60        Packing reports: delta,0.030155,0.090930,0.085391,1679732059
3         EXS
16        f,319,1679732032
3         MOM
15        M:entropy_avail
35        1538 75.0000 93.2400 60.8000 0.0000
12        M:mem_cached
40        1538 3828.4414 3483.6856 961.4779 0.0000
10        M:mem_free
39        1538 10954.2383 9989.8868 0.0000 0.0000
11        M:mem_total
40        1538 15817.1836 14393.6371 0.0000 0.0000
16        M:io_writtendata
32        1538 0.1650 0.1789 0.0462 0.0000
11        M:io_writes
34        1538 10.0000 11.2000 4.0000 0.0000
13        M:postgres_in
32        1538 1.0000 0.9100 0.3000 0.0000
6         M:cpu3
35        1538 24.0609 16.9435 19.8504 0.0000
6         M:cpu2
32        1538 1.3842 1.0966 0.8490 0.0000
6         M:cpu1
35        1538 17.2407 12.1960 14.0718 0.0000
6         M:cpu0
32        1538 2.2510 1.6709 1.6309 0.0000
5         M:cpu
33        1538 11.2494 7.9874 9.1006 0.0000
8         M:syslog
37        1538 167.0000 147.3500 65.5000 0.0000
8         M:ssh_in
32        1538 2.0000 1.8200 0.6000 0.0000
8         M:www_in
32        1538 1.0000 0.9100 0.3000 0.0000
14        M:cfengine_out
32        1538 5.0000 4.5500 1.5000 0.0000
13        M:cfengine_in
32        1538 1.0000 0.9100 0.3000 0.0000
9         M:loadavg
32        1538 0.6685 0.4816 0.5221 0.0000
10        M:diskfree
35        1538 49.0000 44.5900 14.7000 0.0000
12        M:otherprocs
34        1538 26.0000 23.6600 7.8000 0.0000
11        M:rootprocs
37        1538 117.0000 105.8400 37.2000 0.0000
7         M:users
32        1538 8.0000 7.2800 2.4000 0.0000
3         MOY
15        M:entropy_avail
36        155 323.0000 297.6050 79.9482 0.0000
12        M:mem_cached
39        155 2526.1133 2298.4965 696.2697 0.0000
16        M:io_writtendata
31        155 0.2939 0.2241 0.2132 0.0000
11        M:io_writes
34        155 16.0000 12.2500 11.5973 0.0000
13        M:postgres_in
31        155 1.0000 0.9100 0.3000 0.0000
6         M:cpu3
31        155 9.2585 6.6064 9.9586 0.0000
6         M:cpu2
31        155 1.2023 0.9735 0.7040 0.0000
6         M:cpu1
33        155 11.0003 7.8207 12.0038 0.0000
6         M:cpu0
31        155 5.6586 4.0823 5.7035 0.0000
5         M:cpu
31        155 8.5900 6.1378 9.1662 0.0000
8         M:syslog
38        155 1068.5000 778.2950 812.0638 0.0000
8         M:ssh_in
31        155 2.0000 1.8200 0.6000 0.0000
8         M:www_in
31        155 1.0000 0.9100 0.3000 0.0000
14        M:cfengine_out
31        155 5.0000 4.5500 1.5000 0.0000
13        M:cfengine_in
31        155 1.0000 0.9100 0.3000 0.0000
9         M:loadavg
31        155 0.2126 0.1705 0.1909 0.0000
10        M:diskfree
34        155 60.5000 55.0550 18.2248 0.0000
12        M:otherprocs
33        155 26.0000 23.6600 7.8000 0.0000
11        M:rootprocs
36        155 113.5000 103.3900 33.7037 0.0000
7         M:users
31        155 8.0000 7.2800 2.4000 0.0000
# send QUERY complete successful
