# delta from 1679669838 to 1679669899 at 1679669899
22        CFR: 0 1679669898 1953
3         PRD
56        DBReportCollectAll,0.122778,0.472594,0.525332,1679669839
60        Packing reports: delta,0.090692,0.171491,0.130948,1679669839
3         EXS
16        f,321,1679669643
3         MOM
15        M:entropy_avail
32        1331 4.0000 2.8000 3.3466 0.0000
12        M:mem_cached
38        1331 3285.7695 2300.0387 0.0000 0.0000
10        M:mem_free
39        1331 11710.2500 8197.1750 0.0000 0.0000
11        M:mem_total
40        1331 15817.1836 11072.0285 0.0000 0.0000
16        M:io_writtendata
32        1331 0.3232 0.2263 0.2704 0.0000
11        M:io_writes
35        1331 20.0000 14.0000 16.7332 0.0000
13        M:postgres_in
32        1331 1.0000 0.7000 0.8367 0.0000
6         M:cpu3
32        1331 0.7901 0.5531 0.6610 0.0000
6         M:cpu2
32        1331 1.1577 0.8104 0.9686 0.0000
6         M:cpu1
32        1331 1.5492 1.0844 1.2961 0.0000
6         M:cpu0
32        1331 1.1364 0.7955 0.9508 0.0000
5         M:cpu
32        1331 1.1549 0.8084 0.9662 0.0000
8         M:syslog
38        1331 576.0000 403.2000 481.9162 0.0000
8         M:ssh_in
32        1331 2.0000 1.4000 1.6733 0.0000
8         M:www_in
32        1331 1.0000 0.7000 0.8367 0.0000
14        M:cfengine_out
32        1331 5.0000 3.5000 4.1833 0.0000
13        M:cfengine_in
32        1331 1.0000 0.7000 0.8367 0.0000
9         M:loadavg
32        1331 0.1201 0.0841 0.1005 0.0000
10        M:diskfree
35        1331 55.0000 38.5000 46.0163 0.0000
12        M:otherprocs
35        1331 26.0000 18.2000 21.7532 0.0000
11        M:rootprocs
36        1331 115.0000 80.5000 96.2159 0.0000
7         M:users
32        1331 8.0000 5.6000 6.6933 0.0000
3         MOY
15        M:entropy_avail
36        155 423.0000 416.4300 32.5641 0.0000
12        M:mem_cached
39        155 2484.3203 2260.4222 683.7891 0.0000
16        M:io_writtendata
31        155 0.2417 0.1846 0.1679 0.0000
11        M:io_writes
32        155 13.0000 9.9400 9.0823 0.0000
13        M:postgres_in
31        155 1.0000 0.9100 0.3000 0.0000
6         M:cpu3
31        155 1.9659 1.4981 1.4496 0.0000
6         M:cpu2
31        155 6.8025 4.8838 7.1072 0.0000
6         M:cpu1
31        155 2.1684 1.6356 1.6646 0.0000
6         M:cpu0
33        155 10.6045 7.5325 11.5855 0.0000
5         M:cpu
31        155 8.6535 6.1752 9.2683 0.0000
8         M:syslog
37        155 923.0000 676.4450 700.5598 0.0000
8         M:ssh_in
31        155 2.0000 1.8200 0.6000 0.0000
8         M:www_in
31        155 1.0000 1.0150 0.3536 0.0000
14        M:cfengine_out
31        155 5.0000 4.5500 1.5000 0.0000
13        M:cfengine_in
31        155 1.0000 0.9100 0.3000 0.0000
9         M:loadavg
31        155 0.4209 0.3099 0.4592 0.0000
10        M:diskfree
34        155 61.0000 55.5100 18.3614 0.0000
12        M:otherprocs
33        155 26.0000 23.6600 7.8000 0.0000
11        M:rootprocs
36        155 116.0000 105.1400 36.2552 0.0000
7         M:users
31        155 8.0000 7.2800 2.4000 0.0000
# send QUERY complete successful
