# delta from 1679742618 to 1679742679 at 1679742679
22        CFR: 0 1679742678 2047
3         PRD
56        DBReportCollectAll,0.050192,0.317421,0.285633,1679742619
60        Packing reports: delta,0.049291,0.072248,0.063734,1679742619
83        Sample(/proc/sys/kernel/random/entropy_avail),0.004589,0.002106,0.001952,1679742672
3         EXS
16        f,320,1679742532
3         MOM
15        M:entropy_avail
38        1574 202.0000 141.4000 169.0053 0.0000
12        M:mem_cached
38        1574 3920.8867 2744.6207 0.0000 0.0000
10        M:mem_free
39        1574 10939.1328 7657.3930 0.0000 0.0000
11        M:mem_total
40        1574 15817.1836 11072.0285 0.0000 0.0000
16        M:io_writtendata
32        1574 0.4102 0.2871 0.3432 0.0000
11        M:io_writes
35        1574 26.0000 18.2000 21.7532 0.0000
13        M:postgres_in
32        1574 1.0000 0.7000 0.8367 0.0000
6         M:cpu3
32        1574 3.4658 2.4260 2.8997 0.0000
6         M:cpu2
32        1574 1.3788 0.9652 1.1536 0.0000
6         M:cpu1
32        1574 3.4485 2.4140 2.8852 0.0000
6         M:cpu0
32        1574 0.4878 0.3415 0.4081 0.0000
5         M:cpu
32        1574 2.1957 1.5370 1.8370 0.0000
8         M:syslog
40        1574 1292.0000 904.4000 1080.9648 0.0000
8         M:ssh_in
32        1574 2.0000 1.4000 1.6733 0.0000
8         M:www_in
32        1574 1.0000 0.7000 0.8367 0.0000
14        M:cfengine_out
32        1574 5.0000 3.5000 4.1833 0.0000
13        M:cfengine_in
32        1574 1.0000 0.7000 0.8367 0.0000
9         M:loadavg
32        1574 0.3428 0.2399 0.2868 0.0000
10        M:diskfree
35        1574 48.0000 33.6000 40.1597 0.0000
12        M:otherprocs
35        1574 26.0000 18.2000 21.7532 0.0000
11        M:rootprocs
36        1574 114.0000 79.8000 95.3792 0.0000
7         M:users
32        1574 8.0000 5.6000 6.6933 0.0000
3         MOY
15        M:entropy_avail
36        155 323.0000 297.6050 79.9482 0.0000
12        M:mem_cached
39        155 2526.1133 2298.4965 696.2697 0.0000
16        M:io_writtendata
31        155 0.2939 0.2241 0.2132 0.0000
11        M:io_writes
34        155 16.0000 12.2500 11.5973 0.0000
13        M:postgres_in
31        155 1.0000 0.9100 0.3000 0.0000
6         M:cpu3
31        155 9.2585 6.6064 9.9586 0.0000
6         M:cpu2
31        155 1.2023 0.9735 0.7040 0.0000
6         M:cpu1
33        155 11.0003 7.8207 12.0038 0.0000
6         M:cpu0
31        155 5.6586 4.0823 5.7035 0.0000
5         M:cpu
31        155 8.5900 6.1378 9.1662 0.0000
8         M:syslog
38        155 1068.5000 778.2950 812.0638 0.0000
8         M:ssh_in
31        155 2.0000 1.8200 0.6000 0.0000
8         M:www_in
31        155 1.0000 0.9100 0.3000 0.0000
14        M:cfengine_out
31        155 5.0000 4.5500 1.5000 0.0000
13        M:cfengine_in
31        155 1.0000 0.9100 0.3000 0.0000
9         M:loadavg
31        155 0.2126 0.1705 0.1909 0.0000
10        M:diskfree
34        155 60.5000 55.0550 18.2248 0.0000
12        M:otherprocs
33        155 26.0000 23.6600 7.8000 0.0000
11        M:rootprocs
36        155 113.5000 103.3900 33.7037 0.0000
7         M:users
31        155 8.0000 7.2800 2.4000 0.0000
# send QUERY complete successful
