# delta from 1679692578 to 1679692639 at 1679692639
22        CFR: 0 1679692638 2039
3         PRD
56        DBReportCollectAll,0.070840,0.390298,0.378742,1679692579
60        Packing reports: delta,0.057635,0.217204,0.270319,1679692579
83        Sample(/proc/sys/kernel/random/entropy_avail),0.004581,0.002099,0.002012,1679692634
3         EXS
16        f,286,1679692407
3         MOM
15        M:entropy_avail
35        1407 23.0000 16.1000 19.2432 0.0000
12        M:mem_cached
38        1407 3474.4766 2432.1336 0.0000 0.0000
10        M:mem_free
39        1407 11466.4336 8026.5035 0.0000 0.0000
11        M:mem_total
40        1407 15817.1836 11072.0285 0.0000 0.0000
16        M:io_writtendata
32        1407 0.0566 0.0396 0.0474 0.0000
11        M:io_writes
32        1407 4.0000 2.8000 3.3466 0.0000
13        M:postgres_in
32        1407 1.0000 0.7000 0.8367 0.0000
6         M:cpu3
32        1407 0.4203 0.2942 0.3516 0.0000
6         M:cpu2
32        1407 0.4136 0.2895 0.3460 0.0000
6         M:cpu1
32        1407 0.5675 0.3973 0.4748 0.0000
6         M:cpu0
32        1407 0.5206 0.3644 0.4356 0.0000
5         M:cpu
32        1407 0.4788 0.3352 0.4006 0.0000
8         M:syslog
38        1407 250.0000 175.0000 209.1650 0.0000
8         M:ssh_in
32        1407 2.0000 1.4000 1.6733 0.0000
8         M:www_in
32        1407 1.0000 0.7000 0.8367 0.0000
14        M:cfengine_out
32        1407 5.0000 3.5000 4.1833 0.0000
13        M:cfengine_in
32        1407 1.0000 0.7000 0.8367 0.0000
9         M:loadavg
32        1407 0.0322 0.0226 0.0270 0.0000
10        M:diskfree
35        1407 53.0000 37.1000 44.3430 0.0000
12        M:otherprocs
35        1407 26.0000 18.2000 21.7532 0.0000
11        M:rootprocs
36        1407 115.0000 80.5000 96.2159 0.0000
7         M:users
32        1407 8.0000 5.6000 6.6933 0.0000
3         MOY
15        M:entropy_avail
36        155 323.0000 297.6050 79.9482 0.0000
12        M:mem_cached
39        155 2526.1133 2298.4965 696.2697 0.0000
16        M:io_writtendata
31        155 0.2939 0.2241 0.2132 0.0000
11        M:io_writes
34        155 16.0000 12.2500 11.5973 0.0000
13        M:postgres_in
31        155 1.0000 0.9100 0.3000 0.0000
6         M:cpu3
31        155 9.2585 6.6064 9.9586 0.0000
6         M:cpu2
31        155 1.2023 0.9735 0.7040 0.0000
6         M:cpu1
33        155 11.0003 7.8207 12.0038 0.0000
6         M:cpu0
31        155 5.6586 4.0823 5.7035 0.0000
5         M:cpu
31        155 8.5900 6.1378 9.1662 0.0000
8         M:syslog
38        155 1068.5000 778.2950 812.0638 0.0000
8         M:ssh_in
31        155 2.0000 1.8200 0.6000 0.0000
8         M:www_in
31        155 1.0000 0.9100 0.3000 0.0000
14        M:cfengine_out
31        155 5.0000 4.5500 1.5000 0.0000
13        M:cfengine_in
31        155 1.0000 0.9100 0.3000 0.0000
9         M:loadavg
31        155 0.2126 0.1705 0.1909 0.0000
10        M:diskfree
34        155 60.5000 55.0550 18.2248 0.0000
12        M:otherprocs
33        155 26.0000 23.6600 7.8000 0.0000
11        M:rootprocs
36        155 113.5000 103.3900 33.7037 0.0000
7         M:users
31        155 8.0000 7.2800 2.4000 0.0000
# send QUERY complete successful
