# delta from 1679684358 to 1679684419 at 1679684419
22        CFR: 0 1679684418 2057
3         PRD
56        DBReportCollectAll,0.065642,0.331550,0.280586,1679684359
60        Packing reports: delta,0.053473,0.117040,0.097533,1679684359
83        Sample(/proc/sys/kernel/random/entropy_avail),0.004938,0.002439,0.001872,1679684369
3         EXS
16        f,320,1679684341
3         MOM
15        M:entropy_avail
36        1379 118.0000 86.1700 89.1108 0.0000
12        M:mem_cached
40        1379 3402.9453 3096.1807 855.5257 0.0000
10        M:mem_free
40        1379 11555.6289 10517.4344 0.0000 0.0000
11        M:mem_total
40        1379 15817.1836 14393.6371 0.0000 0.0000
16        M:io_writtendata
32        1379 0.2354 0.2064 0.0966 0.0000
11        M:io_writes
34        1379 12.0000 11.3400 2.2000 0.0000
13        M:postgres_in
32        1379 1.0000 0.9100 0.3000 0.0000
6         M:cpu3
35        1379 16.2540 11.4787 13.3197 0.0000
6         M:cpu2
32        1379 2.9189 2.1680 2.1118 0.0000
6         M:cpu1
35        1379 40.3444 28.3223 33.5286 0.0000
6         M:cpu0
32        1379 4.7185 3.4136 3.6473 0.0000
5         M:cpu
35        1379 16.0586 11.3454 13.1465 0.0000
8         M:syslog
41        1379 1559.0000 1121.7500 1221.2410 0.0000
8         M:ssh_in
32        1379 2.0000 1.8200 0.6000 0.0000
8         M:www_in
32        1379 1.0000 0.9100 0.3000 0.0000
14        M:cfengine_out
32        1379 5.0000 4.5500 1.5000 0.0000
13        M:cfengine_in
32        1379 1.0000 0.9100 0.3000 0.0000
9         M:loadavg
32        1379 0.4731 0.3356 0.3837 0.0000
10        M:diskfree
35        1379 54.0000 49.1400 16.2000 0.0000
12        M:otherprocs
34        1379 26.0000 23.6600 7.8000 0.0000
11        M:rootprocs
37        1379 114.0000 103.7400 34.2000 0.0000
7         M:users
32        1379 8.0000 7.2800 2.4000 0.0000
3         MOY
15        M:entropy_avail
36        155 323.0000 297.6050 79.9482 0.0000
12        M:mem_cached
39        155 2526.1133 2298.4965 696.2697 0.0000
16        M:io_writtendata
31        155 0.2939 0.2241 0.2132 0.0000
11        M:io_writes
34        155 16.0000 12.2500 11.5973 0.0000
13        M:postgres_in
31        155 1.0000 0.9100 0.3000 0.0000
6         M:cpu3
31        155 9.2585 6.6064 9.9586 0.0000
6         M:cpu2
31        155 1.2023 0.9735 0.7040 0.0000
6         M:cpu1
33        155 11.0003 7.8207 12.0038 0.0000
6         M:cpu0
31        155 5.6586 4.0823 5.7035 0.0000
5         M:cpu
31        155 8.5900 6.1378 9.1662 0.0000
8         M:syslog
38        155 1068.5000 778.2950 812.0638 0.0000
8         M:ssh_in
31        155 2.0000 1.8200 0.6000 0.0000
8         M:www_in
31        155 1.0000 0.9100 0.3000 0.0000
14        M:cfengine_out
31        155 5.0000 4.5500 1.5000 0.0000
13        M:cfengine_in
31        155 1.0000 0.9100 0.3000 0.0000
9         M:loadavg
31        155 0.2126 0.1705 0.1909 0.0000
10        M:diskfree
34        155 60.5000 55.0550 18.2248 0.0000
12        M:otherprocs
33        155 26.0000 23.6600 7.8000 0.0000
11        M:rootprocs
36        155 113.5000 103.3900 33.7037 0.0000
7         M:users
31        155 8.0000 7.2800 2.4000 0.0000
# send QUERY complete successful
