# delta from 1679704458 to 1679704519 at 1679704519
22        CFR: 0 1679704518 2840
3         PRD
56        DBReportCollectAll,0.064170,0.362938,0.402353,1679704459
60        Packing reports: delta,0.052891,0.151625,0.137640,1679704459
83        Sample(/proc/sys/kernel/random/entropy_avail),0.004942,0.002442,0.002660,1679704505
3         EXS
16        f,287,1679704398
3         MOM
15        M:entropy_avail
35        1446 49.0000 64.9600 53.2000 0.0000
38        1447 152.0000 106.4000 127.1723 0.0000
12        M:mem_cached
40        1446 3583.8125 3261.2480 899.5893 0.0000
38        1447 3586.2031 2510.3422 0.0000 0.0000
10        M:mem_free
40        1446 11223.5117 10228.8700 0.0000 0.0000
39        1447 11298.9180 7909.2426 0.0000 0.0000
11        M:mem_total
40        1446 15817.1836 14393.6371 0.0000 0.0000
40        1447 15817.1836 11072.0285 0.0000 0.0000
16        M:io_writtendata
32        1446 0.0850 0.1120 0.0900 0.0000
32        1447 0.2168 0.1518 0.1814 0.0000
11        M:io_writes
32        1446 6.0000 7.1400 3.8000 0.0000
33        1447 10.0000 7.0000 8.3666 0.0000
13        M:postgres_in
32        1446 1.0000 0.9100 0.3000 0.0000
32        1447 1.0000 0.7000 0.8367 0.0000
6         M:cpu3
32        1446 1.6678 3.6637 6.6532 0.0000
32        1447 1.3815 0.9670 1.1558 0.0000
6         M:cpu2
33        1446 11.7788 8.5403 9.0547 0.0000
32        1447 3.5184 2.4629 2.9437 0.0000
6         M:cpu1
33        1446 1.3838 8.1639 24.5779 0.0000
32        1447 1.0547 0.7383 0.8824 0.0000
6         M:cpu0
35        1446 19.6928 13.9995 15.8847 0.0000
35        1447 25.8200 18.0740 21.6026 0.0000
5         M:cpu
32        1446 8.6367 8.5988 0.1262 0.0000
32        1447 7.9377 5.5564 6.6411 0.0000
8         M:syslog
38        1446 167.0000 388.2200 737.4000 0.0000
39        1447 1052.0000 736.4000 880.1663 0.0000
9         M:ssh_out
32        1446 5.0000 3.5000 4.1833 0.0000
8         M:ssh_in
32        1446 2.0000 1.8200 0.6000 0.0000
32        1447 2.0000 1.4000 1.6733 0.0000
8         M:www_in
32        1446 1.0000 0.9100 0.3000 0.0000
32        1447 1.0000 0.7000 0.8367 0.0000
14        M:cfengine_out
32        1446 6.0000 5.2500 2.5000 0.0000
32        1447 5.0000 3.5000 4.1833 0.0000
13        M:cfengine_in
32        1446 1.0000 0.9100 0.3000 0.0000
32        1447 1.0000 0.7000 0.8367 0.0000
9         M:loadavg
32        1446 0.5864 0.4618 0.3652 0.0000
32        1447 0.1372 0.0960 0.1148 0.0000
10        M:diskfree
35        1446 52.0000 47.3200 15.6000 0.0000
35        1447 52.0000 36.4000 43.5063 0.0000
12        M:otherprocs
34        1446 26.0000 23.6600 7.8000 0.0000
35        1447 26.0000 18.2000 21.7532 0.0000
11        M:rootprocs
37        1446 120.0000 108.3600 38.8000 0.0000
36        1447 117.0000 81.9000 97.8892 0.0000
7         M:users
32        1446 8.0000 7.2800 2.4000 0.0000
32        1447 8.0000 5.6000 6.6933 0.0000
3         MOY
15        M:entropy_avail
36        155 323.0000 297.6050 79.9482 0.0000
12        M:mem_cached
39        155 2526.1133 2298.4965 696.2697 0.0000
16        M:io_writtendata
31        155 0.2939 0.2241 0.2132 0.0000
11        M:io_writes
34        155 16.0000 12.2500 11.5973 0.0000
13        M:postgres_in
31        155 1.0000 0.9100 0.3000 0.0000
6         M:cpu3
31        155 9.2585 6.6064 9.9586 0.0000
6         M:cpu2
31        155 1.2023 0.9735 0.7040 0.0000
6         M:cpu1
33        155 11.0003 7.8207 12.0038 0.0000
6         M:cpu0
31        155 5.6586 4.0823 5.7035 0.0000
5         M:cpu
31        155 8.5900 6.1378 9.1662 0.0000
8         M:syslog
38        155 1068.5000 778.2950 812.0638 0.0000
8         M:ssh_in
31        155 2.0000 1.8200 0.6000 0.0000
8         M:www_in
31        155 1.0000 0.9100 0.3000 0.0000
14        M:cfengine_out
31        155 5.0000 4.5500 1.5000 0.0000
13        M:cfengine_in
31        155 1.0000 0.9100 0.3000 0.0000
9         M:loadavg
31        155 0.2126 0.1705 0.1909 0.0000
10        M:diskfree
34        155 60.5000 55.0550 18.2248 0.0000
12        M:otherprocs
33        155 26.0000 23.6600 7.8000 0.0000
11        M:rootprocs
36        155 113.5000 103.3900 33.7037 0.0000
7         M:users
31        155 8.0000 7.2800 2.4000 0.0000
# send QUERY complete successful
