# delta from 1679676858 to 1679676919 at 1679676919
22        CFR: 0 1679676918 1971
3         PRD
56        DBReportCollectAll,0.153245,0.458192,0.585437,1679676859
60        Packing reports: delta,0.062170,0.204937,0.266665,1679676859
3         EXS
16        f,318,1679676825
3         MOM
15        M:entropy_avail
37        1354 133.0000 94.7800 106.6535 0.0000
12        M:mem_cached
40        1354 3337.0000 3036.1754 838.9599 0.0000
10        M:mem_free
40        1354 11631.2109 10589.0818 0.0000 0.0000
11        M:mem_total
40        1354 15817.1836 14393.6371 0.0000 0.0000
16        M:io_writtendata
32        1354 0.3906 0.2859 0.2932 0.0000
11        M:io_writes
35        1354 22.0000 16.2400 16.1681 0.0000
13        M:postgres_in
32        1354 1.0000 0.9100 0.3000 0.0000
6         M:cpu3
32        1354 2.1301 1.6525 1.3777 0.0000
6         M:cpu2
32        1354 7.8258 5.6168 6.1680 0.0000
6         M:cpu1
32        1354 4.7872 3.4631 3.7008 0.0000
6         M:cpu0
35        1354 49.2997 34.6555 40.8419 0.0000
5         M:cpu
35        1354 16.0526 11.3767 13.0442 0.0000
8         M:syslog
39        1354 1198.0000 869.0500 919.8010 0.0000
8         M:ssh_in
32        1354 2.0000 1.8200 0.6000 0.0000
8         M:www_in
32        1354 2.0000 1.6100 1.1803 0.0000
14        M:cfengine_out
32        1354 5.0000 4.5500 1.5000 0.0000
13        M:cfengine_in
32        1354 1.0000 0.9100 0.3000 0.0000
9         M:loadavg
32        1354 0.4937 0.3495 0.4022 0.0000
10        M:diskfree
35        1354 55.0000 50.0500 16.5000 0.0000
12        M:otherprocs
34        1354 26.0000 23.6600 7.8000 0.0000
11        M:rootprocs
37        1354 115.0000 104.4400 35.2000 0.0000
7         M:users
32        1354 8.0000 7.2800 2.4000 0.0000
3         MOY
15        M:entropy_avail
36        155 326.0000 300.0200 82.1068 0.0000
12        M:mem_cached
39        155 2518.4746 2291.5080 694.0815 0.0000
16        M:io_writtendata
31        155 0.2979 0.2256 0.2212 0.0000
11        M:io_writes
34        155 15.0000 11.3400 11.1825 0.0000
13        M:postgres_in
31        155 1.0000 0.9100 0.3000 0.0000
6         M:cpu3
31        155 1.6576 1.2887 1.1079 0.0000
6         M:cpu2
31        155 8.8769 6.3252 9.5975 0.0000
6         M:cpu1
31        155 4.0748 2.9834 3.8038 0.0000
6         M:cpu0
31        155 9.0086 6.4323 9.6344 0.0000
5         M:cpu
31        155 8.6523 6.1804 9.2437 0.0000
8         M:syslog
40        155 1432.0000 1032.7450 2103.9943 0.0000
8         M:ssh_in
31        155 2.0000 1.8200 0.6000 0.0000
8         M:www_in
31        155 1.0000 0.9100 0.3000 0.0000
14        M:cfengine_out
31        155 5.0000 4.5500 1.5000 0.0000
13        M:cfengine_in
31        155 1.0000 0.9100 0.3000 0.0000
9         M:loadavg
31        155 0.2974 0.2359 0.2689 0.0000
10        M:diskfree
34        155 60.5000 55.0550 18.2248 0.0000
12        M:otherprocs
33        155 26.0000 23.6600 7.8000 0.0000
11        M:rootprocs
36        155 114.0000 103.8450 33.8518 0.0000
7         M:users
31        155 8.0000 7.2800 2.4000 0.0000
# send QUERY complete successful
