# delta from 1679663658 to 1679663719 at 1679663719
22        CFR: 0 1679663718 1972
3         PRD
56        DBReportCollectAll,0.111155,0.430511,0.535596,1679663659
60        Packing reports: delta,0.120264,0.202159,0.340661,1679663659
3         EXS
16        f,288,1679663616
3         MOM
15        M:entropy_avail
38        1310 818.0000 779.0300 129.9000 0.0000
12        M:mem_cached
40        1310 3225.6250 2934.8627 810.8974 0.0000
10        M:mem_free
38        1310 8254.8320 8254.8320 0.0000 0.0000
11        M:mem_total
40        1310 11072.0285 11072.0285 0.0000 0.0000
16        M:io_writtendata
32        1310 0.3066 0.2979 0.0291 0.0000
11        M:io_writes
34        1310 14.0000 14.4200 1.4000 0.0000
13        M:postgres_in
32        1310 1.0000 0.9100 0.3000 0.0000
6         M:cpu3
32        1310 7.7300 5.6502 5.8238 0.0000
6         M:cpu2
35        1310 16.7058 12.6684 11.4589 0.0000
6         M:cpu1
32        1310 9.1812 6.6457 7.0874 0.0000
6         M:cpu0
35        1310 31.0000 22.5376 23.6712 0.0000
5         M:cpu
35        1310 16.1525 11.8753 11.9928 0.0000
8         M:syslog
40        1310 1314.0000 1116.3600 698.4213 0.0000
8         M:ssh_in
32        1310 2.0000 1.8200 0.6000 0.0000
8         M:www_in
32        1310 1.0000 0.9100 0.3000 0.0000
14        M:cfengine_out
32        1310 5.0000 4.5500 1.5000 0.0000
13        M:cfengine_in
32        1310 1.0000 0.9100 0.3000 0.0000
9         M:loadavg
32        1310 0.6816 0.4971 0.5164 0.0000
10        M:diskfree
35        1310 56.0000 50.9600 16.8000 0.0000
12        M:otherprocs
34        1310 26.0000 23.6600 7.8000 0.0000
11        M:rootprocs
37        1310 115.0000 104.4400 35.2000 0.0000
7         M:users
32        1310 8.0000 7.2800 2.4000 0.0000
3         MOY
15        M:entropy_avail
37        155 702.0000 673.2600 107.9707 0.0000
12        M:mem_cached
39        155 2464.8457 2243.0547 676.7562 0.0000
16        M:io_writtendata
31        155 0.2319 0.1839 0.1438 0.0000
11        M:io_writes
32        155 10.0000 7.8400 6.2967 0.0000
13        M:postgres_in
31        155 1.0000 0.9100 0.3000 0.0000
6         M:cpu3
31        155 3.7512 2.7372 3.5276 0.0000
6         M:cpu2
31        155 3.5083 2.5878 3.1994 0.0000
6         M:cpu1
31        155 4.4824 3.2504 4.3490 0.0000
6         M:cpu0
34        155 18.9663 13.4103 21.3762 0.0000
5         M:cpu
31        155 7.6736 5.4942 8.0927 0.0000
8         M:syslog
37        155 614.5000 460.4950 572.4415 0.0000
8         M:ssh_in
31        155 2.0000 1.8200 0.6000 0.0000
8         M:www_in
31        155 1.0000 0.9100 0.3000 0.0000
14        M:cfengine_out
31        155 5.0000 4.5500 1.5000 0.0000
13        M:cfengine_in
31        155 1.0000 0.9100 0.3000 0.0000
9         M:loadavg
31        155 0.4094 0.3028 0.4421 0.0000
10        M:diskfree
34        155 61.0000 55.5100 18.3614 0.0000
12        M:otherprocs
33        155 26.0000 23.6600 7.8000 0.0000
11        M:rootprocs
36        155 115.5000 104.7900 35.7315 0.0000
7         M:users
31        155 8.0000 7.2800 2.4000 0.0000
# send QUERY complete successful
