# delta from 1679726358 to 1679726419 at 1679726419
22        CFR: 0 1679726418 2002
3         PRD
56        DBReportCollectAll,0.045902,0.341934,0.381186,1679726359
60        Packing reports: delta,0.024893,0.061966,0.054444,1679726359
3         EXS
16        f,320,1679726341
3         MOM
15        M:entropy_avail
35        1519 70.0000 84.7000 49.0000 0.0000
12        M:mem_cached
40        1519 3778.2227 3438.0793 948.6146 0.0000
10        M:mem_free
38        1519 7776.1633 7776.1633 0.0000 0.0000
11        M:mem_total
40        1519 11072.0285 11072.0285 0.0000 0.0000
16        M:io_writtendata
32        1519 0.1045 0.1199 0.0514 0.0000
11        M:io_writes
32        1519 8.0000 8.1200 0.4000 0.0000
13        M:postgres_in
32        1519 1.0000 0.9100 0.3000 0.0000
6         M:cpu3
35        1519 21.7026 15.4815 17.3612 0.0000
6         M:cpu2
32        1519 1.0556 1.1186 0.2101 0.0000
6         M:cpu1
32        1519 8.6774 6.7274 5.6220 0.0000
6         M:cpu0
32        1519 0.8341 1.7064 2.9076 0.0000
5         M:cpu
32        1519 8.0704 6.2615 5.2187 0.0000
8         M:syslog
39        1519 167.0000 515.6900 1304.9755 0.0000
9         M:ssh_out
32        1519 5.0000 3.5000 4.1833 0.0000
8         M:ssh_in
32        1519 2.0000 1.8200 0.6000 0.0000
8         M:www_in
32        1519 1.0000 0.9100 0.3000 0.0000
14        M:cfengine_out
32        1519 6.0000 5.2500 2.5000 0.0000
13        M:cfengine_in
32        1519 1.0000 0.9100 0.3000 0.0000
9         M:loadavg
32        1519 0.5356 0.3922 0.4019 0.0000
10        M:diskfree
35        1519 50.0000 45.5000 15.0000 0.0000
12        M:otherprocs
34        1519 26.0000 23.6600 7.8000 0.0000
11        M:rootprocs
37        1519 118.0000 106.7500 37.5000 0.0000
7         M:users
32        1519 8.0000 7.2800 2.4000 0.0000
3         MOY
15        M:entropy_avail
36        155 323.0000 297.6050 79.9482 0.0000
12        M:mem_cached
39        155 2526.1133 2298.4965 696.2697 0.0000
16        M:io_writtendata
31        155 0.2939 0.2241 0.2132 0.0000
11        M:io_writes
34        155 16.0000 12.2500 11.5973 0.0000
13        M:postgres_in
31        155 1.0000 0.9100 0.3000 0.0000
6         M:cpu3
31        155 9.2585 6.6064 9.9586 0.0000
6         M:cpu2
31        155 1.2023 0.9735 0.7040 0.0000
6         M:cpu1
33        155 11.0003 7.8207 12.0038 0.0000
6         M:cpu0
31        155 5.6586 4.0823 5.7035 0.0000
5         M:cpu
31        155 8.5900 6.1378 9.1662 0.0000
8         M:syslog
38        155 1068.5000 778.2950 812.0638 0.0000
8         M:ssh_in
31        155 2.0000 1.8200 0.6000 0.0000
8         M:www_in
31        155 1.0000 0.9100 0.3000 0.0000
14        M:cfengine_out
31        155 5.0000 4.5500 1.5000 0.0000
13        M:cfengine_in
31        155 1.0000 0.9100 0.3000 0.0000
9         M:loadavg
31        155 0.2126 0.1705 0.1909 0.0000
10        M:diskfree
34        155 60.5000 55.0550 18.2248 0.0000
12        M:otherprocs
33        155 26.0000 23.6600 7.8000 0.0000
11        M:rootprocs
36        155 113.5000 103.3900 33.7037 0.0000
7         M:users
31        155 8.0000 7.2800 2.4000 0.0000
# send QUERY complete successful
