# delta from 1679661558 to 1679661619 at 1679661619
22        CFR: 0 1679661618 2115
3         PRD
56        DBReportCollectAll,0.276149,0.534426,0.412252,1679661559
60        Packing reports: delta,0.194872,0.320607,0.193129,1679661559
3         EXS
16        f,255,1679661518
3         MOM
15        M:entropy_avail
40        1303 1412.0000 1316.6300 317.9000 0.0000
12        M:mem_cached
40        1303 3208.2852 2918.9784 806.8380 0.0000
10        M:mem_free
38        1303 8270.7105 8270.7105 0.0000 0.0000
11        M:mem_total
40        1303 11072.0285 11072.0285 0.0000 0.0000
16        M:io_writtendata
32        1303 0.4365 0.3802 0.1877 0.0000
11        M:io_writes
34        1303 16.0000 14.5600 4.8000 0.0000
13        M:postgres_in
32        1303 1.0000 0.9100 0.3000 0.0000
6         M:cpu3
35        1303 39.4392 28.5238 30.5072 0.0000
6         M:cpu2
34        1303 11.2767 10.2030 3.5788 0.0000
6         M:cpu1
35        1303 20.3164 15.0987 14.6768 0.0000
6         M:cpu0
34        1303 13.5837 11.9359 5.4927 0.0000
5         M:cpu
35        1303 21.1494 16.4377 13.6150 0.0000
8         M:syslog
40        1303 2208.9705 2389.2194 502.6900 0.0000
8         M:ssh_in
32        1303 2.0000 1.8200 0.6000 0.0000
8         M:www_in
32        1303 1.0000 0.9100 0.3000 0.0000
14        M:cfengine_out
32        1303 5.0000 4.7600 0.8000 0.0000
13        M:cfengine_in
32        1303 1.0000 0.9100 0.3000 0.0000
9         M:loadavg
32        1303 1.5566 1.2253 0.9703 0.0000
10        M:diskfree
35        1303 56.0000 50.9600 16.8000 0.0000
12        M:otherprocs
34        1303 26.0000 25.5500 1.5000 0.0000
11        M:rootprocs
37        1303 119.0000 108.0800 36.4000 0.0000
7         M:users
32        1303 8.0000 7.2800 2.4000 0.0000
3         MOY
15        M:entropy_avail
37        155 956.5000 899.2900 239.3838 0.0000
12        M:mem_cached
39        155 2444.9004 2224.7170 671.4100 0.0000
16        M:io_writtendata
31        155 0.9365 0.9361 0.1306 0.0000
13        M:io_readdata
31        155 0.0034 0.0237 0.1037 0.0000
11        M:io_writes
33        155 24.0000 21.8400 6.7634 0.0000
13        M:postgres_in
31        155 1.0000 0.9100 0.3000 0.0000
6         M:cpu3
34        155 22.3530 19.4789 12.9401 0.0000
6         M:cpu2
33        155 8.1117 10.9255 13.8492 0.0000
6         M:cpu1
34        155 30.9730 26.0574 23.0851 0.0000
6         M:cpu0
33        155 8.7018 11.4627 13.6796 0.0000
5         M:cpu
33        155 17.5788 17.0119 2.1176 0.0000
8         M:syslog
40        155 5028.4671 4634.2920 7134.1788 0.0000
9         M:ssh_out
31        155 4.5000 3.6750 3.6349 0.0000
8         M:ssh_in
31        155 3.0000 2.6250 1.5455 0.0000
9         M:www_out
31        155 1.0000 0.7000 1.1832 0.0000
8         M:www_in
31        155 1.0000 0.9100 0.3000 0.0000
14        M:cfengine_out
31        155 5.0000 4.5500 1.5000 0.0000
13        M:cfengine_in
31        155 1.0000 0.9100 0.3000 0.0000
9         M:loadavg
31        155 0.7024 0.5940 0.5291 0.0000
10        M:diskfree
34        155 61.0000 55.5100 18.3614 0.0000
12        M:otherprocs
33        155 28.5000 25.8300 8.9677 0.0000
11        M:rootprocs
36        155 117.5000 113.3300 24.6028 0.0000
7         M:users
31        155 8.5000 7.7350 2.5544 0.0000
# send QUERY complete successful
