# delta from 1679671458 to 1679671519 at 1679671519
22        CFR: 0 1679671518 1972
3         PRD
56        DBReportCollectAll,0.123062,0.381945,0.313718,1679671459
60        Packing reports: delta,0.036623,0.134127,0.145855,1679671459
3         EXS
16        f,288,1679671407
3         MOM
15        M:entropy_avail
36        1336 114.0000 80.4300 93.6324 0.0000
12        M:mem_cached
40        1336 3301.4766 3003.8761 829.9681 0.0000
10        M:mem_free
40        1336 11691.2930 10639.8075 0.0000 0.0000
11        M:mem_total
40        1336 15817.1836 14393.6371 0.0000 0.0000
16        M:io_writtendata
32        1336 0.3506 0.2690 0.2333 0.0000
11        M:io_writes
35        1336 16.0000 12.4600 10.2483 0.0000
13        M:postgres_in
32        1336 1.0000 0.9100 0.3000 0.0000
6         M:cpu3
35        1336 23.7652 16.7688 19.5142 0.0000
6         M:cpu2
32        1336 3.6886 2.7293 2.6945 0.0000
6         M:cpu1
35        1336 34.1714 24.0953 28.1035 0.0000
6         M:cpu0
32        1336 2.1321 1.6200 1.4550 0.0000
5         M:cpu
35        1336 15.9667 11.3222 12.9569 0.0000
8         M:syslog
39        1336 1083.0000 788.5500 823.8658 0.0000
8         M:ssh_in
32        1336 2.0000 1.8200 0.6000 0.0000
8         M:www_in
32        1336 1.0000 0.9100 0.3000 0.0000
14        M:cfengine_out
32        1336 5.0000 4.5500 1.5000 0.0000
13        M:cfengine_in
32        1336 1.0000 0.9100 0.3000 0.0000
9         M:loadavg
32        1336 0.4478 0.3248 0.3438 0.0000
10        M:diskfree
35        1336 55.0000 50.0500 16.5000 0.0000
12        M:otherprocs
34        1336 26.0000 23.6600 7.8000 0.0000
11        M:rootprocs
37        1336 114.0000 103.7400 34.2000 0.0000
7         M:users
32        1336 8.0000 7.2800 2.4000 0.0000
3         MOY
15        M:entropy_avail
36        155 311.5000 288.7150 70.5984 0.0000
12        M:mem_cached
39        155 2500.4707 2275.1462 688.5663 0.0000
16        M:io_writtendata
31        155 0.2676 0.2020 0.1967 0.0000
11        M:io_writes
34        155 14.0000 10.6400 10.1177 0.0000
13        M:postgres_in
31        155 1.0000 0.9100 0.3000 0.0000
6         M:cpu3
31        155 5.6157 4.0684 5.6166 0.0000
6         M:cpu2
31        155 6.9570 5.0045 7.2414 0.0000
6         M:cpu1
31        155 4.6086 3.3564 4.4307 0.0000
6         M:cpu0
31        155 8.9643 6.3865 9.6397 0.0000
5         M:cpu
31        155 8.5530 6.1152 9.1097 0.0000
8         M:syslog
39        155 1188.0000 861.9450 1774.3258 0.0000
8         M:ssh_in
31        155 2.0000 1.8200 0.6000 0.0000
8         M:www_in
31        155 1.0000 0.9100 0.3000 0.0000
14        M:cfengine_out
31        155 5.0000 4.5500 1.5000 0.0000
13        M:cfengine_in
31        155 1.0000 0.9100 0.3000 0.0000
9         M:loadavg
31        155 0.3083 0.2329 0.3196 0.0000
10        M:diskfree
34        155 60.5000 55.0550 18.2248 0.0000
12        M:otherprocs
33        155 26.0000 23.6600 7.8000 0.0000
11        M:rootprocs
36        155 114.5000 103.9850 35.0603 0.0000
7         M:users
31        155 8.0000 7.2800 2.4000 0.0000
# send QUERY complete successful
