# delta from 1679726718 to 1679726779 at 1679726779
22        CFR: 0 1679726778 2047
3         PRD
56        DBReportCollectAll,0.045175,0.316702,0.293823,1679726719
60        Packing reports: delta,0.024547,0.060254,0.059305,1679726719
83        Sample(/proc/sys/kernel/random/entropy_avail),0.004966,0.002466,0.002521,1679726745
3         EXS
16        f,287,1679726615
3         MOM
15        M:entropy_avail
38        1521 164.0000 114.8000 137.2122 0.0000
12        M:mem_cached
38        1521 3782.9180 2648.0426 0.0000 0.0000
10        M:mem_free
39        1521 11099.5234 7769.6664 0.0000 0.0000
11        M:mem_total
40        1521 15817.1836 11072.0285 0.0000 0.0000
16        M:io_writtendata
32        1521 0.2617 0.1832 0.2190 0.0000
11        M:io_writes
34        1521 14.0000 9.8000 11.7132 0.0000
13        M:postgres_in
32        1521 1.0000 0.7000 0.8367 0.0000
6         M:cpu3
32        1521 1.4563 1.0194 1.2185 0.0000
6         M:cpu2
32        1521 6.3021 4.4115 5.2727 0.0000
6         M:cpu1
32        1521 3.3431 2.3402 2.7971 0.0000
6         M:cpu0
32        1521 5.2463 3.6724 4.3894 0.0000
5         M:cpu
32        1521 4.0885 2.8619 3.4207 0.0000
8         M:syslog
41        1521 1538.0000 1076.6000 1286.7831 0.0000
8         M:ssh_in
32        1521 2.0000 1.4000 1.6733 0.0000
8         M:www_in
32        1521 1.0000 0.7000 0.8367 0.0000
14        M:cfengine_out
32        1521 5.0000 3.5000 4.1833 0.0000
13        M:cfengine_in
32        1521 1.0000 0.7000 0.8367 0.0000
9         M:loadavg
32        1521 0.0957 0.0670 0.0801 0.0000
10        M:diskfree
35        1521 50.0000 35.0000 41.8330 0.0000
12        M:otherprocs
35        1521 26.0000 18.2000 21.7532 0.0000
11        M:rootprocs
36        1521 114.0000 79.8000 95.3792 0.0000
7         M:users
32        1521 8.0000 5.6000 6.6933 0.0000
3         MOY
15        M:entropy_avail
36        155 323.0000 297.6050 79.9482 0.0000
12        M:mem_cached
39        155 2526.1133 2298.4965 696.2697 0.0000
16        M:io_writtendata
31        155 0.2939 0.2241 0.2132 0.0000
11        M:io_writes
34        155 16.0000 12.2500 11.5973 0.0000
13        M:postgres_in
31        155 1.0000 0.9100 0.3000 0.0000
6         M:cpu3
31        155 9.2585 6.6064 9.9586 0.0000
6         M:cpu2
31        155 1.2023 0.9735 0.7040 0.0000
6         M:cpu1
33        155 11.0003 7.8207 12.0038 0.0000
6         M:cpu0
31        155 5.6586 4.0823 5.7035 0.0000
5         M:cpu
31        155 8.5900 6.1378 9.1662 0.0000
8         M:syslog
38        155 1068.5000 778.2950 812.0638 0.0000
8         M:ssh_in
31        155 2.0000 1.8200 0.6000 0.0000
8         M:www_in
31        155 1.0000 0.9100 0.3000 0.0000
14        M:cfengine_out
31        155 5.0000 4.5500 1.5000 0.0000
13        M:cfengine_in
31        155 1.0000 0.9100 0.3000 0.0000
9         M:loadavg
31        155 0.2126 0.1705 0.1909 0.0000
10        M:diskfree
34        155 60.5000 55.0550 18.2248 0.0000
12        M:otherprocs
33        155 26.0000 23.6600 7.8000 0.0000
11        M:rootprocs
36        155 113.5000 103.3900 33.7037 0.0000
7         M:users
31        155 8.0000 7.2800 2.4000 0.0000
# send QUERY complete successful
