# delta from 1679756303 to 1679756364 at 1679756364
22        CFR: 0 1679756363 2062
3         PRD
56        DBReportCollectAll,0.088765,0.368792,0.450954,1679756304
60        Packing reports: delta,0.094349,0.186666,0.300522,1679756304
83        Sample(/proc/sys/kernel/random/entropy_avail),0.004784,0.002289,0.002412,1679756347
3         EXS
16        f,278,1679756289
3         MOM
15        M:entropy_avail
37        1619 107.0000 122.3600 51.2000 0.0000
12        M:mem_cached
41        1619 4048.0664 3683.2392 1017.4544 0.0000
10        M:mem_free
39        1619 10789.8633 9819.9158 0.0000 0.0000
11        M:mem_total
40        1619 15817.1836 14393.6371 0.0000 0.0000
16        M:io_writtendata
32        1619 0.2842 0.2537 0.1017 0.0000
11        M:io_writes
34        1619 14.0000 13.5800 1.4000 0.0000
13        M:postgres_in
32        1619 1.0000 0.9100 0.3000 0.0000
6         M:cpu3
34        1619 13.5565 9.6466 10.9095 0.0000
6         M:cpu2
35        1619 17.4381 12.3553 14.1792 0.0000
6         M:cpu1
34        1619 13.1549 9.3219 10.6925 0.0000
6         M:cpu0
35        1619 19.0785 13.5667 15.3785 0.0000
5         M:cpu
35        1619 15.8068 11.2228 12.7887 0.0000
8         M:syslog
41        1619 1564.0000 1125.2500 1225.4181 0.0000
8         M:ssh_in
32        1619 2.0000 1.8200 0.6000 0.0000
8         M:www_in
32        1619 2.0000 1.6100 1.1803 0.0000
14        M:cfengine_out
32        1619 5.0000 4.5500 1.5000 0.0000
13        M:cfengine_in
32        1619 1.0000 0.9100 0.3000 0.0000
9         M:loadavg
32        1619 0.3267 0.2549 0.2081 0.0000
10        M:diskfree
35        1619 47.0000 42.7700 14.1000 0.0000
12        M:otherprocs
34        1619 26.0000 23.6600 7.8000 0.0000
11        M:rootprocs
37        1619 114.0000 103.7400 34.2000 0.0000
7         M:users
32        1619 8.0000 7.2800 2.4000 0.0000
3         MOY
15        M:entropy_avail
36        155 323.0000 297.6050 79.9482 0.0000
12        M:mem_cached
39        155 2526.1133 2298.4965 696.2697 0.0000
16        M:io_writtendata
31        155 0.2939 0.2241 0.2132 0.0000
11        M:io_writes
34        155 16.0000 12.2500 11.5973 0.0000
13        M:postgres_in
31        155 1.0000 0.9100 0.3000 0.0000
6         M:cpu3
31        155 9.2585 6.6064 9.9586 0.0000
6         M:cpu2
31        155 1.2023 0.9735 0.7040 0.0000
6         M:cpu1
33        155 11.0003 7.8207 12.0038 0.0000
6         M:cpu0
31        155 5.6586 4.0823 5.7035 0.0000
5         M:cpu
31        155 8.5900 6.1378 9.1662 0.0000
8         M:syslog
38        155 1068.5000 778.2950 812.0638 0.0000
8         M:ssh_in
31        155 2.0000 1.8200 0.6000 0.0000
8         M:www_in
31        155 1.0000 0.9100 0.3000 0.0000
14        M:cfengine_out
31        155 5.0000 4.5500 1.5000 0.0000
13        M:cfengine_in
31        155 1.0000 0.9100 0.3000 0.0000
9         M:loadavg
31        155 0.2126 0.1705 0.1909 0.0000
10        M:diskfree
34        155 60.5000 55.0550 18.2248 0.0000
12        M:otherprocs
33        155 26.0000 23.6600 7.8000 0.0000
11        M:rootprocs
36        155 113.5000 103.3900 33.7037 0.0000
7         M:users
31        155 8.0000 7.2800 2.4000 0.0000
# send QUERY complete successful
