# delta from 1679703618 to 1679703679 at 1679703679
22        CFR: 0 1679703678 1966
3         PRD
56        DBReportCollectAll,0.159096,0.371572,0.270255,1679703619
60        Packing reports: delta,0.037884,0.132542,0.112669,1679703619
3         EXS
16        f,288,1679703515
3         MOM
15        M:entropy_avail
37        1444 140.0000 98.0000 117.1324 0.0000
12        M:mem_cached
38        1444 3578.3555 2504.8488 0.0000 0.0000
10        M:mem_free
39        1444 11298.4141 7908.8898 0.0000 0.0000
11        M:mem_total
40        1444 15817.1836 11072.0285 0.0000 0.0000
16        M:io_writtendata
32        1444 0.2109 0.1477 0.1765 0.0000
11        M:io_writes
34        1444 12.0000 8.4000 10.0399 0.0000
13        M:postgres_in
32        1444 1.0000 0.7000 0.8367 0.0000
6         M:cpu3
32        1444 1.4731 1.0312 1.2325 0.0000
6         M:cpu2
33        1444 10.3052 7.2137 8.6220 0.0000
6         M:cpu1
32        1444 0.9551 0.6685 0.7991 0.0000
6         M:cpu0
35        1444 31.3559 21.9492 26.2343 0.0000
5         M:cpu
33        1444 11.0343 7.7240 9.2319 0.0000
8         M:syslog
39        1444 1055.0000 738.5000 882.6763 0.0000
8         M:ssh_in
32        1444 2.0000 1.4000 1.6733 0.0000
8         M:www_in
32        1444 1.0000 0.7000 0.8367 0.0000
14        M:cfengine_out
32        1444 5.0000 3.5000 4.1833 0.0000
13        M:cfengine_in
32        1444 1.0000 0.7000 0.8367 0.0000
9         M:loadavg
32        1444 0.3037 0.2126 0.2541 0.0000
10        M:diskfree
35        1444 52.0000 36.4000 43.5063 0.0000
12        M:otherprocs
35        1444 26.0000 18.2000 21.7532 0.0000
11        M:rootprocs
36        1444 116.0000 81.2000 97.0526 0.0000
7         M:users
32        1444 8.0000 5.6000 6.6933 0.0000
3         MOY
15        M:entropy_avail
36        155 323.0000 297.6050 79.9482 0.0000
12        M:mem_cached
39        155 2526.1133 2298.4965 696.2697 0.0000
16        M:io_writtendata
31        155 0.2939 0.2241 0.2132 0.0000
11        M:io_writes
34        155 16.0000 12.2500 11.5973 0.0000
13        M:postgres_in
31        155 1.0000 0.9100 0.3000 0.0000
6         M:cpu3
31        155 9.2585 6.6064 9.9586 0.0000
6         M:cpu2
31        155 1.2023 0.9735 0.7040 0.0000
6         M:cpu1
33        155 11.0003 7.8207 12.0038 0.0000
6         M:cpu0
31        155 5.6586 4.0823 5.7035 0.0000
5         M:cpu
31        155 8.5900 6.1378 9.1662 0.0000
8         M:syslog
38        155 1068.5000 778.2950 812.0638 0.0000
8         M:ssh_in
31        155 2.0000 1.8200 0.6000 0.0000
8         M:www_in
31        155 1.0000 0.9100 0.3000 0.0000
14        M:cfengine_out
31        155 5.0000 4.5500 1.5000 0.0000
13        M:cfengine_in
31        155 1.0000 0.9100 0.3000 0.0000
9         M:loadavg
31        155 0.2126 0.1705 0.1909 0.0000
10        M:diskfree
34        155 60.5000 55.0550 18.2248 0.0000
12        M:otherprocs
33        155 26.0000 23.6600 7.8000 0.0000
11        M:rootprocs
36        155 113.5000 103.3900 33.7037 0.0000
7         M:users
31        155 8.0000 7.2800 2.4000 0.0000
# send QUERY complete successful
