# delta from 1679732838 to 1679732899 at 1679732899
22        CFR: 0 1679732898 1967
3         PRD
56        DBReportCollectAll,0.080915,0.348009,0.377543,1679732839
60        Packing reports: delta,0.070322,0.156887,0.224692,1679732839
3         EXS
16        f,320,1679732640
3         MOM
15        M:entropy_avail
38        1541 201.0000 140.7000 168.1687 0.0000
12        M:mem_cached
38        1541 3835.5898 2684.9129 0.0000 0.0000
10        M:mem_free
39        1541 11040.6406 7728.4484 0.0000 0.0000
11        M:mem_total
40        1541 15817.1836 11072.0285 0.0000 0.0000
16        M:io_writtendata
32        1541 0.4414 0.3090 0.3693 0.0000
11        M:io_writes
35        1541 24.0000 16.8000 20.0798 0.0000
13        M:postgres_in
32        1541 1.0000 0.7000 0.8367 0.0000
6         M:cpu3
33        1541 11.6257 8.1380 9.7268 0.0000
6         M:cpu2
32        1541 0.7476 0.5233 0.6255 0.0000
6         M:cpu1
34        1541 12.3691 8.6584 10.3488 0.0000
6         M:cpu0
32        1541 1.4438 1.0106 1.2079 0.0000
5         M:cpu
32        1541 6.5514 4.5860 5.4813 0.0000
8         M:syslog
40        1541 1293.0000 905.1000 1081.8014 0.0000
8         M:ssh_in
32        1541 2.0000 1.4000 1.6733 0.0000
8         M:www_in
32        1541 1.0000 0.7000 0.8367 0.0000
14        M:cfengine_out
32        1541 5.0000 3.5000 4.1833 0.0000
13        M:cfengine_in
32        1541 1.0000 0.7000 0.8367 0.0000
9         M:loadavg
32        1541 0.1123 0.0786 0.0940 0.0000
10        M:diskfree
35        1541 49.0000 34.3000 40.9963 0.0000
12        M:otherprocs
35        1541 26.0000 18.2000 21.7532 0.0000
11        M:rootprocs
36        1541 114.0000 79.8000 95.3792 0.0000
7         M:users
32        1541 8.0000 5.6000 6.6933 0.0000
3         MOY
15        M:entropy_avail
36        155 323.0000 297.6050 79.9482 0.0000
12        M:mem_cached
39        155 2526.1133 2298.4965 696.2697 0.0000
16        M:io_writtendata
31        155 0.2939 0.2241 0.2132 0.0000
11        M:io_writes
34        155 16.0000 12.2500 11.5973 0.0000
13        M:postgres_in
31        155 1.0000 0.9100 0.3000 0.0000
6         M:cpu3
31        155 9.2585 6.6064 9.9586 0.0000
6         M:cpu2
31        155 1.2023 0.9735 0.7040 0.0000
6         M:cpu1
33        155 11.0003 7.8207 12.0038 0.0000
6         M:cpu0
31        155 5.6586 4.0823 5.7035 0.0000
5         M:cpu
31        155 8.5900 6.1378 9.1662 0.0000
8         M:syslog
38        155 1068.5000 778.2950 812.0638 0.0000
8         M:ssh_in
31        155 2.0000 1.8200 0.6000 0.0000
8         M:www_in
31        155 1.0000 0.9100 0.3000 0.0000
14        M:cfengine_out
31        155 5.0000 4.5500 1.5000 0.0000
13        M:cfengine_in
31        155 1.0000 0.9100 0.3000 0.0000
9         M:loadavg
31        155 0.2126 0.1705 0.1909 0.0000
10        M:diskfree
34        155 60.5000 55.0550 18.2248 0.0000
12        M:otherprocs
33        155 26.0000 23.6600 7.8000 0.0000
11        M:rootprocs
36        155 113.5000 103.3900 33.7037 0.0000
7         M:users
31        155 8.0000 7.2800 2.4000 0.0000
# send QUERY complete successful
