# delta from 1679664078 to 1679664139 at 1679664139
22        CFR: 0 1679664138 2149
3         PRD
108       CFEngine Execution (policy filename: '/var/cfengine/inputs/update.cf'),0.126891,1.055789,1.016839,1679664131
56        DBReportCollectAll,0.091900,0.445232,0.485859,1679664079
60        Packing reports: delta,0.057833,0.180659,0.193270,1679664079
83        Sample(/proc/sys/kernel/random/entropy_avail),0.005044,0.002545,0.002122,1679664080
3         EXS
16        f,279,1679663892
3         MOM
15        M:entropy_avail
38        1312 873.0000 611.1000 730.4042 0.0000
12        M:mem_cached
38        1312 3228.4258 2259.8980 0.0000 0.0000
10        M:mem_free
39        1312 11793.1211 8255.1848 0.0000 0.0000
11        M:mem_total
40        1312 15817.1836 11072.0285 0.0000 0.0000
16        M:io_writtendata
32        1312 0.1035 0.0725 0.0866 0.0000
11        M:io_writes
32        1312 4.0000 2.8000 3.3466 0.0000
13        M:postgres_in
32        1312 1.0000 0.7000 0.8367 0.0000
6         M:cpu3
32        1312 0.6965 0.4876 0.5828 0.0000
6         M:cpu2
32        1312 0.7625 0.5337 0.6379 0.0000
6         M:cpu1
32        1312 0.5207 0.3645 0.4357 0.0000
6         M:cpu0
32        1312 0.5537 0.3876 0.4633 0.0000
5         M:cpu
32        1312 0.6382 0.4468 0.5340 0.0000
8         M:syslog
38        1312 145.0000 101.5000 121.3157 0.0000
8         M:ssh_in
32        1312 2.0000 1.4000 1.6733 0.0000
8         M:www_in
32        1312 1.0000 0.7000 0.8367 0.0000
14        M:cfengine_out
32        1312 5.0000 3.5000 4.1833 0.0000
13        M:cfengine_in
32        1312 1.0000 0.7000 0.8367 0.0000
9         M:loadavg
32        1312 0.0483 0.0338 0.0404 0.0000
10        M:diskfree
35        1312 56.0000 39.2000 46.8530 0.0000
12        M:otherprocs
35        1312 26.0000 18.2000 21.7532 0.0000
11        M:rootprocs
36        1312 114.0000 79.8000 95.3792 0.0000
7         M:users
32        1312 8.0000 5.6000 6.6933 0.0000
3         MOY
15        M:entropy_avail
37        155 702.0000 673.2600 107.9707 0.0000
12        M:mem_cached
39        155 2464.8457 2243.0547 676.7562 0.0000
16        M:io_writtendata
31        155 0.2319 0.1839 0.1438 0.0000
11        M:io_writes
32        155 10.0000 7.8400 6.2967 0.0000
13        M:postgres_in
31        155 1.0000 0.9100 0.3000 0.0000
6         M:cpu3
31        155 3.7512 2.7372 3.5276 0.0000
6         M:cpu2
31        155 3.5083 2.5878 3.1994 0.0000
6         M:cpu1
31        155 4.4824 3.2504 4.3490 0.0000
6         M:cpu0
34        155 18.9663 13.4103 21.3762 0.0000
5         M:cpu
31        155 7.6736 5.4942 8.0927 0.0000
8         M:syslog
37        155 614.5000 460.4950 572.4415 0.0000
8         M:ssh_in
31        155 2.0000 1.8200 0.6000 0.0000
8         M:www_in
31        155 1.0000 0.9100 0.3000 0.0000
14        M:cfengine_out
31        155 5.0000 4.5500 1.5000 0.0000
13        M:cfengine_in
31        155 1.0000 0.9100 0.3000 0.0000
9         M:loadavg
31        155 0.4094 0.3028 0.4421 0.0000
10        M:diskfree
34        155 61.0000 55.5100 18.3614 0.0000
12        M:otherprocs
33        155 26.0000 23.6600 7.8000 0.0000
11        M:rootprocs
36        155 115.5000 104.7900 35.7315 0.0000
7         M:users
31        155 8.0000 7.2800 2.4000 0.0000
# send QUERY complete successful
