# delta from 1679677758 to 1679677819 at 1679677819
22        CFR: 0 1679677818 1973
3         PRD
56        DBReportCollectAll,0.055712,0.330159,0.304565,1679677759
60        Packing reports: delta,0.069022,0.085091,0.057493,1679677759
3         EXS
16        f,288,1679677707
3         MOM
15        M:entropy_avail
37        1357 131.0000 94.0100 103.2833 0.0000
12        M:mem_cached
40        1357 3344.6758 3043.2030 840.7675 0.0000
10        M:mem_free
38        1357 8152.5281 8152.5281 0.0000 0.0000
11        M:mem_total
40        1357 11072.0285 11072.0285 0.0000 0.0000
16        M:io_writtendata
32        1357 0.3994 0.3021 0.2757 0.0000
11        M:io_writes
35        1357 22.0000 16.6600 15.1442 0.0000
13        M:postgres_in
32        1357 1.0000 0.9100 0.3000 0.0000
6         M:cpu3
35        1357 17.2997 12.2586 14.0627 0.0000
6         M:cpu2
32        1357 1.2451 1.0317 0.6901 0.0000
6         M:cpu1
35        1357 20.6984 14.6193 16.9563 0.0000
6         M:cpu0
33        1357 10.0531 7.1773 8.0258 0.0000
5         M:cpu
35        1357 15.9441 11.3058 12.9397 0.0000
8         M:syslog
39        1357 1075.0000 782.9500 817.1945 0.0000
8         M:ssh_in
32        1357 2.0000 1.8200 0.6000 0.0000
8         M:www_in
32        1357 1.0000 0.9100 0.3000 0.0000
14        M:cfengine_out
32        1357 5.0000 4.5500 1.5000 0.0000
13        M:cfengine_in
32        1357 1.0000 0.9100 0.3000 0.0000
9         M:loadavg
32        1357 0.3833 0.2886 0.2678 0.0000
10        M:diskfree
35        1357 55.0000 50.0500 16.5000 0.0000
12        M:otherprocs
34        1357 26.0000 23.6600 7.8000 0.0000
11        M:rootprocs
37        1357 113.0000 103.0400 33.2000 0.0000
7         M:users
32        1357 8.0000 7.2800 2.4000 0.0000
3         MOY
15        M:entropy_avail
36        155 323.0000 297.6050 79.9482 0.0000
12        M:mem_cached
39        155 2526.1133 2298.4965 696.2697 0.0000
16        M:io_writtendata
31        155 0.2939 0.2241 0.2132 0.0000
11        M:io_writes
34        155 16.0000 12.2500 11.5973 0.0000
13        M:postgres_in
31        155 1.0000 0.9100 0.3000 0.0000
6         M:cpu3
31        155 9.2585 6.6064 9.9586 0.0000
6         M:cpu2
31        155 1.2023 0.9735 0.7040 0.0000
6         M:cpu1
33        155 11.0003 7.8207 12.0038 0.0000
6         M:cpu0
31        155 5.6586 4.0823 5.7035 0.0000
5         M:cpu
31        155 8.5900 6.1378 9.1662 0.0000
8         M:syslog
38        155 1068.5000 778.2950 812.0638 0.0000
8         M:ssh_in
31        155 2.0000 1.8200 0.6000 0.0000
8         M:www_in
31        155 1.0000 0.9100 0.3000 0.0000
14        M:cfengine_out
31        155 5.0000 4.5500 1.5000 0.0000
13        M:cfengine_in
31        155 1.0000 0.9100 0.3000 0.0000
9         M:loadavg
31        155 0.2126 0.1705 0.1909 0.0000
10        M:diskfree
34        155 60.5000 55.0550 18.2248 0.0000
12        M:otherprocs
33        155 26.0000 23.6600 7.8000 0.0000
11        M:rootprocs
36        155 113.5000 103.3900 33.7037 0.0000
7         M:users
31        155 8.0000 7.2800 2.4000 0.0000
# send QUERY complete successful
