# delta from 1679689458 to 1679689520 at 1679689520
22        CFR: 0 1679689519 2058
3         PRD
56        DBReportCollectAll,0.050312,0.369799,0.393832,1679689459
60        Packing reports: delta,0.049838,0.152644,0.140053,1679689459
83        Sample(/proc/sys/kernel/random/entropy_avail),0.004974,0.002474,0.002397,1679689478
3         EXS
16        f,318,1679689425
3         MOM
15        M:entropy_avail
38        1396 147.0000 109.2000 106.3118 0.0000
12        M:mem_cached
40        1396 3447.8672 3137.0104 866.9383 0.0000
10        M:mem_free
40        1396 11502.4023 10467.3527 0.0000 0.0000
11        M:mem_total
40        1396 15817.1836 14393.6371 0.0000 0.0000
16        M:io_writtendata
32        1396 0.4814 0.3479 0.3732 0.0000
11        M:io_writes
35        1396 24.0000 17.6400 17.8317 0.0000
13        M:postgres_in
32        1396 1.0000 0.9100 0.3000 0.0000
6         M:cpu3
32        1396 3.4141 2.4866 2.5954 0.0000
6         M:cpu2
32        1396 9.9685 7.1041 7.9931 0.0000
6         M:cpu1
34        1396 13.6063 9.6435 11.0547 0.0000
6         M:cpu0
35        1396 37.4857 26.3465 31.0667 0.0000
5         M:cpu
35        1396 16.1081 11.3881 13.1656 0.0000
8         M:syslog
40        1396 1318.0000 953.0500 1019.9636 0.0000
8         M:ssh_in
32        1396 2.0000 1.8200 0.6000 0.0000
8         M:www_in
32        1396 1.0000 0.9100 0.3000 0.0000
14        M:cfengine_out
32        1396 5.0000 4.5500 1.5000 0.0000
13        M:cfengine_in
32        1396 1.0000 0.9100 0.3000 0.0000
9         M:loadavg
32        1396 0.3130 0.2263 0.2424 0.0000
10        M:diskfree
35        1396 54.0000 49.1400 16.2000 0.0000
12        M:otherprocs
34        1396 26.0000 23.6600 7.8000 0.0000
11        M:rootprocs
37        1396 115.0000 104.4400 35.2000 0.0000
7         M:users
32        1396 8.0000 7.2800 2.4000 0.0000
3         MOY
15        M:entropy_avail
36        155 323.0000 297.6050 79.9482 0.0000
12        M:mem_cached
39        155 2526.1133 2298.4965 696.2697 0.0000
16        M:io_writtendata
31        155 0.2939 0.2241 0.2132 0.0000
11        M:io_writes
34        155 16.0000 12.2500 11.5973 0.0000
13        M:postgres_in
31        155 1.0000 0.9100 0.3000 0.0000
6         M:cpu3
31        155 9.2585 6.6064 9.9586 0.0000
6         M:cpu2
31        155 1.2023 0.9735 0.7040 0.0000
6         M:cpu1
33        155 11.0003 7.8207 12.0038 0.0000
6         M:cpu0
31        155 5.6586 4.0823 5.7035 0.0000
5         M:cpu
31        155 8.5900 6.1378 9.1662 0.0000
8         M:syslog
38        155 1068.5000 778.2950 812.0638 0.0000
8         M:ssh_in
31        155 2.0000 1.8200 0.6000 0.0000
8         M:www_in
31        155 1.0000 0.9100 0.3000 0.0000
14        M:cfengine_out
31        155 5.0000 4.5500 1.5000 0.0000
13        M:cfengine_in
31        155 1.0000 0.9100 0.3000 0.0000
9         M:loadavg
31        155 0.2126 0.1705 0.1909 0.0000
10        M:diskfree
34        155 60.5000 55.0550 18.2248 0.0000
12        M:otherprocs
33        155 26.0000 23.6600 7.8000 0.0000
11        M:rootprocs
36        155 113.5000 103.3900 33.7037 0.0000
7         M:users
31        155 8.0000 7.2800 2.4000 0.0000
# send QUERY complete successful
