# delta from 1679711058 to 1679711119 at 1679711119
22        CFR: 0 1679711118 2841
3         PRD
56        DBReportCollectAll,0.114575,0.398209,0.379616,1679711059
60        Packing reports: delta,0.138327,0.136383,0.086240,1679711059
83        Sample(/proc/sys/kernel/random/entropy_avail),0.005006,0.002506,0.001941,1679711117
3         EXS
16        f,324,1679711038
3         MOM
15        M:entropy_avail
35        1468 56.0000 70.2800 47.6000 0.0000
38        1469 170.0000 119.0000 142.2322 0.0000
12        M:mem_cached
40        1468 3645.7969 3317.5874 915.3325 0.0000
38        1469 3647.8906 2553.5234 0.0000 0.0000
10        M:mem_free
40        1468 11195.0000 10202.8702 0.0000 0.0000
39        1469 11254.1055 7877.8738 0.0000 0.0000
11        M:mem_total
40        1468 15817.1836 14393.6371 0.0000 0.0000
40        1469 15817.1836 11072.0285 0.0000 0.0000
16        M:io_writtendata
32        1468 0.0850 0.1093 0.0812 0.0000
32        1469 0.4160 0.2912 0.3481 0.0000
11        M:io_writes
32        1468 6.0000 6.7200 2.4000 0.0000
35        1469 20.0000 14.0000 16.7332 0.0000
13        M:postgres_in
32        1468 1.0000 0.9100 0.3000 0.0000
32        1469 1.0000 0.7000 0.8367 0.0000
6         M:cpu3
33        1468 10.5860 7.5745 8.4064 0.0000
33        1469 10.5069 7.3548 8.7907 0.0000
6         M:cpu2
32        1468 3.2202 2.7421 1.7064 0.0000
32        1469 1.0392 0.7274 0.8694 0.0000
6         M:cpu1
32        1468 2.7107 2.0840 1.7944 0.0000
35        1469 35.6666 24.9666 29.8408 0.0000
6         M:cpu0
33        1468 3.1175 6.1320 10.0484 0.0000
32        1469 0.8832 0.6182 0.7389 0.0000
5         M:cpu
32        1468 4.9041 4.6309 0.9105 0.0000
33        1469 11.9231 8.3461 9.9756 0.0000
8         M:syslog
38        1468 167.0000 339.5000 575.0000 0.0000
39        1469 1055.0000 738.5000 882.6763 0.0000
9         M:ssh_out
32        1468 5.0000 3.5000 4.1833 0.0000
8         M:ssh_in
32        1468 2.0000 1.8200 0.6000 0.0000
32        1469 2.0000 1.4000 1.6733 0.0000
8         M:www_in
32        1468 1.0000 0.9100 0.3000 0.0000
32        1469 1.0000 0.7000 0.8367 0.0000
14        M:cfengine_out
32        1468 6.0000 5.2500 2.5000 0.0000
32        1469 5.0000 3.5000 4.1833 0.0000
13        M:cfengine_in
32        1468 1.0000 0.9100 0.3000 0.0000
32        1469 1.0000 0.7000 0.8367 0.0000
9         M:loadavg
32        1468 0.3887 0.2943 0.2676 0.0000
32        1469 0.2114 0.1480 0.1769 0.0000
10        M:diskfree
35        1468 51.0000 46.4100 15.3000 0.0000
35        1469 51.0000 35.7000 42.6697 0.0000
12        M:otherprocs
34        1468 26.0000 23.6600 7.8000 0.0000
35        1469 26.0000 18.2000 21.7532 0.0000
11        M:rootprocs
37        1468 117.0000 105.8400 37.2000 0.0000
36        1469 114.0000 79.8000 95.3792 0.0000
7         M:users
32        1468 8.0000 7.2800 2.4000 0.0000
32        1469 8.0000 5.6000 6.6933 0.0000
3         MOY
15        M:entropy_avail
36        155 323.0000 297.6050 79.9482 0.0000
12        M:mem_cached
39        155 2526.1133 2298.4965 696.2697 0.0000
16        M:io_writtendata
31        155 0.2939 0.2241 0.2132 0.0000
11        M:io_writes
34        155 16.0000 12.2500 11.5973 0.0000
13        M:postgres_in
31        155 1.0000 0.9100 0.3000 0.0000
6         M:cpu3
31        155 9.2585 6.6064 9.9586 0.0000
6         M:cpu2
31        155 1.2023 0.9735 0.7040 0.0000
6         M:cpu1
33        155 11.0003 7.8207 12.0038 0.0000
6         M:cpu0
31        155 5.6586 4.0823 5.7035 0.0000
5         M:cpu
31        155 8.5900 6.1378 9.1662 0.0000
8         M:syslog
38        155 1068.5000 778.2950 812.0638 0.0000
8         M:ssh_in
31        155 2.0000 1.8200 0.6000 0.0000
8         M:www_in
31        155 1.0000 0.9100 0.3000 0.0000
14        M:cfengine_out
31        155 5.0000 4.5500 1.5000 0.0000
13        M:cfengine_in
31        155 1.0000 0.9100 0.3000 0.0000
9         M:loadavg
31        155 0.2126 0.1705 0.1909 0.0000
10        M:diskfree
34        155 60.5000 55.0550 18.2248 0.0000
12        M:otherprocs
33        155 26.0000 23.6600 7.8000 0.0000
11        M:rootprocs
36        155 113.5000 103.3900 33.7037 0.0000
7         M:users
31        155 8.0000 7.2800 2.4000 0.0000
# send QUERY complete successful
