# delta from 1679690058 to 1679690119 at 1679690119
22        CFR: 0 1679690118 2051
3         PRD
56        DBReportCollectAll,0.040989,0.374391,0.375190,1679690059
60        Packing reports: delta,0.062925,0.167235,0.153333,1679690059
83        Sample(/proc/sys/kernel/random/entropy_avail),0.008718,0.007600,0.020217,1679690079
3         EXS
16        f,320,1679690033
3         MOM
15        M:entropy_avail
36        1398 133.0000 98.9800 95.7410 0.0000
12        M:mem_cached
40        1398 3453.2852 3141.8882 868.4446 0.0000
10        M:mem_free
38        1398 8043.4512 8043.4512 0.0000 0.0000
11        M:mem_total
40        1398 11072.0285 11072.0285 0.0000 0.0000
16        M:io_writtendata
32        1398 0.2617 0.1935 0.1917 0.0000
11        M:io_writes
34        1398 14.0000 10.6400 9.5482 0.0000
13        M:postgres_in
32        1398 1.0000 0.9100 0.3000 0.0000
6         M:cpu3
32        1398 3.9086 2.8608 2.9348 0.0000
6         M:cpu2
32        1398 8.7694 6.2745 6.9644 0.0000
6         M:cpu1
33        1398 10.6218 7.5081 8.6852 0.0000
6         M:cpu0
35        1398 30.6997 21.6032 25.3701 0.0000
5         M:cpu
35        1398 16.0736 11.3636 13.1379 0.0000
8         M:syslog
39        1398 1074.0000 782.2500 816.3606 0.0000
8         M:ssh_in
32        1398 2.0000 1.8200 0.6000 0.0000
8         M:www_in
32        1398 1.0000 0.9100 0.3000 0.0000
14        M:cfengine_out
32        1398 5.0000 4.5500 1.5000 0.0000
13        M:cfengine_in
32        1398 1.0000 0.9100 0.3000 0.0000
9         M:loadavg
32        1398 0.4170 0.2949 0.3406 0.0000
10        M:diskfree
35        1398 53.0000 48.4400 15.2000 0.0000
12        M:otherprocs
34        1398 26.0000 23.6600 7.8000 0.0000
11        M:rootprocs
37        1398 114.0000 103.7400 34.2000 0.0000
7         M:users
32        1398 8.0000 7.2800 2.4000 0.0000
3         MOY
15        M:entropy_avail
36        155 323.0000 297.6050 79.9482 0.0000
12        M:mem_cached
39        155 2526.1133 2298.4965 696.2697 0.0000
16        M:io_writtendata
31        155 0.2939 0.2241 0.2132 0.0000
11        M:io_writes
34        155 16.0000 12.2500 11.5973 0.0000
13        M:postgres_in
31        155 1.0000 0.9100 0.3000 0.0000
6         M:cpu3
31        155 9.2585 6.6064 9.9586 0.0000
6         M:cpu2
31        155 1.2023 0.9735 0.7040 0.0000
6         M:cpu1
33        155 11.0003 7.8207 12.0038 0.0000
6         M:cpu0
31        155 5.6586 4.0823 5.7035 0.0000
5         M:cpu
31        155 8.5900 6.1378 9.1662 0.0000
8         M:syslog
38        155 1068.5000 778.2950 812.0638 0.0000
8         M:ssh_in
31        155 2.0000 1.8200 0.6000 0.0000
8         M:www_in
31        155 1.0000 0.9100 0.3000 0.0000
14        M:cfengine_out
31        155 5.0000 4.5500 1.5000 0.0000
13        M:cfengine_in
31        155 1.0000 0.9100 0.3000 0.0000
9         M:loadavg
31        155 0.2126 0.1705 0.1909 0.0000
10        M:diskfree
34        155 60.5000 55.0550 18.2248 0.0000
12        M:otherprocs
33        155 26.0000 23.6600 7.8000 0.0000
11        M:rootprocs
36        155 113.5000 103.3900 33.7037 0.0000
7         M:users
31        155 8.0000 7.2800 2.4000 0.0000
# send QUERY complete successful
