# delta from 1679749758 to 1679749819 at 1679749819
22        CFR: 0 1679749818 1976
3         PRD
56        DBReportCollectAll,0.046651,0.328572,0.301388,1679749759
60        Packing reports: delta,0.050401,0.120712,0.084362,1679749759
3         EXS
16        f,288,1679749715
3         MOM
15        M:entropy_avail
37        1597 109.0000 115.5700 21.9000 0.0000
12        M:mem_cached
41        1597 3981.9727 3623.1243 1000.7804 0.0000
10        M:mem_free
39        1597 10870.6289 9891.4175 0.0000 0.0000
11        M:mem_total
40        1597 15817.1836 14393.6371 0.0000 0.0000
16        M:io_writtendata
32        1597 0.3262 0.2761 0.1743 0.0000
11        M:io_writes
35        1597 20.0000 16.5200 11.1549 0.0000
13        M:postgres_in
32        1597 1.0000 0.9100 0.3000 0.0000
6         M:cpu3
32        1597 5.1174 3.9017 3.4613 0.0000
6         M:cpu2
35        1597 35.4869 25.0345 29.1535 0.0000
6         M:cpu1
32        1597 3.7703 3.4402 1.1004 0.0000
6         M:cpu0
35        1597 19.0438 13.5325 15.3765 0.0000
5         M:cpu
35        1597 15.8663 11.4859 12.2443 0.0000
8         M:syslog
41        1597 2040.0000 1651.2300 1188.6308 0.0000
8         M:ssh_in
32        1597 2.0000 1.8200 0.6000 0.0000
8         M:www_in
32        1597 2.0000 1.6100 1.1803 0.0000
14        M:cfengine_out
32        1597 5.0000 4.5500 1.5000 0.0000
13        M:cfengine_in
32        1597 1.0000 0.9100 0.3000 0.0000
9         M:loadavg
32        1597 0.7783 0.5762 0.5678 0.0000
10        M:diskfree
35        1597 48.0000 43.6800 14.4000 0.0000
12        M:otherprocs
34        1597 26.0000 23.6600 7.8000 0.0000
11        M:rootprocs
37        1597 117.0000 105.8400 37.2000 0.0000
7         M:users
32        1597 8.0000 7.2800 2.4000 0.0000
3         MOY
15        M:entropy_avail
36        155 323.0000 297.6050 79.9482 0.0000
12        M:mem_cached
39        155 2526.1133 2298.4965 696.2697 0.0000
16        M:io_writtendata
31        155 0.2939 0.2241 0.2132 0.0000
11        M:io_writes
34        155 16.0000 12.2500 11.5973 0.0000
13        M:postgres_in
31        155 1.0000 0.9100 0.3000 0.0000
6         M:cpu3
31        155 9.2585 6.6064 9.9586 0.0000
6         M:cpu2
31        155 1.2023 0.9735 0.7040 0.0000
6         M:cpu1
33        155 11.0003 7.8207 12.0038 0.0000
6         M:cpu0
31        155 5.6586 4.0823 5.7035 0.0000
5         M:cpu
31        155 8.5900 6.1378 9.1662 0.0000
8         M:syslog
38        155 1068.5000 778.2950 812.0638 0.0000
8         M:ssh_in
31        155 2.0000 1.8200 0.6000 0.0000
8         M:www_in
31        155 1.0000 0.9100 0.3000 0.0000
14        M:cfengine_out
31        155 5.0000 4.5500 1.5000 0.0000
13        M:cfengine_in
31        155 1.0000 0.9100 0.3000 0.0000
9         M:loadavg
31        155 0.2126 0.1705 0.1909 0.0000
10        M:diskfree
34        155 60.5000 55.0550 18.2248 0.0000
12        M:otherprocs
33        155 26.0000 23.6600 7.8000 0.0000
11        M:rootprocs
36        155 113.5000 103.3900 33.7037 0.0000
7         M:users
31        155 8.0000 7.2800 2.4000 0.0000
# send QUERY complete successful
