# delta from 1679731458 to 1679731519 at 1679731519
22        CFR: 0 1679731518 1960
3         PRD
56        DBReportCollectAll,0.111670,0.392281,0.425873,1679731459
60        Packing reports: delta,0.061777,0.122160,0.194200,1679731459
3         EXS
16        f,321,1679731429
3         MOM
15        M:entropy_avail
35        1536 74.0000 88.5500 48.5000 0.0000
12        M:mem_cached
40        1536 3822.6094 3478.4859 959.7144 0.0000
10        M:mem_free
38        1536 7744.2258 7744.2258 0.0000 0.0000
11        M:mem_total
40        1536 11072.0285 11072.0285 0.0000 0.0000
16        M:io_writtendata
32        1536 0.0938 0.0855 0.0274 0.0000
11        M:io_writes
32        1536 6.0000 5.0400 3.2447 0.0000
13        M:postgres_in
32        1536 1.0000 0.9100 0.3000 0.0000
6         M:cpu3
32        1536 1.4109 1.0858 0.9317 0.0000
6         M:cpu2
32        1536 7.0951 5.1081 5.5501 0.0000
6         M:cpu1
32        1536 1.6085 1.2072 1.1330 0.0000
6         M:cpu0
35        1536 14.5407 10.3131 11.7940 0.0000
5         M:cpu
33        1536 11.9076 8.4496 9.6472 0.0000
8         M:syslog
37        1536 167.0000 147.3500 65.5000 0.0000
8         M:ssh_in
32        1536 2.0000 1.8200 0.6000 0.0000
8         M:www_in
32        1536 1.0000 0.9100 0.3000 0.0000
14        M:cfengine_out
32        1536 5.0000 4.5500 1.5000 0.0000
13        M:cfengine_in
32        1536 1.0000 0.9100 0.3000 0.0000
9         M:loadavg
32        1536 0.7598 0.5448 0.6003 0.0000
10        M:diskfree
35        1536 49.0000 44.5900 14.7000 0.0000
12        M:otherprocs
34        1536 26.0000 23.6600 7.8000 0.0000
11        M:rootprocs
37        1536 116.0000 105.1400 36.2000 0.0000
7         M:users
32        1536 8.0000 7.2800 2.4000 0.0000
3         MOY
15        M:entropy_avail
36        155 323.0000 297.6050 79.9482 0.0000
12        M:mem_cached
39        155 2526.1133 2298.4965 696.2697 0.0000
16        M:io_writtendata
31        155 0.2939 0.2241 0.2132 0.0000
11        M:io_writes
34        155 16.0000 12.2500 11.5973 0.0000
13        M:postgres_in
31        155 1.0000 0.9100 0.3000 0.0000
6         M:cpu3
31        155 9.2585 6.6064 9.9586 0.0000
6         M:cpu2
31        155 1.2023 0.9735 0.7040 0.0000
6         M:cpu1
33        155 11.0003 7.8207 12.0038 0.0000
6         M:cpu0
31        155 5.6586 4.0823 5.7035 0.0000
5         M:cpu
31        155 8.5900 6.1378 9.1662 0.0000
8         M:syslog
38        155 1068.5000 778.2950 812.0638 0.0000
8         M:ssh_in
31        155 2.0000 1.8200 0.6000 0.0000
8         M:www_in
31        155 1.0000 0.9100 0.3000 0.0000
14        M:cfengine_out
31        155 5.0000 4.5500 1.5000 0.0000
13        M:cfengine_in
31        155 1.0000 0.9100 0.3000 0.0000
9         M:loadavg
31        155 0.2126 0.1705 0.1909 0.0000
10        M:diskfree
34        155 60.5000 55.0550 18.2248 0.0000
12        M:otherprocs
33        155 26.0000 23.6600 7.8000 0.0000
11        M:rootprocs
36        155 113.5000 103.3900 33.7037 0.0000
7         M:users
31        155 8.0000 7.2800 2.4000 0.0000
# send QUERY complete successful
