# delta from 1679699058 to 1679699119 at 1679699119
22        CFR: 0 1679699118 2058
3         PRD
56        DBReportCollectAll,0.047076,0.318961,0.346632,1679699059
60        Packing reports: delta,0.030508,0.102934,0.124075,1679699059
83        Sample(/proc/sys/kernel/random/entropy_avail),0.006186,0.003826,0.007066,1679699095
3         EXS
16        f,320,1679699041
3         MOM
15        M:entropy_avail
38        1428 143.0000 107.4500 100.4332 0.0000
12        M:mem_cached
40        1428 3531.7734 3213.3954 887.9140 0.0000
10        M:mem_free
38        1428 7986.5762 7986.5762 0.0000 0.0000
11        M:mem_total
40        1428 11072.0285 11072.0285 0.0000 0.0000
16        M:io_writtendata
32        1428 0.2578 0.1944 0.1794 0.0000
11        M:io_writes
35        1428 16.0000 12.0400 11.1950 0.0000
13        M:postgres_in
32        1428 1.0000 0.9100 0.3000 0.0000
6         M:cpu3
32        1428 3.4070 2.5459 2.4269 0.0000
6         M:cpu2
33        1428 12.1381 8.6523 9.7275 0.0000
6         M:cpu1
35        1428 20.6132 14.5469 16.9203 0.0000
6         M:cpu0
34        1428 13.6794 9.6960 11.1123 0.0000
5         M:cpu
35        1428 15.8560 11.2372 12.8848 0.0000
8         M:syslog
41        1428 1553.0000 1117.5500 1216.2285 0.0000
8         M:ssh_in
32        1428 2.0000 2.0300 0.1000 0.0000
8         M:www_in
32        1428 1.0000 0.9100 0.3000 0.0000
14        M:cfengine_out
32        1428 5.0000 4.5500 1.5000 0.0000
13        M:cfengine_in
32        1428 1.0000 0.9100 0.3000 0.0000
9         M:loadavg
32        1428 0.5518 0.4155 0.3854 0.0000
10        M:diskfree
35        1428 53.0000 48.2300 15.9000 0.0000
12        M:otherprocs
34        1428 26.0000 23.6600 7.8000 0.0000
11        M:rootprocs
37        1428 114.0000 103.7400 34.2000 0.0000
7         M:users
32        1428 8.0000 7.2800 2.4000 0.0000
3         MOY
15        M:entropy_avail
36        155 323.0000 297.6050 79.9482 0.0000
12        M:mem_cached
39        155 2526.1133 2298.4965 696.2697 0.0000
16        M:io_writtendata
31        155 0.2939 0.2241 0.2132 0.0000
11        M:io_writes
34        155 16.0000 12.2500 11.5973 0.0000
13        M:postgres_in
31        155 1.0000 0.9100 0.3000 0.0000
6         M:cpu3
31        155 9.2585 6.6064 9.9586 0.0000
6         M:cpu2
31        155 1.2023 0.9735 0.7040 0.0000
6         M:cpu1
33        155 11.0003 7.8207 12.0038 0.0000
6         M:cpu0
31        155 5.6586 4.0823 5.7035 0.0000
5         M:cpu
31        155 8.5900 6.1378 9.1662 0.0000
8         M:syslog
38        155 1068.5000 778.2950 812.0638 0.0000
8         M:ssh_in
31        155 2.0000 1.8200 0.6000 0.0000
8         M:www_in
31        155 1.0000 0.9100 0.3000 0.0000
14        M:cfengine_out
31        155 5.0000 4.5500 1.5000 0.0000
13        M:cfengine_in
31        155 1.0000 0.9100 0.3000 0.0000
9         M:loadavg
31        155 0.2126 0.1705 0.1909 0.0000
10        M:diskfree
34        155 60.5000 55.0550 18.2248 0.0000
12        M:otherprocs
33        155 26.0000 23.6600 7.8000 0.0000
11        M:rootprocs
36        155 113.5000 103.3900 33.7037 0.0000
7         M:users
31        155 8.0000 7.2800 2.4000 0.0000
# send QUERY complete successful
