# delta from 1679727918 to 1679727979 at 1679727979
22        CFR: 0 1679727978 2046
3         PRD
56        DBReportCollectAll,0.044711,0.326798,0.285148,1679727919
60        Packing reports: delta,0.038486,0.078270,0.067002,1679727919
83        Sample(/proc/sys/kernel/random/entropy_avail),0.005083,0.002584,0.002958,1679727947
3         EXS
16        f,319,1679727831
3         MOM
15        M:entropy_avail
38        1525 168.0000 117.6000 140.5589 0.0000
12        M:mem_cached
38        1525 3793.3125 2655.3187 0.0000 0.0000
10        M:mem_free
39        1525 11099.1094 7769.3766 0.0000 0.0000
11        M:mem_total
40        1525 15817.1836 11072.0285 0.0000 0.0000
16        M:io_writtendata
32        1525 0.2119 0.1483 0.1773 0.0000
11        M:io_writes
33        1525 10.0000 7.0000 8.3666 0.0000
13        M:postgres_in
32        1525 1.0000 0.7000 0.8367 0.0000
6         M:cpu3
32        1525 1.1944 0.8361 0.9993 0.0000
6         M:cpu2
32        1525 4.4244 3.0971 3.7017 0.0000
6         M:cpu1
32        1525 9.4933 6.6453 7.9427 0.0000
6         M:cpu0
33        1525 10.6508 7.4556 8.9111 0.0000
5         M:cpu
32        1525 6.4358 4.5050 5.3846 0.0000
8         M:syslog
40        1525 1299.0000 909.3000 1086.8214 0.0000
8         M:ssh_in
32        1525 2.0000 1.4000 1.6733 0.0000
8         M:www_in
32        1525 1.0000 0.7000 0.8367 0.0000
14        M:cfengine_out
32        1525 5.0000 3.5000 4.1833 0.0000
13        M:cfengine_in
32        1525 1.0000 0.7000 0.8367 0.0000
9         M:loadavg
32        1525 0.1440 0.1008 0.1205 0.0000
10        M:diskfree
35        1525 50.0000 35.0000 41.8330 0.0000
12        M:otherprocs
35        1525 26.0000 18.2000 21.7532 0.0000
11        M:rootprocs
36        1525 114.0000 79.8000 95.3792 0.0000
7         M:users
32        1525 8.0000 5.6000 6.6933 0.0000
3         MOY
15        M:entropy_avail
36        155 323.0000 297.6050 79.9482 0.0000
12        M:mem_cached
39        155 2526.1133 2298.4965 696.2697 0.0000
16        M:io_writtendata
31        155 0.2939 0.2241 0.2132 0.0000
11        M:io_writes
34        155 16.0000 12.2500 11.5973 0.0000
13        M:postgres_in
31        155 1.0000 0.9100 0.3000 0.0000
6         M:cpu3
31        155 9.2585 6.6064 9.9586 0.0000
6         M:cpu2
31        155 1.2023 0.9735 0.7040 0.0000
6         M:cpu1
33        155 11.0003 7.8207 12.0038 0.0000
6         M:cpu0
31        155 5.6586 4.0823 5.7035 0.0000
5         M:cpu
31        155 8.5900 6.1378 9.1662 0.0000
8         M:syslog
38        155 1068.5000 778.2950 812.0638 0.0000
8         M:ssh_in
31        155 2.0000 1.8200 0.6000 0.0000
8         M:www_in
31        155 1.0000 0.9100 0.3000 0.0000
14        M:cfengine_out
31        155 5.0000 4.5500 1.5000 0.0000
13        M:cfengine_in
31        155 1.0000 0.9100 0.3000 0.0000
9         M:loadavg
31        155 0.2126 0.1705 0.1909 0.0000
10        M:diskfree
34        155 60.5000 55.0550 18.2248 0.0000
12        M:otherprocs
33        155 26.0000 23.6600 7.8000 0.0000
11        M:rootprocs
36        155 113.5000 103.3900 33.7037 0.0000
7         M:users
31        155 8.0000 7.2800 2.4000 0.0000
# send QUERY complete successful
