# delta from 1679705718 to 1679705779 at 1679705779
22        CFR: 0 1679705778 1969
3         PRD
56        DBReportCollectAll,0.046167,0.327271,0.291941,1679705719
60        Packing reports: delta,0.036323,0.131938,0.132656,1679705719
3         EXS
16        f,288,1679705615
3         MOM
15        M:entropy_avail
38        1451 163.0000 114.1000 136.3756 0.0000
12        M:mem_cached
38        1451 3596.3750 2517.4625 0.0000 0.0000
10        M:mem_free
39        1451 11279.1914 7895.4340 0.0000 0.0000
11        M:mem_total
40        1451 15817.1836 11072.0285 0.0000 0.0000
16        M:io_writtendata
32        1451 0.4111 0.2878 0.3440 0.0000
11        M:io_writes
35        1451 20.0000 14.0000 16.7332 0.0000
13        M:postgres_in
32        1451 1.0000 0.7000 0.8367 0.0000
6         M:cpu3
35        1451 14.6620 10.2634 12.2671 0.0000
6         M:cpu2
32        1451 6.8529 4.7970 5.7335 0.0000
6         M:cpu1
35        1451 17.4035 12.1824 14.5608 0.0000
6         M:cpu0
32        1451 2.1746 1.5222 1.8194 0.0000
5         M:cpu
33        1451 10.2755 7.1929 8.5971 0.0000
8         M:syslog
38        1451 813.0000 569.1000 680.2046 0.0000
8         M:ssh_in
32        1451 2.0000 1.4000 1.6733 0.0000
8         M:www_in
32        1451 1.0000 0.7000 0.8367 0.0000
14        M:cfengine_out
32        1451 5.0000 3.5000 4.1833 0.0000
13        M:cfengine_in
32        1451 1.0000 0.7000 0.8367 0.0000
9         M:loadavg
32        1451 0.4956 0.3469 0.4147 0.0000
10        M:diskfree
35        1451 52.0000 36.4000 43.5063 0.0000
12        M:otherprocs
35        1451 26.0000 18.2000 21.7532 0.0000
11        M:rootprocs
36        1451 116.0000 81.2000 97.0526 0.0000
7         M:users
32        1451 8.0000 5.6000 6.6933 0.0000
3         MOY
15        M:entropy_avail
36        155 323.0000 297.6050 79.9482 0.0000
12        M:mem_cached
39        155 2526.1133 2298.4965 696.2697 0.0000
16        M:io_writtendata
31        155 0.2939 0.2241 0.2132 0.0000
11        M:io_writes
34        155 16.0000 12.2500 11.5973 0.0000
13        M:postgres_in
31        155 1.0000 0.9100 0.3000 0.0000
6         M:cpu3
31        155 9.2585 6.6064 9.9586 0.0000
6         M:cpu2
31        155 1.2023 0.9735 0.7040 0.0000
6         M:cpu1
33        155 11.0003 7.8207 12.0038 0.0000
6         M:cpu0
31        155 5.6586 4.0823 5.7035 0.0000
5         M:cpu
31        155 8.5900 6.1378 9.1662 0.0000
8         M:syslog
38        155 1068.5000 778.2950 812.0638 0.0000
8         M:ssh_in
31        155 2.0000 1.8200 0.6000 0.0000
8         M:www_in
31        155 1.0000 0.9100 0.3000 0.0000
14        M:cfengine_out
31        155 5.0000 4.5500 1.5000 0.0000
13        M:cfengine_in
31        155 1.0000 0.9100 0.3000 0.0000
9         M:loadavg
31        155 0.2126 0.1705 0.1909 0.0000
10        M:diskfree
34        155 60.5000 55.0550 18.2248 0.0000
12        M:otherprocs
33        155 26.0000 23.6600 7.8000 0.0000
11        M:rootprocs
36        155 113.5000 103.3900 33.7037 0.0000
7         M:users
31        155 8.0000 7.2800 2.4000 0.0000
# send QUERY complete successful
