# delta from 1679701158 to 1679701219 at 1679701219
22        CFR: 0 1679701218 2059
3         PRD
56        DBReportCollectAll,0.082918,0.339907,0.371504,1679701159
60        Packing reports: delta,0.031910,0.101825,0.097186,1679701159
83        Sample(/proc/sys/kernel/random/entropy_avail),0.004698,0.002207,0.001763,1679701199
3         EXS
16        f,321,1679701142
3         MOM
15        M:entropy_avail
38        1435 157.0000 118.5100 108.9754 0.0000
12        M:mem_cached
40        1435 3550.3633 3230.3187 892.5617 0.0000
10        M:mem_free
40        1435 11375.3984 10353.4164 0.0000 0.0000
11        M:mem_total
40        1435 15817.1836 14393.6371 0.0000 0.0000
16        M:io_writtendata
32        1435 0.5127 0.3714 0.3950 0.0000
11        M:io_writes
35        1435 28.0000 20.4400 21.1634 0.0000
13        M:postgres_in
32        1435 1.0000 0.9100 0.3000 0.0000
6         M:cpu3
32        1435 5.0282 3.6612 3.8247 0.0000
6         M:cpu2
35        1435 29.4849 20.7739 24.2957 0.0000
6         M:cpu1
32        1435 2.6063 1.9547 1.8392 0.0000
6         M:cpu0
35        1435 26.5871 18.7453 21.8717 0.0000
5         M:cpu
35        1435 15.9393 11.2923 12.9632 0.0000
8         M:syslog
40        1435 1324.0000 957.2500 1024.9730 0.0000
8         M:ssh_in
32        1435 2.0000 1.8200 0.6000 0.0000
8         M:www_in
32        1435 1.0000 0.9100 0.3000 0.0000
14        M:cfengine_out
32        1435 5.0000 4.5500 1.5000 0.0000
13        M:cfengine_in
32        1435 1.0000 0.9100 0.3000 0.0000
9         M:loadavg
32        1435 0.3999 0.3288 0.2251 0.0000
10        M:diskfree
35        1435 52.0000 47.3200 15.6000 0.0000
12        M:otherprocs
34        1435 26.0000 23.6600 7.8000 0.0000
11        M:rootprocs
37        1435 114.0000 103.7400 34.2000 0.0000
7         M:users
32        1435 8.0000 7.2800 2.4000 0.0000
3         MOY
15        M:entropy_avail
36        155 323.0000 297.6050 79.9482 0.0000
12        M:mem_cached
39        155 2526.1133 2298.4965 696.2697 0.0000
16        M:io_writtendata
31        155 0.2939 0.2241 0.2132 0.0000
11        M:io_writes
34        155 16.0000 12.2500 11.5973 0.0000
13        M:postgres_in
31        155 1.0000 0.9100 0.3000 0.0000
6         M:cpu3
31        155 9.2585 6.6064 9.9586 0.0000
6         M:cpu2
31        155 1.2023 0.9735 0.7040 0.0000
6         M:cpu1
33        155 11.0003 7.8207 12.0038 0.0000
6         M:cpu0
31        155 5.6586 4.0823 5.7035 0.0000
5         M:cpu
31        155 8.5900 6.1378 9.1662 0.0000
8         M:syslog
38        155 1068.5000 778.2950 812.0638 0.0000
8         M:ssh_in
31        155 2.0000 1.8200 0.6000 0.0000
8         M:www_in
31        155 1.0000 0.9100 0.3000 0.0000
14        M:cfengine_out
31        155 5.0000 4.5500 1.5000 0.0000
13        M:cfengine_in
31        155 1.0000 0.9100 0.3000 0.0000
9         M:loadavg
31        155 0.2126 0.1705 0.1909 0.0000
10        M:diskfree
34        155 60.5000 55.0550 18.2248 0.0000
12        M:otherprocs
33        155 26.0000 23.6600 7.8000 0.0000
11        M:rootprocs
36        155 113.5000 103.3900 33.7037 0.0000
7         M:users
31        155 8.0000 7.2800 2.4000 0.0000
# send QUERY complete successful
