# delta from 1679739019 to 1679739079 at 1679739079
22        CFR: 0 1679739078 2046
3         PRD
56        DBReportCollectAll,0.049231,0.367879,0.411518,1679739020
60        Packing reports: delta,0.052594,0.172040,0.230692,1679739020
83        Sample(/proc/sys/kernel/random/entropy_avail),0.005757,0.003315,0.002083,1679739066
3         EXS
16        f,321,1679738941
3         MOM
15        M:entropy_avail
38        1562 203.0000 142.1000 169.8420 0.0000
12        M:mem_cached
38        1562 3890.1523 2723.1066 0.0000 0.0000
10        M:mem_free
39        1562 10967.7852 7677.4496 0.0000 0.0000
11        M:mem_total
40        1562 15817.1836 11072.0285 0.0000 0.0000
16        M:io_writtendata
32        1562 0.4141 0.2898 0.3464 0.0000
11        M:io_writes
35        1562 24.0000 16.8000 20.0798 0.0000
13        M:postgres_in
32        1562 1.0000 0.7000 0.8367 0.0000
6         M:cpu3
32        1562 0.9146 0.6402 0.7652 0.0000
6         M:cpu2
33        1562 11.2247 7.8573 9.3913 0.0000
6         M:cpu1
32        1562 2.9575 2.0702 2.4744 0.0000
6         M:cpu0
32        1562 4.1302 2.8912 3.4556 0.0000
5         M:cpu
32        1562 4.8038 3.3627 4.0191 0.0000
8         M:syslog
38        1562 821.0000 574.7000 686.8979 0.0000
8         M:ssh_in
32        1562 2.0000 1.4000 1.6733 0.0000
8         M:www_in
32        1562 2.0000 1.4000 1.6733 0.0000
14        M:cfengine_out
32        1562 5.0000 3.5000 4.1833 0.0000
13        M:cfengine_in
32        1562 1.0000 0.7000 0.8367 0.0000
9         M:loadavg
32        1562 0.1401 0.0981 0.1172 0.0000
10        M:diskfree
35        1562 49.0000 34.3000 40.9963 0.0000
12        M:otherprocs
35        1562 26.0000 18.2000 21.7532 0.0000
11        M:rootprocs
36        1562 114.0000 79.8000 95.3792 0.0000
7         M:users
32        1562 8.0000 5.6000 6.6933 0.0000
3         MOY
15        M:entropy_avail
36        155 323.0000 297.6050 79.9482 0.0000
12        M:mem_cached
39        155 2526.1133 2298.4965 696.2697 0.0000
16        M:io_writtendata
31        155 0.2939 0.2241 0.2132 0.0000
11        M:io_writes
34        155 16.0000 12.2500 11.5973 0.0000
13        M:postgres_in
31        155 1.0000 0.9100 0.3000 0.0000
6         M:cpu3
31        155 9.2585 6.6064 9.9586 0.0000
6         M:cpu2
31        155 1.2023 0.9735 0.7040 0.0000
6         M:cpu1
33        155 11.0003 7.8207 12.0038 0.0000
6         M:cpu0
31        155 5.6586 4.0823 5.7035 0.0000
5         M:cpu
31        155 8.5900 6.1378 9.1662 0.0000
8         M:syslog
38        155 1068.5000 778.2950 812.0638 0.0000
8         M:ssh_in
31        155 2.0000 1.8200 0.6000 0.0000
8         M:www_in
31        155 1.0000 0.9100 0.3000 0.0000
14        M:cfengine_out
31        155 5.0000 4.5500 1.5000 0.0000
13        M:cfengine_in
31        155 1.0000 0.9100 0.3000 0.0000
9         M:loadavg
31        155 0.2126 0.1705 0.1909 0.0000
10        M:diskfree
34        155 60.5000 55.0550 18.2248 0.0000
12        M:otherprocs
33        155 26.0000 23.6600 7.8000 0.0000
11        M:rootprocs
36        155 113.5000 103.3900 33.7037 0.0000
7         M:users
31        155 8.0000 7.2800 2.4000 0.0000
# send QUERY complete successful
