# delta from 1679703318 to 1679703379 at 1679703379
22        CFR: 0 1679703378 1970
3         PRD
56        DBReportCollectAll,0.079871,0.341477,0.274894,1679703319
60        Packing reports: delta,0.030737,0.121604,0.101924,1679703319
3         EXS
16        f,320,1679703241
3         MOM
15        M:entropy_avail
38        1443 155.0000 108.5000 129.6823 0.0000
12        M:mem_cached
38        1443 3575.7812 2503.0469 0.0000 0.0000
10        M:mem_free
39        1443 11308.3789 7915.8652 0.0000 0.0000
11        M:mem_total
40        1443 15817.1836 11072.0285 0.0000 0.0000
16        M:io_writtendata
32        1443 0.2676 0.1873 0.2239 0.0000
11        M:io_writes
34        1443 14.0000 9.8000 11.7132 0.0000
13        M:postgres_in
32        1443 1.0000 0.7000 0.8367 0.0000
6         M:cpu3
32        1443 4.7243 3.3070 3.9526 0.0000
6         M:cpu2
35        1443 24.8098 17.3668 20.7573 0.0000
6         M:cpu1
32        1443 9.1025 6.3717 7.6157 0.0000
6         M:cpu0
35        1443 22.6288 15.8401 18.9326 0.0000
5         M:cpu
35        1443 15.3320 10.7324 12.8276 0.0000
8         M:syslog
38        1443 983.0000 688.1000 822.4368 0.0000
8         M:ssh_in
32        1443 2.0000 1.4000 1.6733 0.0000
8         M:www_in
32        1443 1.0000 0.7000 0.8367 0.0000
14        M:cfengine_out
32        1443 5.0000 3.5000 4.1833 0.0000
13        M:cfengine_in
32        1443 2.0000 1.4000 1.6733 0.0000
9         M:loadavg
32        1443 0.2778 0.1945 0.2325 0.0000
10        M:diskfree
35        1443 52.0000 36.4000 43.5063 0.0000
12        M:otherprocs
35        1443 26.0000 18.2000 21.7532 0.0000
11        M:rootprocs
36        1443 115.0000 80.5000 96.2159 0.0000
7         M:users
32        1443 8.0000 5.6000 6.6933 0.0000
3         MOY
15        M:entropy_avail
36        155 323.0000 297.6050 79.9482 0.0000
12        M:mem_cached
39        155 2526.1133 2298.4965 696.2697 0.0000
16        M:io_writtendata
31        155 0.2939 0.2241 0.2132 0.0000
11        M:io_writes
34        155 16.0000 12.2500 11.5973 0.0000
13        M:postgres_in
31        155 1.0000 0.9100 0.3000 0.0000
6         M:cpu3
31        155 9.2585 6.6064 9.9586 0.0000
6         M:cpu2
31        155 1.2023 0.9735 0.7040 0.0000
6         M:cpu1
33        155 11.0003 7.8207 12.0038 0.0000
6         M:cpu0
31        155 5.6586 4.0823 5.7035 0.0000
5         M:cpu
31        155 8.5900 6.1378 9.1662 0.0000
8         M:syslog
38        155 1068.5000 778.2950 812.0638 0.0000
8         M:ssh_in
31        155 2.0000 1.8200 0.6000 0.0000
8         M:www_in
31        155 1.0000 0.9100 0.3000 0.0000
14        M:cfengine_out
31        155 5.0000 4.5500 1.5000 0.0000
13        M:cfengine_in
31        155 1.0000 0.9100 0.3000 0.0000
9         M:loadavg
31        155 0.2126 0.1705 0.1909 0.0000
10        M:diskfree
34        155 60.5000 55.0550 18.2248 0.0000
12        M:otherprocs
33        155 26.0000 23.6600 7.8000 0.0000
11        M:rootprocs
36        155 113.5000 103.3900 33.7037 0.0000
7         M:users
31        155 8.0000 7.2800 2.4000 0.0000
# send QUERY complete successful
