# delta from 1679718618 to 1679718679 at 1679718679
22        CFR: 0 1679718678 2047
3         PRD
56        DBReportCollectAll,0.097215,0.332660,0.262694,1679718619
60        Packing reports: delta,0.033119,0.109684,0.097686,1679718619
83        Sample(/proc/sys/kernel/random/entropy_avail),0.005515,0.003041,0.002366,1679718631
3         EXS
16        f,277,1679718488
3         MOM
15        M:entropy_avail
38        1494 157.0000 109.9000 131.3556 0.0000
12        M:mem_cached
38        1494 3712.6719 2598.8703 0.0000 0.0000
10        M:mem_free
39        1494 11186.6602 7830.6621 0.0000 0.0000
11        M:mem_total
40        1494 15817.1836 11072.0285 0.0000 0.0000
16        M:io_writtendata
32        1494 0.2256 0.1579 0.1887 0.0000
11        M:io_writes
34        1494 12.0000 8.4000 10.0399 0.0000
13        M:postgres_in
32        1494 1.0000 0.7000 0.8367 0.0000
6         M:cpu3
32        1494 1.9408 1.3586 1.6238 0.0000
6         M:cpu2
32        1494 1.9641 1.3748 1.6432 0.0000
6         M:cpu1
32        1494 0.9214 0.6449 0.7709 0.0000
6         M:cpu0
32        1494 3.2053 2.2437 2.6818 0.0000
5         M:cpu
32        1494 2.0079 1.4055 1.6799 0.0000
8         M:syslog
41        1494 1783.0000 1248.1000 1491.7648 0.0000
8         M:ssh_in
32        1494 3.0000 2.1000 2.5100 0.0000
8         M:www_in
32        1494 1.0000 0.7000 0.8367 0.0000
14        M:cfengine_out
32        1494 5.0000 3.5000 4.1833 0.0000
13        M:cfengine_in
32        1494 1.0000 0.7000 0.8367 0.0000
9         M:loadavg
32        1494 0.2202 0.1542 0.1842 0.0000
10        M:diskfree
35        1494 51.0000 35.7000 42.6697 0.0000
12        M:otherprocs
35        1494 26.0000 18.2000 21.7532 0.0000
11        M:rootprocs
36        1494 114.0000 79.8000 95.3792 0.0000
7         M:users
32        1494 8.0000 5.6000 6.6933 0.0000
3         MOY
15        M:entropy_avail
36        155 323.0000 297.6050 79.9482 0.0000
12        M:mem_cached
39        155 2526.1133 2298.4965 696.2697 0.0000
16        M:io_writtendata
31        155 0.2939 0.2241 0.2132 0.0000
11        M:io_writes
34        155 16.0000 12.2500 11.5973 0.0000
13        M:postgres_in
31        155 1.0000 0.9100 0.3000 0.0000
6         M:cpu3
31        155 9.2585 6.6064 9.9586 0.0000
6         M:cpu2
31        155 1.2023 0.9735 0.7040 0.0000
6         M:cpu1
33        155 11.0003 7.8207 12.0038 0.0000
6         M:cpu0
31        155 5.6586 4.0823 5.7035 0.0000
5         M:cpu
31        155 8.5900 6.1378 9.1662 0.0000
8         M:syslog
38        155 1068.5000 778.2950 812.0638 0.0000
8         M:ssh_in
31        155 2.0000 1.8200 0.6000 0.0000
8         M:www_in
31        155 1.0000 0.9100 0.3000 0.0000
14        M:cfengine_out
31        155 5.0000 4.5500 1.5000 0.0000
13        M:cfengine_in
31        155 1.0000 0.9100 0.3000 0.0000
9         M:loadavg
31        155 0.2126 0.1705 0.1909 0.0000
10        M:diskfree
34        155 60.5000 55.0550 18.2248 0.0000
12        M:otherprocs
33        155 26.0000 23.6600 7.8000 0.0000
11        M:rootprocs
36        155 113.5000 103.3900 33.7037 0.0000
7         M:users
31        155 8.0000 7.2800 2.4000 0.0000
# send QUERY complete successful
