# delta from 1679735298 to 1679735359 at 1679735359
22        CFR: 0 1679735358 2100
3         PRD
56        DBReportCollectAll,0.065976,0.390347,0.415128,1679735299
60        Packing reports: delta,0.060508,0.162876,0.130628,1679735299
83        Sample(/proc/sys/kernel/random/entropy_avail),0.004585,0.002103,0.001808,1679735309
3         EXS
16        f,277,1679735289
3         MOM
15        M:entropy_avail
35        1549 88.0000 99.4000 38.0000 0.0000
12        M:mem_cached
40        1549 3859.1133 3511.2894 970.0344 0.0000
10        M:mem_free
40        1549 11014.1719 10022.9891 0.0000 0.0000
11        M:mem_total
40        1549 15817.1836 14393.6371 0.0000 0.0000
16        M:io_writtendata
32        1549 0.4023 0.3272 0.2320 0.0000
13        M:io_readdata
32        1549 0.0400 0.0280 0.0335 0.0000
11        M:io_writes
34        1549 18.0000 15.1200 9.7341 0.0000
13        M:postgres_in
32        1549 1.0000 0.9100 0.3000 0.0000
6         M:cpu3
35        1549 22.4143 16.3767 16.9045 0.0000
6         M:cpu2
32        1549 1.9476 1.5995 1.0991 0.0000
6         M:cpu1
35        1549 34.2544 24.1423 28.2036 0.0000
6         M:cpu0
32        1549 5.4844 4.2463 3.5655 0.0000
5         M:cpu
35        1549 16.0535 11.6113 12.4153 0.0000
8         M:syslog
40        1549 1596.0000 1441.2300 515.9000 0.0000
8         M:ssh_in
32        1549 2.0000 1.8200 0.6000 0.0000
8         M:www_in
32        1549 1.0000 0.9100 0.3000 0.0000
14        M:cfengine_out
32        1549 5.0000 4.5500 1.5000 0.0000
13        M:cfengine_in
32        1549 1.0000 0.9100 0.3000 0.0000
9         M:loadavg
32        1549 0.5225 0.3808 0.3965 0.0000
10        M:diskfree
35        1549 49.0000 44.5900 14.7000 0.0000
12        M:otherprocs
34        1549 26.0000 23.6600 7.8000 0.0000
11        M:rootprocs
37        1549 117.0000 106.2600 35.8000 0.0000
7         M:users
32        1549 8.0000 7.2800 2.4000 0.0000
3         MOY
15        M:entropy_avail
36        155 323.0000 297.6050 79.9482 0.0000
12        M:mem_cached
39        155 2526.1133 2298.4965 696.2697 0.0000
16        M:io_writtendata
31        155 0.2939 0.2241 0.2132 0.0000
11        M:io_writes
34        155 16.0000 12.2500 11.5973 0.0000
13        M:postgres_in
31        155 1.0000 0.9100 0.3000 0.0000
6         M:cpu3
31        155 9.2585 6.6064 9.9586 0.0000
6         M:cpu2
31        155 1.2023 0.9735 0.7040 0.0000
6         M:cpu1
33        155 11.0003 7.8207 12.0038 0.0000
6         M:cpu0
31        155 5.6586 4.0823 5.7035 0.0000
5         M:cpu
31        155 8.5900 6.1378 9.1662 0.0000
8         M:syslog
38        155 1068.5000 778.2950 812.0638 0.0000
8         M:ssh_in
31        155 2.0000 1.8200 0.6000 0.0000
8         M:www_in
31        155 1.0000 0.9100 0.3000 0.0000
14        M:cfengine_out
31        155 5.0000 4.5500 1.5000 0.0000
13        M:cfengine_in
31        155 1.0000 0.9100 0.3000 0.0000
9         M:loadavg
31        155 0.2126 0.1705 0.1909 0.0000
10        M:diskfree
34        155 60.5000 55.0550 18.2248 0.0000
12        M:otherprocs
33        155 26.0000 23.6600 7.8000 0.0000
11        M:rootprocs
36        155 113.5000 103.3900 33.7037 0.0000
7         M:users
31        155 8.0000 7.2800 2.4000 0.0000
# send QUERY complete successful
