# delta from 1679735119 to 1679735179 at 1679735179
22        CFR: 0 1679735178 2047
3         PRD
56        DBReportCollectAll,0.061487,0.373535,0.399903,1679735120
60        Packing reports: delta,0.066915,0.160880,0.236444,1679735120
83        Sample(/proc/sys/kernel/random/entropy_avail),0.004721,0.002229,0.002633,1679735159
3         EXS
16        f,288,1679735016
3         MOM
15        M:entropy_avail
38        1549 180.0000 126.0000 150.5988 0.0000
12        M:mem_cached
38        1549 3856.7148 2699.7004 0.0000 0.0000
10        M:mem_free
39        1549 11014.6133 7710.2293 0.0000 0.0000
11        M:mem_total
40        1549 15817.1836 11072.0285 0.0000 0.0000
16        M:io_writtendata
32        1549 0.2168 0.1518 0.1814 0.0000
11        M:io_writes
34        1549 12.0000 8.4000 10.0399 0.0000
13        M:postgres_in
32        1549 1.0000 0.7000 0.8367 0.0000
6         M:cpu3
32        1549 3.2700 2.2890 2.7359 0.0000
6         M:cpu2
32        1549 1.1247 0.7873 0.9410 0.0000
6         M:cpu1
32        1549 0.7821 0.5475 0.6543 0.0000
6         M:cpu0
32        1549 1.9389 1.3572 1.6222 0.0000
5         M:cpu
32        1549 1.7806 1.2464 1.4898 0.0000
8         M:syslog
41        1549 1543.0000 1080.1000 1290.9664 0.0000
8         M:ssh_in
32        1549 2.0000 1.4000 1.6733 0.0000
8         M:www_in
32        1549 1.0000 0.7000 0.8367 0.0000
14        M:cfengine_out
32        1549 5.0000 3.5000 4.1833 0.0000
13        M:cfengine_in
32        1549 1.0000 0.7000 0.8367 0.0000
9         M:loadavg
32        1549 0.0718 0.0502 0.0601 0.0000
10        M:diskfree
35        1549 49.0000 34.3000 40.9963 0.0000
12        M:otherprocs
35        1549 26.0000 18.2000 21.7532 0.0000
11        M:rootprocs
36        1549 116.0000 81.2000 97.0526 0.0000
7         M:users
32        1549 8.0000 5.6000 6.6933 0.0000
3         MOY
15        M:entropy_avail
36        155 323.0000 297.6050 79.9482 0.0000
12        M:mem_cached
39        155 2526.1133 2298.4965 696.2697 0.0000
16        M:io_writtendata
31        155 0.2939 0.2241 0.2132 0.0000
11        M:io_writes
34        155 16.0000 12.2500 11.5973 0.0000
13        M:postgres_in
31        155 1.0000 0.9100 0.3000 0.0000
6         M:cpu3
31        155 9.2585 6.6064 9.9586 0.0000
6         M:cpu2
31        155 1.2023 0.9735 0.7040 0.0000
6         M:cpu1
33        155 11.0003 7.8207 12.0038 0.0000
6         M:cpu0
31        155 5.6586 4.0823 5.7035 0.0000
5         M:cpu
31        155 8.5900 6.1378 9.1662 0.0000
8         M:syslog
38        155 1068.5000 778.2950 812.0638 0.0000
8         M:ssh_in
31        155 2.0000 1.8200 0.6000 0.0000
8         M:www_in
31        155 1.0000 0.9100 0.3000 0.0000
14        M:cfengine_out
31        155 5.0000 4.5500 1.5000 0.0000
13        M:cfengine_in
31        155 1.0000 0.9100 0.3000 0.0000
9         M:loadavg
31        155 0.2126 0.1705 0.1909 0.0000
10        M:diskfree
34        155 60.5000 55.0550 18.2248 0.0000
12        M:otherprocs
33        155 26.0000 23.6600 7.8000 0.0000
11        M:rootprocs
36        155 113.5000 103.3900 33.7037 0.0000
7         M:users
31        155 8.0000 7.2800 2.4000 0.0000
# send QUERY complete successful
