# delta from 1679717778 to 1679717839 at 1679717839
22        CFR: 0 1679717838 1964
3         PRD
56        DBReportCollectAll,0.061909,0.296858,0.242888,1679717779
60        Packing reports: delta,0.033672,0.113378,0.113297,1679717779
3         EXS
16        f,287,1679717606
3         MOM
15        M:entropy_avail
38        1491 164.0000 114.8000 137.2122 0.0000
12        M:mem_cached
38        1491 3705.3672 2593.7570 0.0000 0.0000
10        M:mem_free
39        1491 11195.0781 7836.5547 0.0000 0.0000
11        M:mem_total
40        1491 15817.1836 11072.0285 0.0000 0.0000
16        M:io_writtendata
32        1491 0.2344 0.1641 0.1961 0.0000
11        M:io_writes
33        1491 10.0000 7.0000 8.3666 0.0000
13        M:postgres_in
32        1491 1.0000 0.7000 0.8367 0.0000
6         M:cpu3
32        1491 1.7972 1.2580 1.5036 0.0000
6         M:cpu2
35        1491 14.7691 10.3384 12.3567 0.0000
6         M:cpu1
32        1491 0.7537 0.5276 0.6306 0.0000
6         M:cpu0
32        1491 3.8195 2.6736 3.1956 0.0000
5         M:cpu
32        1491 5.2862 3.7004 4.4228 0.0000
8         M:syslog
39        1491 1058.0000 740.6000 885.1863 0.0000
8         M:ssh_in
32        1491 2.0000 1.4000 1.6733 0.0000
8         M:www_in
32        1491 1.0000 0.7000 0.8367 0.0000
14        M:cfengine_out
32        1491 5.0000 3.5000 4.1833 0.0000
13        M:cfengine_in
32        1491 1.0000 0.7000 0.8367 0.0000
9         M:loadavg
32        1491 0.1641 0.1148 0.1373 0.0000
10        M:diskfree
35        1491 51.0000 35.7000 42.6697 0.0000
12        M:otherprocs
35        1491 26.0000 18.2000 21.7532 0.0000
11        M:rootprocs
36        1491 115.0000 80.5000 96.2159 0.0000
7         M:users
32        1491 8.0000 5.6000 6.6933 0.0000
3         MOY
15        M:entropy_avail
36        155 323.0000 297.6050 79.9482 0.0000
12        M:mem_cached
39        155 2526.1133 2298.4965 696.2697 0.0000
16        M:io_writtendata
31        155 0.2939 0.2241 0.2132 0.0000
11        M:io_writes
34        155 16.0000 12.2500 11.5973 0.0000
13        M:postgres_in
31        155 1.0000 0.9100 0.3000 0.0000
6         M:cpu3
31        155 9.2585 6.6064 9.9586 0.0000
6         M:cpu2
31        155 1.2023 0.9735 0.7040 0.0000
6         M:cpu1
33        155 11.0003 7.8207 12.0038 0.0000
6         M:cpu0
31        155 5.6586 4.0823 5.7035 0.0000
5         M:cpu
31        155 8.5900 6.1378 9.1662 0.0000
8         M:syslog
38        155 1068.5000 778.2950 812.0638 0.0000
8         M:ssh_in
31        155 2.0000 1.8200 0.6000 0.0000
8         M:www_in
31        155 1.0000 0.9100 0.3000 0.0000
14        M:cfengine_out
31        155 5.0000 4.5500 1.5000 0.0000
13        M:cfengine_in
31        155 1.0000 0.9100 0.3000 0.0000
9         M:loadavg
31        155 0.2126 0.1705 0.1909 0.0000
10        M:diskfree
34        155 60.5000 55.0550 18.2248 0.0000
12        M:otherprocs
33        155 26.0000 23.6600 7.8000 0.0000
11        M:rootprocs
36        155 113.5000 103.3900 33.7037 0.0000
7         M:users
31        155 8.0000 7.2800 2.4000 0.0000
# send QUERY complete successful
