# delta from 1679676498 to 1679676559 at 1679676559
22        CFR: 0 1679676558 2096
3         PRD
56        DBReportCollectAll,0.091539,0.374591,0.358439,1679676499
60        Packing reports: delta,0.077636,0.195481,0.171327,1679676499
83        Sample(/proc/sys/kernel/random/entropy_avail),0.004700,0.002209,0.001744,1679676555
3         EXS
16        f,277,1679676489
3         MOM
15        M:entropy_avail
36        1353 122.0000 87.9200 95.2035 0.0000
12        M:mem_cached
40        1353 3334.6562 3034.0343 838.3945 0.0000
10        M:mem_free
40        1353 11641.2031 10590.0003 0.0000 0.0000
11        M:mem_total
40        1353 15817.1836 14393.6371 0.0000 0.0000
16        M:io_writtendata
32        1353 0.2402 0.1885 0.1510 0.0000
11        M:io_writes
33        1353 12.0000 9.2400 7.9125 0.0000
13        M:postgres_in
32        1353 1.0000 0.9100 0.3000 0.0000
6         M:cpu3
35        1353 17.6286 12.9161 13.2025 0.0000
6         M:cpu2
32        1353 4.8036 3.5956 3.4071 0.0000
6         M:cpu1
33        1353 13.2369 9.7728 9.7241 0.0000
6         M:cpu0
35        1353 23.3451 16.5874 18.8541 0.0000
5         M:cpu
35        1353 14.7525 10.7172 11.2861 0.0000
8         M:syslog
39        1353 1079.0000 785.7500 820.5301 0.0000
9         M:ssh_out
32        1353 0.0000 1.0500 3.7182 0.0000
8         M:ssh_in
32        1353 2.0000 2.0300 0.1000 0.0000
8         M:www_in
32        1353 2.0000 1.8200 0.6000 0.0000
14        M:cfengine_out
32        1353 5.0000 4.7600 0.8000 0.0000
13        M:cfengine_in
32        1353 1.0000 0.9100 0.3000 0.0000
9         M:loadavg
32        1353 0.2651 0.2131 0.1571 0.0000
10        M:diskfree
35        1353 55.0000 50.0500 16.5000 0.0000
12        M:otherprocs
34        1353 26.0000 23.6600 7.8000 0.0000
11        M:rootprocs
37        1353 114.0000 104.3700 32.1000 0.0000
7         M:users
32        1353 8.0000 7.2800 2.4000 0.0000
3         MOY
15        M:entropy_avail
36        155 326.0000 300.0200 82.1068 0.0000
12        M:mem_cached
39        155 2518.4746 2291.5080 694.0815 0.0000
16        M:io_writtendata
31        155 0.2979 0.2256 0.2212 0.0000
11        M:io_writes
34        155 15.0000 11.3400 11.1825 0.0000
13        M:postgres_in
31        155 1.0000 0.9100 0.3000 0.0000
6         M:cpu3
31        155 1.6576 1.2887 1.1079 0.0000
6         M:cpu2
31        155 8.8769 6.3252 9.5975 0.0000
6         M:cpu1
31        155 4.0748 2.9834 3.8038 0.0000
6         M:cpu0
31        155 9.0086 6.4323 9.6344 0.0000
5         M:cpu
31        155 8.6523 6.1804 9.2437 0.0000
8         M:syslog
40        155 1432.0000 1032.7450 2103.9943 0.0000
8         M:ssh_in
31        155 2.0000 1.8200 0.6000 0.0000
8         M:www_in
31        155 1.0000 0.9100 0.3000 0.0000
14        M:cfengine_out
31        155 5.0000 4.5500 1.5000 0.0000
13        M:cfengine_in
31        155 1.0000 0.9100 0.3000 0.0000
9         M:loadavg
31        155 0.2974 0.2359 0.2689 0.0000
10        M:diskfree
34        155 60.5000 55.0550 18.2248 0.0000
12        M:otherprocs
33        155 26.0000 23.6600 7.8000 0.0000
11        M:rootprocs
36        155 114.0000 103.8450 33.8518 0.0000
7         M:users
31        155 8.0000 7.2800 2.4000 0.0000
# send QUERY complete successful
