# delta from 1679710518 to 1679710579 at 1679710579
22        CFR: 0 1679710578 1969
3         PRD
56        DBReportCollectAll,0.032465,0.318954,0.305034,1679710519
60        Packing reports: delta,0.023536,0.055396,0.054697,1679710519
3         EXS
16        f,317,1679710423
3         MOM
15        M:entropy_avail
38        1467 174.0000 121.8000 145.5788 0.0000
12        M:mem_cached
38        1467 3642.7891 2549.9523 0.0000 0.0000
10        M:mem_free
39        1467 11268.7656 7888.1359 0.0000 0.0000
11        M:mem_total
40        1467 15817.1836 11072.0285 0.0000 0.0000
16        M:io_writtendata
32        1467 0.4004 0.2803 0.3350 0.0000
11        M:io_writes
35        1467 22.0000 15.4000 18.4065 0.0000
13        M:postgres_in
32        1467 1.0000 0.7000 0.8367 0.0000
6         M:cpu3
32        1467 0.9890 0.6923 0.8274 0.0000
6         M:cpu2
32        1467 5.0791 3.5554 4.2495 0.0000
6         M:cpu1
32        1467 0.8948 0.6264 0.7487 0.0000
6         M:cpu0
35        1467 33.6221 23.5354 28.1302 0.0000
5         M:cpu
33        1467 10.1600 7.1120 8.5005 0.0000
8         M:syslog
41        1467 2020.0000 1414.0000 1690.0533 0.0000
8         M:ssh_in
32        1467 2.0000 1.4000 1.6733 0.0000
8         M:www_in
32        1467 1.0000 0.7000 0.8367 0.0000
14        M:cfengine_out
32        1467 5.0000 3.5000 4.1833 0.0000
13        M:cfengine_in
32        1467 1.0000 0.7000 0.8367 0.0000
9         M:loadavg
32        1467 0.1792 0.1254 0.1499 0.0000
10        M:diskfree
35        1467 51.0000 35.7000 42.6697 0.0000
12        M:otherprocs
35        1467 26.0000 18.2000 21.7532 0.0000
11        M:rootprocs
36        1467 114.0000 79.8000 95.3792 0.0000
7         M:users
32        1467 8.0000 5.6000 6.6933 0.0000
3         MOY
15        M:entropy_avail
36        155 323.0000 297.6050 79.9482 0.0000
12        M:mem_cached
39        155 2526.1133 2298.4965 696.2697 0.0000
16        M:io_writtendata
31        155 0.2939 0.2241 0.2132 0.0000
11        M:io_writes
34        155 16.0000 12.2500 11.5973 0.0000
13        M:postgres_in
31        155 1.0000 0.9100 0.3000 0.0000
6         M:cpu3
31        155 9.2585 6.6064 9.9586 0.0000
6         M:cpu2
31        155 1.2023 0.9735 0.7040 0.0000
6         M:cpu1
33        155 11.0003 7.8207 12.0038 0.0000
6         M:cpu0
31        155 5.6586 4.0823 5.7035 0.0000
5         M:cpu
31        155 8.5900 6.1378 9.1662 0.0000
8         M:syslog
38        155 1068.5000 778.2950 812.0638 0.0000
8         M:ssh_in
31        155 2.0000 1.8200 0.6000 0.0000
8         M:www_in
31        155 1.0000 0.9100 0.3000 0.0000
14        M:cfengine_out
31        155 5.0000 4.5500 1.5000 0.0000
13        M:cfengine_in
31        155 1.0000 0.9100 0.3000 0.0000
9         M:loadavg
31        155 0.2126 0.1705 0.1909 0.0000
10        M:diskfree
34        155 60.5000 55.0550 18.2248 0.0000
12        M:otherprocs
33        155 26.0000 23.6600 7.8000 0.0000
11        M:rootprocs
36        155 113.5000 103.3900 33.7037 0.0000
7         M:users
31        155 8.0000 7.2800 2.4000 0.0000
# send QUERY complete successful
