# delta from 1679699658 to 1679699719 at 1679699719
22        CFR: 0 1679699718 2095
3         PRD
56        DBReportCollectAll,0.048182,0.313934,0.340892,1679699659
60        Packing reports: delta,0.041163,0.116751,0.157130,1679699659
83        Sample(/proc/sys/kernel/random/entropy_avail),0.005007,0.002507,0.001902,1679699696
3         EXS
16        f,277,1679699589
3         MOM
15        M:entropy_avail
38        1430 153.0000 117.6000 101.3499 0.0000
12        M:mem_cached
40        1430 3536.9414 3218.1466 889.0761 0.0000
10        M:mem_free
40        1430 11394.4648 10353.7437 0.0000 0.0000
11        M:mem_total
40        1430 15817.1836 14393.6371 0.0000 0.0000
16        M:io_writtendata
32        1430 0.2471 0.2242 0.0762 0.0000
11        M:io_writes
34        1430 14.0000 13.5800 1.4000 0.0000
13        M:postgres_in
32        1430 1.0000 0.9100 0.3000 0.0000
6         M:cpu3
33        1430 3.1665 7.5374 14.5695 0.0000
6         M:cpu2
35        1430 16.6878 12.0039 13.0817 0.0000
6         M:cpu1
32        1430 1.5695 2.3627 2.6441 0.0000
6         M:cpu0
32        1430 9.4904 7.0873 6.7716 0.0000
5         M:cpu
32        1430 7.7296 7.2505 1.5968 0.0000
8         M:syslog
41        1430 1635.0000 1210.0200 1193.8053 0.0000
9         M:ssh_out
32        1430 0.0000 1.0500 3.7182 0.0000
8         M:ssh_in
32        1430 2.0000 1.8200 0.6000 0.0000
8         M:www_in
32        1430 1.0000 0.9100 0.3000 0.0000
14        M:cfengine_out
32        1430 5.0000 4.7600 0.8000 0.0000
13        M:cfengine_in
32        1430 1.0000 0.9100 0.3000 0.0000
9         M:loadavg
32        1430 0.3887 0.4343 0.1521 0.0000
10        M:diskfree
35        1430 52.0000 47.3200 15.6000 0.0000
12        M:otherprocs
34        1430 26.0000 23.6600 7.8000 0.0000
11        M:rootprocs
37        1430 114.0000 104.3700 32.1000 0.0000
7         M:users
32        1430 8.0000 7.2800 2.4000 0.0000
3         MOY
15        M:entropy_avail
36        155 323.0000 297.6050 79.9482 0.0000
12        M:mem_cached
39        155 2526.1133 2298.4965 696.2697 0.0000
16        M:io_writtendata
31        155 0.2939 0.2241 0.2132 0.0000
11        M:io_writes
34        155 16.0000 12.2500 11.5973 0.0000
13        M:postgres_in
31        155 1.0000 0.9100 0.3000 0.0000
6         M:cpu3
31        155 9.2585 6.6064 9.9586 0.0000
6         M:cpu2
31        155 1.2023 0.9735 0.7040 0.0000
6         M:cpu1
33        155 11.0003 7.8207 12.0038 0.0000
6         M:cpu0
31        155 5.6586 4.0823 5.7035 0.0000
5         M:cpu
31        155 8.5900 6.1378 9.1662 0.0000
8         M:syslog
38        155 1068.5000 778.2950 812.0638 0.0000
8         M:ssh_in
31        155 2.0000 1.8200 0.6000 0.0000
8         M:www_in
31        155 1.0000 0.9100 0.3000 0.0000
14        M:cfengine_out
31        155 5.0000 4.5500 1.5000 0.0000
13        M:cfengine_in
31        155 1.0000 0.9100 0.3000 0.0000
9         M:loadavg
31        155 0.2126 0.1705 0.1909 0.0000
10        M:diskfree
34        155 60.5000 55.0550 18.2248 0.0000
12        M:otherprocs
33        155 26.0000 23.6600 7.8000 0.0000
11        M:rootprocs
36        155 113.5000 103.3900 33.7037 0.0000
7         M:users
31        155 8.0000 7.2800 2.4000 0.0000
# send QUERY complete successful
