# delta from 1679724438 to 1679724499 at 1679724499
22        CFR: 0 1679724498 2047
3         PRD
56        DBReportCollectAll,0.116775,0.392994,0.443229,1679724439
60        Packing reports: delta,0.067537,0.182369,0.164180,1679724439
83        Sample(/proc/sys/kernel/random/entropy_avail),0.005202,0.002706,0.002419,1679724491
3         EXS
16        f,320,1679724241
3         MOM
15        M:entropy_avail
35        1513 65.0000 78.8900 46.3000 0.0000
12        M:mem_cached
40        1513 3762.5742 3423.8704 944.6000 0.0000
10        M:mem_free
38        1513 7791.4293 7791.4293 0.0000 0.0000
11        M:mem_total
40        1513 11072.0285 11072.0285 0.0000 0.0000
16        M:io_writtendata
32        1513 0.0947 0.1178 0.0769 0.0000
11        M:io_writes
32        1513 8.0000 8.1200 0.4000 0.0000
13        M:postgres_in
32        1513 1.0000 0.9100 0.3000 0.0000
6         M:cpu3
32        1513 7.1462 5.3376 5.0967 0.0000
6         M:cpu2
34        1513 10.4129 11.6242 4.0376 0.0000
6         M:cpu1
32        1513 4.8324 3.6631 3.3179 0.0000
6         M:cpu0
35        1513 24.5680 20.0012 14.1293 0.0000
5         M:cpu
34        1513 11.7313 10.1510 5.2675 0.0000
8         M:syslog
38        1513 167.0000 338.2400 570.8000 0.0000
8         M:ssh_in
32        1513 2.0000 1.8200 0.6000 0.0000
8         M:www_in
32        1513 1.0000 0.9100 0.3000 0.0000
14        M:cfengine_out
32        1513 5.0000 4.5500 1.5000 0.0000
13        M:cfengine_in
32        1513 1.0000 0.9100 0.3000 0.0000
9         M:loadavg
32        1513 0.8359 0.6644 0.5087 0.0000
10        M:diskfree
35        1513 50.0000 45.5000 15.0000 0.0000
12        M:otherprocs
34        1513 26.0000 23.6600 7.8000 0.0000
11        M:rootprocs
37        1513 117.0000 105.8400 37.2000 0.0000
7         M:users
32        1513 8.0000 7.2800 2.4000 0.0000
3         MOY
15        M:entropy_avail
36        155 323.0000 297.6050 79.9482 0.0000
12        M:mem_cached
39        155 2526.1133 2298.4965 696.2697 0.0000
16        M:io_writtendata
31        155 0.2939 0.2241 0.2132 0.0000
11        M:io_writes
34        155 16.0000 12.2500 11.5973 0.0000
13        M:postgres_in
31        155 1.0000 0.9100 0.3000 0.0000
6         M:cpu3
31        155 9.2585 6.6064 9.9586 0.0000
6         M:cpu2
31        155 1.2023 0.9735 0.7040 0.0000
6         M:cpu1
33        155 11.0003 7.8207 12.0038 0.0000
6         M:cpu0
31        155 5.6586 4.0823 5.7035 0.0000
5         M:cpu
31        155 8.5900 6.1378 9.1662 0.0000
8         M:syslog
38        155 1068.5000 778.2950 812.0638 0.0000
8         M:ssh_in
31        155 2.0000 1.8200 0.6000 0.0000
8         M:www_in
31        155 1.0000 0.9100 0.3000 0.0000
14        M:cfengine_out
31        155 5.0000 4.5500 1.5000 0.0000
13        M:cfengine_in
31        155 1.0000 0.9100 0.3000 0.0000
9         M:loadavg
31        155 0.2126 0.1705 0.1909 0.0000
10        M:diskfree
34        155 60.5000 55.0550 18.2248 0.0000
12        M:otherprocs
33        155 26.0000 23.6600 7.8000 0.0000
11        M:rootprocs
36        155 113.5000 103.3900 33.7037 0.0000
7         M:users
31        155 8.0000 7.2800 2.4000 0.0000
# send QUERY complete successful
