# delta from 1679746158 to 1679746219 at 1679746219
22        CFR: 0 1679746218 2021
3         PRD
56        DBReportCollectAll,0.049087,0.339070,0.376582,1679746159
60        Packing reports: delta,0.029158,0.085017,0.089678,1679746159
3         EXS
16        f,317,1679746123
3         MOM
15        M:entropy_avail
37        1585 101.0000 109.1300 27.1000 0.0000
12        M:mem_cached
40        1585 3951.1992 3595.1188 993.0609 0.0000
10        M:mem_free
39        1585 10902.3359 9922.6933 0.0000 0.0000
11        M:mem_total
40        1585 15817.1836 14393.6371 0.0000 0.0000
16        M:io_writtendata
32        1585 0.2930 0.2176 0.2120 0.0000
13        M:io_readdata
32        1585 0.0010 0.0007 0.0008 0.0000
11        M:io_writes
34        1585 14.0000 10.6400 9.5482 0.0000
13        M:postgres_in
32        1585 1.0000 0.9100 0.3000 0.0000
6         M:cpu3
35        1585 14.8121 10.4651 12.1251 0.0000
6         M:cpu2
33        1585 10.7186 7.6151 8.6587 0.0000
6         M:cpu1
35        1585 16.9195 11.9823 13.7725 0.0000
6         M:cpu0
35        1585 21.0896 14.8649 17.3614 0.0000
5         M:cpu
35        1585 15.8854 11.2307 12.9834 0.0000
8         M:syslog
39        1585 1078.0000 785.0500 819.6962 0.0000
8         M:ssh_in
32        1585 2.0000 1.8200 0.6000 0.0000
8         M:www_in
32        1585 1.0000 0.9100 0.3000 0.0000
14        M:cfengine_out
32        1585 5.0000 4.5500 1.5000 0.0000
13        M:cfengine_in
32        1585 1.0000 0.9100 0.3000 0.0000
9         M:loadavg
32        1585 0.7192 0.5098 0.5842 0.0000
10        M:diskfree
35        1585 48.0000 43.6800 14.4000 0.0000
12        M:otherprocs
34        1585 26.0000 23.6600 7.8000 0.0000
11        M:rootprocs
37        1585 115.0000 104.4400 35.2000 0.0000
7         M:users
32        1585 8.0000 7.2800 2.4000 0.0000
3         MOY
15        M:entropy_avail
36        155 323.0000 297.6050 79.9482 0.0000
12        M:mem_cached
39        155 2526.1133 2298.4965 696.2697 0.0000
16        M:io_writtendata
31        155 0.2939 0.2241 0.2132 0.0000
11        M:io_writes
34        155 16.0000 12.2500 11.5973 0.0000
13        M:postgres_in
31        155 1.0000 0.9100 0.3000 0.0000
6         M:cpu3
31        155 9.2585 6.6064 9.9586 0.0000
6         M:cpu2
31        155 1.2023 0.9735 0.7040 0.0000
6         M:cpu1
33        155 11.0003 7.8207 12.0038 0.0000
6         M:cpu0
31        155 5.6586 4.0823 5.7035 0.0000
5         M:cpu
31        155 8.5900 6.1378 9.1662 0.0000
8         M:syslog
38        155 1068.5000 778.2950 812.0638 0.0000
8         M:ssh_in
31        155 2.0000 1.8200 0.6000 0.0000
8         M:www_in
31        155 1.0000 0.9100 0.3000 0.0000
14        M:cfengine_out
31        155 5.0000 4.5500 1.5000 0.0000
13        M:cfengine_in
31        155 1.0000 0.9100 0.3000 0.0000
9         M:loadavg
31        155 0.2126 0.1705 0.1909 0.0000
10        M:diskfree
34        155 60.5000 55.0550 18.2248 0.0000
12        M:otherprocs
33        155 26.0000 23.6600 7.8000 0.0000
11        M:rootprocs
36        155 113.5000 103.3900 33.7037 0.0000
7         M:users
31        155 8.0000 7.2800 2.4000 0.0000
# send QUERY complete successful
