# delta from 1679732358 to 1679732419 at 1679732419
22        CFR: 0 1679732418 1967
3         PRD
56        DBReportCollectAll,0.213888,0.460039,0.722043,1679732359
60        Packing reports: delta,0.130283,0.167171,0.330302,1679732359
3         EXS
16        f,287,1679732306
3         MOM
15        M:entropy_avail
35        1539 82.0000 94.1500 40.5000 0.0000
12        M:mem_cached
40        1539 3831.1250 3486.1515 962.0852 0.0000
10        M:mem_free
39        1539 10899.3398 9950.2405 0.0000 0.0000
11        M:mem_total
40        1539 15817.1836 14393.6371 0.0000 0.0000
16        M:io_writtendata
32        1539 0.1182 0.1319 0.0459 0.0000
11        M:io_writes
32        1539 6.0000 6.7200 2.4000 0.0000
13        M:postgres_in
32        1539 1.0000 0.9100 0.3000 0.0000
6         M:cpu3
34        1539 11.2379 11.0434 0.6483 0.0000
6         M:cpu2
32        1539 5.5418 4.0923 4.0690 0.0000
6         M:cpu1
35        1539 35.4621 25.6537 27.4142 0.0000
6         M:cpu0
33        1539 10.1117 7.2267 8.0525 0.0000
5         M:cpu
35        1539 15.5942 12.0076 10.2823 0.0000
8         M:syslog
38        1539 272.0000 514.6400 808.8000 0.0000
8         M:ssh_in
32        1539 2.0000 1.8200 0.6000 0.0000
8         M:www_in
32        1539 1.0000 0.9100 0.3000 0.0000
14        M:cfengine_out
32        1539 5.0000 4.5500 1.5000 0.0000
13        M:cfengine_in
32        1539 1.0000 0.9100 0.3000 0.0000
9         M:loadavg
32        1539 1.0273 0.7412 0.7995 0.0000
10        M:diskfree
35        1539 49.0000 44.5900 14.7000 0.0000
12        M:otherprocs
34        1539 26.0000 23.6600 7.8000 0.0000
11        M:rootprocs
37        1539 117.0000 105.8400 37.2000 0.0000
7         M:users
32        1539 8.0000 7.2800 2.4000 0.0000
3         MOY
15        M:entropy_avail
36        155 323.0000 297.6050 79.9482 0.0000
12        M:mem_cached
39        155 2526.1133 2298.4965 696.2697 0.0000
16        M:io_writtendata
31        155 0.2939 0.2241 0.2132 0.0000
11        M:io_writes
34        155 16.0000 12.2500 11.5973 0.0000
13        M:postgres_in
31        155 1.0000 0.9100 0.3000 0.0000
6         M:cpu3
31        155 9.2585 6.6064 9.9586 0.0000
6         M:cpu2
31        155 1.2023 0.9735 0.7040 0.0000
6         M:cpu1
33        155 11.0003 7.8207 12.0038 0.0000
6         M:cpu0
31        155 5.6586 4.0823 5.7035 0.0000
5         M:cpu
31        155 8.5900 6.1378 9.1662 0.0000
8         M:syslog
38        155 1068.5000 778.2950 812.0638 0.0000
8         M:ssh_in
31        155 2.0000 1.8200 0.6000 0.0000
8         M:www_in
31        155 1.0000 0.9100 0.3000 0.0000
14        M:cfengine_out
31        155 5.0000 4.5500 1.5000 0.0000
13        M:cfengine_in
31        155 1.0000 0.9100 0.3000 0.0000
9         M:loadavg
31        155 0.2126 0.1705 0.1909 0.0000
10        M:diskfree
34        155 60.5000 55.0550 18.2248 0.0000
12        M:otherprocs
33        155 26.0000 23.6600 7.8000 0.0000
11        M:rootprocs
36        155 113.5000 103.3900 33.7037 0.0000
7         M:users
31        155 8.0000 7.2800 2.4000 0.0000
# send QUERY complete successful
