# delta from 1679743518 to 1679743579 at 1679743579
22        CFR: 0 1679743578 2044
3         PRD
56        DBReportCollectAll,0.057228,0.318770,0.282919,1679743519
60        Packing reports: delta,0.024232,0.058718,0.056052,1679743519
83        Sample(/proc/sys/kernel/random/entropy_avail),0.005731,0.003284,0.005807,1679743574
3         EXS
16        f,289,1679743416
3         MOM
15        M:entropy_avail
38        1577 220.0000 154.0000 184.0652 0.0000
12        M:mem_cached
38        1577 3928.4414 2749.9090 0.0000 0.0000
10        M:mem_free
39        1577 10933.9727 7653.7809 0.0000 0.0000
11        M:mem_total
40        1577 15817.1836 11072.0285 0.0000 0.0000
16        M:io_writtendata
32        1577 0.2949 0.2064 0.2467 0.0000
11        M:io_writes
34        1577 12.0000 8.4000 10.0399 0.0000
13        M:postgres_in
32        1577 1.0000 0.7000 0.8367 0.0000
6         M:cpu3
32        1577 0.5400 0.3780 0.4518 0.0000
6         M:cpu2
32        1577 0.6004 0.4203 0.5023 0.0000
6         M:cpu1
32        1577 0.4132 0.2893 0.3457 0.0000
6         M:cpu0
32        1577 0.8145 0.5702 0.6815 0.0000
5         M:cpu
32        1577 0.5936 0.4155 0.4967 0.0000
8         M:syslog
38        1577 145.0000 101.5000 121.3157 0.0000
8         M:ssh_in
32        1577 2.0000 1.4000 1.6733 0.0000
8         M:www_in
32        1577 1.0000 0.7000 0.8367 0.0000
14        M:cfengine_out
32        1577 5.0000 3.5000 4.1833 0.0000
13        M:cfengine_in
32        1577 1.0000 0.7000 0.8367 0.0000
9         M:loadavg
32        1577 0.1289 0.0902 0.1079 0.0000
10        M:diskfree
35        1577 48.0000 33.6000 40.1597 0.0000
12        M:otherprocs
35        1577 26.0000 18.2000 21.7532 0.0000
11        M:rootprocs
36        1577 114.0000 79.8000 95.3792 0.0000
7         M:users
32        1577 8.0000 5.6000 6.6933 0.0000
3         MOY
15        M:entropy_avail
36        155 323.0000 297.6050 79.9482 0.0000
12        M:mem_cached
39        155 2526.1133 2298.4965 696.2697 0.0000
16        M:io_writtendata
31        155 0.2939 0.2241 0.2132 0.0000
11        M:io_writes
34        155 16.0000 12.2500 11.5973 0.0000
13        M:postgres_in
31        155 1.0000 0.9100 0.3000 0.0000
6         M:cpu3
31        155 9.2585 6.6064 9.9586 0.0000
6         M:cpu2
31        155 1.2023 0.9735 0.7040 0.0000
6         M:cpu1
33        155 11.0003 7.8207 12.0038 0.0000
6         M:cpu0
31        155 5.6586 4.0823 5.7035 0.0000
5         M:cpu
31        155 8.5900 6.1378 9.1662 0.0000
8         M:syslog
38        155 1068.5000 778.2950 812.0638 0.0000
8         M:ssh_in
31        155 2.0000 1.8200 0.6000 0.0000
8         M:www_in
31        155 1.0000 0.9100 0.3000 0.0000
14        M:cfengine_out
31        155 5.0000 4.5500 1.5000 0.0000
13        M:cfengine_in
31        155 1.0000 0.9100 0.3000 0.0000
9         M:loadavg
31        155 0.2126 0.1705 0.1909 0.0000
10        M:diskfree
34        155 60.5000 55.0550 18.2248 0.0000
12        M:otherprocs
33        155 26.0000 23.6600 7.8000 0.0000
11        M:rootprocs
36        155 113.5000 103.3900 33.7037 0.0000
7         M:users
31        155 8.0000 7.2800 2.4000 0.0000
# send QUERY complete successful
