# delta from 1679729358 to 1679729420 at 1679729420
22        CFR: 0 1679729419 1968
3         PRD
56        DBReportCollectAll,0.034595,0.329187,0.351071,1679729359
60        Packing reports: delta,0.036630,0.088460,0.125351,1679729359
3         EXS
16        f,317,1679729324
3         MOM
15        M:entropy_avail
35        1529 83.0000 97.7900 49.3000 0.0000
12        M:mem_cached
40        1529 3804.5977 3462.0190 955.4063 0.0000
10        M:mem_free
40        1529 10986.1758 10017.1509 0.0000 0.0000
11        M:mem_total
40        1529 15817.1836 14393.6371 0.0000 0.0000
16        M:io_writtendata
32        1529 0.1963 0.2077 0.0382 0.0000
11        M:io_writes
34        1529 12.0000 11.7600 0.8000 0.0000
13        M:postgres_in
32        1529 1.0000 0.9100 0.3000 0.0000
6         M:cpu3
32        1529 4.8577 3.5082 3.7709 0.0000
6         M:cpu2
35        1529 19.9612 14.1411 16.2358 0.0000
6         M:cpu1
32        1529 1.7299 1.3510 1.1000 0.0000
6         M:cpu0
35        1529 21.0105 14.8179 17.2720 0.0000
5         M:cpu
33        1529 11.8924 8.4556 9.5890 0.0000
8         M:syslog
37        1529 167.0000 147.3500 65.5000 0.0000
8         M:ssh_in
32        1529 2.0000 1.8200 0.6000 0.0000
8         M:www_in
32        1529 1.0000 0.9100 0.3000 0.0000
14        M:cfengine_out
33        1529 10.0000 8.0500 5.9013 0.0000
13        M:cfengine_in
32        1529 1.0000 0.9100 0.3000 0.0000
9         M:loadavg
32        1529 0.6953 0.4978 0.5514 0.0000
10        M:diskfree
35        1529 50.0000 45.5000 15.0000 0.0000
12        M:otherprocs
34        1529 26.0000 23.6600 7.8000 0.0000
11        M:rootprocs
37        1529 116.0000 105.1400 36.2000 0.0000
7         M:users
32        1529 8.0000 7.2800 2.4000 0.0000
3         MOY
15        M:entropy_avail
36        155 323.0000 297.6050 79.9482 0.0000
12        M:mem_cached
39        155 2526.1133 2298.4965 696.2697 0.0000
16        M:io_writtendata
31        155 0.2939 0.2241 0.2132 0.0000
11        M:io_writes
34        155 16.0000 12.2500 11.5973 0.0000
13        M:postgres_in
31        155 1.0000 0.9100 0.3000 0.0000
6         M:cpu3
31        155 9.2585 6.6064 9.9586 0.0000
6         M:cpu2
31        155 1.2023 0.9735 0.7040 0.0000
6         M:cpu1
33        155 11.0003 7.8207 12.0038 0.0000
6         M:cpu0
31        155 5.6586 4.0823 5.7035 0.0000
5         M:cpu
31        155 8.5900 6.1378 9.1662 0.0000
8         M:syslog
38        155 1068.5000 778.2950 812.0638 0.0000
8         M:ssh_in
31        155 2.0000 1.8200 0.6000 0.0000
8         M:www_in
31        155 1.0000 0.9100 0.3000 0.0000
14        M:cfengine_out
31        155 5.0000 4.5500 1.5000 0.0000
13        M:cfengine_in
31        155 1.0000 0.9100 0.3000 0.0000
9         M:loadavg
31        155 0.2126 0.1705 0.1909 0.0000
10        M:diskfree
34        155 60.5000 55.0550 18.2248 0.0000
12        M:otherprocs
33        155 26.0000 23.6600 7.8000 0.0000
11        M:rootprocs
36        155 113.5000 103.3900 33.7037 0.0000
7         M:users
31        155 8.0000 7.2800 2.4000 0.0000
# send QUERY complete successful
