# delta from 1679675958 to 1679676019 at 1679676019
22        CFR: 0 1679676018 1973
3         PRD
56        DBReportCollectAll,0.046729,0.341519,0.359346,1679675959
60        Packing reports: delta,0.044330,0.141326,0.115208,1679675959
3         EXS
16        f,319,1679675941
3         MOM
15        M:entropy_avail
36        1351 128.0000 92.3300 99.6571 0.0000
12        M:mem_cached
40        1351 3328.8633 3028.7890 836.8672 0.0000
10        M:mem_free
38        1351 8155.9051 8155.9051 0.0000 0.0000
11        M:mem_total
40        1351 11072.0285 11072.0285 0.0000 0.0000
16        M:io_writtendata
32        1351 0.3457 0.2576 0.2481 0.0000
11        M:io_writes
35        1351 20.0000 14.8400 14.5068 0.0000
13        M:postgres_in
32        1351 1.0000 0.9100 0.3000 0.0000
6         M:cpu3
32        1351 5.3748 3.8913 4.1466 0.0000
6         M:cpu2
35        1351 15.3290 10.8704 12.4381 0.0000
6         M:cpu1
32        1351 6.5456 4.7165 5.1096 0.0000
6         M:cpu0
35        1351 36.6223 25.7827 30.2319 0.0000
5         M:cpu
35        1351 15.9765 11.3209 12.9872 0.0000
8         M:syslog
41        1351 1798.0000 1289.0500 1420.9482 0.0000
8         M:ssh_in
32        1351 2.0000 1.8200 0.6000 0.0000
8         M:www_in
32        1351 1.0000 0.9100 0.3000 0.0000
14        M:cfengine_out
32        1351 5.0000 4.5500 1.5000 0.0000
13        M:cfengine_in
32        1351 1.0000 0.9100 0.3000 0.0000
9         M:loadavg
32        1351 0.6768 0.4812 0.5456 0.0000
10        M:diskfree
35        1351 55.0000 50.0500 16.5000 0.0000
12        M:otherprocs
34        1351 26.0000 23.6600 7.8000 0.0000
11        M:rootprocs
37        1351 115.0000 104.4400 35.2000 0.0000
7         M:users
32        1351 8.0000 7.2800 2.4000 0.0000
3         MOY
15        M:entropy_avail
36        155 326.0000 300.0200 82.1068 0.0000
12        M:mem_cached
39        155 2518.4746 2291.5080 694.0815 0.0000
16        M:io_writtendata
31        155 0.2979 0.2256 0.2212 0.0000
11        M:io_writes
34        155 15.0000 11.3400 11.1825 0.0000
13        M:postgres_in
31        155 1.0000 0.9100 0.3000 0.0000
6         M:cpu3
31        155 1.6576 1.2887 1.1079 0.0000
6         M:cpu2
31        155 8.8769 6.3252 9.5975 0.0000
6         M:cpu1
31        155 4.0748 2.9834 3.8038 0.0000
6         M:cpu0
31        155 9.0086 6.4323 9.6344 0.0000
5         M:cpu
31        155 8.6523 6.1804 9.2437 0.0000
8         M:syslog
40        155 1432.0000 1032.7450 2103.9943 0.0000
8         M:ssh_in
31        155 2.0000 1.8200 0.6000 0.0000
8         M:www_in
31        155 1.0000 0.9100 0.3000 0.0000
14        M:cfengine_out
31        155 5.0000 4.5500 1.5000 0.0000
13        M:cfengine_in
31        155 1.0000 0.9100 0.3000 0.0000
9         M:loadavg
31        155 0.2974 0.2359 0.2689 0.0000
10        M:diskfree
34        155 60.5000 55.0550 18.2248 0.0000
12        M:otherprocs
33        155 26.0000 23.6600 7.8000 0.0000
11        M:rootprocs
36        155 114.0000 103.8450 33.8518 0.0000
7         M:users
31        155 8.0000 7.2800 2.4000 0.0000
# send QUERY complete successful
