# delta from 1679737038 to 1679737099 at 1679737099
22        CFR: 0 1679737098 1964
3         PRD
56        DBReportCollectAll,0.046562,0.359112,0.327094,1679737039
60        Packing reports: delta,0.050235,0.201560,0.193391,1679737039
3         EXS
16        f,319,1679736840
3         MOM
15        M:entropy_avail
38        1555 176.0000 123.2000 147.2522 0.0000
12        M:mem_cached
38        1555 3872.4453 2710.7117 0.0000 0.0000
10        M:mem_free
39        1555 10988.0117 7691.6082 0.0000 0.0000
11        M:mem_total
40        1555 15817.1836 11072.0285 0.0000 0.0000
16        M:io_writtendata
32        1555 0.2207 0.1545 0.1847 0.0000
11        M:io_writes
34        1555 12.0000 8.4000 10.0399 0.0000
13        M:postgres_in
32        1555 1.0000 0.7000 0.8367 0.0000
6         M:cpu3
32        1555 1.2558 0.8791 1.0507 0.0000
6         M:cpu2
32        1555 3.9439 2.7608 3.2997 0.0000
6         M:cpu1
32        1555 1.4757 1.0330 1.2347 0.0000
6         M:cpu0
35        1555 14.6065 10.2246 12.2207 0.0000
5         M:cpu
32        1555 5.3254 3.7278 4.4556 0.0000
8         M:syslog
38        1555 815.0000 570.5000 681.8779 0.0000
8         M:ssh_in
32        1555 2.0000 1.4000 1.6733 0.0000
8         M:www_in
32        1555 1.0000 0.7000 0.8367 0.0000
14        M:cfengine_out
32        1555 5.0000 3.5000 4.1833 0.0000
13        M:cfengine_in
32        1555 1.0000 0.7000 0.8367 0.0000
9         M:loadavg
32        1555 0.1797 0.1258 0.1503 0.0000
10        M:diskfree
35        1555 49.0000 34.3000 40.9963 0.0000
12        M:otherprocs
35        1555 26.0000 18.2000 21.7532 0.0000
11        M:rootprocs
36        1555 115.0000 80.5000 96.2159 0.0000
7         M:users
32        1555 8.0000 5.6000 6.6933 0.0000
3         MOY
15        M:entropy_avail
36        155 323.0000 297.6050 79.9482 0.0000
12        M:mem_cached
39        155 2526.1133 2298.4965 696.2697 0.0000
16        M:io_writtendata
31        155 0.2939 0.2241 0.2132 0.0000
11        M:io_writes
34        155 16.0000 12.2500 11.5973 0.0000
13        M:postgres_in
31        155 1.0000 0.9100 0.3000 0.0000
6         M:cpu3
31        155 9.2585 6.6064 9.9586 0.0000
6         M:cpu2
31        155 1.2023 0.9735 0.7040 0.0000
6         M:cpu1
33        155 11.0003 7.8207 12.0038 0.0000
6         M:cpu0
31        155 5.6586 4.0823 5.7035 0.0000
5         M:cpu
31        155 8.5900 6.1378 9.1662 0.0000
8         M:syslog
38        155 1068.5000 778.2950 812.0638 0.0000
8         M:ssh_in
31        155 2.0000 1.8200 0.6000 0.0000
8         M:www_in
31        155 1.0000 0.9100 0.3000 0.0000
14        M:cfengine_out
31        155 5.0000 4.5500 1.5000 0.0000
13        M:cfengine_in
31        155 1.0000 0.9100 0.3000 0.0000
9         M:loadavg
31        155 0.2126 0.1705 0.1909 0.0000
10        M:diskfree
34        155 60.5000 55.0550 18.2248 0.0000
12        M:otherprocs
33        155 26.0000 23.6600 7.8000 0.0000
11        M:rootprocs
36        155 113.5000 103.3900 33.7037 0.0000
7         M:users
31        155 8.0000 7.2800 2.4000 0.0000
# send QUERY complete successful
