# delta from 1679671758 to 1679671819 at 1679671819
22        CFR: 0 1679671818 1970
3         PRD
56        DBReportCollectAll,0.061740,0.389920,0.391307,1679671759
60        Packing reports: delta,0.038813,0.155539,0.171772,1679671759
3         EXS
16        f,319,1679671740
3         MOM
15        M:entropy_avail
36        1337 119.0000 85.4000 93.8179 0.0000
12        M:mem_cached
40        1337 3304.0469 3006.1806 830.7093 0.0000
10        M:mem_free
40        1337 11673.4414 10626.4730 0.0000 0.0000
11        M:mem_total
40        1337 15817.1836 14393.6371 0.0000 0.0000
16        M:io_writtendata
32        1337 0.2354 0.2127 0.0754 0.0000
11        M:io_writes
34        1337 14.0000 13.1600 2.8000 0.0000
13        M:postgres_in
32        1337 1.0000 0.9100 0.3000 0.0000
6         M:cpu3
32        1337 4.7632 3.4858 3.5778 0.0000
6         M:cpu2
33        1337 11.0525 7.8912 8.8230 0.0000
6         M:cpu1
32        1337 2.3794 1.8198 1.5964 0.0000
6         M:cpu0
35        1337 45.3750 31.8901 37.6085 0.0000
5         M:cpu
35        1337 15.8993 11.2775 12.8935 0.0000
8         M:syslog
40        1337 1320.0000 954.4500 1021.6334 0.0000
8         M:ssh_in
32        1337 2.0000 1.8200 0.6000 0.0000
8         M:www_in
32        1337 1.0000 0.9100 0.3000 0.0000
14        M:cfengine_out
32        1337 5.0000 4.5500 1.5000 0.0000
13        M:cfengine_in
32        1337 1.0000 0.9100 0.3000 0.0000
9         M:loadavg
32        1337 0.7988 0.5663 0.6488 0.0000
10        M:diskfree
35        1337 55.0000 50.0500 16.5000 0.0000
12        M:otherprocs
34        1337 26.0000 23.6600 7.8000 0.0000
11        M:rootprocs
37        1337 115.0000 104.4400 35.2000 0.0000
7         M:users
32        1337 8.0000 7.2800 2.4000 0.0000
3         MOY
15        M:entropy_avail
36        155 311.5000 288.7150 70.5984 0.0000
12        M:mem_cached
39        155 2500.4707 2275.1462 688.5663 0.0000
16        M:io_writtendata
31        155 0.2676 0.2020 0.1967 0.0000
11        M:io_writes
34        155 14.0000 10.6400 10.1177 0.0000
13        M:postgres_in
31        155 1.0000 0.9100 0.3000 0.0000
6         M:cpu3
31        155 5.6157 4.0684 5.6166 0.0000
6         M:cpu2
31        155 6.9570 5.0045 7.2414 0.0000
6         M:cpu1
31        155 4.6086 3.3564 4.4307 0.0000
6         M:cpu0
31        155 8.9643 6.3865 9.6397 0.0000
5         M:cpu
31        155 8.5530 6.1152 9.1097 0.0000
8         M:syslog
39        155 1188.0000 861.9450 1774.3258 0.0000
8         M:ssh_in
31        155 2.0000 1.8200 0.6000 0.0000
8         M:www_in
31        155 1.0000 0.9100 0.3000 0.0000
14        M:cfengine_out
31        155 5.0000 4.5500 1.5000 0.0000
13        M:cfengine_in
31        155 1.0000 0.9100 0.3000 0.0000
9         M:loadavg
31        155 0.3083 0.2329 0.3196 0.0000
10        M:diskfree
34        155 60.5000 55.0550 18.2248 0.0000
12        M:otherprocs
33        155 26.0000 23.6600 7.8000 0.0000
11        M:rootprocs
36        155 114.5000 103.9850 35.0603 0.0000
7         M:users
31        155 8.0000 7.2800 2.4000 0.0000
# send QUERY complete successful
