# delta from 1679756663 to 1679756724 at 1679756724
22        CFR: 0 1679756723 1971
3         PRD
56        DBReportCollectAll,0.117517,0.414675,0.554698,1679756664
60        Packing reports: delta,0.063594,0.185413,0.238775,1679756664
3         EXS
16        f,317,1679756623
3         MOM
15        M:entropy_avail
37        1620 122.0000 127.8200 19.4000 0.0000
12        M:mem_cached
41        1620 4050.2891 3685.3209 1017.8476 0.0000
10        M:mem_free
39        1620 10779.2344 9811.1057 0.0000 0.0000
11        M:mem_total
40        1620 15817.1836 14393.6371 0.0000 0.0000
16        M:io_writtendata
32        1620 0.2275 0.1753 0.1499 0.0000
11        M:io_writes
33        1620 12.0000 9.2400 7.9125 0.0000
13        M:postgres_in
32        1620 1.0000 0.9100 0.3000 0.0000
6         M:cpu3
35        1620 26.6546 18.7940 21.9244 0.0000
6         M:cpu2
32        1620 3.3034 2.4751 2.3372 0.0000
6         M:cpu1
35        1620 32.4330 22.8683 26.6771 0.0000
6         M:cpu0
32        1620 1.6493 1.2987 1.0271 0.0000
5         M:cpu
35        1620 16.0267 11.3699 12.9913 0.0000
8         M:syslog
38        1620 837.0000 616.3500 618.9406 0.0000
8         M:ssh_in
32        1620 2.0000 1.8200 0.6000 0.0000
8         M:www_in
32        1620 1.0000 0.9100 0.3000 0.0000
14        M:cfengine_out
32        1620 5.0000 4.5500 1.5000 0.0000
13        M:cfengine_in
32        1620 1.0000 0.9100 0.3000 0.0000
9         M:loadavg
32        1620 0.6602 0.4671 0.5384 0.0000
10        M:diskfree
35        1620 47.0000 42.7700 14.1000 0.0000
12        M:otherprocs
34        1620 26.0000 23.6600 7.8000 0.0000
11        M:rootprocs
37        1620 114.0000 103.5300 34.9000 0.0000
7         M:users
32        1620 8.0000 7.2800 2.4000 0.0000
3         MOY
15        M:entropy_avail
36        155 323.0000 297.6050 79.9482 0.0000
12        M:mem_cached
39        155 2526.1133 2298.4965 696.2697 0.0000
16        M:io_writtendata
31        155 0.2939 0.2241 0.2132 0.0000
11        M:io_writes
34        155 16.0000 12.2500 11.5973 0.0000
13        M:postgres_in
31        155 1.0000 0.9100 0.3000 0.0000
6         M:cpu3
31        155 9.2585 6.6064 9.9586 0.0000
6         M:cpu2
31        155 1.2023 0.9735 0.7040 0.0000
6         M:cpu1
33        155 11.0003 7.8207 12.0038 0.0000
6         M:cpu0
31        155 5.6586 4.0823 5.7035 0.0000
5         M:cpu
31        155 8.5900 6.1378 9.1662 0.0000
8         M:syslog
38        155 1068.5000 778.2950 812.0638 0.0000
8         M:ssh_in
31        155 2.0000 1.8200 0.6000 0.0000
8         M:www_in
31        155 1.0000 0.9100 0.3000 0.0000
14        M:cfengine_out
31        155 5.0000 4.5500 1.5000 0.0000
13        M:cfengine_in
31        155 1.0000 0.9100 0.3000 0.0000
9         M:loadavg
31        155 0.2126 0.1705 0.1909 0.0000
10        M:diskfree
34        155 60.5000 55.0550 18.2248 0.0000
12        M:otherprocs
33        155 26.0000 23.6600 7.8000 0.0000
11        M:rootprocs
36        155 113.5000 103.3900 33.7037 0.0000
7         M:users
31        155 8.0000 7.2800 2.4000 0.0000
# send QUERY complete successful
