# delta from 1679672058 to 1679672119 at 1679672119
22        CFR: 0 1679672118 1971
3         PRD
56        DBReportCollectAll,0.046333,0.360416,0.346865,1679672059
60        Packing reports: delta,0.042909,0.152459,0.125735,1679672059
3         EXS
16        f,288,1679672015
3         MOM
15        M:entropy_avail
36        1338 109.0000 77.5600 87.7251 0.0000
12        M:mem_cached
40        1338 3306.5117 3008.4392 831.2845 0.0000
10        M:mem_free
40        1338 11681.9766 10634.1720 0.0000 0.0000
11        M:mem_total
40        1338 15817.1836 14393.6371 0.0000 0.0000
16        M:io_writtendata
32        1338 0.2422 0.1907 0.1509 0.0000
11        M:io_writes
34        1338 14.0000 10.6400 9.5482 0.0000
13        M:postgres_in
32        1338 1.0000 0.9100 0.3000 0.0000
6         M:cpu3
32        1338 3.5961 2.7250 2.4712 0.0000
6         M:cpu2
35        1338 34.2970 24.1326 28.3483 0.0000
6         M:cpu1
32        1338 2.1080 1.6395 1.3546 0.0000
6         M:cpu0
35        1338 23.6758 16.7020 19.4510 0.0000
5         M:cpu
35        1338 15.9439 11.3171 12.9081 0.0000
8         M:syslog
39        1338 1077.0000 784.3500 818.8623 0.0000
8         M:ssh_in
32        1338 2.0000 1.8200 0.6000 0.0000
8         M:www_in
32        1338 1.0000 0.9100 0.3000 0.0000
14        M:cfengine_out
32        1338 5.0000 4.5500 1.5000 0.0000
13        M:cfengine_in
32        1338 1.0000 0.9100 0.3000 0.0000
9         M:loadavg
32        1338 0.4873 0.3541 0.3725 0.0000
10        M:diskfree
35        1338 55.0000 50.0500 16.5000 0.0000
12        M:otherprocs
34        1338 26.0000 23.6600 7.8000 0.0000
11        M:rootprocs
37        1338 115.0000 104.4400 35.2000 0.0000
7         M:users
32        1338 8.0000 7.2800 2.4000 0.0000
3         MOY
15        M:entropy_avail
36        155 311.5000 288.7150 70.5984 0.0000
12        M:mem_cached
39        155 2500.4707 2275.1462 688.5663 0.0000
16        M:io_writtendata
31        155 0.2676 0.2020 0.1967 0.0000
11        M:io_writes
34        155 14.0000 10.6400 10.1177 0.0000
13        M:postgres_in
31        155 1.0000 0.9100 0.3000 0.0000
6         M:cpu3
31        155 5.6157 4.0684 5.6166 0.0000
6         M:cpu2
31        155 6.9570 5.0045 7.2414 0.0000
6         M:cpu1
31        155 4.6086 3.3564 4.4307 0.0000
6         M:cpu0
31        155 8.9643 6.3865 9.6397 0.0000
5         M:cpu
31        155 8.5530 6.1152 9.1097 0.0000
8         M:syslog
39        155 1188.0000 861.9450 1774.3258 0.0000
8         M:ssh_in
31        155 2.0000 1.8200 0.6000 0.0000
8         M:www_in
31        155 1.0000 0.9100 0.3000 0.0000
14        M:cfengine_out
31        155 5.0000 4.5500 1.5000 0.0000
13        M:cfengine_in
31        155 1.0000 0.9100 0.3000 0.0000
9         M:loadavg
31        155 0.3083 0.2329 0.3196 0.0000
10        M:diskfree
34        155 60.5000 55.0550 18.2248 0.0000
12        M:otherprocs
33        155 26.0000 23.6600 7.8000 0.0000
11        M:rootprocs
36        155 114.5000 103.9850 35.0603 0.0000
7         M:users
31        155 8.0000 7.2800 2.4000 0.0000
# send QUERY complete successful
