# delta from 1679680698 to 1679680759 at 1679680759
22        CFR: 0 1679680758 2000
3         PRD
56        DBReportCollectAll,0.058062,0.359203,0.359231,1679680699
60        Packing reports: delta,0.030694,0.094215,0.106647,1679680699
3         EXS
16        f,279,1679680690
3         MOM
15        M:entropy_avail
35        1367 21.0000 14.7000 17.5699 0.0000
12        M:mem_cached
38        1367 3369.9805 2358.9863 0.0000 0.0000
10        M:mem_free
39        1367 11548.5820 8084.0074 0.0000 0.0000
11        M:mem_total
40        1367 15817.1836 11072.0285 0.0000 0.0000
16        M:io_writtendata
32        1367 0.2402 0.1682 0.2010 0.0000
11        M:io_writes
35        1367 18.0000 12.6000 15.0599 0.0000
13        M:postgres_in
32        1367 1.0000 0.7000 0.8367 0.0000
6         M:cpu3
32        1367 6.6921 4.6845 5.5990 0.0000
6         M:cpu2
32        1367 2.0936 1.4656 1.7517 0.0000
6         M:cpu1
32        1367 1.5518 1.0863 1.2984 0.0000
6         M:cpu0
32        1367 1.5764 1.1035 1.3189 0.0000
5         M:cpu
32        1367 2.9791 2.0854 2.4925 0.0000
8         M:syslog
38        1367 6111.0000 4277.7000 0.0000 0.0000
9         M:ssh_out
32        1367 5.0000 3.5000 4.1833 0.0000
8         M:ssh_in
32        1367 2.0000 1.4000 1.6733 0.0000
8         M:www_in
32        1367 1.0000 0.7000 0.8367 0.0000
14        M:cfengine_out
32        1367 6.0000 4.2000 5.0200 0.0000
13        M:cfengine_in
32        1367 1.0000 0.7000 0.8367 0.0000
9         M:loadavg
32        1367 0.5972 0.4180 0.4996 0.0000
10        M:diskfree
35        1367 54.0000 37.8000 45.1796 0.0000
12        M:otherprocs
35        1367 26.0000 18.2000 21.7532 0.0000
11        M:rootprocs
36        1367 118.0000 82.6000 98.7259 0.0000
7         M:users
32        1367 8.0000 5.6000 6.6933 0.0000
3         MOY
15        M:entropy_avail
36        155 323.0000 297.6050 79.9482 0.0000
12        M:mem_cached
39        155 2526.1133 2298.4965 696.2697 0.0000
16        M:io_writtendata
31        155 0.2939 0.2241 0.2132 0.0000
11        M:io_writes
34        155 16.0000 12.2500 11.5973 0.0000
13        M:postgres_in
31        155 1.0000 0.9100 0.3000 0.0000
6         M:cpu3
31        155 9.2585 6.6064 9.9586 0.0000
6         M:cpu2
31        155 1.2023 0.9735 0.7040 0.0000
6         M:cpu1
33        155 11.0003 7.8207 12.0038 0.0000
6         M:cpu0
31        155 5.6586 4.0823 5.7035 0.0000
5         M:cpu
31        155 8.5900 6.1378 9.1662 0.0000
8         M:syslog
38        155 1068.5000 778.2950 812.0638 0.0000
8         M:ssh_in
31        155 2.0000 1.8200 0.6000 0.0000
8         M:www_in
31        155 1.0000 0.9100 0.3000 0.0000
14        M:cfengine_out
31        155 5.0000 4.5500 1.5000 0.0000
13        M:cfengine_in
31        155 1.0000 0.9100 0.3000 0.0000
9         M:loadavg
31        155 0.2126 0.1705 0.1909 0.0000
10        M:diskfree
34        155 60.5000 55.0550 18.2248 0.0000
12        M:otherprocs
33        155 26.0000 23.6600 7.8000 0.0000
11        M:rootprocs
36        155 113.5000 103.3900 33.7037 0.0000
7         M:users
31        155 8.0000 7.2800 2.4000 0.0000
# send QUERY complete successful
