# delta from 1679721258 to 1679721319 at 1679721319
22        CFR: 0 1679721318 1967
3         PRD
56        DBReportCollectAll,0.043097,0.324746,0.346179,1679721259
60        Packing reports: delta,0.035040,0.122782,0.136557,1679721259
3         EXS
16        f,287,1679721198
3         MOM
15        M:entropy_avail
35        1502 60.0000 80.8500 69.5000 0.0000
12        M:mem_cached
40        1502 3734.2227 3398.0220 937.6187 0.0000
10        M:mem_free
38        1502 7808.9730 7808.9730 0.0000 0.0000
11        M:mem_total
40        1502 11072.0285 11072.0285 0.0000 0.0000
16        M:io_writtendata
32        1502 0.1689 0.2202 0.1708 0.0000
11        M:io_writes
34        1502 12.0000 13.8600 6.2000 0.0000
13        M:postgres_in
32        1502 1.0000 0.9100 0.3000 0.0000
6         M:cpu3
32        1502 3.9893 6.3638 7.9149 0.0000
6         M:cpu2
35        1502 18.6733 13.4689 14.5401 0.0000
6         M:cpu1
32        1502 7.2455 6.4808 2.5490 0.0000
6         M:cpu0
35        1502 16.6722 12.3633 12.1115 0.0000
5         M:cpu
34        1502 13.7125 11.1167 7.9612 0.0000
8         M:syslog
38        1502 167.0000 389.0600 740.2000 0.0000
8         M:ssh_in
32        1502 2.0000 1.8200 0.6000 0.0000
8         M:www_in
32        1502 1.0000 0.9100 0.3000 0.0000
14        M:cfengine_out
32        1502 5.0000 4.5500 1.5000 0.0000
13        M:cfengine_in
32        1502 1.0000 0.9100 0.3000 0.0000
9         M:loadavg
32        1502 0.7480 0.5498 0.5559 0.0000
10        M:diskfree
35        1502 50.0000 45.5000 15.0000 0.0000
12        M:otherprocs
34        1502 26.0000 23.6600 7.8000 0.0000
11        M:rootprocs
37        1502 118.0000 106.5400 38.2000 0.0000
7         M:users
32        1502 8.0000 7.2800 2.4000 0.0000
3         MOY
15        M:entropy_avail
36        155 323.0000 297.6050 79.9482 0.0000
12        M:mem_cached
39        155 2526.1133 2298.4965 696.2697 0.0000
16        M:io_writtendata
31        155 0.2939 0.2241 0.2132 0.0000
11        M:io_writes
34        155 16.0000 12.2500 11.5973 0.0000
13        M:postgres_in
31        155 1.0000 0.9100 0.3000 0.0000
6         M:cpu3
31        155 9.2585 6.6064 9.9586 0.0000
6         M:cpu2
31        155 1.2023 0.9735 0.7040 0.0000
6         M:cpu1
33        155 11.0003 7.8207 12.0038 0.0000
6         M:cpu0
31        155 5.6586 4.0823 5.7035 0.0000
5         M:cpu
31        155 8.5900 6.1378 9.1662 0.0000
8         M:syslog
38        155 1068.5000 778.2950 812.0638 0.0000
8         M:ssh_in
31        155 2.0000 1.8200 0.6000 0.0000
8         M:www_in
31        155 1.0000 0.9100 0.3000 0.0000
14        M:cfengine_out
31        155 5.0000 4.5500 1.5000 0.0000
13        M:cfengine_in
31        155 1.0000 0.9100 0.3000 0.0000
9         M:loadavg
31        155 0.2126 0.1705 0.1909 0.0000
10        M:diskfree
34        155 60.5000 55.0550 18.2248 0.0000
12        M:otherprocs
33        155 26.0000 23.6600 7.8000 0.0000
11        M:rootprocs
36        155 113.5000 103.3900 33.7037 0.0000
7         M:users
31        155 8.0000 7.2800 2.4000 0.0000
# send QUERY complete successful
