# delta from 1679742858 to 1679742919 at 1679742919
22        CFR: 0 1679742918 1972
3         PRD
56        DBReportCollectAll,0.076819,0.352017,0.323638,1679742859
60        Packing reports: delta,0.024381,0.059445,0.054751,1679742859
3         EXS
16        f,287,1679742806
3         MOM
15        M:entropy_avail
36        1574 98.0000 111.0200 43.4000 0.0000
12        M:mem_cached
40        1574 3923.0430 3569.5163 985.9388 0.0000
10        M:mem_free
39        1574 10939.1797 9954.6437 0.0000 0.0000
11        M:mem_total
40        1574 15817.1836 14393.6371 0.0000 0.0000
16        M:io_writtendata
32        1574 0.2676 0.2734 0.0195 0.0000
11        M:io_writes
34        1574 16.0000 16.6600 2.2000 0.0000
13        M:postgres_in
32        1574 1.0000 0.9100 0.3000 0.0000
6         M:cpu3
35        1574 26.6898 19.4107 20.3626 0.0000
6         M:cpu2
32        1574 2.3859 1.9597 1.3462 0.0000
6         M:cpu1
35        1574 33.3378 24.0606 25.9209 0.0000
6         M:cpu0
32        1574 1.4658 1.1285 0.9669 0.0000
5         M:cpu
35        1574 16.0025 11.6628 12.1445 0.0000
8         M:syslog
40        1574 1562.0000 1364.7200 657.6000 0.0000
8         M:ssh_in
32        1574 2.0000 1.8200 0.6000 0.0000
8         M:www_in
32        1574 2.0000 1.6100 1.1803 0.0000
14        M:cfengine_out
32        1574 5.0000 4.5500 1.5000 0.0000
13        M:cfengine_in
32        1574 1.0000 0.9100 0.3000 0.0000
9         M:loadavg
32        1574 0.7710 0.6117 0.4713 0.0000
10        M:diskfree
35        1574 48.0000 43.6800 14.4000 0.0000
12        M:otherprocs
34        1574 26.0000 23.6600 7.8000 0.0000
11        M:rootprocs
37        1574 115.0000 104.4400 35.2000 0.0000
7         M:users
32        1574 8.0000 7.2800 2.4000 0.0000
3         MOY
15        M:entropy_avail
36        155 323.0000 297.6050 79.9482 0.0000
12        M:mem_cached
39        155 2526.1133 2298.4965 696.2697 0.0000
16        M:io_writtendata
31        155 0.2939 0.2241 0.2132 0.0000
11        M:io_writes
34        155 16.0000 12.2500 11.5973 0.0000
13        M:postgres_in
31        155 1.0000 0.9100 0.3000 0.0000
6         M:cpu3
31        155 9.2585 6.6064 9.9586 0.0000
6         M:cpu2
31        155 1.2023 0.9735 0.7040 0.0000
6         M:cpu1
33        155 11.0003 7.8207 12.0038 0.0000
6         M:cpu0
31        155 5.6586 4.0823 5.7035 0.0000
5         M:cpu
31        155 8.5900 6.1378 9.1662 0.0000
8         M:syslog
38        155 1068.5000 778.2950 812.0638 0.0000
8         M:ssh_in
31        155 2.0000 1.8200 0.6000 0.0000
8         M:www_in
31        155 1.0000 0.9100 0.3000 0.0000
14        M:cfengine_out
31        155 5.0000 4.5500 1.5000 0.0000
13        M:cfengine_in
31        155 1.0000 0.9100 0.3000 0.0000
9         M:loadavg
31        155 0.2126 0.1705 0.1909 0.0000
10        M:diskfree
34        155 60.5000 55.0550 18.2248 0.0000
12        M:otherprocs
33        155 26.0000 23.6600 7.8000 0.0000
11        M:rootprocs
36        155 113.5000 103.3900 33.7037 0.0000
7         M:users
31        155 8.0000 7.2800 2.4000 0.0000
# send QUERY complete successful
