# delta from 1679666658 to 1679666719 at 1679666719
22        CFR: 0 1679666718 1973
3         PRD
56        DBReportCollectAll,0.087281,0.450354,0.523763,1679666659
60        Packing reports: delta,0.043610,0.118074,0.162535,1679666659
3         EXS
16        f,289,1679666602
3         MOM
15        M:entropy_avail
37        1320 379.0000 371.7700 24.1000 0.0000
12        M:mem_cached
40        1320 3258.0586 2964.3165 819.2075 0.0000
10        M:mem_free
38        1320 8225.3090 8225.3090 0.0000 0.0000
11        M:mem_total
40        1320 11072.0285 11072.0285 0.0000 0.0000
16        M:io_writtendata
32        1320 0.2666 0.2162 0.1548 0.0000
11        M:io_writes
34        1320 16.0000 12.8800 9.4420 0.0000
13        M:postgres_in
32        1320 1.0000 0.9100 0.3000 0.0000
6         M:cpu3
35        1320 14.3045 10.1101 11.6995 0.0000
6         M:cpu2
32        1320 7.5454 5.4137 5.9519 0.0000
6         M:cpu1
35        1320 21.0927 14.9026 17.2660 0.0000
6         M:cpu0
33        1320 11.2784 8.0239 9.0810 0.0000
5         M:cpu
35        1320 16.2160 11.4755 13.2236 0.0000
8         M:syslog
41        1320 1559.0000 1121.7500 1221.2410 0.0000
8         M:ssh_in
32        1320 2.0000 1.8200 0.6000 0.0000
8         M:www_in
32        1320 2.0000 1.6100 1.1803 0.0000
14        M:cfengine_out
32        1320 5.0000 4.5500 1.5000 0.0000
13        M:cfengine_in
32        1320 1.0000 0.9100 0.3000 0.0000
9         M:loadavg
32        1320 0.4751 0.3509 0.3486 0.0000
10        M:diskfree
35        1320 56.0000 50.9600 16.8000 0.0000
12        M:otherprocs
34        1320 26.0000 23.6600 7.8000 0.0000
11        M:rootprocs
37        1320 114.0000 103.7400 34.2000 0.0000
7         M:users
32        1320 8.0000 7.2800 2.4000 0.0000
3         MOY
15        M:entropy_avail
37        155 702.0000 673.2600 107.9707 0.0000
12        M:mem_cached
39        155 2464.8457 2243.0547 676.7562 0.0000
16        M:io_writtendata
31        155 0.2319 0.1839 0.1438 0.0000
11        M:io_writes
32        155 10.0000 7.8400 6.2967 0.0000
13        M:postgres_in
31        155 1.0000 0.9100 0.3000 0.0000
6         M:cpu3
31        155 3.7512 2.7372 3.5276 0.0000
6         M:cpu2
31        155 3.5083 2.5878 3.1994 0.0000
6         M:cpu1
31        155 4.4824 3.2504 4.3490 0.0000
6         M:cpu0
34        155 18.9663 13.4103 21.3762 0.0000
5         M:cpu
31        155 7.6736 5.4942 8.0927 0.0000
8         M:syslog
37        155 614.5000 460.4950 572.4415 0.0000
8         M:ssh_in
31        155 2.0000 1.8200 0.6000 0.0000
8         M:www_in
31        155 1.0000 0.9100 0.3000 0.0000
14        M:cfengine_out
31        155 5.0000 4.5500 1.5000 0.0000
13        M:cfengine_in
31        155 1.0000 0.9100 0.3000 0.0000
9         M:loadavg
31        155 0.4094 0.3028 0.4421 0.0000
10        M:diskfree
34        155 61.0000 55.5100 18.3614 0.0000
12        M:otherprocs
33        155 26.0000 23.6600 7.8000 0.0000
11        M:rootprocs
36        155 115.5000 104.7900 35.7315 0.0000
7         M:users
31        155 8.0000 7.2800 2.4000 0.0000
# send QUERY complete successful
