# delta from 1679667259 to 1679667319 at 1679667319
22        CFR: 0 1679667318 1912
3         PRD
60        Packing reports: delta,0.032063,0.102806,0.118353,1679667260
3         EXS
16        f,285,1679667207
3         MOM
15        M:entropy_avail
36        1322 343.0000 341.5300 4.9000 0.0000
12        M:mem_cached
40        1322 3264.1211 2969.8555 820.6674 0.0000
10        M:mem_free
40        1322 11744.1641 10687.4469 0.0000 0.0000
11        M:mem_total
40        1322 15817.1836 14393.6371 0.0000 0.0000
16        M:io_writtendata
32        1322 0.2734 0.2607 0.0424 0.0000
11        M:io_writes
34        1322 14.0000 14.0000 0.0000 0.0000
13        M:postgres_in
32        1322 1.0000 0.9100 0.3000 0.0000
6         M:cpu3
32        1322 3.4423 3.6068 0.5484 0.0000
6         M:cpu2
32        1322 7.2656 6.3078 3.1926 0.0000
6         M:cpu1
32        1322 4.8325 4.5384 0.9806 0.0000
6         M:cpu0
35        1322 48.6021 35.1917 37.4870 0.0000
5         M:cpu
35        1322 16.0720 12.4366 10.4638 0.0000
8         M:syslog
41        1322 1800.0000 1351.3500 1267.0049 0.0000
8         M:ssh_in
32        1322 2.0000 1.8200 0.6000 0.0000
8         M:www_in
32        1322 1.0000 0.9100 0.3000 0.0000
14        M:cfengine_out
32        1322 5.0000 4.5500 1.5000 0.0000
13        M:cfengine_in
32        1322 1.0000 0.9100 0.3000 0.0000
9         M:loadavg
32        1322 0.5713 0.4658 0.3274 0.0000
10        M:diskfree
35        1322 55.0000 50.0500 16.5000 0.0000
12        M:otherprocs
34        1322 26.0000 23.6600 7.8000 0.0000
11        M:rootprocs
37        1322 115.0000 104.6500 34.5000 0.0000
7         M:users
32        1322 8.0000 7.2800 2.4000 0.0000
3         MOY
15        M:entropy_avail
36        155 423.0000 416.4300 32.5641 0.0000
12        M:mem_cached
39        155 2484.3203 2260.4222 683.7891 0.0000
16        M:io_writtendata
31        155 0.2417 0.1846 0.1679 0.0000
11        M:io_writes
32        155 13.0000 9.9400 9.0823 0.0000
13        M:postgres_in
31        155 1.0000 0.9100 0.3000 0.0000
6         M:cpu3
31        155 1.9659 1.4981 1.4496 0.0000
6         M:cpu2
31        155 6.8025 4.8838 7.1072 0.0000
6         M:cpu1
31        155 2.1684 1.6356 1.6646 0.0000
6         M:cpu0
33        155 10.6045 7.5325 11.5855 0.0000
5         M:cpu
31        155 8.6535 6.1752 9.2683 0.0000
8         M:syslog
37        155 923.0000 676.4450 700.5598 0.0000
8         M:ssh_in
31        155 2.0000 1.8200 0.6000 0.0000
8         M:www_in
31        155 1.0000 1.0150 0.3536 0.0000
14        M:cfengine_out
31        155 5.0000 4.5500 1.5000 0.0000
13        M:cfengine_in
31        155 1.0000 0.9100 0.3000 0.0000
9         M:loadavg
31        155 0.4209 0.3099 0.4592 0.0000
10        M:diskfree
34        155 61.0000 55.5100 18.3614 0.0000
12        M:otherprocs
33        155 26.0000 23.6600 7.8000 0.0000
11        M:rootprocs
36        155 116.0000 105.1400 36.2552 0.0000
7         M:users
31        155 8.0000 7.2800 2.4000 0.0000
# send QUERY complete successful
