# delta from 1679714418 to 1679714479 at 1679714479
22        CFR: 0 1679714478 2046
3         PRD
56        DBReportCollectAll,0.121780,0.362994,0.282585,1679714419
60        Packing reports: delta,0.035090,0.101912,0.080384,1679714419
83        Sample(/proc/sys/kernel/random/entropy_avail),0.004516,0.002040,0.002023,1679714423
3         EXS
16        f,278,1679714289
3         MOM
15        M:entropy_avail
38        1480 162.0000 113.4000 135.5389 0.0000
12        M:mem_cached
38        1480 3677.1641 2574.0148 0.0000 0.0000
10        M:mem_free
39        1480 11235.1602 7864.6121 0.0000 0.0000
11        M:mem_total
40        1480 15817.1836 11072.0285 0.0000 0.0000
16        M:io_writtendata
32        1480 0.2031 0.1422 0.1699 0.0000
11        M:io_writes
33        1480 10.0000 7.0000 8.3666 0.0000
13        M:postgres_in
32        1480 1.0000 0.7000 0.8367 0.0000
6         M:cpu3
32        1480 1.3861 0.9703 1.1597 0.0000
6         M:cpu2
32        1480 7.6074 5.3252 6.3648 0.0000
6         M:cpu1
32        1480 4.1032 2.8722 3.4330 0.0000
6         M:cpu0
32        1480 1.1097 0.7768 0.9284 0.0000
5         M:cpu
32        1480 3.5500 2.4850 2.9701 0.0000
8         M:syslog
41        1480 1534.0000 1073.8000 1283.4365 0.0000
8         M:ssh_in
32        1480 2.0000 1.4000 1.6733 0.0000
8         M:www_in
32        1480 2.0000 1.4000 1.6733 0.0000
14        M:cfengine_out
32        1480 5.0000 3.5000 4.1833 0.0000
13        M:cfengine_in
32        1480 1.0000 0.7000 0.8367 0.0000
9         M:loadavg
32        1480 0.0801 0.0561 0.0670 0.0000
10        M:diskfree
35        1480 51.0000 35.7000 42.6697 0.0000
12        M:otherprocs
35        1480 26.0000 18.2000 21.7532 0.0000
11        M:rootprocs
36        1480 115.0000 80.5000 96.2159 0.0000
7         M:users
32        1480 8.0000 5.6000 6.6933 0.0000
3         MOY
15        M:entropy_avail
36        155 323.0000 297.6050 79.9482 0.0000
12        M:mem_cached
39        155 2526.1133 2298.4965 696.2697 0.0000
16        M:io_writtendata
31        155 0.2939 0.2241 0.2132 0.0000
11        M:io_writes
34        155 16.0000 12.2500 11.5973 0.0000
13        M:postgres_in
31        155 1.0000 0.9100 0.3000 0.0000
6         M:cpu3
31        155 9.2585 6.6064 9.9586 0.0000
6         M:cpu2
31        155 1.2023 0.9735 0.7040 0.0000
6         M:cpu1
33        155 11.0003 7.8207 12.0038 0.0000
6         M:cpu0
31        155 5.6586 4.0823 5.7035 0.0000
5         M:cpu
31        155 8.5900 6.1378 9.1662 0.0000
8         M:syslog
38        155 1068.5000 778.2950 812.0638 0.0000
8         M:ssh_in
31        155 2.0000 1.8200 0.6000 0.0000
8         M:www_in
31        155 1.0000 0.9100 0.3000 0.0000
14        M:cfengine_out
31        155 5.0000 4.5500 1.5000 0.0000
13        M:cfengine_in
31        155 1.0000 0.9100 0.3000 0.0000
9         M:loadavg
31        155 0.2126 0.1705 0.1909 0.0000
10        M:diskfree
34        155 60.5000 55.0550 18.2248 0.0000
12        M:otherprocs
33        155 26.0000 23.6600 7.8000 0.0000
11        M:rootprocs
36        155 113.5000 103.3900 33.7037 0.0000
7         M:users
31        155 8.0000 7.2800 2.4000 0.0000
# send QUERY complete successful
