# delta from 1679741418 to 1679741480 at 1679741480
22        CFR: 0 1679741479 2042
3         PRD
56        DBReportCollectAll,0.058744,0.343681,0.296920,1679741419
60        Packing reports: delta,0.051106,0.172732,0.158249,1679741419
83        Sample(/proc/sys/kernel/random/entropy_avail),0.005170,0.002673,0.003367,1679741471
3         EXS
16        f,289,1679741316
3         MOM
15        M:entropy_avail
38        1570 191.0000 133.7000 159.8021 0.0000
12        M:mem_cached
38        1570 3910.9180 2737.6426 0.0000 0.0000
10        M:mem_free
39        1570 10945.1445 7661.6012 0.0000 0.0000
11        M:mem_total
40        1570 15817.1836 11072.0285 0.0000 0.0000
16        M:io_writtendata
32        1570 0.0967 0.0677 0.0809 0.0000
11        M:io_writes
32        1570 6.0000 4.2000 5.0200 0.0000
13        M:postgres_in
32        1570 1.0000 0.7000 0.8367 0.0000
6         M:cpu3
32        1570 0.5728 0.4010 0.4793 0.0000
6         M:cpu2
32        1570 0.5666 0.3966 0.4740 0.0000
6         M:cpu1
32        1570 0.4195 0.2936 0.3510 0.0000
6         M:cpu0
32        1570 0.4928 0.3449 0.4123 0.0000
5         M:cpu
32        1570 0.5096 0.3567 0.4264 0.0000
8         M:syslog
38        1570 145.0000 101.5000 121.3157 0.0000
8         M:ssh_in
32        1570 2.0000 1.4000 1.6733 0.0000
8         M:www_in
32        1570 1.0000 0.7000 0.8367 0.0000
14        M:cfengine_out
32        1570 5.0000 3.5000 4.1833 0.0000
13        M:cfengine_in
32        1570 1.0000 0.7000 0.8367 0.0000
9         M:loadavg
32        1570 0.0615 0.0431 0.0515 0.0000
10        M:diskfree
35        1570 48.0000 33.6000 40.1597 0.0000
12        M:otherprocs
35        1570 26.0000 18.2000 21.7532 0.0000
11        M:rootprocs
36        1570 115.0000 80.5000 96.2159 0.0000
7         M:users
32        1570 8.0000 5.6000 6.6933 0.0000
3         MOY
15        M:entropy_avail
36        155 323.0000 297.6050 79.9482 0.0000
12        M:mem_cached
39        155 2526.1133 2298.4965 696.2697 0.0000
16        M:io_writtendata
31        155 0.2939 0.2241 0.2132 0.0000
11        M:io_writes
34        155 16.0000 12.2500 11.5973 0.0000
13        M:postgres_in
31        155 1.0000 0.9100 0.3000 0.0000
6         M:cpu3
31        155 9.2585 6.6064 9.9586 0.0000
6         M:cpu2
31        155 1.2023 0.9735 0.7040 0.0000
6         M:cpu1
33        155 11.0003 7.8207 12.0038 0.0000
6         M:cpu0
31        155 5.6586 4.0823 5.7035 0.0000
5         M:cpu
31        155 8.5900 6.1378 9.1662 0.0000
8         M:syslog
38        155 1068.5000 778.2950 812.0638 0.0000
8         M:ssh_in
31        155 2.0000 1.8200 0.6000 0.0000
8         M:www_in
31        155 1.0000 0.9100 0.3000 0.0000
14        M:cfengine_out
31        155 5.0000 4.5500 1.5000 0.0000
13        M:cfengine_in
31        155 1.0000 0.9100 0.3000 0.0000
9         M:loadavg
31        155 0.2126 0.1705 0.1909 0.0000
10        M:diskfree
34        155 60.5000 55.0550 18.2248 0.0000
12        M:otherprocs
33        155 26.0000 23.6600 7.8000 0.0000
11        M:rootprocs
36        155 113.5000 103.3900 33.7037 0.0000
7         M:users
31        155 8.0000 7.2800 2.4000 0.0000
# send QUERY complete successful
