# delta from 1679670858 to 1679670919 at 1679670919
22        CFR: 0 1679670918 1973
3         PRD
56        DBReportCollectAll,0.122008,0.398666,0.466345,1679670859
60        Packing reports: delta,0.091009,0.158764,0.268465,1679670859
3         EXS
16        f,287,1679670798
3         MOM
15        M:entropy_avail
36        1334 116.0000 82.4600 93.5790 0.0000
12        M:mem_cached
40        1334 3296.0781 2998.9873 828.5467 0.0000
10        M:mem_free
40        1334 11694.3125 10642.7792 0.0000 0.0000
11        M:mem_total
40        1334 15817.1836 14393.6371 0.0000 0.0000
16        M:io_writtendata
32        1334 0.3223 0.2830 0.1309 0.0000
11        M:io_writes
34        1334 18.0000 15.5400 8.2000 0.0000
13        M:postgres_in
32        1334 1.0000 0.9100 0.3000 0.0000
6         M:cpu3
35        1334 27.7678 19.6196 22.7277 0.0000
6         M:cpu2
32        1334 2.3171 1.7874 1.5209 0.0000
6         M:cpu1
35        1334 28.5714 20.1513 23.4849 0.0000
6         M:cpu0
32        1334 5.0117 3.6412 3.8331 0.0000
5         M:cpu
35        1334 15.9453 11.3196 12.9048 0.0000
8         M:syslog
41        1334 1553.0000 1117.5500 1216.2285 0.0000
8         M:ssh_in
32        1334 2.0000 2.0300 0.1000 0.0000
8         M:www_in
32        1334 1.0000 0.9100 0.3000 0.0000
14        M:cfengine_out
32        1334 5.0000 4.5500 1.5000 0.0000
13        M:cfengine_in
32        1334 1.0000 0.9100 0.3000 0.0000
9         M:loadavg
32        1334 0.3799 0.2800 0.2803 0.0000
10        M:diskfree
35        1334 55.0000 50.0500 16.5000 0.0000
12        M:otherprocs
34        1334 26.0000 23.6600 7.8000 0.0000
11        M:rootprocs
37        1334 114.0000 103.7400 34.2000 0.0000
7         M:users
32        1334 8.0000 7.2800 2.4000 0.0000
3         MOY
15        M:entropy_avail
36        155 311.5000 288.7150 70.5984 0.0000
12        M:mem_cached
39        155 2500.4707 2275.1462 688.5663 0.0000
16        M:io_writtendata
31        155 0.2676 0.2020 0.1967 0.0000
11        M:io_writes
34        155 14.0000 10.6400 10.1177 0.0000
13        M:postgres_in
31        155 1.0000 0.9100 0.3000 0.0000
6         M:cpu3
31        155 5.6157 4.0684 5.6166 0.0000
6         M:cpu2
31        155 6.9570 5.0045 7.2414 0.0000
6         M:cpu1
31        155 4.6086 3.3564 4.4307 0.0000
6         M:cpu0
31        155 8.9643 6.3865 9.6397 0.0000
5         M:cpu
31        155 8.5530 6.1152 9.1097 0.0000
8         M:syslog
39        155 1188.0000 861.9450 1774.3258 0.0000
8         M:ssh_in
31        155 2.0000 1.8200 0.6000 0.0000
8         M:www_in
31        155 1.0000 0.9100 0.3000 0.0000
14        M:cfengine_out
31        155 5.0000 4.5500 1.5000 0.0000
13        M:cfengine_in
31        155 1.0000 0.9100 0.3000 0.0000
9         M:loadavg
31        155 0.3083 0.2329 0.3196 0.0000
10        M:diskfree
34        155 60.5000 55.0550 18.2248 0.0000
12        M:otherprocs
33        155 26.0000 23.6600 7.8000 0.0000
11        M:rootprocs
36        155 114.5000 103.9850 35.0603 0.0000
7         M:users
31        155 8.0000 7.2800 2.4000 0.0000
# send QUERY complete successful
