# delta from 1679679859 to 1679679919 at 1679679919
22        CFR: 0 1679679918 2056
3         PRD
56        DBReportCollectAll,0.153829,0.493460,0.621122,1679679860
60        Packing reports: delta,0.052031,0.122126,0.135768,1679679860
83        Sample(/proc/sys/kernel/random/entropy_avail),0.004510,0.002034,0.002235,1679679861
3         EXS
16        f,287,1679679806
3         MOM
15        M:entropy_avail
36        1364 126.0000 91.7700 95.7803 0.0000
12        M:mem_cached
40        1364 3364.5664 3061.1763 846.1146 0.0000
10        M:mem_free
38        1364 8127.4211 8127.4211 0.0000 0.0000
11        M:mem_total
40        1364 11072.0285 11072.0285 0.0000 0.0000
16        M:io_writtendata
32        1364 0.2510 0.2263 0.0821 0.0000
11        M:io_writes
34        1364 12.0000 11.7600 0.8000 0.0000
13        M:postgres_in
32        1364 1.0000 0.9100 0.3000 0.0000
6         M:cpu3
35        1364 23.4891 16.5729 19.2906 0.0000
6         M:cpu2
32        1364 6.7192 4.8593 5.1981 0.0000
6         M:cpu1
35        1364 16.4781 11.6496 13.4684 0.0000
6         M:cpu0
33        1364 11.9515 8.4614 9.7356 0.0000
5         M:cpu
35        1364 16.0099 11.3311 13.0514 0.0000
8         M:syslog
41        1364 1703.0000 1222.5500 1341.5576 0.0000
8         M:ssh_in
32        1364 2.0000 1.8200 0.6000 0.0000
8         M:www_in
32        1364 1.0000 0.9100 0.3000 0.0000
14        M:cfengine_out
32        1364 9.0000 7.3500 5.1405 0.0000
13        M:cfengine_in
32        1364 2.0000 1.6100 1.1803 0.0000
9         M:loadavg
32        1364 0.3179 0.2448 0.2096 0.0000
10        M:diskfree
35        1364 54.0000 49.1400 16.2000 0.0000
12        M:otherprocs
34        1364 26.0000 23.6600 7.8000 0.0000
11        M:rootprocs
37        1364 114.0000 103.7400 34.2000 0.0000
7         M:users
32        1364 8.0000 7.2800 2.4000 0.0000
3         MOY
15        M:entropy_avail
36        155 323.0000 297.6050 79.9482 0.0000
12        M:mem_cached
39        155 2526.1133 2298.4965 696.2697 0.0000
16        M:io_writtendata
31        155 0.2939 0.2241 0.2132 0.0000
11        M:io_writes
34        155 16.0000 12.2500 11.5973 0.0000
13        M:postgres_in
31        155 1.0000 0.9100 0.3000 0.0000
6         M:cpu3
31        155 9.2585 6.6064 9.9586 0.0000
6         M:cpu2
31        155 1.2023 0.9735 0.7040 0.0000
6         M:cpu1
33        155 11.0003 7.8207 12.0038 0.0000
6         M:cpu0
31        155 5.6586 4.0823 5.7035 0.0000
5         M:cpu
31        155 8.5900 6.1378 9.1662 0.0000
8         M:syslog
38        155 1068.5000 778.2950 812.0638 0.0000
8         M:ssh_in
31        155 2.0000 1.8200 0.6000 0.0000
8         M:www_in
31        155 1.0000 0.9100 0.3000 0.0000
14        M:cfengine_out
31        155 5.0000 4.5500 1.5000 0.0000
13        M:cfengine_in
31        155 1.0000 0.9100 0.3000 0.0000
9         M:loadavg
31        155 0.2126 0.1705 0.1909 0.0000
10        M:diskfree
34        155 60.5000 55.0550 18.2248 0.0000
12        M:otherprocs
33        155 26.0000 23.6600 7.8000 0.0000
11        M:rootprocs
36        155 113.5000 103.3900 33.7037 0.0000
7         M:users
31        155 8.0000 7.2800 2.4000 0.0000
# send QUERY complete successful
