# delta from 1679736558 to 1679736619 at 1679736619
22        CFR: 0 1679736618 1973
3         PRD
56        DBReportCollectAll,0.050613,0.374246,0.401010,1679736559
60        Packing reports: delta,0.036308,0.131828,0.132470,1679736559
3         EXS
16        f,286,1679736506
3         MOM
15        M:entropy_avail
36        1553 87.0000 102.6900 52.3000 0.0000
12        M:mem_cached
40        1553 3869.3945 3520.6609 972.5715 0.0000
10        M:mem_free
40        1553 8115.5462 7988.7569 353.5985 0.0000
11        M:mem_total
40        1553 11072.0285 11072.0285 0.0000 0.0000
16        M:io_writtendata
32        1553 0.3066 0.3067 0.0003 0.0000
11        M:io_writes
34        1553 18.0000 17.6400 1.2000 0.0000
13        M:postgres_in
32        1553 1.0000 0.9100 0.3000 0.0000
6         M:cpu3
35        1553 14.8151 10.5320 11.9500 0.0000
6         M:cpu2
32        1553 2.1601 3.0710 3.0364 0.0000
6         M:cpu1
35        1553 31.7086 22.4609 25.7971 0.0000
6         M:cpu0
32        1553 3.6430 4.0788 1.4525 0.0000
5         M:cpu
35        1553 15.9172 12.0213 11.0332 0.0000
8         M:syslog
40        1553 1322.0000 1146.5300 584.9000 0.0000
8         M:ssh_in
32        1553 2.0000 1.8200 0.6000 0.0000
8         M:www_in
32        1553 1.0000 0.9100 0.3000 0.0000
14        M:cfengine_out
32        1553 5.0000 4.5500 1.5000 0.0000
13        M:cfengine_in
32        1553 1.0000 0.9100 0.3000 0.0000
9         M:loadavg
32        1553 0.8882 0.6587 0.6450 0.0000
10        M:diskfree
35        1553 49.0000 44.5900 14.7000 0.0000
12        M:otherprocs
34        1553 26.0000 23.6600 7.8000 0.0000
11        M:rootprocs
37        1553 115.0000 104.8600 33.8000 0.0000
7         M:users
32        1553 8.0000 7.2800 2.4000 0.0000
3         MOY
15        M:entropy_avail
36        155 323.0000 297.6050 79.9482 0.0000
12        M:mem_cached
39        155 2526.1133 2298.4965 696.2697 0.0000
16        M:io_writtendata
31        155 0.2939 0.2241 0.2132 0.0000
11        M:io_writes
34        155 16.0000 12.2500 11.5973 0.0000
13        M:postgres_in
31        155 1.0000 0.9100 0.3000 0.0000
6         M:cpu3
31        155 9.2585 6.6064 9.9586 0.0000
6         M:cpu2
31        155 1.2023 0.9735 0.7040 0.0000
6         M:cpu1
33        155 11.0003 7.8207 12.0038 0.0000
6         M:cpu0
31        155 5.6586 4.0823 5.7035 0.0000
5         M:cpu
31        155 8.5900 6.1378 9.1662 0.0000
8         M:syslog
38        155 1068.5000 778.2950 812.0638 0.0000
8         M:ssh_in
31        155 2.0000 1.8200 0.6000 0.0000
8         M:www_in
31        155 1.0000 0.9100 0.3000 0.0000
14        M:cfengine_out
31        155 5.0000 4.5500 1.5000 0.0000
13        M:cfengine_in
31        155 1.0000 0.9100 0.3000 0.0000
9         M:loadavg
31        155 0.2126 0.1705 0.1909 0.0000
10        M:diskfree
34        155 60.5000 55.0550 18.2248 0.0000
12        M:otherprocs
33        155 26.0000 23.6600 7.8000 0.0000
11        M:rootprocs
36        155 113.5000 103.3900 33.7037 0.0000
7         M:users
31        155 8.0000 7.2800 2.4000 0.0000
# send QUERY complete successful
