# delta from 1679714118 to 1679714179 at 1679714179
22        CFR: 0 1679714178 2050
3         PRD
56        DBReportCollectAll,0.078720,0.338168,0.300404,1679714119
60        Packing reports: delta,0.028868,0.083333,0.074681,1679714119
83        Sample(/proc/sys/kernel/random/entropy_avail),0.004708,0.002216,0.002159,1679714122
3         EXS
16        f,287,1679714015
3         MOM
15        M:entropy_avail
38        1479 169.0000 118.3000 141.3955 0.0000
12        M:mem_cached
38        1479 3674.5703 2572.1992 0.0000 0.0000
10        M:mem_free
39        1479 11229.1797 7860.4258 0.0000 0.0000
11        M:mem_total
40        1479 15817.1836 11072.0285 0.0000 0.0000
16        M:io_writtendata
32        1479 0.2627 0.1839 0.2198 0.0000
11        M:io_writes
34        1479 14.0000 9.8000 11.7132 0.0000
13        M:postgres_in
32        1479 1.0000 0.7000 0.8367 0.0000
6         M:cpu3
35        1479 18.3972 12.8780 15.3922 0.0000
6         M:cpu2
32        1479 4.7097 3.2968 3.9404 0.0000
6         M:cpu1
32        1479 2.1961 1.5373 1.8374 0.0000
6         M:cpu0
32        1479 6.5891 4.6124 5.5129 0.0000
5         M:cpu
32        1479 7.9779 5.5845 6.6748 0.0000
8         M:syslog
41        1479 1782.0000 1247.4000 1490.9282 0.0000
8         M:ssh_in
32        1479 2.0000 1.4000 1.6733 0.0000
8         M:www_in
32        1479 1.0000 0.7000 0.8367 0.0000
14        M:cfengine_out
32        1479 5.0000 3.5000 4.1833 0.0000
13        M:cfengine_in
32        1479 1.0000 0.7000 0.8367 0.0000
9         M:loadavg
32        1479 0.1289 0.0902 0.1079 0.0000
10        M:diskfree
35        1479 51.0000 35.7000 42.6697 0.0000
12        M:otherprocs
35        1479 26.0000 18.2000 21.7532 0.0000
11        M:rootprocs
36        1479 114.0000 79.8000 95.3792 0.0000
7         M:users
32        1479 8.0000 5.6000 6.6933 0.0000
3         MOY
15        M:entropy_avail
36        155 323.0000 297.6050 79.9482 0.0000
12        M:mem_cached
39        155 2526.1133 2298.4965 696.2697 0.0000
16        M:io_writtendata
31        155 0.2939 0.2241 0.2132 0.0000
11        M:io_writes
34        155 16.0000 12.2500 11.5973 0.0000
13        M:postgres_in
31        155 1.0000 0.9100 0.3000 0.0000
6         M:cpu3
31        155 9.2585 6.6064 9.9586 0.0000
6         M:cpu2
31        155 1.2023 0.9735 0.7040 0.0000
6         M:cpu1
33        155 11.0003 7.8207 12.0038 0.0000
6         M:cpu0
31        155 5.6586 4.0823 5.7035 0.0000
5         M:cpu
31        155 8.5900 6.1378 9.1662 0.0000
8         M:syslog
38        155 1068.5000 778.2950 812.0638 0.0000
8         M:ssh_in
31        155 2.0000 1.8200 0.6000 0.0000
8         M:www_in
31        155 1.0000 0.9100 0.3000 0.0000
14        M:cfengine_out
31        155 5.0000 4.5500 1.5000 0.0000
13        M:cfengine_in
31        155 1.0000 0.9100 0.3000 0.0000
9         M:loadavg
31        155 0.2126 0.1705 0.1909 0.0000
10        M:diskfree
34        155 60.5000 55.0550 18.2248 0.0000
12        M:otherprocs
33        155 26.0000 23.6600 7.8000 0.0000
11        M:rootprocs
36        155 113.5000 103.3900 33.7037 0.0000
7         M:users
31        155 8.0000 7.2800 2.4000 0.0000
# send QUERY complete successful
