# delta from 1679680459 to 1679680519 at 1679680519
22        CFR: 0 1679680518 2003
3         PRD
60        Packing reports: delta,0.028328,0.080249,0.087919,1679680460
83        Sample(/proc/sys/kernel/random/entropy_avail),0.005084,0.002585,0.003420,1679680462
3         EXS
16        f,288,1679680415
3         MOM
15        M:entropy_avail
37        1366 138.0000 99.3300 108.0099 0.0000
12        M:mem_cached
40        1366 3369.8750 3066.0170 847.4196 0.0000
10        M:mem_free
40        1366 11590.4727 10549.9395 0.0000 0.0000
11        M:mem_total
40        1366 15817.1836 14393.6371 0.0000 0.0000
16        M:io_writtendata
32        1366 0.4453 0.3285 0.3277 0.0000
11        M:io_writes
35        1366 22.0000 16.2400 16.1681 0.0000
13        M:postgres_in
32        1366 1.0000 0.9100 0.3000 0.0000
6         M:cpu3
32        1366 5.6990 4.1141 4.4283 0.0000
6         M:cpu2
35        1366 22.1098 15.5806 18.2105 0.0000
6         M:cpu1
32        1366 8.6278 6.1641 6.8764 0.0000
6         M:cpu0
35        1366 27.6861 19.4897 22.8601 0.0000
5         M:cpu
35        1366 16.0404 11.3436 13.1013 0.0000
8         M:syslog
41        1366 1804.0000 1293.2500 1425.9627 0.0000
8         M:ssh_in
32        1366 2.0000 1.8200 0.6000 0.0000
8         M:www_in
32        1366 1.0000 0.9100 0.3000 0.0000
14        M:cfengine_out
32        1366 5.0000 4.5500 1.5000 0.0000
13        M:cfengine_in
32        1366 1.0000 0.9100 0.3000 0.0000
9         M:loadavg
32        1366 0.5234 0.4167 0.3174 0.0000
10        M:diskfree
35        1366 54.0000 49.1400 16.2000 0.0000
12        M:otherprocs
34        1366 26.0000 23.6600 7.8000 0.0000
11        M:rootprocs
37        1366 115.0000 104.4400 35.2000 0.0000
7         M:users
32        1366 8.0000 7.2800 2.4000 0.0000
3         MOY
15        M:entropy_avail
36        155 323.0000 297.6050 79.9482 0.0000
12        M:mem_cached
39        155 2526.1133 2298.4965 696.2697 0.0000
16        M:io_writtendata
31        155 0.2939 0.2241 0.2132 0.0000
11        M:io_writes
34        155 16.0000 12.2500 11.5973 0.0000
13        M:postgres_in
31        155 1.0000 0.9100 0.3000 0.0000
6         M:cpu3
31        155 9.2585 6.6064 9.9586 0.0000
6         M:cpu2
31        155 1.2023 0.9735 0.7040 0.0000
6         M:cpu1
33        155 11.0003 7.8207 12.0038 0.0000
6         M:cpu0
31        155 5.6586 4.0823 5.7035 0.0000
5         M:cpu
31        155 8.5900 6.1378 9.1662 0.0000
8         M:syslog
38        155 1068.5000 778.2950 812.0638 0.0000
8         M:ssh_in
31        155 2.0000 1.8200 0.6000 0.0000
8         M:www_in
31        155 1.0000 0.9100 0.3000 0.0000
14        M:cfengine_out
31        155 5.0000 4.5500 1.5000 0.0000
13        M:cfengine_in
31        155 1.0000 0.9100 0.3000 0.0000
9         M:loadavg
31        155 0.2126 0.1705 0.1909 0.0000
10        M:diskfree
34        155 60.5000 55.0550 18.2248 0.0000
12        M:otherprocs
33        155 26.0000 23.6600 7.8000 0.0000
11        M:rootprocs
36        155 113.5000 103.3900 33.7037 0.0000
7         M:users
31        155 8.0000 7.2800 2.4000 0.0000
# send QUERY complete successful
