# delta from 1679704578 to 1679704639 at 1679704639
22        CFR: 0 1679704638 1964
3         PRD
56        DBReportCollectAll,0.055233,0.336791,0.302134,1679704579
60        Packing reports: delta,0.041104,0.139499,0.117248,1679704579
3         EXS
16        f,287,1679704398
3         MOM
15        M:entropy_avail
38        1447 152.0000 106.4000 127.1723 0.0000
12        M:mem_cached
38        1447 3586.2031 2510.3422 0.0000 0.0000
10        M:mem_free
39        1447 11298.9180 7909.2426 0.0000 0.0000
11        M:mem_total
40        1447 15817.1836 11072.0285 0.0000 0.0000
16        M:io_writtendata
32        1447 0.2168 0.1518 0.1814 0.0000
11        M:io_writes
33        1447 10.0000 7.0000 8.3666 0.0000
13        M:postgres_in
32        1447 1.0000 0.7000 0.8367 0.0000
6         M:cpu3
32        1447 1.3815 0.9670 1.1558 0.0000
6         M:cpu2
32        1447 3.5184 2.4629 2.9437 0.0000
6         M:cpu1
32        1447 1.0547 0.7383 0.8824 0.0000
6         M:cpu0
35        1447 25.8200 18.0740 21.6026 0.0000
5         M:cpu
32        1447 7.9377 5.5564 6.6411 0.0000
8         M:syslog
39        1447 1052.0000 736.4000 880.1663 0.0000
8         M:ssh_in
32        1447 2.0000 1.4000 1.6733 0.0000
8         M:www_in
32        1447 1.0000 0.7000 0.8367 0.0000
14        M:cfengine_out
32        1447 5.0000 3.5000 4.1833 0.0000
13        M:cfengine_in
32        1447 1.0000 0.7000 0.8367 0.0000
9         M:loadavg
32        1447 0.1372 0.0960 0.1148 0.0000
10        M:diskfree
35        1447 52.0000 36.4000 43.5063 0.0000
12        M:otherprocs
35        1447 26.0000 18.2000 21.7532 0.0000
11        M:rootprocs
36        1447 117.0000 81.9000 97.8892 0.0000
7         M:users
32        1447 8.0000 5.6000 6.6933 0.0000
3         MOY
15        M:entropy_avail
36        155 323.0000 297.6050 79.9482 0.0000
12        M:mem_cached
39        155 2526.1133 2298.4965 696.2697 0.0000
16        M:io_writtendata
31        155 0.2939 0.2241 0.2132 0.0000
11        M:io_writes
34        155 16.0000 12.2500 11.5973 0.0000
13        M:postgres_in
31        155 1.0000 0.9100 0.3000 0.0000
6         M:cpu3
31        155 9.2585 6.6064 9.9586 0.0000
6         M:cpu2
31        155 1.2023 0.9735 0.7040 0.0000
6         M:cpu1
33        155 11.0003 7.8207 12.0038 0.0000
6         M:cpu0
31        155 5.6586 4.0823 5.7035 0.0000
5         M:cpu
31        155 8.5900 6.1378 9.1662 0.0000
8         M:syslog
38        155 1068.5000 778.2950 812.0638 0.0000
8         M:ssh_in
31        155 2.0000 1.8200 0.6000 0.0000
8         M:www_in
31        155 1.0000 0.9100 0.3000 0.0000
14        M:cfengine_out
31        155 5.0000 4.5500 1.5000 0.0000
13        M:cfengine_in
31        155 1.0000 0.9100 0.3000 0.0000
9         M:loadavg
31        155 0.2126 0.1705 0.1909 0.0000
10        M:diskfree
34        155 60.5000 55.0550 18.2248 0.0000
12        M:otherprocs
33        155 26.0000 23.6600 7.8000 0.0000
11        M:rootprocs
36        155 113.5000 103.3900 33.7037 0.0000
7         M:users
31        155 8.0000 7.2800 2.4000 0.0000
# send QUERY complete successful
