# delta from 1679720778 to 1679720839 at 1679720839
22        CFR: 0 1679720838 2071
3         PRD
108       CFEngine Execution (policy filename: '/var/cfengine/inputs/update.cf'),0.101592,0.905444,0.985709,1679720831
56        DBReportCollectAll,0.031573,0.355053,0.336678,1679720779
60        Packing reports: delta,0.038986,0.151994,0.140592,1679720779
3         EXS
16        f,278,1679720589
3         MOM
15        M:entropy_avail
38        1501 167.0000 116.9000 139.7222 0.0000
12        M:mem_cached
38        1501 3730.9414 2611.6590 0.0000 0.0000
10        M:mem_free
39        1501 11172.0625 7820.4437 0.0000 0.0000
11        M:mem_total
40        1501 15817.1836 11072.0285 0.0000 0.0000
16        M:io_writtendata
32        1501 0.2148 0.1504 0.1798 0.0000
11        M:io_writes
34        1501 12.0000 8.4000 10.0399 0.0000
13        M:postgres_in
32        1501 1.0000 0.7000 0.8367 0.0000
6         M:cpu3
32        1501 1.2492 0.8744 1.0451 0.0000
6         M:cpu2
32        1501 2.6552 1.8586 2.2215 0.0000
6         M:cpu1
32        1501 0.7938 0.5557 0.6641 0.0000
6         M:cpu0
32        1501 1.2339 0.8637 1.0324 0.0000
5         M:cpu
32        1501 1.4823 1.0376 1.2402 0.0000
8         M:syslog
40        1501 1296.0000 907.2000 1084.3114 0.0000
8         M:ssh_in
32        1501 2.0000 1.4000 1.6733 0.0000
8         M:www_in
32        1501 1.0000 0.7000 0.8367 0.0000
14        M:cfengine_out
32        1501 5.0000 3.5000 4.1833 0.0000
13        M:cfengine_in
32        1501 1.0000 0.7000 0.8367 0.0000
9         M:loadavg
32        1501 0.0830 0.0581 0.0694 0.0000
10        M:diskfree
35        1501 50.0000 35.0000 41.8330 0.0000
12        M:otherprocs
35        1501 26.0000 18.2000 21.7532 0.0000
11        M:rootprocs
36        1501 114.0000 79.8000 95.3792 0.0000
7         M:users
32        1501 8.0000 5.6000 6.6933 0.0000
3         MOY
15        M:entropy_avail
36        155 323.0000 297.6050 79.9482 0.0000
12        M:mem_cached
39        155 2526.1133 2298.4965 696.2697 0.0000
16        M:io_writtendata
31        155 0.2939 0.2241 0.2132 0.0000
11        M:io_writes
34        155 16.0000 12.2500 11.5973 0.0000
13        M:postgres_in
31        155 1.0000 0.9100 0.3000 0.0000
6         M:cpu3
31        155 9.2585 6.6064 9.9586 0.0000
6         M:cpu2
31        155 1.2023 0.9735 0.7040 0.0000
6         M:cpu1
33        155 11.0003 7.8207 12.0038 0.0000
6         M:cpu0
31        155 5.6586 4.0823 5.7035 0.0000
5         M:cpu
31        155 8.5900 6.1378 9.1662 0.0000
8         M:syslog
38        155 1068.5000 778.2950 812.0638 0.0000
8         M:ssh_in
31        155 2.0000 1.8200 0.6000 0.0000
8         M:www_in
31        155 1.0000 0.9100 0.3000 0.0000
14        M:cfengine_out
31        155 5.0000 4.5500 1.5000 0.0000
13        M:cfengine_in
31        155 1.0000 0.9100 0.3000 0.0000
9         M:loadavg
31        155 0.2126 0.1705 0.1909 0.0000
10        M:diskfree
34        155 60.5000 55.0550 18.2248 0.0000
12        M:otherprocs
33        155 26.0000 23.6600 7.8000 0.0000
11        M:rootprocs
36        155 113.5000 103.3900 33.7037 0.0000
7         M:users
31        155 8.0000 7.2800 2.4000 0.0000
# send QUERY complete successful
