# delta from 1679683158 to 1679683219 at 1679683219
22        CFR: 0 1679683218 2060
3         PRD
56        DBReportCollectAll,0.056972,0.334273,0.378268,1679683159
60        Packing reports: delta,0.030273,0.091646,0.097258,1679683159
83        Sample(/proc/sys/kernel/random/entropy_avail),0.005188,0.002692,0.003539,1679683167
3         EXS
16        f,316,1679683123
3         MOM
15        M:entropy_avail
38        1375 138.0000 100.8000 104.1499 0.0000
12        M:mem_cached
40        1375 3392.9961 3087.1105 853.0743 0.0000
10        M:mem_free
38        1375 8099.7574 8099.7574 0.0000 0.0000
11        M:mem_total
40        1375 11072.0285 11072.0285 0.0000 0.0000
16        M:io_writtendata
32        1375 0.4365 0.3166 0.3352 0.0000
11        M:io_writes
35        1375 22.0000 16.2400 16.1681 0.0000
13        M:postgres_in
32        1375 1.0000 0.9100 0.3000 0.0000
6         M:cpu3
35        1375 14.5491 10.2838 11.8971 0.0000
6         M:cpu2
32        1375 1.8198 1.3902 1.2246 0.0000
6         M:cpu1
35        1375 19.9639 14.0784 16.4156 0.0000
6         M:cpu0
34        1375 13.6023 9.6127 11.1282 0.0000
5         M:cpu
35        1375 16.0706 11.3520 13.1612 0.0000
8         M:syslog
41        1375 1553.0000 1117.5500 1216.2285 0.0000
8         M:ssh_in
32        1375 2.0000 1.8200 0.6000 0.0000
8         M:www_in
32        1375 1.0000 0.9100 0.3000 0.0000
14        M:cfengine_out
32        1375 5.0000 4.5500 1.5000 0.0000
13        M:cfengine_in
32        1375 1.0000 0.9100 0.3000 0.0000
9         M:loadavg
32        1375 0.4580 0.3275 0.3643 0.0000
10        M:diskfree
35        1375 54.0000 49.1400 16.2000 0.0000
12        M:otherprocs
34        1375 26.0000 23.6600 7.8000 0.0000
11        M:rootprocs
37        1375 114.0000 103.7400 34.2000 0.0000
7         M:users
32        1375 8.0000 7.2800 2.4000 0.0000
3         MOY
15        M:entropy_avail
36        155 323.0000 297.6050 79.9482 0.0000
12        M:mem_cached
39        155 2526.1133 2298.4965 696.2697 0.0000
16        M:io_writtendata
31        155 0.2939 0.2241 0.2132 0.0000
11        M:io_writes
34        155 16.0000 12.2500 11.5973 0.0000
13        M:postgres_in
31        155 1.0000 0.9100 0.3000 0.0000
6         M:cpu3
31        155 9.2585 6.6064 9.9586 0.0000
6         M:cpu2
31        155 1.2023 0.9735 0.7040 0.0000
6         M:cpu1
33        155 11.0003 7.8207 12.0038 0.0000
6         M:cpu0
31        155 5.6586 4.0823 5.7035 0.0000
5         M:cpu
31        155 8.5900 6.1378 9.1662 0.0000
8         M:syslog
38        155 1068.5000 778.2950 812.0638 0.0000
8         M:ssh_in
31        155 2.0000 1.8200 0.6000 0.0000
8         M:www_in
31        155 1.0000 0.9100 0.3000 0.0000
14        M:cfengine_out
31        155 5.0000 4.5500 1.5000 0.0000
13        M:cfengine_in
31        155 1.0000 0.9100 0.3000 0.0000
9         M:loadavg
31        155 0.2126 0.1705 0.1909 0.0000
10        M:diskfree
34        155 60.5000 55.0550 18.2248 0.0000
12        M:otherprocs
33        155 26.0000 23.6600 7.8000 0.0000
11        M:rootprocs
36        155 113.5000 103.3900 33.7037 0.0000
7         M:users
31        155 8.0000 7.2800 2.4000 0.0000
# send QUERY complete successful
