# delta from 1679695158 to 1679695219 at 1679695219
22        CFR: 0 1679695218 2097
3         PRD
56        DBReportCollectAll,0.069027,0.307673,0.261552,1679695159
60        Packing reports: delta,0.027568,0.076001,0.068007,1679695159
83        Sample(/proc/sys/kernel/random/entropy_avail),0.005510,0.003036,0.002666,1679695189
3         EXS
16        f,287,1679695115
3         MOM
15        M:entropy_avail
37        1415 138.0000 105.0000 93.8403 0.0000
12        M:mem_cached
40        1415 3498.0078 3182.6391 879.5212 0.0000
10        M:mem_free
40        1415 11435.8320 10397.9545 0.0000 0.0000
11        M:mem_total
40        1415 15817.1836 14393.6371 0.0000 0.0000
16        M:io_writtendata
32        1415 0.2529 0.2138 0.1355 0.0000
11        M:io_writes
34        1415 14.0000 12.7400 4.2000 0.0000
13        M:postgres_in
32        1415 1.0000 0.9100 0.3000 0.0000
6         M:cpu3
32        1415 1.1563 1.4934 1.1236 0.0000
6         M:cpu2
34        1415 14.4239 10.9912 9.7702 0.0000
6         M:cpu1
32        1415 8.5409 6.3405 6.1871 0.0000
6         M:cpu0
35        1415 30.1575 21.6130 23.8547 0.0000
5         M:cpu
34        1415 13.5761 10.1144 9.7459 0.0000
8         M:syslog
41        1415 1629.0000 1205.8200 1188.8216 0.0000
9         M:ssh_out
32        1415 0.0000 1.0500 3.7182 0.0000
8         M:ssh_in
32        1415 2.0000 2.0300 0.1000 0.0000
8         M:www_in
32        1415 1.0000 0.9100 0.3000 0.0000
14        M:cfengine_out
32        1415 5.0000 4.7600 0.8000 0.0000
13        M:cfengine_in
32        1415 1.0000 0.9100 0.3000 0.0000
9         M:loadavg
32        1415 0.2417 0.2243 0.0582 0.0000
10        M:diskfree
35        1415 53.0000 48.2300 15.9000 0.0000
12        M:otherprocs
34        1415 26.0000 23.6600 7.8000 0.0000
11        M:rootprocs
37        1415 114.0000 104.3700 32.1000 0.0000
7         M:users
32        1415 8.0000 7.2800 2.4000 0.0000
3         MOY
15        M:entropy_avail
36        155 323.0000 297.6050 79.9482 0.0000
12        M:mem_cached
39        155 2526.1133 2298.4965 696.2697 0.0000
16        M:io_writtendata
31        155 0.2939 0.2241 0.2132 0.0000
11        M:io_writes
34        155 16.0000 12.2500 11.5973 0.0000
13        M:postgres_in
31        155 1.0000 0.9100 0.3000 0.0000
6         M:cpu3
31        155 9.2585 6.6064 9.9586 0.0000
6         M:cpu2
31        155 1.2023 0.9735 0.7040 0.0000
6         M:cpu1
33        155 11.0003 7.8207 12.0038 0.0000
6         M:cpu0
31        155 5.6586 4.0823 5.7035 0.0000
5         M:cpu
31        155 8.5900 6.1378 9.1662 0.0000
8         M:syslog
38        155 1068.5000 778.2950 812.0638 0.0000
8         M:ssh_in
31        155 2.0000 1.8200 0.6000 0.0000
8         M:www_in
31        155 1.0000 0.9100 0.3000 0.0000
14        M:cfengine_out
31        155 5.0000 4.5500 1.5000 0.0000
13        M:cfengine_in
31        155 1.0000 0.9100 0.3000 0.0000
9         M:loadavg
31        155 0.2126 0.1705 0.1909 0.0000
10        M:diskfree
34        155 60.5000 55.0550 18.2248 0.0000
12        M:otherprocs
33        155 26.0000 23.6600 7.8000 0.0000
11        M:rootprocs
36        155 113.5000 103.3900 33.7037 0.0000
7         M:users
31        155 8.0000 7.2800 2.4000 0.0000
# send QUERY complete successful
