# delta from 1679689098 to 1679689159 at 1679689159
22        CFR: 0 1679689158 1999
3         PRD
56        DBReportCollectAll,0.037539,0.360517,0.375471,1679689099
60        Packing reports: delta,0.030168,0.129010,0.135648,1679689099
3         EXS
16        f,278,1679689089
3         MOM
15        M:entropy_avail
35        1395 27.0000 18.9000 22.5898 0.0000
12        M:mem_cached
38        1395 3442.8008 2409.9605 0.0000 0.0000
10        M:mem_free
39        1395 11449.5430 8014.6801 0.0000 0.0000
11        M:mem_total
40        1395 15817.1836 11072.0285 0.0000 0.0000
16        M:io_writtendata
32        1395 0.0742 0.0520 0.0621 0.0000
11        M:io_writes
32        1395 6.0000 4.2000 5.0200 0.0000
13        M:postgres_in
32        1395 1.0000 0.7000 0.8367 0.0000
6         M:cpu3
32        1395 0.9879 0.6915 0.8266 0.0000
6         M:cpu2
32        1395 5.8246 4.0772 4.8732 0.0000
6         M:cpu1
32        1395 1.6983 1.1888 1.4209 0.0000
6         M:cpu0
34        1395 13.3048 9.3134 11.1316 0.0000
5         M:cpu
32        1395 5.4557 3.8190 4.5646 0.0000
8         M:syslog
38        1395 417.0000 291.9000 348.8872 0.0000
9         M:ssh_out
32        1395 5.0000 3.5000 4.1833 0.0000
8         M:ssh_in
32        1395 2.0000 1.4000 1.6733 0.0000
8         M:www_in
32        1395 1.0000 0.7000 0.8367 0.0000
14        M:cfengine_out
32        1395 6.0000 4.2000 5.0200 0.0000
13        M:cfengine_in
32        1395 1.0000 0.7000 0.8367 0.0000
9         M:loadavg
32        1395 0.4150 0.2905 0.3472 0.0000
10        M:diskfree
35        1395 54.0000 37.8000 45.1796 0.0000
12        M:otherprocs
35        1395 26.0000 18.2000 21.7532 0.0000
11        M:rootprocs
36        1395 117.0000 81.9000 97.8892 0.0000
7         M:users
32        1395 8.0000 5.6000 6.6933 0.0000
3         MOY
15        M:entropy_avail
36        155 323.0000 297.6050 79.9482 0.0000
12        M:mem_cached
39        155 2526.1133 2298.4965 696.2697 0.0000
16        M:io_writtendata
31        155 0.2939 0.2241 0.2132 0.0000
11        M:io_writes
34        155 16.0000 12.2500 11.5973 0.0000
13        M:postgres_in
31        155 1.0000 0.9100 0.3000 0.0000
6         M:cpu3
31        155 9.2585 6.6064 9.9586 0.0000
6         M:cpu2
31        155 1.2023 0.9735 0.7040 0.0000
6         M:cpu1
33        155 11.0003 7.8207 12.0038 0.0000
6         M:cpu0
31        155 5.6586 4.0823 5.7035 0.0000
5         M:cpu
31        155 8.5900 6.1378 9.1662 0.0000
8         M:syslog
38        155 1068.5000 778.2950 812.0638 0.0000
8         M:ssh_in
31        155 2.0000 1.8200 0.6000 0.0000
8         M:www_in
31        155 1.0000 0.9100 0.3000 0.0000
14        M:cfengine_out
31        155 5.0000 4.5500 1.5000 0.0000
13        M:cfengine_in
31        155 1.0000 0.9100 0.3000 0.0000
9         M:loadavg
31        155 0.2126 0.1705 0.1909 0.0000
10        M:diskfree
34        155 60.5000 55.0550 18.2248 0.0000
12        M:otherprocs
33        155 26.0000 23.6600 7.8000 0.0000
11        M:rootprocs
36        155 113.5000 103.3900 33.7037 0.0000
7         M:users
31        155 8.0000 7.2800 2.4000 0.0000
# send QUERY complete successful
