# delta from 1679716518 to 1679716579 at 1679716579
22        CFR: 0 1679716578 2047
3         PRD
56        DBReportCollectAll,0.082335,0.304748,0.265001,1679716519
60        Packing reports: delta,0.035019,0.102060,0.103266,1679716519
83        Sample(/proc/sys/kernel/random/entropy_avail),0.004508,0.002033,0.001898,1679716526
3         EXS
16        f,278,1679716389
3         MOM
15        M:entropy_avail
38        1487 170.0000 119.0000 142.2322 0.0000
12        M:mem_cached
38        1487 3694.9062 2586.4344 0.0000 0.0000
10        M:mem_free
39        1487 11203.1641 7842.2148 0.0000 0.0000
11        M:mem_total
40        1487 15817.1836 11072.0285 0.0000 0.0000
16        M:io_writtendata
32        1487 0.4434 0.3104 0.3709 0.0000
11        M:io_writes
35        1487 20.0000 14.0000 16.7332 0.0000
13        M:postgres_in
32        1487 1.0000 0.7000 0.8367 0.0000
6         M:cpu3
32        1487 4.7536 3.3275 3.9772 0.0000
6         M:cpu2
32        1487 2.1084 1.4759 1.7640 0.0000
6         M:cpu1
32        1487 3.3636 2.3546 2.8142 0.0000
6         M:cpu0
32        1487 0.8011 0.5607 0.6702 0.0000
5         M:cpu
32        1487 2.7561 1.9293 2.3059 0.0000
8         M:syslog
40        1487 1294.0000 905.8000 1082.6381 0.0000
8         M:ssh_in
32        1487 2.0000 1.4000 1.6733 0.0000
8         M:www_in
32        1487 1.0000 0.7000 0.8367 0.0000
14        M:cfengine_out
32        1487 5.0000 3.5000 4.1833 0.0000
13        M:cfengine_in
32        1487 1.0000 0.7000 0.8367 0.0000
9         M:loadavg
32        1487 0.1401 0.0981 0.1172 0.0000
10        M:diskfree
35        1487 51.0000 35.7000 42.6697 0.0000
12        M:otherprocs
35        1487 26.0000 18.2000 21.7532 0.0000
11        M:rootprocs
36        1487 114.0000 79.8000 95.3792 0.0000
7         M:users
32        1487 8.0000 5.6000 6.6933 0.0000
3         MOY
15        M:entropy_avail
36        155 323.0000 297.6050 79.9482 0.0000
12        M:mem_cached
39        155 2526.1133 2298.4965 696.2697 0.0000
16        M:io_writtendata
31        155 0.2939 0.2241 0.2132 0.0000
11        M:io_writes
34        155 16.0000 12.2500 11.5973 0.0000
13        M:postgres_in
31        155 1.0000 0.9100 0.3000 0.0000
6         M:cpu3
31        155 9.2585 6.6064 9.9586 0.0000
6         M:cpu2
31        155 1.2023 0.9735 0.7040 0.0000
6         M:cpu1
33        155 11.0003 7.8207 12.0038 0.0000
6         M:cpu0
31        155 5.6586 4.0823 5.7035 0.0000
5         M:cpu
31        155 8.5900 6.1378 9.1662 0.0000
8         M:syslog
38        155 1068.5000 778.2950 812.0638 0.0000
8         M:ssh_in
31        155 2.0000 1.8200 0.6000 0.0000
8         M:www_in
31        155 1.0000 0.9100 0.3000 0.0000
14        M:cfengine_out
31        155 5.0000 4.5500 1.5000 0.0000
13        M:cfengine_in
31        155 1.0000 0.9100 0.3000 0.0000
9         M:loadavg
31        155 0.2126 0.1705 0.1909 0.0000
10        M:diskfree
34        155 60.5000 55.0550 18.2248 0.0000
12        M:otherprocs
33        155 26.0000 23.6600 7.8000 0.0000
11        M:rootprocs
36        155 113.5000 103.3900 33.7037 0.0000
7         M:users
31        155 8.0000 7.2800 2.4000 0.0000
# send QUERY complete successful
