# delta from 1679692158 to 1679692219 at 1679692219
22        CFR: 0 1679692218 2058
3         PRD
56        DBReportCollectAll,0.151712,0.448156,0.511195,1679692159
60        Packing reports: delta,0.116245,0.220483,0.203861,1679692159
83        Sample(/proc/sys/kernel/random/entropy_avail),0.004855,0.002357,0.002389,1679692183
3         EXS
16        f,322,1679692136
3         MOM
15        M:entropy_avail
38        1405 147.0000 109.4100 105.7916 0.0000
12        M:mem_cached
40        1405 3471.8906 3158.8430 873.0482 0.0000
10        M:mem_free
38        1405 8032.5328 8032.5328 0.0000 0.0000
11        M:mem_total
40        1405 11072.0285 11072.0285 0.0000 0.0000
16        M:io_writtendata
32        1405 0.4736 0.3416 0.3689 0.0000
11        M:io_writes
35        1405 26.0000 19.0400 19.4969 0.0000
13        M:postgres_in
32        1405 1.0000 0.9100 0.3000 0.0000
6         M:cpu3
32        1405 4.5978 3.3404 3.5167 0.0000
6         M:cpu2
32        1405 8.9079 6.3351 7.1786 0.0000
6         M:cpu1
35        1405 22.2802 15.7027 18.3453 0.0000
6         M:cpu0
35        1405 29.6744 20.8744 24.5430 0.0000
5         M:cpu
35        1405 16.3330 11.5407 13.3672 0.0000
8         M:syslog
41        1405 1560.0000 1122.4500 1222.0764 0.0000
8         M:ssh_in
32        1405 2.0000 1.8200 0.6000 0.0000
8         M:www_in
32        1405 1.0000 0.9100 0.3000 0.0000
14        M:cfengine_out
32        1405 5.0000 4.5500 1.5000 0.0000
13        M:cfengine_in
32        1405 1.0000 0.9100 0.3000 0.0000
9         M:loadavg
32        1405 0.4287 0.3031 0.3505 0.0000
10        M:diskfree
35        1405 53.0000 48.2300 15.9000 0.0000
12        M:otherprocs
34        1405 26.0000 24.5000 5.0000 0.0000
11        M:rootprocs
37        1405 114.0000 103.5300 34.9000 0.0000
7         M:users
32        1405 8.0000 7.2800 2.4000 0.0000
3         MOY
15        M:entropy_avail
36        155 323.0000 297.6050 79.9482 0.0000
12        M:mem_cached
39        155 2526.1133 2298.4965 696.2697 0.0000
16        M:io_writtendata
31        155 0.2939 0.2241 0.2132 0.0000
11        M:io_writes
34        155 16.0000 12.2500 11.5973 0.0000
13        M:postgres_in
31        155 1.0000 0.9100 0.3000 0.0000
6         M:cpu3
31        155 9.2585 6.6064 9.9586 0.0000
6         M:cpu2
31        155 1.2023 0.9735 0.7040 0.0000
6         M:cpu1
33        155 11.0003 7.8207 12.0038 0.0000
6         M:cpu0
31        155 5.6586 4.0823 5.7035 0.0000
5         M:cpu
31        155 8.5900 6.1378 9.1662 0.0000
8         M:syslog
38        155 1068.5000 778.2950 812.0638 0.0000
8         M:ssh_in
31        155 2.0000 1.8200 0.6000 0.0000
8         M:www_in
31        155 1.0000 0.9100 0.3000 0.0000
14        M:cfengine_out
31        155 5.0000 4.5500 1.5000 0.0000
13        M:cfengine_in
31        155 1.0000 0.9100 0.3000 0.0000
9         M:loadavg
31        155 0.2126 0.1705 0.1909 0.0000
10        M:diskfree
34        155 60.5000 55.0550 18.2248 0.0000
12        M:otherprocs
33        155 26.0000 23.6600 7.8000 0.0000
11        M:rootprocs
36        155 113.5000 103.3900 33.7037 0.0000
7         M:users
31        155 8.0000 7.2800 2.4000 0.0000
# send QUERY complete successful
