# delta from 1679723118 to 1679723179 at 1679723179
22        CFR: 0 1679723178 2046
3         PRD
56        DBReportCollectAll,0.064423,0.363700,0.415203,1679723119
60        Packing reports: delta,0.071872,0.180726,0.264530,1679723119
83        Sample(/proc/sys/kernel/random/entropy_avail),0.004672,0.002183,0.001974,1679723138
3         EXS
16        f,316,1679723023
3         MOM
15        M:entropy_avail
38        1509 167.0000 116.9000 139.7222 0.0000
12        M:mem_cached
38        1509 3751.9258 2626.3480 0.0000 0.0000
10        M:mem_free
39        1509 11147.6992 7803.3895 0.0000 0.0000
11        M:mem_total
40        1509 15817.1836 11072.0285 0.0000 0.0000
16        M:io_writtendata
32        1509 0.2402 0.1682 0.2010 0.0000
11        M:io_writes
34        1509 12.0000 8.4000 10.0399 0.0000
13        M:postgres_in
32        1509 1.0000 0.7000 0.8367 0.0000
6         M:cpu3
32        1509 1.4972 1.0481 1.2527 0.0000
6         M:cpu2
32        1509 6.2308 4.3615 5.2130 0.0000
6         M:cpu1
34        1509 12.3923 8.6746 10.3681 0.0000
6         M:cpu0
32        1509 6.2333 4.3633 5.2152 0.0000
5         M:cpu
32        1509 6.5907 4.6135 5.5142 0.0000
8         M:syslog
38        1509 816.0000 571.2000 682.7146 0.0000
8         M:ssh_in
32        1509 2.0000 1.4000 1.6733 0.0000
8         M:www_in
32        1509 1.0000 0.7000 0.8367 0.0000
14        M:cfengine_out
32        1509 5.0000 3.5000 4.1833 0.0000
13        M:cfengine_in
32        1509 1.0000 0.7000 0.8367 0.0000
9         M:loadavg
32        1509 0.1245 0.0872 0.1042 0.0000
10        M:diskfree
35        1509 50.0000 35.0000 41.8330 0.0000
12        M:otherprocs
35        1509 26.0000 18.2000 21.7532 0.0000
11        M:rootprocs
36        1509 115.0000 80.5000 96.2159 0.0000
7         M:users
32        1509 8.0000 5.6000 6.6933 0.0000
3         MOY
15        M:entropy_avail
36        155 323.0000 297.6050 79.9482 0.0000
12        M:mem_cached
39        155 2526.1133 2298.4965 696.2697 0.0000
16        M:io_writtendata
31        155 0.2939 0.2241 0.2132 0.0000
11        M:io_writes
34        155 16.0000 12.2500 11.5973 0.0000
13        M:postgres_in
31        155 1.0000 0.9100 0.3000 0.0000
6         M:cpu3
31        155 9.2585 6.6064 9.9586 0.0000
6         M:cpu2
31        155 1.2023 0.9735 0.7040 0.0000
6         M:cpu1
33        155 11.0003 7.8207 12.0038 0.0000
6         M:cpu0
31        155 5.6586 4.0823 5.7035 0.0000
5         M:cpu
31        155 8.5900 6.1378 9.1662 0.0000
8         M:syslog
38        155 1068.5000 778.2950 812.0638 0.0000
8         M:ssh_in
31        155 2.0000 1.8200 0.6000 0.0000
8         M:www_in
31        155 1.0000 0.9100 0.3000 0.0000
14        M:cfengine_out
31        155 5.0000 4.5500 1.5000 0.0000
13        M:cfengine_in
31        155 1.0000 0.9100 0.3000 0.0000
9         M:loadavg
31        155 0.2126 0.1705 0.1909 0.0000
10        M:diskfree
34        155 60.5000 55.0550 18.2248 0.0000
12        M:otherprocs
33        155 26.0000 23.6600 7.8000 0.0000
11        M:rootprocs
36        155 113.5000 103.3900 33.7037 0.0000
7         M:users
31        155 8.0000 7.2800 2.4000 0.0000
# send QUERY complete successful
