# delta from 1679757563 to 1679757624 at 1679757624
22        CFR: 0 1679757623 1972
3         PRD
56        DBReportCollectAll,0.060369,0.364187,0.391751,1679757564
60        Packing reports: delta,0.044195,0.172718,0.205554,1679757564
3         EXS
16        f,288,1679757507
3         MOM
15        M:entropy_avail
37        1623 106.0000 115.1500 30.5000 0.0000
12        M:mem_cached
41        1623 4058.0312 3692.3409 1019.8618 0.0000
10        M:mem_free
39        1623 7558.4739 7554.4545 11.2097 0.0000
11        M:mem_total
40        1623 11072.0285 11072.0285 0.0000 0.0000
16        M:io_writtendata
32        1623 0.2471 0.1957 0.1516 0.0000
11        M:io_writes
34        1623 14.0000 11.0600 8.6480 0.0000
13        M:postgres_in
32        1623 1.0000 0.9100 0.3000 0.0000
6         M:cpu3
32        1623 3.8745 2.8677 2.8282 0.0000
6         M:cpu2
32        1623 7.3152 5.2693 5.7151 0.0000
6         M:cpu1
32        1623 5.3737 3.9157 4.0801 0.0000
6         M:cpu0
35        1623 17.2242 12.1886 14.0464 0.0000
5         M:cpu
35        1623 15.8160 11.2191 12.8244 0.0000
8         M:syslog
41        1623 1906.0000 1364.6500 1511.2146 0.0000
8         M:ssh_in
32        1623 2.0000 1.8200 0.6000 0.0000
8         M:www_in
32        1623 1.0000 0.9100 0.3000 0.0000
14        M:cfengine_out
32        1623 5.0000 4.5500 1.5000 0.0000
13        M:cfengine_in
32        1623 1.0000 1.1200 0.4000 0.0000
9         M:loadavg
32        1623 0.4409 0.3244 0.3267 0.0000
10        M:diskfree
35        1623 47.0000 42.7700 14.1000 0.0000
12        M:otherprocs
34        1623 26.0000 23.6600 7.8000 0.0000
11        M:rootprocs
37        1623 114.0000 103.7400 34.2000 0.0000
7         M:users
32        1623 8.0000 7.2800 2.4000 0.0000
3         MOY
15        M:entropy_avail
36        155 323.0000 297.6050 79.9482 0.0000
12        M:mem_cached
39        155 2526.1133 2298.4965 696.2697 0.0000
16        M:io_writtendata
31        155 0.2939 0.2241 0.2132 0.0000
11        M:io_writes
34        155 16.0000 12.2500 11.5973 0.0000
13        M:postgres_in
31        155 1.0000 0.9100 0.3000 0.0000
6         M:cpu3
31        155 9.2585 6.6064 9.9586 0.0000
6         M:cpu2
31        155 1.2023 0.9735 0.7040 0.0000
6         M:cpu1
33        155 11.0003 7.8207 12.0038 0.0000
6         M:cpu0
31        155 5.6586 4.0823 5.7035 0.0000
5         M:cpu
31        155 8.5900 6.1378 9.1662 0.0000
8         M:syslog
38        155 1068.5000 778.2950 812.0638 0.0000
8         M:ssh_in
31        155 2.0000 1.8200 0.6000 0.0000
8         M:www_in
31        155 1.0000 0.9100 0.3000 0.0000
14        M:cfengine_out
31        155 5.0000 4.5500 1.5000 0.0000
13        M:cfengine_in
31        155 1.0000 0.9100 0.3000 0.0000
9         M:loadavg
31        155 0.2126 0.1705 0.1909 0.0000
10        M:diskfree
34        155 60.5000 55.0550 18.2248 0.0000
12        M:otherprocs
33        155 26.0000 23.6600 7.8000 0.0000
11        M:rootprocs
36        155 113.5000 103.3900 33.7037 0.0000
7         M:users
31        155 8.0000 7.2800 2.4000 0.0000
# send QUERY complete successful
