# delta from 1679752343 to 1679752404 at 1679752404
22        CFR: 0 1679752403 1959
3         PRD
56        DBReportCollectAll,0.052616,0.305777,0.304152,1679752344
60        Packing reports: delta,0.032051,0.102725,0.098715,1679752344
3         EXS
16        f,278,1679752089
3         MOM
15        M:entropy_avail
38        1606 191.0000 133.7000 159.8021 0.0000
12        M:mem_cached
38        1606 4011.2695 2807.8887 0.0000 0.0000
10        M:mem_free
39        1606 10833.2930 7583.3051 0.0000 0.0000
11        M:mem_total
40        1606 15817.1836 11072.0285 0.0000 0.0000
16        M:io_writtendata
32        1606 0.0645 0.0451 0.0539 0.0000
11        M:io_writes
32        1606 4.0000 2.8000 3.3466 0.0000
13        M:postgres_in
32        1606 1.0000 0.7000 0.8367 0.0000
6         M:cpu3
32        1606 0.7340 0.5138 0.6141 0.0000
6         M:cpu2
32        1606 0.5002 0.3501 0.4185 0.0000
6         M:cpu1
32        1606 0.5865 0.4106 0.4907 0.0000
6         M:cpu0
32        1606 0.5398 0.3778 0.4516 0.0000
5         M:cpu
32        1606 0.5901 0.4131 0.4937 0.0000
8         M:syslog
38        1606 145.0000 101.5000 121.3157 0.0000
8         M:ssh_in
32        1606 2.0000 1.4000 1.6733 0.0000
8         M:www_in
32        1606 1.0000 0.7000 0.8367 0.0000
14        M:cfengine_out
32        1606 5.0000 3.5000 4.1833 0.0000
13        M:cfengine_in
32        1606 1.0000 0.7000 0.8367 0.0000
9         M:loadavg
32        1606 0.0249 0.0174 0.0208 0.0000
10        M:diskfree
35        1606 47.0000 32.9000 39.3230 0.0000
12        M:otherprocs
35        1606 26.0000 18.2000 21.7532 0.0000
11        M:rootprocs
36        1606 114.0000 79.8000 95.3792 0.0000
7         M:users
32        1606 8.0000 5.6000 6.6933 0.0000
3         MOY
15        M:entropy_avail
36        155 323.0000 297.6050 79.9482 0.0000
12        M:mem_cached
39        155 2526.1133 2298.4965 696.2697 0.0000
16        M:io_writtendata
31        155 0.2939 0.2241 0.2132 0.0000
11        M:io_writes
34        155 16.0000 12.2500 11.5973 0.0000
13        M:postgres_in
31        155 1.0000 0.9100 0.3000 0.0000
6         M:cpu3
31        155 9.2585 6.6064 9.9586 0.0000
6         M:cpu2
31        155 1.2023 0.9735 0.7040 0.0000
6         M:cpu1
33        155 11.0003 7.8207 12.0038 0.0000
6         M:cpu0
31        155 5.6586 4.0823 5.7035 0.0000
5         M:cpu
31        155 8.5900 6.1378 9.1662 0.0000
8         M:syslog
38        155 1068.5000 778.2950 812.0638 0.0000
8         M:ssh_in
31        155 2.0000 1.8200 0.6000 0.0000
8         M:www_in
31        155 1.0000 0.9100 0.3000 0.0000
14        M:cfengine_out
31        155 5.0000 4.5500 1.5000 0.0000
13        M:cfengine_in
31        155 1.0000 0.9100 0.3000 0.0000
9         M:loadavg
31        155 0.2126 0.1705 0.1909 0.0000
10        M:diskfree
34        155 60.5000 55.0550 18.2248 0.0000
12        M:otherprocs
33        155 26.0000 23.6600 7.8000 0.0000
11        M:rootprocs
36        155 113.5000 103.3900 33.7037 0.0000
7         M:users
31        155 8.0000 7.2800 2.4000 0.0000
# send QUERY complete successful
