# delta from 1679693058 to 1679693119 at 1679693119
22        CFR: 0 1679693118 2101
3         PRD
56        DBReportCollectAll,0.096054,0.396837,0.497771,1679693059
60        Packing reports: delta,0.044821,0.171113,0.205660,1679693059
83        Sample(/proc/sys/kernel/random/entropy_avail),0.004648,0.002160,0.002273,1679693085
3         EXS
16        f,288,1679693016
3         MOM
15        M:entropy_avail
38        1408 151.0000 112.2100 109.1089 0.0000
12        M:mem_cached
40        1408 3479.9570 3166.2047 875.0134 0.0000
10        M:mem_free
40        1408 11460.2930 10419.4978 0.0000 0.0000
11        M:mem_total
40        1408 15817.1836 14393.6371 0.0000 0.0000
16        M:io_writtendata
32        1408 0.4951 0.3597 0.3787 0.0000
11        M:io_writes
35        1408 24.0000 17.6400 17.8317 0.0000
13        M:postgres_in
32        1408 1.0000 0.9100 0.3000 0.0000
6         M:cpu3
35        1408 20.4198 14.5449 16.3934 0.0000
6         M:cpu2
32        1408 1.9235 2.3952 1.5723 0.0000
6         M:cpu1
35        1408 27.8123 19.7868 22.3927 0.0000
6         M:cpu0
32        1408 6.9758 5.1352 5.1627 0.0000
5         M:cpu
35        1408 14.2957 10.4743 10.7061 0.0000
8         M:syslog
41        1408 2041.0000 1459.1500 1624.0620 0.0000
9         M:ssh_out
32        1408 0.0000 1.0500 3.7182 0.0000
8         M:ssh_in
32        1408 2.0000 1.8200 0.6000 0.0000
8         M:www_in
32        1408 1.0000 0.9100 0.3000 0.0000
14        M:cfengine_out
32        1408 5.0000 4.7600 0.8000 0.0000
13        M:cfengine_in
32        1408 1.0000 0.9100 0.3000 0.0000
9         M:loadavg
32        1408 0.3403 0.2814 0.1894 0.0000
10        M:diskfree
35        1408 53.0000 48.2300 15.9000 0.0000
12        M:otherprocs
34        1408 26.0000 23.6600 7.8000 0.0000
11        M:rootprocs
37        1408 114.0000 104.3700 32.1000 0.0000
7         M:users
32        1408 8.0000 7.2800 2.4000 0.0000
3         MOY
15        M:entropy_avail
36        155 323.0000 297.6050 79.9482 0.0000
12        M:mem_cached
39        155 2526.1133 2298.4965 696.2697 0.0000
16        M:io_writtendata
31        155 0.2939 0.2241 0.2132 0.0000
11        M:io_writes
34        155 16.0000 12.2500 11.5973 0.0000
13        M:postgres_in
31        155 1.0000 0.9100 0.3000 0.0000
6         M:cpu3
31        155 9.2585 6.6064 9.9586 0.0000
6         M:cpu2
31        155 1.2023 0.9735 0.7040 0.0000
6         M:cpu1
33        155 11.0003 7.8207 12.0038 0.0000
6         M:cpu0
31        155 5.6586 4.0823 5.7035 0.0000
5         M:cpu
31        155 8.5900 6.1378 9.1662 0.0000
8         M:syslog
38        155 1068.5000 778.2950 812.0638 0.0000
8         M:ssh_in
31        155 2.0000 1.8200 0.6000 0.0000
8         M:www_in
31        155 1.0000 0.9100 0.3000 0.0000
14        M:cfengine_out
31        155 5.0000 4.5500 1.5000 0.0000
13        M:cfengine_in
31        155 1.0000 0.9100 0.3000 0.0000
9         M:loadavg
31        155 0.2126 0.1705 0.1909 0.0000
10        M:diskfree
34        155 60.5000 55.0550 18.2248 0.0000
12        M:otherprocs
33        155 26.0000 23.6600 7.8000 0.0000
11        M:rootprocs
36        155 113.5000 103.3900 33.7037 0.0000
7         M:users
31        155 8.0000 7.2800 2.4000 0.0000
# send QUERY complete successful
