# delta from 1679684058 to 1679684119 at 1679684119
22        CFR: 0 1679684118 2101
3         PRD
56        DBReportCollectAll,0.050013,0.384139,0.397710,1679684059
60        Packing reports: delta,0.039950,0.132235,0.135153,1679684059
83        Sample(/proc/sys/kernel/random/entropy_avail),0.005314,0.002824,0.002623,1679684068
3         EXS
16        f,287,1679684006
3         MOM
15        M:entropy_avail
38        1378 152.0000 111.4400 113.6498 0.0000
12        M:mem_cached
40        1378 3400.5664 3094.0077 854.9515 0.0000
10        M:mem_free
40        1378 11556.7617 10512.5861 0.0000 0.0000
11        M:mem_total
40        1378 15817.1836 14393.6371 0.0000 0.0000
16        M:io_writtendata
32        1378 0.4531 0.3297 0.3453 0.0000
11        M:io_writes
35        1378 22.0000 16.2400 16.1681 0.0000
13        M:postgres_in
32        1378 1.0000 0.9100 0.3000 0.0000
6         M:cpu3
35        1378 26.6226 19.0302 21.1919 0.0000
6         M:cpu2
32        1378 2.7069 2.1108 1.7279 0.0000
6         M:cpu1
35        1378 28.0411 19.7998 22.9868 0.0000
6         M:cpu0
32        1378 4.2136 3.1234 3.0640 0.0000
5         M:cpu
35        1378 15.4327 11.0417 12.2571 0.0000
8         M:syslog
41        1378 1562.0000 1123.8500 1223.7473 0.0000
9         M:ssh_out
32        1378 0.0000 1.0500 3.7182 0.0000
8         M:ssh_in
32        1378 2.0000 1.8200 0.6000 0.0000
8         M:www_in
32        1378 1.0000 0.9100 0.3000 0.0000
14        M:cfengine_out
32        1378 5.0000 4.7600 0.8000 0.0000
13        M:cfengine_in
32        1378 1.0000 0.9100 0.3000 0.0000
9         M:loadavg
32        1378 0.2935 0.2286 0.1878 0.0000
10        M:diskfree
35        1378 54.0000 49.1400 16.2000 0.0000
12        M:otherprocs
34        1378 26.0000 23.6600 7.8000 0.0000
11        M:rootprocs
37        1378 113.0000 103.6700 31.1000 0.0000
7         M:users
32        1378 8.0000 7.2800 2.4000 0.0000
3         MOY
15        M:entropy_avail
36        155 323.0000 297.6050 79.9482 0.0000
12        M:mem_cached
39        155 2526.1133 2298.4965 696.2697 0.0000
16        M:io_writtendata
31        155 0.2939 0.2241 0.2132 0.0000
11        M:io_writes
34        155 16.0000 12.2500 11.5973 0.0000
13        M:postgres_in
31        155 1.0000 0.9100 0.3000 0.0000
6         M:cpu3
31        155 9.2585 6.6064 9.9586 0.0000
6         M:cpu2
31        155 1.2023 0.9735 0.7040 0.0000
6         M:cpu1
33        155 11.0003 7.8207 12.0038 0.0000
6         M:cpu0
31        155 5.6586 4.0823 5.7035 0.0000
5         M:cpu
31        155 8.5900 6.1378 9.1662 0.0000
8         M:syslog
38        155 1068.5000 778.2950 812.0638 0.0000
8         M:ssh_in
31        155 2.0000 1.8200 0.6000 0.0000
8         M:www_in
31        155 1.0000 0.9100 0.3000 0.0000
14        M:cfengine_out
31        155 5.0000 4.5500 1.5000 0.0000
13        M:cfengine_in
31        155 1.0000 0.9100 0.3000 0.0000
9         M:loadavg
31        155 0.2126 0.1705 0.1909 0.0000
10        M:diskfree
34        155 60.5000 55.0550 18.2248 0.0000
12        M:otherprocs
33        155 26.0000 23.6600 7.8000 0.0000
11        M:rootprocs
36        155 113.5000 103.3900 33.7037 0.0000
7         M:users
31        155 8.0000 7.2800 2.4000 0.0000
# send QUERY complete successful
