# delta from 1679727678 to 1679727739 at 1679727739
22        CFR: 0 1679727738 1960
3         PRD
56        DBReportCollectAll,0.058628,0.333128,0.323738,1679727679
60        Packing reports: delta,0.063174,0.110806,0.185765,1679727679
3         EXS
16        f,286,1679727497
3         MOM
15        M:entropy_avail
38        1524 171.0000 119.7000 143.0689 0.0000
12        M:mem_cached
38        1524 3790.8320 2653.5824 0.0000 0.0000
10        M:mem_free
39        1524 11098.0430 7768.6301 0.0000 0.0000
11        M:mem_total
40        1524 15817.1836 11072.0285 0.0000 0.0000
16        M:io_writtendata
32        1524 0.1709 0.1196 0.1430 0.0000
11        M:io_writes
33        1524 10.0000 7.0000 8.3666 0.0000
13        M:postgres_in
32        1524 1.0000 0.7000 0.8367 0.0000
6         M:cpu3
32        1524 0.9502 0.6651 0.7950 0.0000
6         M:cpu2
32        1524 0.8082 0.5658 0.6762 0.0000
6         M:cpu1
32        1524 0.7820 0.5474 0.6543 0.0000
6         M:cpu0
32        1524 1.3413 0.9389 1.1222 0.0000
5         M:cpu
32        1524 0.9705 0.6794 0.8120 0.0000
8         M:syslog
38        1524 576.0000 403.2000 481.9162 0.0000
8         M:ssh_in
32        1524 2.0000 1.4000 1.6733 0.0000
8         M:www_in
32        1524 1.0000 0.7000 0.8367 0.0000
14        M:cfengine_out
32        1524 5.0000 3.5000 4.1833 0.0000
13        M:cfengine_in
32        1524 1.0000 0.7000 0.8367 0.0000
9         M:loadavg
32        1524 0.0688 0.0482 0.0576 0.0000
10        M:diskfree
35        1524 50.0000 35.0000 41.8330 0.0000
12        M:otherprocs
35        1524 26.0000 18.2000 21.7532 0.0000
11        M:rootprocs
36        1524 113.0000 79.1000 94.5426 0.0000
7         M:users
32        1524 8.0000 5.6000 6.6933 0.0000
3         MOY
15        M:entropy_avail
36        155 323.0000 297.6050 79.9482 0.0000
12        M:mem_cached
39        155 2526.1133 2298.4965 696.2697 0.0000
16        M:io_writtendata
31        155 0.2939 0.2241 0.2132 0.0000
11        M:io_writes
34        155 16.0000 12.2500 11.5973 0.0000
13        M:postgres_in
31        155 1.0000 0.9100 0.3000 0.0000
6         M:cpu3
31        155 9.2585 6.6064 9.9586 0.0000
6         M:cpu2
31        155 1.2023 0.9735 0.7040 0.0000
6         M:cpu1
33        155 11.0003 7.8207 12.0038 0.0000
6         M:cpu0
31        155 5.6586 4.0823 5.7035 0.0000
5         M:cpu
31        155 8.5900 6.1378 9.1662 0.0000
8         M:syslog
38        155 1068.5000 778.2950 812.0638 0.0000
8         M:ssh_in
31        155 2.0000 1.8200 0.6000 0.0000
8         M:www_in
31        155 1.0000 0.9100 0.3000 0.0000
14        M:cfengine_out
31        155 5.0000 4.5500 1.5000 0.0000
13        M:cfengine_in
31        155 1.0000 0.9100 0.3000 0.0000
9         M:loadavg
31        155 0.2126 0.1705 0.1909 0.0000
10        M:diskfree
34        155 60.5000 55.0550 18.2248 0.0000
12        M:otherprocs
33        155 26.0000 23.6600 7.8000 0.0000
11        M:rootprocs
36        155 113.5000 103.3900 33.7037 0.0000
7         M:users
31        155 8.0000 7.2800 2.4000 0.0000
# send QUERY complete successful
