# delta from 1679729419 to 1679729479 at 1679729479
22        CFR: 0 1679729478 1993
3         PRD
60        Packing reports: delta,0.031946,0.083522,0.071999,1679729420
83        Sample(/proc/sys/kernel/random/entropy_avail),0.004701,0.002210,0.002103,1679729450
3         EXS
16        f,317,1679729324
3         MOM
15        M:entropy_avail
38        1530 184.0000 128.8000 153.9454 0.0000
12        M:mem_cached
38        1530 3806.4336 2664.5035 0.0000 0.0000
10        M:mem_free
39        1530 11070.4023 7749.2816 0.0000 0.0000
11        M:mem_total
40        1530 15817.1836 11072.0285 0.0000 0.0000
16        M:io_writtendata
32        1530 0.2646 0.1853 0.2214 0.0000
11        M:io_writes
35        1530 16.0000 11.2000 13.3866 0.0000
13        M:postgres_in
32        1530 1.0000 0.7000 0.8367 0.0000
6         M:cpu3
32        1530 1.6512 1.1558 1.3815 0.0000
6         M:cpu2
32        1530 4.4300 3.1010 3.7064 0.0000
6         M:cpu1
32        1530 0.9416 0.6591 0.7878 0.0000
6         M:cpu0
33        1530 11.7529 8.2270 9.8332 0.0000
5         M:cpu
32        1530 4.6912 3.2838 3.9249 0.0000
8         M:syslog
41        1530 1824.0000 1276.8000 1526.0679 0.0000
8         M:ssh_in
32        1530 2.0000 1.4000 1.6733 0.0000
8         M:www_in
32        1530 1.0000 0.7000 0.8367 0.0000
14        M:cfengine_out
32        1530 5.0000 3.5000 4.1833 0.0000
13        M:cfengine_in
32        1530 1.0000 0.7000 0.8367 0.0000
9         M:loadavg
32        1530 0.0962 0.0673 0.0805 0.0000
10        M:diskfree
35        1530 50.0000 35.0000 41.8330 0.0000
12        M:otherprocs
35        1530 26.0000 18.2000 21.7532 0.0000
11        M:rootprocs
36        1530 116.0000 81.2000 97.0526 0.0000
7         M:users
32        1530 8.0000 5.6000 6.6933 0.0000
3         MOY
15        M:entropy_avail
36        155 323.0000 297.6050 79.9482 0.0000
12        M:mem_cached
39        155 2526.1133 2298.4965 696.2697 0.0000
16        M:io_writtendata
31        155 0.2939 0.2241 0.2132 0.0000
11        M:io_writes
34        155 16.0000 12.2500 11.5973 0.0000
13        M:postgres_in
31        155 1.0000 0.9100 0.3000 0.0000
6         M:cpu3
31        155 9.2585 6.6064 9.9586 0.0000
6         M:cpu2
31        155 1.2023 0.9735 0.7040 0.0000
6         M:cpu1
33        155 11.0003 7.8207 12.0038 0.0000
6         M:cpu0
31        155 5.6586 4.0823 5.7035 0.0000
5         M:cpu
31        155 8.5900 6.1378 9.1662 0.0000
8         M:syslog
38        155 1068.5000 778.2950 812.0638 0.0000
8         M:ssh_in
31        155 2.0000 1.8200 0.6000 0.0000
8         M:www_in
31        155 1.0000 0.9100 0.3000 0.0000
14        M:cfengine_out
31        155 5.0000 4.5500 1.5000 0.0000
13        M:cfengine_in
31        155 1.0000 0.9100 0.3000 0.0000
9         M:loadavg
31        155 0.2126 0.1705 0.1909 0.0000
10        M:diskfree
34        155 60.5000 55.0550 18.2248 0.0000
12        M:otherprocs
33        155 26.0000 23.6600 7.8000 0.0000
11        M:rootprocs
36        155 113.5000 103.3900 33.7037 0.0000
7         M:users
31        155 8.0000 7.2800 2.4000 0.0000
# send QUERY complete successful
