# delta from 1679672658 to 1679672719 at 1679672719
22        CFR: 0 1679672718 1969
3         PRD
56        DBReportCollectAll,0.108689,0.411252,0.471625,1679672659
60        Packing reports: delta,0.053744,0.164240,0.222398,1679672659
3         EXS
16        f,318,1679672625
3         MOM
15        M:entropy_avail
36        1340 115.0000 81.5500 93.3157 0.0000
12        M:mem_cached
40        1340 3316.1641 3017.1933 833.7896 0.0000
10        M:mem_free
38        1340 8169.6562 8169.6562 0.0000 0.0000
11        M:mem_total
40        1340 11072.0285 11072.0285 0.0000 0.0000
16        M:io_writtendata
32        1340 0.2383 0.2170 0.0708 0.0000
11        M:io_writes
34        1340 12.0000 11.7600 0.8000 0.0000
13        M:postgres_in
32        1340 1.0000 0.9100 0.3000 0.0000
6         M:cpu3
34        1340 13.5230 9.6137 10.9073 0.0000
6         M:cpu2
32        1340 2.1446 1.6714 1.3710 0.0000
6         M:cpu1
35        1340 15.0853 10.7126 12.1994 0.0000
6         M:cpu0
32        1340 3.7339 2.7472 2.7673 0.0000
5         M:cpu
35        1340 16.0205 11.3657 12.9858 0.0000
8         M:syslog
40        1340 1318.0000 953.0500 1019.9636 0.0000
8         M:ssh_in
32        1340 2.0000 1.8200 0.6000 0.0000
8         M:www_in
32        1340 1.0000 0.9100 0.3000 0.0000
14        M:cfengine_out
32        1340 5.0000 4.5500 1.5000 0.0000
13        M:cfengine_in
32        1340 1.0000 0.9100 0.3000 0.0000
9         M:loadavg
32        1340 0.6367 0.4700 0.4680 0.0000
10        M:diskfree
35        1340 55.0000 50.0500 16.5000 0.0000
12        M:otherprocs
34        1340 26.0000 23.6600 7.8000 0.0000
11        M:rootprocs
37        1340 115.0000 104.4400 35.2000 0.0000
7         M:users
32        1340 8.0000 7.2800 2.4000 0.0000
3         MOY
15        M:entropy_avail
36        155 311.5000 288.7150 70.5984 0.0000
12        M:mem_cached
39        155 2500.4707 2275.1462 688.5663 0.0000
16        M:io_writtendata
31        155 0.2676 0.2020 0.1967 0.0000
11        M:io_writes
34        155 14.0000 10.6400 10.1177 0.0000
13        M:postgres_in
31        155 1.0000 0.9100 0.3000 0.0000
6         M:cpu3
31        155 5.6157 4.0684 5.6166 0.0000
6         M:cpu2
31        155 6.9570 5.0045 7.2414 0.0000
6         M:cpu1
31        155 4.6086 3.3564 4.4307 0.0000
6         M:cpu0
31        155 8.9643 6.3865 9.6397 0.0000
5         M:cpu
31        155 8.5530 6.1152 9.1097 0.0000
8         M:syslog
39        155 1188.0000 861.9450 1774.3258 0.0000
8         M:ssh_in
31        155 2.0000 1.8200 0.6000 0.0000
8         M:www_in
31        155 1.0000 0.9100 0.3000 0.0000
14        M:cfengine_out
31        155 5.0000 4.5500 1.5000 0.0000
13        M:cfengine_in
31        155 1.0000 0.9100 0.3000 0.0000
9         M:loadavg
31        155 0.3083 0.2329 0.3196 0.0000
10        M:diskfree
34        155 60.5000 55.0550 18.2248 0.0000
12        M:otherprocs
33        155 26.0000 23.6600 7.8000 0.0000
11        M:rootprocs
36        155 114.5000 103.9850 35.0603 0.0000
7         M:users
31        155 8.0000 7.2800 2.4000 0.0000
# send QUERY complete successful
