# delta from 1679708958 to 1679709019 at 1679709019
22        CFR: 0 1679709018 2838
3         PRD
56        DBReportCollectAll,0.060059,0.376504,0.439091,1679708959
60        Packing reports: delta,0.030732,0.165335,0.179697,1679708959
83        Sample(/proc/sys/kernel/random/entropy_avail),0.005177,0.002681,0.002639,1679709013
3         EXS
16        f,319,1679708931
3         MOM
15        M:entropy_avail
35        1461 53.0000 68.1800 50.6000 0.0000
38        1462 156.0000 109.2000 130.5190 0.0000
12        M:mem_cached
40        1461 3622.1914 3296.0646 909.5243 0.0000
38        1462 3624.6719 2537.2703 0.0000 0.0000
10        M:mem_free
38        1461 7875.8832 7875.8832 0.0000 0.0000
39        1462 11245.2812 7871.6969 0.0000 0.0000
11        M:mem_total
40        1461 11072.0285 11072.0285 0.0000 0.0000
40        1462 15817.1836 11072.0285 0.0000 0.0000
16        M:io_writtendata
32        1461 0.0713 0.0950 0.0791 0.0000
32        1462 0.2520 0.1764 0.2108 0.0000
11        M:io_writes
32        1461 4.0000 4.9000 3.0000 0.0000
34        1462 14.0000 9.8000 11.7132 0.0000
13        M:postgres_in
32        1461 1.0000 0.9100 0.3000 0.0000
32        1462 1.0000 0.7000 0.8367 0.0000
6         M:cpu3
32        1461 6.8777 4.9490 5.3867 0.0000
32        1462 9.0824 6.3577 7.5989 0.0000
6         M:cpu2
32        1461 1.4493 1.6703 0.7366 0.0000
32        1462 1.3954 0.9768 1.1675 0.0000
6         M:cpu1
32        1461 7.5789 5.6715 5.3791 0.0000
35        1462 36.9266 25.8486 30.8950 0.0000
6         M:cpu0
33        1461 1.8954 5.4929 13.5392 0.0000
32        1462 0.8136 0.5695 0.6807 0.0000
5         M:cpu
32        1461 4.4509 4.4471 0.0126 0.0000
34        1462 12.0713 8.4499 10.0995 0.0000
8         M:syslog
38        1461 167.0000 338.2400 570.8000 0.0000
40        1462 1296.0000 907.2000 1084.3114 0.0000
9         M:ssh_out
32        1461 5.0000 3.5000 4.1833 0.0000
8         M:ssh_in
32        1461 2.0000 1.8200 0.6000 0.0000
32        1462 2.0000 1.4000 1.6733 0.0000
8         M:www_in
32        1461 1.0000 0.9100 0.3000 0.0000
32        1462 1.0000 0.7000 0.8367 0.0000
14        M:cfengine_out
32        1461 6.0000 5.2500 2.5000 0.0000
32        1462 5.0000 3.5000 4.1833 0.0000
13        M:cfengine_in
32        1461 1.0000 0.9100 0.3000 0.0000
32        1462 1.0000 0.7000 0.8367 0.0000
9         M:loadavg
32        1461 0.3491 0.2661 0.2363 0.0000
32        1462 0.1870 0.1309 0.1565 0.0000
10        M:diskfree
35        1461 52.0000 47.3200 15.6000 0.0000
35        1462 52.0000 36.4000 43.5063 0.0000
12        M:otherprocs
34        1461 26.0000 23.6600 7.8000 0.0000
35        1462 26.0000 18.2000 21.7532 0.0000
11        M:rootprocs
37        1461 120.0000 108.1500 39.5000 0.0000
36        1462 117.0000 81.9000 97.8892 0.0000
7         M:users
32        1461 8.0000 7.2800 2.4000 0.0000
32        1462 8.0000 5.6000 6.6933 0.0000
3         MOY
15        M:entropy_avail
36        155 323.0000 297.6050 79.9482 0.0000
12        M:mem_cached
39        155 2526.1133 2298.4965 696.2697 0.0000
16        M:io_writtendata
31        155 0.2939 0.2241 0.2132 0.0000
11        M:io_writes
34        155 16.0000 12.2500 11.5973 0.0000
13        M:postgres_in
31        155 1.0000 0.9100 0.3000 0.0000
6         M:cpu3
31        155 9.2585 6.6064 9.9586 0.0000
6         M:cpu2
31        155 1.2023 0.9735 0.7040 0.0000
6         M:cpu1
33        155 11.0003 7.8207 12.0038 0.0000
6         M:cpu0
31        155 5.6586 4.0823 5.7035 0.0000
5         M:cpu
31        155 8.5900 6.1378 9.1662 0.0000
8         M:syslog
38        155 1068.5000 778.2950 812.0638 0.0000
8         M:ssh_in
31        155 2.0000 1.8200 0.6000 0.0000
8         M:www_in
31        155 1.0000 0.9100 0.3000 0.0000
14        M:cfengine_out
31        155 5.0000 4.5500 1.5000 0.0000
13        M:cfengine_in
31        155 1.0000 0.9100 0.3000 0.0000
9         M:loadavg
31        155 0.2126 0.1705 0.1909 0.0000
10        M:diskfree
34        155 60.5000 55.0550 18.2248 0.0000
12        M:otherprocs
33        155 26.0000 23.6600 7.8000 0.0000
11        M:rootprocs
36        155 113.5000 103.3900 33.7037 0.0000
7         M:users
31        155 8.0000 7.2800 2.4000 0.0000
# send QUERY complete successful
