# delta from 1679740518 to 1679740579 at 1679740579
22        CFR: 0 1679740578 2045
3         PRD
56        DBReportCollectAll,0.070738,0.352560,0.314572,1679740519
60        Packing reports: delta,0.065990,0.187708,0.175237,1679740519
83        Sample(/proc/sys/kernel/random/entropy_avail),0.004799,0.002303,0.002677,1679740569
3         EXS
16        f,319,1679740432
3         MOM
15        M:entropy_avail
38        1567 192.0000 134.4000 160.6387 0.0000
12        M:mem_cached
38        1567 3903.0352 2732.1246 0.0000 0.0000
10        M:mem_free
39        1567 10951.0117 7665.7082 0.0000 0.0000
11        M:mem_total
40        1567 15817.1836 11072.0285 0.0000 0.0000
16        M:io_writtendata
32        1567 0.2109 0.1477 0.1765 0.0000
11        M:io_writes
34        1567 12.0000 8.4000 10.0399 0.0000
13        M:postgres_in
32        1567 1.0000 0.7000 0.8367 0.0000
6         M:cpu3
32        1567 8.3178 5.8224 6.9591 0.0000
6         M:cpu2
32        1567 0.9634 0.6744 0.8060 0.0000
6         M:cpu1
32        1567 1.3936 0.9755 1.1660 0.0000
6         M:cpu0
32        1567 0.7811 0.5468 0.6536 0.0000
5         M:cpu
32        1567 2.8641 2.0049 2.3963 0.0000
8         M:syslog
39        1567 1055.0000 738.5000 882.6763 0.0000
8         M:ssh_in
32        1567 3.0000 2.1000 2.5100 0.0000
8         M:www_in
32        1567 1.0000 0.7000 0.8367 0.0000
14        M:cfengine_out
32        1567 5.0000 3.5000 4.1833 0.0000
13        M:cfengine_in
32        1567 1.0000 0.7000 0.8367 0.0000
9         M:loadavg
32        1567 0.1567 0.1097 0.1311 0.0000
10        M:diskfree
35        1567 49.0000 34.3000 40.9963 0.0000
12        M:otherprocs
35        1567 26.0000 18.2000 21.7532 0.0000
11        M:rootprocs
36        1567 116.0000 81.2000 97.0526 0.0000
7         M:users
32        1567 8.0000 5.6000 6.6933 0.0000
3         MOY
15        M:entropy_avail
36        155 323.0000 297.6050 79.9482 0.0000
12        M:mem_cached
39        155 2526.1133 2298.4965 696.2697 0.0000
16        M:io_writtendata
31        155 0.2939 0.2241 0.2132 0.0000
11        M:io_writes
34        155 16.0000 12.2500 11.5973 0.0000
13        M:postgres_in
31        155 1.0000 0.9100 0.3000 0.0000
6         M:cpu3
31        155 9.2585 6.6064 9.9586 0.0000
6         M:cpu2
31        155 1.2023 0.9735 0.7040 0.0000
6         M:cpu1
33        155 11.0003 7.8207 12.0038 0.0000
6         M:cpu0
31        155 5.6586 4.0823 5.7035 0.0000
5         M:cpu
31        155 8.5900 6.1378 9.1662 0.0000
8         M:syslog
38        155 1068.5000 778.2950 812.0638 0.0000
8         M:ssh_in
31        155 2.0000 1.8200 0.6000 0.0000
8         M:www_in
31        155 1.0000 0.9100 0.3000 0.0000
14        M:cfengine_out
31        155 5.0000 4.5500 1.5000 0.0000
13        M:cfengine_in
31        155 1.0000 0.9100 0.3000 0.0000
9         M:loadavg
31        155 0.2126 0.1705 0.1909 0.0000
10        M:diskfree
34        155 60.5000 55.0550 18.2248 0.0000
12        M:otherprocs
33        155 26.0000 23.6600 7.8000 0.0000
11        M:rootprocs
36        155 113.5000 103.3900 33.7037 0.0000
7         M:users
31        155 8.0000 7.2800 2.4000 0.0000
# send QUERY complete successful
