# delta from 1679678658 to 1679678719 at 1679678719
22        CFR: 0 1679678718 2099
3         PRD
56        DBReportCollectAll,0.121450,0.389611,0.401257,1679678659
60        Packing reports: delta,0.026958,0.072672,0.082742,1679678659
83        Sample(/proc/sys/kernel/random/entropy_avail),0.004640,0.002153,0.001875,1679678659
3         EXS
16        f,277,1679678590
3         MOM
15        M:entropy_avail
36        1360 130.0000 94.5700 99.1162 0.0000
12        M:mem_cached
40        1360 3352.7422 3050.4950 842.9271 0.0000
10        M:mem_free
40        1360 11620.5938 10565.3166 0.0000 0.0000
11        M:mem_total
40        1360 15817.1836 14393.6371 0.0000 0.0000
16        M:io_writtendata
32        1360 0.4336 0.3207 0.3170 0.0000
11        M:io_writes
35        1360 22.0000 16.2400 16.1681 0.0000
13        M:postgres_in
32        1360 1.0000 0.9100 0.3000 0.0000
6         M:cpu3
35        1360 23.2522 17.2620 16.8438 0.0000
6         M:cpu2
32        1360 8.1271 6.0692 5.7989 0.0000
6         M:cpu1
32        1360 4.0878 3.3526 2.3136 0.0000
6         M:cpu0
35        1360 21.0308 14.9630 16.9304 0.0000
5         M:cpu
35        1360 14.1225 10.4103 10.4160 0.0000
8         M:syslog
41        1360 1804.0000 1293.2500 1425.9627 0.0000
9         M:ssh_out
32        1360 0.0000 1.0500 3.7182 0.0000
8         M:ssh_in
32        1360 2.0000 1.8200 0.6000 0.0000
8         M:www_in
32        1360 1.0000 0.9100 0.3000 0.0000
14        M:cfengine_out
32        1360 5.0000 4.7600 0.8000 0.0000
13        M:cfengine_in
32        1360 1.0000 0.9100 0.3000 0.0000
9         M:loadavg
32        1360 0.2271 0.2222 0.0162 0.0000
10        M:diskfree
35        1360 55.0000 50.0500 16.5000 0.0000
12        M:otherprocs
34        1360 26.0000 23.6600 7.8000 0.0000
11        M:rootprocs
37        1360 114.0000 104.3700 32.1000 0.0000
7         M:users
32        1360 8.0000 7.2800 2.4000 0.0000
3         MOY
15        M:entropy_avail
36        155 323.0000 297.6050 79.9482 0.0000
12        M:mem_cached
39        155 2526.1133 2298.4965 696.2697 0.0000
16        M:io_writtendata
31        155 0.2939 0.2241 0.2132 0.0000
11        M:io_writes
34        155 16.0000 12.2500 11.5973 0.0000
13        M:postgres_in
31        155 1.0000 0.9100 0.3000 0.0000
6         M:cpu3
31        155 9.2585 6.6064 9.9586 0.0000
6         M:cpu2
31        155 1.2023 0.9735 0.7040 0.0000
6         M:cpu1
33        155 11.0003 7.8207 12.0038 0.0000
6         M:cpu0
31        155 5.6586 4.0823 5.7035 0.0000
5         M:cpu
31        155 8.5900 6.1378 9.1662 0.0000
8         M:syslog
38        155 1068.5000 778.2950 812.0638 0.0000
8         M:ssh_in
31        155 2.0000 1.8200 0.6000 0.0000
8         M:www_in
31        155 1.0000 0.9100 0.3000 0.0000
14        M:cfengine_out
31        155 5.0000 4.5500 1.5000 0.0000
13        M:cfengine_in
31        155 1.0000 0.9100 0.3000 0.0000
9         M:loadavg
31        155 0.2126 0.1705 0.1909 0.0000
10        M:diskfree
34        155 60.5000 55.0550 18.2248 0.0000
12        M:otherprocs
33        155 26.0000 23.6600 7.8000 0.0000
11        M:rootprocs
36        155 113.5000 103.3900 33.7037 0.0000
7         M:users
31        155 8.0000 7.2800 2.4000 0.0000
# send QUERY complete successful
