# delta from 1679694078 to 1679694139 at 1679694139
22        CFR: 0 1679694138 2041
3         PRD
56        DBReportCollectAll,0.066942,0.318443,0.329558,1679694079
60        Packing reports: delta,0.037589,0.083274,0.118782,1679694079
83        Sample(/proc/sys/kernel/random/entropy_avail),0.005181,0.002684,0.002900,1679694137
3         EXS
16        f,287,1679693899
3         MOM
15        M:entropy_avail
35        1412 32.0000 22.4000 26.7731 0.0000
12        M:mem_cached
38        1412 3487.4609 2441.2227 0.0000 0.0000
10        M:mem_free
39        1412 11450.5508 8015.3855 0.0000 0.0000
11        M:mem_total
40        1412 15817.1836 11072.0285 0.0000 0.0000
16        M:io_writtendata
32        1412 0.1768 0.1237 0.1479 0.0000
11        M:io_writes
34        1412 14.0000 9.8000 11.7132 0.0000
13        M:postgres_in
32        1412 1.0000 0.7000 0.8367 0.0000
6         M:cpu3
32        1412 0.4936 0.3455 0.4130 0.0000
6         M:cpu2
32        1412 0.6807 0.4765 0.5695 0.0000
6         M:cpu1
32        1412 0.5466 0.3826 0.4573 0.0000
6         M:cpu0
32        1412 0.5594 0.3916 0.4680 0.0000
5         M:cpu
32        1412 0.5667 0.3967 0.4742 0.0000
8         M:syslog
38        1412 145.0000 101.5000 121.3157 0.0000
8         M:ssh_in
32        1412 2.0000 1.4000 1.6733 0.0000
8         M:www_in
32        1412 2.0000 1.4000 1.6733 0.0000
14        M:cfengine_out
32        1412 5.0000 3.5000 4.1833 0.0000
13        M:cfengine_in
32        1412 1.0000 0.7000 0.8367 0.0000
9         M:loadavg
32        1412 0.0122 0.0085 0.0102 0.0000
10        M:diskfree
35        1412 53.0000 37.1000 44.3430 0.0000
12        M:otherprocs
35        1412 26.0000 18.2000 21.7532 0.0000
11        M:rootprocs
36        1412 114.0000 79.8000 95.3792 0.0000
7         M:users
32        1412 8.0000 5.6000 6.6933 0.0000
3         MOY
15        M:entropy_avail
36        155 323.0000 297.6050 79.9482 0.0000
12        M:mem_cached
39        155 2526.1133 2298.4965 696.2697 0.0000
16        M:io_writtendata
31        155 0.2939 0.2241 0.2132 0.0000
11        M:io_writes
34        155 16.0000 12.2500 11.5973 0.0000
13        M:postgres_in
31        155 1.0000 0.9100 0.3000 0.0000
6         M:cpu3
31        155 9.2585 6.6064 9.9586 0.0000
6         M:cpu2
31        155 1.2023 0.9735 0.7040 0.0000
6         M:cpu1
33        155 11.0003 7.8207 12.0038 0.0000
6         M:cpu0
31        155 5.6586 4.0823 5.7035 0.0000
5         M:cpu
31        155 8.5900 6.1378 9.1662 0.0000
8         M:syslog
38        155 1068.5000 778.2950 812.0638 0.0000
8         M:ssh_in
31        155 2.0000 1.8200 0.6000 0.0000
8         M:www_in
31        155 1.0000 0.9100 0.3000 0.0000
14        M:cfengine_out
31        155 5.0000 4.5500 1.5000 0.0000
13        M:cfengine_in
31        155 1.0000 0.9100 0.3000 0.0000
9         M:loadavg
31        155 0.2126 0.1705 0.1909 0.0000
10        M:diskfree
34        155 60.5000 55.0550 18.2248 0.0000
12        M:otherprocs
33        155 26.0000 23.6600 7.8000 0.0000
11        M:rootprocs
36        155 113.5000 103.3900 33.7037 0.0000
7         M:users
31        155 8.0000 7.2800 2.4000 0.0000
# send QUERY complete successful
