# delta from 1679668878 to 1679668939 at 1679668939
22        CFR: 0 1679668938 2038
3         PRD
56        DBReportCollectAll,0.123050,0.418352,0.340483,1679668879
60        Packing reports: delta,0.034248,0.117290,0.111158,1679668879
83        Sample(/proc/sys/kernel/random/entropy_avail),0.005224,0.002729,0.002424,1679668890
3         EXS
16        f,288,1679668699
3         MOM
15        M:entropy_avail
34        1328 12.0000 8.4000 10.0399 0.0000
12        M:mem_cached
38        1328 3277.8789 2294.5152 0.0000 0.0000
10        M:mem_free
39        1328 11728.8398 8210.1879 0.0000 0.0000
11        M:mem_total
40        1328 15817.1836 11072.0285 0.0000 0.0000
16        M:io_writtendata
32        1328 0.2451 0.1716 0.2051 0.0000
11        M:io_writes
35        1328 16.0000 11.2000 13.3866 0.0000
13        M:postgres_in
32        1328 1.0000 0.7000 0.8367 0.0000
6         M:cpu3
32        1328 0.5881 0.4117 0.4921 0.0000
6         M:cpu2
32        1328 0.8893 0.6225 0.7441 0.0000
6         M:cpu1
32        1328 0.7885 0.5519 0.6597 0.0000
6         M:cpu0
32        1328 0.5817 0.4072 0.4867 0.0000
5         M:cpu
32        1328 0.7135 0.4995 0.5970 0.0000
8         M:syslog
38        1328 145.0000 101.5000 121.3157 0.0000
8         M:ssh_in
32        1328 2.0000 1.4000 1.6733 0.0000
8         M:www_in
32        1328 1.0000 0.7000 0.8367 0.0000
14        M:cfengine_out
32        1328 5.0000 3.5000 4.1833 0.0000
13        M:cfengine_in
32        1328 1.0000 0.7000 0.8367 0.0000
9         M:loadavg
32        1328 0.0322 0.0226 0.0270 0.0000
10        M:diskfree
35        1328 55.0000 38.5000 46.0163 0.0000
12        M:otherprocs
35        1328 26.0000 18.2000 21.7532 0.0000
11        M:rootprocs
36        1328 114.0000 79.8000 95.3792 0.0000
7         M:users
32        1328 8.0000 5.6000 6.6933 0.0000
3         MOY
15        M:entropy_avail
36        155 423.0000 416.4300 32.5641 0.0000
12        M:mem_cached
39        155 2484.3203 2260.4222 683.7891 0.0000
16        M:io_writtendata
31        155 0.2417 0.1846 0.1679 0.0000
11        M:io_writes
32        155 13.0000 9.9400 9.0823 0.0000
13        M:postgres_in
31        155 1.0000 0.9100 0.3000 0.0000
6         M:cpu3
31        155 1.9659 1.4981 1.4496 0.0000
6         M:cpu2
31        155 6.8025 4.8838 7.1072 0.0000
6         M:cpu1
31        155 2.1684 1.6356 1.6646 0.0000
6         M:cpu0
33        155 10.6045 7.5325 11.5855 0.0000
5         M:cpu
31        155 8.6535 6.1752 9.2683 0.0000
8         M:syslog
37        155 923.0000 676.4450 700.5598 0.0000
8         M:ssh_in
31        155 2.0000 1.8200 0.6000 0.0000
8         M:www_in
31        155 1.0000 1.0150 0.3536 0.0000
14        M:cfengine_out
31        155 5.0000 4.5500 1.5000 0.0000
13        M:cfengine_in
31        155 1.0000 0.9100 0.3000 0.0000
9         M:loadavg
31        155 0.4209 0.3099 0.4592 0.0000
10        M:diskfree
34        155 61.0000 55.5100 18.3614 0.0000
12        M:otherprocs
33        155 26.0000 23.6600 7.8000 0.0000
11        M:rootprocs
36        155 116.0000 105.1400 36.2552 0.0000
7         M:users
31        155 8.0000 7.2800 2.4000 0.0000
# send QUERY complete successful
