# delta from 1679712558 to 1679712620 at 1679712620
22        CFR: 0 1679712619 2003
3         PRD
56        DBReportCollectAll,0.050373,0.316704,0.370594,1679712559
60        Packing reports: delta,0.027301,0.074535,0.075127,1679712559
3         EXS
16        f,318,1679712525
3         MOM
15        M:entropy_avail
35        1473 57.0000 73.2900 54.3000 0.0000
12        M:mem_cached
40        1473 3658.7383 3329.3124 918.7249 0.0000
10        M:mem_free
40        1473 11174.6875 10184.3005 0.0000 0.0000
11        M:mem_total
40        1473 15817.1836 14393.6371 0.0000 0.0000
16        M:io_writtendata
32        1473 0.0898 0.1228 0.1098 0.0000
11        M:io_writes
32        1473 6.0000 7.1400 3.8000 0.0000
13        M:postgres_in
32        1473 1.0000 0.9100 0.3000 0.0000
6         M:cpu3
34        1473 13.5782 9.8350 10.4641 0.0000
6         M:cpu2
32        1473 6.0994 4.8079 3.7887 0.0000
6         M:cpu1
32        1473 1.8144 1.8909 0.2550 0.0000
6         M:cpu0
32        1473 5.4300 5.6816 0.8386 0.0000
5         M:cpu
32        1473 6.7241 5.5496 3.7564 0.0000
8         M:syslog
39        1473 167.0000 490.7000 1216.6892 0.0000
9         M:ssh_out
32        1473 5.0000 3.5000 4.1833 0.0000
8         M:ssh_in
32        1473 2.0000 2.0300 0.1000 0.0000
8         M:www_in
32        1473 1.0000 0.9100 0.3000 0.0000
14        M:cfengine_out
32        1473 5.0000 5.6000 2.0000 0.0000
13        M:cfengine_in
32        1473 2.0000 1.8200 0.6000 0.0000
9         M:loadavg
32        1473 0.4546 0.3499 0.3000 0.0000
10        M:diskfree
35        1473 51.0000 46.4100 15.3000 0.0000
12        M:otherprocs
34        1473 26.0000 23.8700 7.1000 0.0000
11        M:rootprocs
37        1473 118.0000 106.5400 38.2000 0.0000
7         M:users
32        1473 8.0000 7.2800 2.4000 0.0000
3         MOY
15        M:entropy_avail
36        155 323.0000 297.6050 79.9482 0.0000
12        M:mem_cached
39        155 2526.1133 2298.4965 696.2697 0.0000
16        M:io_writtendata
31        155 0.2939 0.2241 0.2132 0.0000
11        M:io_writes
34        155 16.0000 12.2500 11.5973 0.0000
13        M:postgres_in
31        155 1.0000 0.9100 0.3000 0.0000
6         M:cpu3
31        155 9.2585 6.6064 9.9586 0.0000
6         M:cpu2
31        155 1.2023 0.9735 0.7040 0.0000
6         M:cpu1
33        155 11.0003 7.8207 12.0038 0.0000
6         M:cpu0
31        155 5.6586 4.0823 5.7035 0.0000
5         M:cpu
31        155 8.5900 6.1378 9.1662 0.0000
8         M:syslog
38        155 1068.5000 778.2950 812.0638 0.0000
8         M:ssh_in
31        155 2.0000 1.8200 0.6000 0.0000
8         M:www_in
31        155 1.0000 0.9100 0.3000 0.0000
14        M:cfengine_out
31        155 5.0000 4.5500 1.5000 0.0000
13        M:cfengine_in
31        155 1.0000 0.9100 0.3000 0.0000
9         M:loadavg
31        155 0.2126 0.1705 0.1909 0.0000
10        M:diskfree
34        155 60.5000 55.0550 18.2248 0.0000
12        M:otherprocs
33        155 26.0000 23.6600 7.8000 0.0000
11        M:rootprocs
36        155 113.5000 103.3900 33.7037 0.0000
7         M:users
31        155 8.0000 7.2800 2.4000 0.0000
# send QUERY complete successful
