# delta from 1679675058 to 1679675119 at 1679675119
22        CFR: 0 1679675118 1974
3         PRD
56        DBReportCollectAll,0.081887,0.393557,0.341349,1679675059
60        Packing reports: delta,0.090775,0.227646,0.164384,1679675059
3         EXS
16        f,287,1679674999
3         MOM
15        M:entropy_avail
36        1348 121.0000 86.1700 97.1892 0.0000
12        M:mem_cached
40        1348 3321.3086 3021.8568 835.1312 0.0000
10        M:mem_free
40        1348 11654.5156 10607.2441 0.0000 0.0000
11        M:mem_total
40        1348 15817.1836 14393.6371 0.0000 0.0000
16        M:io_writtendata
32        1348 0.3955 0.2978 0.2764 0.0000
11        M:io_writes
35        1348 20.0000 14.8400 14.5068 0.0000
13        M:postgres_in
32        1348 1.0000 0.9100 0.3000 0.0000
6         M:cpu3
32        1348 5.2085 3.7723 4.0147 0.0000
6         M:cpu2
32        1348 8.6330 6.1903 6.8201 0.0000
6         M:cpu1
35        1348 21.8026 15.3981 17.8639 0.0000
6         M:cpu0
35        1348 28.6250 20.1876 23.5332 0.0000
5         M:cpu
35        1348 16.0688 11.3881 13.0573 0.0000
8         M:syslog
40        1348 6735.0000 4744.9500 121.3157 0.0000
8         M:ssh_in
32        1348 2.0000 1.8200 0.6000 0.0000
8         M:www_in
32        1348 1.0000 0.9100 0.3000 0.0000
14        M:cfengine_out
32        1348 5.0000 4.5500 1.5000 0.0000
13        M:cfengine_in
32        1348 1.0000 0.9100 0.3000 0.0000
9         M:loadavg
32        1348 0.3818 0.2877 0.2663 0.0000
10        M:diskfree
35        1348 55.0000 50.0500 16.5000 0.0000
12        M:otherprocs
34        1348 26.0000 23.6600 7.8000 0.0000
11        M:rootprocs
37        1348 115.0000 104.4400 35.2000 0.0000
7         M:users
32        1348 8.0000 7.2800 2.4000 0.0000
3         MOY
15        M:entropy_avail
36        155 326.0000 300.0200 82.1068 0.0000
12        M:mem_cached
39        155 2518.4746 2291.5080 694.0815 0.0000
16        M:io_writtendata
31        155 0.2979 0.2256 0.2212 0.0000
11        M:io_writes
34        155 15.0000 11.3400 11.1825 0.0000
13        M:postgres_in
31        155 1.0000 0.9100 0.3000 0.0000
6         M:cpu3
31        155 1.6576 1.2887 1.1079 0.0000
6         M:cpu2
31        155 8.8769 6.3252 9.5975 0.0000
6         M:cpu1
31        155 4.0748 2.9834 3.8038 0.0000
6         M:cpu0
31        155 9.0086 6.4323 9.6344 0.0000
5         M:cpu
31        155 8.6523 6.1804 9.2437 0.0000
8         M:syslog
40        155 1432.0000 1032.7450 2103.9943 0.0000
8         M:ssh_in
31        155 2.0000 1.8200 0.6000 0.0000
8         M:www_in
31        155 1.0000 0.9100 0.3000 0.0000
14        M:cfengine_out
31        155 5.0000 4.5500 1.5000 0.0000
13        M:cfengine_in
31        155 1.0000 0.9100 0.3000 0.0000
9         M:loadavg
31        155 0.2974 0.2359 0.2689 0.0000
10        M:diskfree
34        155 60.5000 55.0550 18.2248 0.0000
12        M:otherprocs
33        155 26.0000 23.6600 7.8000 0.0000
11        M:rootprocs
36        155 114.0000 103.8450 33.8518 0.0000
7         M:users
31        155 8.0000 7.2800 2.4000 0.0000
# send QUERY complete successful
