# delta from 1679677458 to 1679677519 at 1679677519
22        CFR: 0 1679677518 1973
3         PRD
56        DBReportCollectAll,0.067327,0.376245,0.378399,1679677459
60        Packing reports: delta,0.063969,0.202481,0.187832,1679677459
3         EXS
16        f,319,1679677432
3         MOM
15        M:entropy_avail
36        1356 114.0000 81.9000 89.6398 0.0000
12        M:mem_cached
40        1356 3342.0703 3040.8550 840.0495 0.0000
10        M:mem_free
40        1356 11619.6641 10577.2354 0.0000 0.0000
11        M:mem_total
40        1356 15817.1836 14393.6371 0.0000 0.0000
16        M:io_writtendata
32        1356 0.1943 0.1520 0.1230 0.0000
11        M:io_writes
33        1356 10.0000 7.8400 6.2967 0.0000
13        M:postgres_in
32        1356 1.0000 0.9100 0.3000 0.0000
6         M:cpu3
32        1356 9.4932 6.7859 7.5567 0.0000
6         M:cpu2
32        1356 6.2718 4.5574 4.7949 0.0000
6         M:cpu1
35        1356 19.0171 13.4367 15.5652 0.0000
6         M:cpu0
35        1356 28.7654 20.2662 23.7047 0.0000
5         M:cpu
35        1356 15.8919 11.2644 12.9092 0.0000
8         M:syslog
40        1356 1313.0000 949.5500 1015.7893 0.0000
8         M:ssh_in
32        1356 2.0000 1.8200 0.6000 0.0000
8         M:www_in
32        1356 1.0000 0.9100 0.3000 0.0000
14        M:cfengine_out
32        1356 5.0000 4.5500 1.5000 0.0000
13        M:cfengine_in
32        1356 1.0000 0.9100 0.3000 0.0000
9         M:loadavg
32        1356 0.5718 0.4058 0.4631 0.0000
10        M:diskfree
35        1356 55.0000 50.0500 16.5000 0.0000
12        M:otherprocs
35        1356 29.0000 25.7600 10.8000 0.0000
11        M:rootprocs
37        1356 115.0000 104.2300 35.9000 0.0000
7         M:users
32        1356 8.0000 7.2800 2.4000 0.0000
3         MOY
15        M:entropy_avail
36        155 326.0000 300.0200 82.1068 0.0000
12        M:mem_cached
39        155 2518.4746 2291.5080 694.0815 0.0000
16        M:io_writtendata
31        155 0.2979 0.2256 0.2212 0.0000
11        M:io_writes
34        155 15.0000 11.3400 11.1825 0.0000
13        M:postgres_in
31        155 1.0000 0.9100 0.3000 0.0000
6         M:cpu3
31        155 1.6576 1.2887 1.1079 0.0000
6         M:cpu2
31        155 8.8769 6.3252 9.5975 0.0000
6         M:cpu1
31        155 4.0748 2.9834 3.8038 0.0000
6         M:cpu0
31        155 9.0086 6.4323 9.6344 0.0000
5         M:cpu
31        155 8.6523 6.1804 9.2437 0.0000
8         M:syslog
40        155 1432.0000 1032.7450 2103.9943 0.0000
8         M:ssh_in
31        155 2.0000 1.8200 0.6000 0.0000
8         M:www_in
31        155 1.0000 0.9100 0.3000 0.0000
14        M:cfengine_out
31        155 5.0000 4.5500 1.5000 0.0000
13        M:cfengine_in
31        155 1.0000 0.9100 0.3000 0.0000
9         M:loadavg
31        155 0.2974 0.2359 0.2689 0.0000
10        M:diskfree
34        155 60.5000 55.0550 18.2248 0.0000
12        M:otherprocs
33        155 26.0000 23.6600 7.8000 0.0000
11        M:rootprocs
36        155 114.0000 103.8450 33.8518 0.0000
7         M:users
31        155 8.0000 7.2800 2.4000 0.0000
# send QUERY complete successful
