# delta from 1679724858 to 1679724919 at 1679724919
22        CFR: 0 1679724918 1971
3         PRD
56        DBReportCollectAll,0.167756,0.418750,0.342715,1679724859
60        Packing reports: delta,0.042682,0.177775,0.144266,1679724859
3         EXS
16        f,277,1679724789
3         MOM
15        M:entropy_avail
35        1514 71.0000 87.5000 55.0000 0.0000
12        M:mem_cached
40        1514 3766.9375 3427.4636 946.7475 0.0000
10        M:mem_free
38        1514 7789.6410 7789.6410 0.0000 0.0000
11        M:mem_total
40        1514 11072.0285 11072.0285 0.0000 0.0000
16        M:io_writtendata
32        1514 0.2568 0.2815 0.0822 0.0000
11        M:io_writes
34        1514 14.0000 15.2600 4.2000 0.0000
13        M:postgres_in
32        1514 1.0000 0.9100 0.3000 0.0000
6         M:cpu3
33        1514 11.5949 8.3059 9.1820 0.0000
6         M:cpu2
34        1514 13.2278 11.6269 5.3364 0.0000
6         M:cpu1
33        1514 10.3258 7.5735 7.7126 0.0000
6         M:cpu0
35        1514 20.3730 15.5341 13.7778 0.0000
5         M:cpu
35        1514 15.7839 12.0929 10.5429 0.0000
8         M:syslog
40        1514 1560.0000 1365.4200 648.6000 0.0000
8         M:ssh_in
32        1514 2.0000 1.8200 0.6000 0.0000
8         M:www_in
32        1514 1.0000 0.9100 0.3000 0.0000
14        M:cfengine_out
32        1514 5.0000 4.5500 1.5000 0.0000
13        M:cfengine_in
32        1514 1.0000 0.9100 0.3000 0.0000
9         M:loadavg
32        1514 0.7993 0.6078 0.5444 0.0000
10        M:diskfree
35        1514 50.0000 45.5000 15.0000 0.0000
12        M:otherprocs
34        1514 26.0000 23.6600 7.8000 0.0000
11        M:rootprocs
37        1514 115.0000 104.4400 35.2000 0.0000
7         M:users
32        1514 8.0000 7.2800 2.4000 0.0000
3         MOY
15        M:entropy_avail
36        155 323.0000 297.6050 79.9482 0.0000
12        M:mem_cached
39        155 2526.1133 2298.4965 696.2697 0.0000
16        M:io_writtendata
31        155 0.2939 0.2241 0.2132 0.0000
11        M:io_writes
34        155 16.0000 12.2500 11.5973 0.0000
13        M:postgres_in
31        155 1.0000 0.9100 0.3000 0.0000
6         M:cpu3
31        155 9.2585 6.6064 9.9586 0.0000
6         M:cpu2
31        155 1.2023 0.9735 0.7040 0.0000
6         M:cpu1
33        155 11.0003 7.8207 12.0038 0.0000
6         M:cpu0
31        155 5.6586 4.0823 5.7035 0.0000
5         M:cpu
31        155 8.5900 6.1378 9.1662 0.0000
8         M:syslog
38        155 1068.5000 778.2950 812.0638 0.0000
8         M:ssh_in
31        155 2.0000 1.8200 0.6000 0.0000
8         M:www_in
31        155 1.0000 0.9100 0.3000 0.0000
14        M:cfengine_out
31        155 5.0000 4.5500 1.5000 0.0000
13        M:cfengine_in
31        155 1.0000 0.9100 0.3000 0.0000
9         M:loadavg
31        155 0.2126 0.1705 0.1909 0.0000
10        M:diskfree
34        155 60.5000 55.0550 18.2248 0.0000
12        M:otherprocs
33        155 26.0000 23.6600 7.8000 0.0000
11        M:rootprocs
36        155 113.5000 103.3900 33.7037 0.0000
7         M:users
31        155 8.0000 7.2800 2.4000 0.0000
# send QUERY complete successful
