# delta from 1679735658 to 1679735719 at 1679735719
22        CFR: 0 1679735718 1964
3         PRD
56        DBReportCollectAll,0.065360,0.348559,0.358952,1679735659
60        Packing reports: delta,0.032370,0.111617,0.108392,1679735659
3         EXS
16        f,339,1679735655
3         MOM
15        M:entropy_avail
35        1550 77.0000 94.4300 58.1000 0.0000
12        M:mem_cached
40        1550 3859.4570 3512.0444 968.8876 0.0000
10        M:mem_free
39        1550 10881.2656 9930.4272 0.0000 0.0000
11        M:mem_total
40        1550 15817.1836 14393.6371 0.0000 0.0000
16        M:io_writtendata
32        1550 0.1719 0.1771 0.0175 0.0000
11        M:io_writes
34        1550 10.0000 10.7800 2.6000 0.0000
13        M:postgres_in
32        1550 1.0000 0.9100 0.3000 0.0000
6         M:cpu3
32        1550 9.2583 6.6126 7.3841 0.0000
6         M:cpu2
32        1550 8.6318 6.1532 6.9169 0.0000
6         M:cpu1
32        1550 5.7837 4.2182 4.3817 0.0000
6         M:cpu0
35        1550 30.2249 21.2654 24.9882 0.0000
5         M:cpu
34        1550 13.4647 9.5557 10.9054 0.0000
8         M:syslog
37        1550 167.0000 147.3500 65.5000 0.0000
8         M:ssh_in
32        1550 2.0000 1.8200 0.6000 0.0000
8         M:www_in
32        1550 1.0000 0.9100 0.3000 0.0000
14        M:cfengine_out
32        1550 5.0000 4.5500 1.5000 0.0000
13        M:cfengine_in
32        1550 1.0000 0.9100 0.3000 0.0000
9         M:loadavg
32        1550 0.7803 0.5563 0.6249 0.0000
10        M:diskfree
35        1550 49.0000 44.5900 14.7000 0.0000
12        M:otherprocs
34        1550 27.0000 24.3600 8.8000 0.0000
11        M:rootprocs
37        1550 118.0000 106.7500 37.5000 0.0000
7         M:users
32        1550 8.0000 7.2800 2.4000 0.0000
3         MOY
15        M:entropy_avail
36        155 323.0000 297.6050 79.9482 0.0000
12        M:mem_cached
39        155 2526.1133 2298.4965 696.2697 0.0000
16        M:io_writtendata
31        155 0.2939 0.2241 0.2132 0.0000
11        M:io_writes
34        155 16.0000 12.2500 11.5973 0.0000
13        M:postgres_in
31        155 1.0000 0.9100 0.3000 0.0000
6         M:cpu3
31        155 9.2585 6.6064 9.9586 0.0000
6         M:cpu2
31        155 1.2023 0.9735 0.7040 0.0000
6         M:cpu1
33        155 11.0003 7.8207 12.0038 0.0000
6         M:cpu0
31        155 5.6586 4.0823 5.7035 0.0000
5         M:cpu
31        155 8.5900 6.1378 9.1662 0.0000
8         M:syslog
38        155 1068.5000 778.2950 812.0638 0.0000
8         M:ssh_in
31        155 2.0000 1.8200 0.6000 0.0000
8         M:www_in
31        155 1.0000 0.9100 0.3000 0.0000
14        M:cfengine_out
31        155 5.0000 4.5500 1.5000 0.0000
13        M:cfengine_in
31        155 1.0000 0.9100 0.3000 0.0000
9         M:loadavg
31        155 0.2126 0.1705 0.1909 0.0000
10        M:diskfree
34        155 60.5000 55.0550 18.2248 0.0000
12        M:otherprocs
33        155 26.0000 23.6600 7.8000 0.0000
11        M:rootprocs
36        155 113.5000 103.3900 33.7037 0.0000
7         M:users
31        155 8.0000 7.2800 2.4000 0.0000
# send QUERY complete successful
