# delta from 1679743158 to 1679743219 at 1679743219
22        CFR: 0 1679743218 1966
3         PRD
56        DBReportCollectAll,0.045796,0.330547,0.315839,1679743159
60        Packing reports: delta,0.024158,0.058363,0.053543,1679743159
3         EXS
16        f,320,1679743140
3         MOM
15        M:entropy_avail
36        1575 85.0000 101.0800 53.6000 0.0000
12        M:mem_cached
40        1575 3923.7617 3570.5108 985.1698 0.0000
10        M:mem_free
39        1575 10821.4414 9871.9381 0.0000 0.0000
11        M:mem_total
40        1575 15817.1836 14393.6371 0.0000 0.0000
16        M:io_writtendata
32        1575 0.0908 0.0824 0.0279 0.0000
11        M:io_writes
32        1575 6.0000 5.0400 3.2447 0.0000
13        M:postgres_in
32        1575 1.0000 0.9100 0.3000 0.0000
6         M:cpu3
34        1575 12.6169 8.9453 10.2428 0.0000
6         M:cpu2
32        1575 1.6238 1.2641 1.0410 0.0000
6         M:cpu1
35        1575 34.7181 24.3769 28.8409 0.0000
6         M:cpu0
32        1575 3.3043 2.4390 2.4288 0.0000
5         M:cpu
34        1575 13.0735 9.2606 10.6362 0.0000
8         M:syslog
38        1575 272.0000 220.8500 157.3672 0.0000
8         M:ssh_in
32        1575 2.0000 1.8200 0.6000 0.0000
8         M:www_in
32        1575 1.0000 1.1200 0.4000 0.0000
14        M:cfengine_out
32        1575 5.0000 4.5500 1.5000 0.0000
13        M:cfengine_in
32        1575 1.0000 0.9100 0.3000 0.0000
9         M:loadavg
32        1575 0.7363 0.5281 0.5813 0.0000
10        M:diskfree
35        1575 48.0000 43.6800 14.4000 0.0000
12        M:otherprocs
34        1575 26.0000 23.6600 7.8000 0.0000
11        M:rootprocs
37        1575 117.0000 105.8400 37.2000 0.0000
7         M:users
32        1575 8.0000 7.2800 2.4000 0.0000
3         MOY
15        M:entropy_avail
36        155 323.0000 297.6050 79.9482 0.0000
12        M:mem_cached
39        155 2526.1133 2298.4965 696.2697 0.0000
16        M:io_writtendata
31        155 0.2939 0.2241 0.2132 0.0000
11        M:io_writes
34        155 16.0000 12.2500 11.5973 0.0000
13        M:postgres_in
31        155 1.0000 0.9100 0.3000 0.0000
6         M:cpu3
31        155 9.2585 6.6064 9.9586 0.0000
6         M:cpu2
31        155 1.2023 0.9735 0.7040 0.0000
6         M:cpu1
33        155 11.0003 7.8207 12.0038 0.0000
6         M:cpu0
31        155 5.6586 4.0823 5.7035 0.0000
5         M:cpu
31        155 8.5900 6.1378 9.1662 0.0000
8         M:syslog
38        155 1068.5000 778.2950 812.0638 0.0000
8         M:ssh_in
31        155 2.0000 1.8200 0.6000 0.0000
8         M:www_in
31        155 1.0000 0.9100 0.3000 0.0000
14        M:cfengine_out
31        155 5.0000 4.5500 1.5000 0.0000
13        M:cfengine_in
31        155 1.0000 0.9100 0.3000 0.0000
9         M:loadavg
31        155 0.2126 0.1705 0.1909 0.0000
10        M:diskfree
34        155 60.5000 55.0550 18.2248 0.0000
12        M:otherprocs
33        155 26.0000 23.6600 7.8000 0.0000
11        M:rootprocs
36        155 113.5000 103.3900 33.7037 0.0000
7         M:users
31        155 8.0000 7.2800 2.4000 0.0000
# send QUERY complete successful
