# delta from 1679679558 to 1679679619 at 1679679619
22        CFR: 0 1679679618 2055
3         PRD
56        DBReportCollectAll,0.170567,0.442456,0.467377,1679679559
60        Packing reports: delta,0.044537,0.098119,0.098676,1679679559
83        Sample(/proc/sys/kernel/random/entropy_avail),0.004373,0.001912,0.001775,1679679560
3         EXS
16        f,320,1679679533
3         MOM
15        M:entropy_avail
37        1363 132.0000 94.9200 103.5573 0.0000
12        M:mem_cached
40        1363 3361.8516 3058.6032 845.7192 0.0000
10        M:mem_free
38        1363 8132.0941 8132.0941 0.0000 0.0000
11        M:mem_total
40        1363 11072.0285 11072.0285 0.0000 0.0000
16        M:io_writtendata
32        1363 0.4580 0.3366 0.3404 0.0000
11        M:io_writes
35        1363 24.0000 17.6400 17.8317 0.0000
13        M:postgres_in
32        1363 1.0000 0.9100 0.3000 0.0000
6         M:cpu3
32        1363 6.4455 4.6143 5.1119 0.0000
6         M:cpu2
32        1363 6.2305 4.4777 4.8948 0.0000
6         M:cpu1
33        1363 10.5267 7.5005 8.4446 0.0000
6         M:cpu0
35        1363 17.1353 12.1195 13.9909 0.0000
5         M:cpu
35        1363 16.0847 11.3781 13.1284 0.0000
8         M:syslog
40        1363 1315.0000 950.9500 1017.4590 0.0000
8         M:ssh_in
32        1363 2.0000 1.8200 0.6000 0.0000
8         M:www_in
32        1363 1.0000 0.9100 0.3000 0.0000
14        M:cfengine_out
33        1363 10.0000 8.0500 5.9013 0.0000
13        M:cfengine_in
32        1363 1.0000 0.9100 0.3000 0.0000
9         M:loadavg
32        1363 0.4731 0.3362 0.3820 0.0000
10        M:diskfree
35        1363 54.0000 49.1400 16.2000 0.0000
12        M:otherprocs
34        1363 26.0000 23.6600 7.8000 0.0000
11        M:rootprocs
37        1363 114.0000 103.7400 34.2000 0.0000
7         M:users
32        1363 8.0000 7.2800 2.4000 0.0000
3         MOY
15        M:entropy_avail
36        155 323.0000 297.6050 79.9482 0.0000
12        M:mem_cached
39        155 2526.1133 2298.4965 696.2697 0.0000
16        M:io_writtendata
31        155 0.2939 0.2241 0.2132 0.0000
11        M:io_writes
34        155 16.0000 12.2500 11.5973 0.0000
13        M:postgres_in
31        155 1.0000 0.9100 0.3000 0.0000
6         M:cpu3
31        155 9.2585 6.6064 9.9586 0.0000
6         M:cpu2
31        155 1.2023 0.9735 0.7040 0.0000
6         M:cpu1
33        155 11.0003 7.8207 12.0038 0.0000
6         M:cpu0
31        155 5.6586 4.0823 5.7035 0.0000
5         M:cpu
31        155 8.5900 6.1378 9.1662 0.0000
8         M:syslog
38        155 1068.5000 778.2950 812.0638 0.0000
8         M:ssh_in
31        155 2.0000 1.8200 0.6000 0.0000
8         M:www_in
31        155 1.0000 0.9100 0.3000 0.0000
14        M:cfengine_out
31        155 5.0000 4.5500 1.5000 0.0000
13        M:cfengine_in
31        155 1.0000 0.9100 0.3000 0.0000
9         M:loadavg
31        155 0.2126 0.1705 0.1909 0.0000
10        M:diskfree
34        155 60.5000 55.0550 18.2248 0.0000
12        M:otherprocs
33        155 26.0000 23.6600 7.8000 0.0000
11        M:rootprocs
36        155 113.5000 103.3900 33.7037 0.0000
7         M:users
31        155 8.0000 7.2800 2.4000 0.0000
# send QUERY complete successful
