# delta from 1679740158 to 1679740219 at 1679740219
22        CFR: 0 1679740218 1972
3         PRD
56        DBReportCollectAll,0.060146,0.337812,0.403102,1679740159
60        Packing reports: delta,0.036123,0.130489,0.139012,1679740159
3         EXS
16        f,286,1679740098
3         MOM
15        M:entropy_avail
36        1565 87.0000 106.0500 63.5000 0.0000
12        M:mem_cached
40        1565 3900.3438 3548.8067 980.3900 0.0000
10        M:mem_free
41        1565 9425.7594 8898.9105 1469.3113 0.0000
11        M:mem_total
40        1565 11072.0285 11072.0285 0.0000 0.0000
16        M:io_writtendata
32        1565 0.2373 0.2557 0.0614 0.0000
11        M:io_writes
34        1565 12.0000 13.8600 6.2000 0.0000
13        M:postgres_in
32        1565 1.0000 0.9100 0.3000 0.0000
6         M:cpu3
32        1565 8.7284 6.3037 6.7753 0.0000
6         M:cpu2
35        1565 14.3345 10.2868 11.3019 0.0000
6         M:cpu1
35        1565 17.2208 12.4111 13.4361 0.0000
6         M:cpu0
32        1565 5.6816 4.6816 3.1845 0.0000
5         M:cpu
35        1565 15.9512 11.5426 12.3225 0.0000
8         M:syslog
38        1565 837.0000 806.8200 100.6000 0.0000
8         M:ssh_in
32        1565 2.0000 1.8200 0.6000 0.0000
8         M:www_in
32        1565 1.0000 0.9100 0.3000 0.0000
14        M:cfengine_out
32        1565 5.0000 4.5500 1.5000 0.0000
13        M:cfengine_in
32        1565 1.0000 0.9100 0.3000 0.0000
9         M:loadavg
32        1565 0.5781 0.4195 0.4437 0.0000
10        M:diskfree
35        1565 49.0000 44.5900 14.7000 0.0000
12        M:otherprocs
34        1565 26.0000 23.6600 7.8000 0.0000
11        M:rootprocs
37        1565 116.0000 105.3500 35.5000 0.0000
7         M:users
32        1565 8.0000 7.2800 2.4000 0.0000
3         MOY
15        M:entropy_avail
36        155 323.0000 297.6050 79.9482 0.0000
12        M:mem_cached
39        155 2526.1133 2298.4965 696.2697 0.0000
16        M:io_writtendata
31        155 0.2939 0.2241 0.2132 0.0000
11        M:io_writes
34        155 16.0000 12.2500 11.5973 0.0000
13        M:postgres_in
31        155 1.0000 0.9100 0.3000 0.0000
6         M:cpu3
31        155 9.2585 6.6064 9.9586 0.0000
6         M:cpu2
31        155 1.2023 0.9735 0.7040 0.0000
6         M:cpu1
33        155 11.0003 7.8207 12.0038 0.0000
6         M:cpu0
31        155 5.6586 4.0823 5.7035 0.0000
5         M:cpu
31        155 8.5900 6.1378 9.1662 0.0000
8         M:syslog
38        155 1068.5000 778.2950 812.0638 0.0000
8         M:ssh_in
31        155 2.0000 1.8200 0.6000 0.0000
8         M:www_in
31        155 1.0000 0.9100 0.3000 0.0000
14        M:cfengine_out
31        155 5.0000 4.5500 1.5000 0.0000
13        M:cfengine_in
31        155 1.0000 0.9100 0.3000 0.0000
9         M:loadavg
31        155 0.2126 0.1705 0.1909 0.0000
10        M:diskfree
34        155 60.5000 55.0550 18.2248 0.0000
12        M:otherprocs
33        155 26.0000 23.6600 7.8000 0.0000
11        M:rootprocs
36        155 113.5000 103.3900 33.7037 0.0000
7         M:users
31        155 8.0000 7.2800 2.4000 0.0000
# send QUERY complete successful
