# delta from 1679684898 to 1679684959 at 1679684959
22        CFR: 0 1679684958 1998
3         PRD
56        DBReportCollectAll,0.063430,0.349447,0.377683,1679684899
60        Packing reports: delta,0.030751,0.104385,0.094045,1679684899
3         EXS
16        f,278,1679684890
3         MOM
15        M:entropy_avail
35        1381 28.0000 19.6000 23.4265 0.0000
12        M:mem_cached
38        1381 3405.5820 2383.9074 0.0000 0.0000
10        M:mem_free
39        1381 11494.9023 8046.4316 0.0000 0.0000
11        M:mem_total
40        1381 15817.1836 11072.0285 0.0000 0.0000
16        M:io_writtendata
32        1381 0.0615 0.0431 0.0515 0.0000
11        M:io_writes
32        1381 4.0000 2.8000 3.3466 0.0000
13        M:postgres_in
32        1381 1.0000 0.7000 0.8367 0.0000
6         M:cpu3
32        1381 0.7869 0.5509 0.6584 0.0000
6         M:cpu2
32        1381 1.1694 0.8186 0.9784 0.0000
6         M:cpu1
33        1381 10.5063 7.3544 8.7902 0.0000
6         M:cpu0
32        1381 4.0831 2.8582 3.4162 0.0000
5         M:cpu
32        1381 4.1391 2.8974 3.4630 0.0000
8         M:syslog
38        1381 312.0000 218.4000 261.0379 0.0000
9         M:ssh_out
32        1381 5.0000 3.5000 4.1833 0.0000
8         M:ssh_in
32        1381 2.0000 1.4000 1.6733 0.0000
8         M:www_in
32        1381 1.0000 0.7000 0.8367 0.0000
14        M:cfengine_out
32        1381 6.0000 4.2000 5.0200 0.0000
13        M:cfengine_in
32        1381 1.0000 0.7000 0.8367 0.0000
9         M:loadavg
32        1381 0.3662 0.2563 0.3064 0.0000
10        M:diskfree
35        1381 54.0000 37.8000 45.1796 0.0000
12        M:otherprocs
35        1381 26.0000 18.2000 21.7532 0.0000
11        M:rootprocs
36        1381 118.0000 82.6000 98.7259 0.0000
7         M:users
32        1381 8.0000 5.6000 6.6933 0.0000
3         MOY
15        M:entropy_avail
36        155 323.0000 297.6050 79.9482 0.0000
12        M:mem_cached
39        155 2526.1133 2298.4965 696.2697 0.0000
16        M:io_writtendata
31        155 0.2939 0.2241 0.2132 0.0000
11        M:io_writes
34        155 16.0000 12.2500 11.5973 0.0000
13        M:postgres_in
31        155 1.0000 0.9100 0.3000 0.0000
6         M:cpu3
31        155 9.2585 6.6064 9.9586 0.0000
6         M:cpu2
31        155 1.2023 0.9735 0.7040 0.0000
6         M:cpu1
33        155 11.0003 7.8207 12.0038 0.0000
6         M:cpu0
31        155 5.6586 4.0823 5.7035 0.0000
5         M:cpu
31        155 8.5900 6.1378 9.1662 0.0000
8         M:syslog
38        155 1068.5000 778.2950 812.0638 0.0000
8         M:ssh_in
31        155 2.0000 1.8200 0.6000 0.0000
8         M:www_in
31        155 1.0000 0.9100 0.3000 0.0000
14        M:cfengine_out
31        155 5.0000 4.5500 1.5000 0.0000
13        M:cfengine_in
31        155 1.0000 0.9100 0.3000 0.0000
9         M:loadavg
31        155 0.2126 0.1705 0.1909 0.0000
10        M:diskfree
34        155 60.5000 55.0550 18.2248 0.0000
12        M:otherprocs
33        155 26.0000 23.6600 7.8000 0.0000
11        M:rootprocs
36        155 113.5000 103.3900 33.7037 0.0000
7         M:users
31        155 8.0000 7.2800 2.4000 0.0000
# send QUERY complete successful
