# delta from 1679664858 to 1679664919 at 1679664919
22        CFR: 0 1679664918 1970
3         PRD
56        DBReportCollectAll,0.162289,0.506045,0.626622,1679664859
60        Packing reports: delta,0.130775,0.181158,0.131691,1679664859
3         EXS
16        f,318,1679664831
3         MOM
15        M:entropy_avail
37        1314 580.0000 560.5600 64.8000 0.0000
12        M:mem_cached
40        1314 3235.7227 2943.9941 813.5921 0.0000
10        M:mem_free
40        1314 11654.9219 10634.1812 0.0000 0.0000
11        M:mem_total
40        1314 15817.1836 14393.6371 0.0000 0.0000
16        M:io_writtendata
32        1314 0.1680 0.1371 0.0961 0.0000
11        M:io_writes
33        1314 10.0000 7.8400 6.2967 0.0000
13        M:postgres_in
32        1314 1.0000 0.9100 0.3000 0.0000
6         M:cpu3
32        1314 2.7548 2.0671 1.9416 0.0000
6         M:cpu2
35        1314 16.8761 12.0157 13.5622 0.0000
6         M:cpu1
32        1314 4.6232 3.3539 3.5494 0.0000
6         M:cpu0
35        1314 39.2452 27.5529 32.6087 0.0000
5         M:cpu
35        1314 15.9118 11.2718 12.9435 0.0000
8         M:syslog
38        1314 547.0000 413.3500 378.6085 0.0000
8         M:ssh_in
32        1314 2.0000 1.8200 0.6000 0.0000
8         M:www_in
32        1314 1.0000 0.9100 0.3000 0.0000
14        M:cfengine_out
32        1314 5.0000 4.7600 0.8000 0.0000
13        M:cfengine_in
32        1314 1.0000 0.9100 0.3000 0.0000
9         M:loadavg
32        1314 0.7856 0.5651 0.6159 0.0000
10        M:diskfree
35        1314 56.0000 50.9600 16.8000 0.0000
12        M:otherprocs
34        1314 26.0000 23.6600 7.8000 0.0000
11        M:rootprocs
37        1314 118.0000 106.7500 37.5000 0.0000
7         M:users
32        1314 8.0000 7.2800 2.4000 0.0000
3         MOY
15        M:entropy_avail
37        155 702.0000 673.2600 107.9707 0.0000
12        M:mem_cached
39        155 2464.8457 2243.0547 676.7562 0.0000
16        M:io_writtendata
31        155 0.2319 0.1839 0.1438 0.0000
11        M:io_writes
32        155 10.0000 7.8400 6.2967 0.0000
13        M:postgres_in
31        155 1.0000 0.9100 0.3000 0.0000
6         M:cpu3
31        155 3.7512 2.7372 3.5276 0.0000
6         M:cpu2
31        155 3.5083 2.5878 3.1994 0.0000
6         M:cpu1
31        155 4.4824 3.2504 4.3490 0.0000
6         M:cpu0
34        155 18.9663 13.4103 21.3762 0.0000
5         M:cpu
31        155 7.6736 5.4942 8.0927 0.0000
8         M:syslog
37        155 614.5000 460.4950 572.4415 0.0000
8         M:ssh_in
31        155 2.0000 1.8200 0.6000 0.0000
8         M:www_in
31        155 1.0000 0.9100 0.3000 0.0000
14        M:cfengine_out
31        155 5.0000 4.5500 1.5000 0.0000
13        M:cfengine_in
31        155 1.0000 0.9100 0.3000 0.0000
9         M:loadavg
31        155 0.4094 0.3028 0.4421 0.0000
10        M:diskfree
34        155 61.0000 55.5100 18.3614 0.0000
12        M:otherprocs
33        155 26.0000 23.6600 7.8000 0.0000
11        M:rootprocs
36        155 115.5000 104.7900 35.7315 0.0000
7         M:users
31        155 8.0000 7.2800 2.4000 0.0000
# send QUERY complete successful
