# delta from 1679753663 to 1679753724 at 1679753724
22        CFR: 0 1679753723 1974
3         PRD
56        DBReportCollectAll,0.089480,0.378893,0.480066,1679753664
60        Packing reports: delta,0.046815,0.158873,0.205364,1679753664
3         EXS
16        f,320,1679753641
3         MOM
15        M:entropy_avail
37        1610 106.0000 118.3000 41.0000 0.0000
12        M:mem_cached
41        1610 4023.8711 3661.2510 1011.2991 0.0000
10        M:mem_free
39        1610 10806.9844 9837.8470 0.0000 0.0000
11        M:mem_total
40        1610 15817.1836 14393.6371 0.0000 0.0000
16        M:io_writtendata
32        1610 0.3135 0.2711 0.1412 0.0000
11        M:io_writes
35        1610 20.0000 16.5200 11.1549 0.0000
13        M:postgres_in
32        1610 1.0000 0.9100 0.3000 0.0000
6         M:cpu3
32        1610 1.6118 1.2812 0.9806 0.0000
6         M:cpu2
35        1610 21.1592 14.9264 17.3845 0.0000
6         M:cpu1
32        1610 5.6425 4.0815 4.3629 0.0000
6         M:cpu0
35        1610 35.0264 24.6375 28.9743 0.0000
5         M:cpu
35        1610 15.8619 11.2333 12.9116 0.0000
8         M:syslog
39        1610 1074.0000 782.2500 816.3606 0.0000
8         M:ssh_in
32        1610 2.0000 1.8200 0.6000 0.0000
8         M:www_in
32        1610 1.0000 0.9100 0.3000 0.0000
14        M:cfengine_out
32        1610 5.0000 4.5500 1.5000 0.0000
13        M:cfengine_in
32        1610 1.0000 0.9100 0.3000 0.0000
9         M:loadavg
32        1610 0.7822 0.5544 0.6355 0.0000
10        M:diskfree
35        1610 47.0000 42.7700 14.1000 0.0000
12        M:otherprocs
34        1610 28.0000 25.0600 9.8000 0.0000
11        M:rootprocs
37        1610 116.0000 105.3500 35.5000 0.0000
7         M:users
32        1610 8.0000 7.2800 2.4000 0.0000
3         MOY
15        M:entropy_avail
36        155 323.0000 297.6050 79.9482 0.0000
12        M:mem_cached
39        155 2526.1133 2298.4965 696.2697 0.0000
16        M:io_writtendata
31        155 0.2939 0.2241 0.2132 0.0000
11        M:io_writes
34        155 16.0000 12.2500 11.5973 0.0000
13        M:postgres_in
31        155 1.0000 0.9100 0.3000 0.0000
6         M:cpu3
31        155 9.2585 6.6064 9.9586 0.0000
6         M:cpu2
31        155 1.2023 0.9735 0.7040 0.0000
6         M:cpu1
33        155 11.0003 7.8207 12.0038 0.0000
6         M:cpu0
31        155 5.6586 4.0823 5.7035 0.0000
5         M:cpu
31        155 8.5900 6.1378 9.1662 0.0000
8         M:syslog
38        155 1068.5000 778.2950 812.0638 0.0000
8         M:ssh_in
31        155 2.0000 1.8200 0.6000 0.0000
8         M:www_in
31        155 1.0000 0.9100 0.3000 0.0000
14        M:cfengine_out
31        155 5.0000 4.5500 1.5000 0.0000
13        M:cfengine_in
31        155 1.0000 0.9100 0.3000 0.0000
9         M:loadavg
31        155 0.2126 0.1705 0.1909 0.0000
10        M:diskfree
34        155 60.5000 55.0550 18.2248 0.0000
12        M:otherprocs
33        155 26.0000 23.6600 7.8000 0.0000
11        M:rootprocs
36        155 113.5000 103.3900 33.7037 0.0000
7         M:users
31        155 8.0000 7.2800 2.4000 0.0000
# send QUERY complete successful
