# delta from 1679667858 to 1679667919 at 1679667919
22        CFR: 0 1679667918 1969
3         PRD
56        DBReportCollectAll,0.085551,0.396131,0.349153,1679667859
60        Packing reports: delta,0.033738,0.113824,0.104137,1679667859
3         EXS
16        f,287,1679667816
3         MOM
15        M:entropy_avail
37        1324 253.0000 260.2600 24.2000 0.0000
12        M:mem_cached
40        1324 3269.7109 2974.9841 821.9538 0.0000
10        M:mem_free
40        1324 11742.4297 10683.8867 0.0000 0.0000
11        M:mem_total
40        1324 15817.1836 14393.6371 0.0000 0.0000
16        M:io_writtendata
32        1324 0.3164 0.2658 0.1711 0.0000
11        M:io_writes
34        1324 16.0000 13.7200 8.4067 0.0000
13        M:postgres_in
32        1324 1.0000 0.9100 0.3000 0.0000
6         M:cpu3
33        1324 10.1096 7.3902 7.6148 0.0000
6         M:cpu2
32        1324 2.4693 2.2956 0.5791 0.0000
6         M:cpu1
35        1324 47.0167 33.2965 38.2731 0.0000
6         M:cpu0
32        1324 4.5126 3.5641 2.7891 0.0000
5         M:cpu
35        1324 16.0377 11.6444 12.2861 0.0000
8         M:syslog
40        1324 1804.0000 1636.8100 557.3000 0.0000
8         M:ssh_in
32        1324 2.0000 1.8200 0.6000 0.0000
8         M:www_in
32        1324 1.0000 0.9100 0.3000 0.0000
14        M:cfengine_out
32        1324 5.0000 4.5500 1.5000 0.0000
13        M:cfengine_in
32        1324 1.0000 0.9100 0.3000 0.0000
9         M:loadavg
32        1324 0.6875 0.5699 0.3807 0.0000
10        M:diskfree
35        1324 55.0000 50.0500 16.5000 0.0000
12        M:otherprocs
34        1324 26.0000 23.6600 7.8000 0.0000
11        M:rootprocs
37        1324 115.0000 104.4400 35.2000 0.0000
7         M:users
32        1324 8.0000 7.2800 2.4000 0.0000
3         MOY
15        M:entropy_avail
36        155 423.0000 416.4300 32.5641 0.0000
12        M:mem_cached
39        155 2484.3203 2260.4222 683.7891 0.0000
16        M:io_writtendata
31        155 0.2417 0.1846 0.1679 0.0000
11        M:io_writes
32        155 13.0000 9.9400 9.0823 0.0000
13        M:postgres_in
31        155 1.0000 0.9100 0.3000 0.0000
6         M:cpu3
31        155 1.9659 1.4981 1.4496 0.0000
6         M:cpu2
31        155 6.8025 4.8838 7.1072 0.0000
6         M:cpu1
31        155 2.1684 1.6356 1.6646 0.0000
6         M:cpu0
33        155 10.6045 7.5325 11.5855 0.0000
5         M:cpu
31        155 8.6535 6.1752 9.2683 0.0000
8         M:syslog
37        155 923.0000 676.4450 700.5598 0.0000
8         M:ssh_in
31        155 2.0000 1.8200 0.6000 0.0000
8         M:www_in
31        155 1.0000 1.0150 0.3536 0.0000
14        M:cfengine_out
31        155 5.0000 4.5500 1.5000 0.0000
13        M:cfengine_in
31        155 1.0000 0.9100 0.3000 0.0000
9         M:loadavg
31        155 0.4209 0.3099 0.4592 0.0000
10        M:diskfree
34        155 61.0000 55.5100 18.3614 0.0000
12        M:otherprocs
33        155 26.0000 23.6600 7.8000 0.0000
11        M:rootprocs
36        155 116.0000 105.1400 36.2552 0.0000
7         M:users
31        155 8.0000 7.2800 2.4000 0.0000
# send QUERY complete successful
