# delta from 1679716398 to 1679716459 at 1679716459
22        CFR: 0 1679716458 2012
3         PRD
56        DBReportCollectAll,0.085206,0.352866,0.424894,1679716399
60        Packing reports: delta,0.047965,0.108027,0.081765,1679716399
3         EXS
16        f,278,1679716389
3         MOM
15        M:entropy_avail
35        1486 56.0000 78.2600 74.2000 0.0000
12        M:mem_cached
40        1486 3692.5234 3360.1176 927.0357 0.0000
10        M:mem_free
40        1486 11098.9375 10124.9460 0.0000 0.0000
11        M:mem_total
40        1486 15817.1836 14393.6371 0.0000 0.0000
16        M:io_writtendata
32        1486 0.0820 0.6454 2.0284 0.0000
13        M:io_readdata
32        1486 0.0000 0.0002 0.0007 0.0000
11        M:io_writes
33        1486 6.0000 9.2400 10.8000 0.0000
13        M:postgres_in
32        1486 1.0000 0.9100 0.3000 0.0000
6         M:cpu3
32        1486 1.1702 2.6062 4.7867 0.0000
6         M:cpu2
32        1486 9.6920 7.3837 6.5691 0.0000
6         M:cpu1
33        1486 1.1414 4.1485 11.1246 0.0000
6         M:cpu0
35        1486 42.8590 31.2094 32.5960 0.0000
5         M:cpu
34        1486 13.7330 11.3500 7.6507 0.0000
8         M:syslog
39        1486 167.0000 561.8900 1468.2594 0.0000
8         M:ssh_in
32        1486 2.0000 1.8200 0.6000 0.0000
8         M:www_in
32        1486 1.0000 0.9100 0.3000 0.0000
14        M:cfengine_out
32        1486 5.0000 4.5500 1.5000 0.0000
13        M:cfengine_in
32        1486 1.0000 0.9100 0.3000 0.0000
9         M:loadavg
32        1486 0.7529 0.5636 0.5341 0.0000
10        M:diskfree
35        1486 51.0000 46.4100 15.3000 0.0000
12        M:otherprocs
34        1486 26.0000 23.6600 7.8000 0.0000
11        M:rootprocs
37        1486 120.0000 108.5700 38.1000 0.0000
7         M:users
32        1486 8.0000 7.2800 2.4000 0.0000
3         MOY
15        M:entropy_avail
36        155 323.0000 297.6050 79.9482 0.0000
12        M:mem_cached
39        155 2526.1133 2298.4965 696.2697 0.0000
16        M:io_writtendata
31        155 0.2939 0.2241 0.2132 0.0000
11        M:io_writes
34        155 16.0000 12.2500 11.5973 0.0000
13        M:postgres_in
31        155 1.0000 0.9100 0.3000 0.0000
6         M:cpu3
31        155 9.2585 6.6064 9.9586 0.0000
6         M:cpu2
31        155 1.2023 0.9735 0.7040 0.0000
6         M:cpu1
33        155 11.0003 7.8207 12.0038 0.0000
6         M:cpu0
31        155 5.6586 4.0823 5.7035 0.0000
5         M:cpu
31        155 8.5900 6.1378 9.1662 0.0000
8         M:syslog
38        155 1068.5000 778.2950 812.0638 0.0000
8         M:ssh_in
31        155 2.0000 1.8200 0.6000 0.0000
8         M:www_in
31        155 1.0000 0.9100 0.3000 0.0000
14        M:cfengine_out
31        155 5.0000 4.5500 1.5000 0.0000
13        M:cfengine_in
31        155 1.0000 0.9100 0.3000 0.0000
9         M:loadavg
31        155 0.2126 0.1705 0.1909 0.0000
10        M:diskfree
34        155 60.5000 55.0550 18.2248 0.0000
12        M:otherprocs
33        155 26.0000 23.6600 7.8000 0.0000
11        M:rootprocs
36        155 113.5000 103.3900 33.7037 0.0000
7         M:users
31        155 8.0000 7.2800 2.4000 0.0000
# send QUERY complete successful
