# delta from 1679721018 to 1679721079 at 1679721079
22        CFR: 0 1679721078 2050
3         PRD
56        DBReportCollectAll,0.041824,0.346932,0.347126,1679721019
60        Packing reports: delta,0.031656,0.137750,0.118914,1679721020
83        Sample(/proc/sys/kernel/random/entropy_avail),0.004621,0.002135,0.002176,1679721035
3         EXS
16        f,317,1679720924
3         MOM
15        M:entropy_avail
38        1502 185.0000 129.5000 154.7821 0.0000
12        M:mem_cached
38        1502 3733.6484 2613.5539 0.0000 0.0000
10        M:mem_free
39        1502 11155.6758 7808.9730 0.0000 0.0000
11        M:mem_total
40        1502 15817.1836 11072.0285 0.0000 0.0000
16        M:io_writtendata
32        1502 0.4854 0.3397 0.4061 0.0000
11        M:io_writes
35        1502 26.0000 18.2000 21.7532 0.0000
13        M:postgres_in
32        1502 1.0000 0.7000 0.8367 0.0000
6         M:cpu3
35        1502 17.0061 11.9043 14.2283 0.0000
6         M:cpu2
32        1502 1.8936 1.3255 1.5843 0.0000
6         M:cpu1
32        1502 6.7094 4.6965 5.6134 0.0000
6         M:cpu0
32        1502 3.2991 2.3093 2.7602 0.0000
5         M:cpu
32        1502 7.2283 5.0598 6.0476 0.0000
8         M:syslog
40        1502 1296.0000 907.2000 1084.3114 0.0000
8         M:ssh_in
32        1502 2.0000 1.4000 1.6733 0.0000
8         M:www_in
32        1502 1.0000 0.7000 0.8367 0.0000
14        M:cfengine_out
32        1502 5.0000 3.5000 4.1833 0.0000
13        M:cfengine_in
32        1502 1.0000 0.7000 0.8367 0.0000
9         M:loadavg
32        1502 0.1245 0.0872 0.1042 0.0000
10        M:diskfree
35        1502 50.0000 35.0000 41.8330 0.0000
12        M:otherprocs
35        1502 26.0000 18.2000 21.7532 0.0000
11        M:rootprocs
36        1502 114.0000 79.8000 95.3792 0.0000
7         M:users
32        1502 8.0000 5.6000 6.6933 0.0000
3         MOY
15        M:entropy_avail
36        155 323.0000 297.6050 79.9482 0.0000
12        M:mem_cached
39        155 2526.1133 2298.4965 696.2697 0.0000
16        M:io_writtendata
31        155 0.2939 0.2241 0.2132 0.0000
11        M:io_writes
34        155 16.0000 12.2500 11.5973 0.0000
13        M:postgres_in
31        155 1.0000 0.9100 0.3000 0.0000
6         M:cpu3
31        155 9.2585 6.6064 9.9586 0.0000
6         M:cpu2
31        155 1.2023 0.9735 0.7040 0.0000
6         M:cpu1
33        155 11.0003 7.8207 12.0038 0.0000
6         M:cpu0
31        155 5.6586 4.0823 5.7035 0.0000
5         M:cpu
31        155 8.5900 6.1378 9.1662 0.0000
8         M:syslog
38        155 1068.5000 778.2950 812.0638 0.0000
8         M:ssh_in
31        155 2.0000 1.8200 0.6000 0.0000
8         M:www_in
31        155 1.0000 0.9100 0.3000 0.0000
14        M:cfengine_out
31        155 5.0000 4.5500 1.5000 0.0000
13        M:cfengine_in
31        155 1.0000 0.9100 0.3000 0.0000
9         M:loadavg
31        155 0.2126 0.1705 0.1909 0.0000
10        M:diskfree
34        155 60.5000 55.0550 18.2248 0.0000
12        M:otherprocs
33        155 26.0000 23.6600 7.8000 0.0000
11        M:rootprocs
36        155 113.5000 103.3900 33.7037 0.0000
7         M:users
31        155 8.0000 7.2800 2.4000 0.0000
# send QUERY complete successful
