# delta from 1679692758 to 1679692819 at 1679692819
22        CFR: 0 1679692818 2061
3         PRD
56        DBReportCollectAll,0.069306,0.386458,0.387531,1679692759
60        Packing reports: delta,0.056740,0.198706,0.236104,1679692759
83        Sample(/proc/sys/kernel/random/entropy_avail),0.004631,0.002145,0.002252,1679692784
3         EXS
16        f,319,1679692741
3         MOM
15        M:entropy_avail
36        1407 131.0000 96.5300 96.7083 0.0000
12        M:mem_cached
40        1407 3477.1328 3163.6330 874.3091 0.0000
10        M:mem_free
40        1407 11469.0273 10436.2702 0.0000 0.0000
11        M:mem_total
40        1407 15817.1836 14393.6371 0.0000 0.0000
16        M:io_writtendata
32        1407 0.2373 0.1780 0.1674 0.0000
11        M:io_writes
33        1407 12.0000 9.2400 7.9125 0.0000
13        M:postgres_in
32        1407 1.0000 0.9100 0.3000 0.0000
6         M:cpu3
35        1407 18.5451 13.0698 15.2710 0.0000
6         M:cpu2
34        1407 13.6063 9.6113 11.1433 0.0000
6         M:cpu1
35        1407 15.8426 11.2090 12.9251 0.0000
6         M:cpu0
35        1407 16.3325 11.5421 13.3620 0.0000
5         M:cpu
35        1407 16.0808 11.3571 13.1756 0.0000
8         M:syslog
41        1407 1803.0000 1314.6000 1366.8920 0.0000
8         M:ssh_in
32        1407 2.0000 1.8200 0.6000 0.0000
8         M:www_in
32        1407 1.0000 0.9100 0.3000 0.0000
14        M:cfengine_out
32        1407 5.0000 4.5500 1.5000 0.0000
13        M:cfengine_in
32        1407 1.0000 0.9100 0.3000 0.0000
9         M:loadavg
32        1407 0.5435 0.3872 0.4361 0.0000
10        M:diskfree
35        1407 53.0000 48.2300 15.9000 0.0000
12        M:otherprocs
34        1407 26.0000 23.6600 7.8000 0.0000
11        M:rootprocs
37        1407 115.0000 104.6500 34.5000 0.0000
7         M:users
32        1407 8.0000 7.2800 2.4000 0.0000
3         MOY
15        M:entropy_avail
36        155 323.0000 297.6050 79.9482 0.0000
12        M:mem_cached
39        155 2526.1133 2298.4965 696.2697 0.0000
16        M:io_writtendata
31        155 0.2939 0.2241 0.2132 0.0000
11        M:io_writes
34        155 16.0000 12.2500 11.5973 0.0000
13        M:postgres_in
31        155 1.0000 0.9100 0.3000 0.0000
6         M:cpu3
31        155 9.2585 6.6064 9.9586 0.0000
6         M:cpu2
31        155 1.2023 0.9735 0.7040 0.0000
6         M:cpu1
33        155 11.0003 7.8207 12.0038 0.0000
6         M:cpu0
31        155 5.6586 4.0823 5.7035 0.0000
5         M:cpu
31        155 8.5900 6.1378 9.1662 0.0000
8         M:syslog
38        155 1068.5000 778.2950 812.0638 0.0000
8         M:ssh_in
31        155 2.0000 1.8200 0.6000 0.0000
8         M:www_in
31        155 1.0000 0.9100 0.3000 0.0000
14        M:cfengine_out
31        155 5.0000 4.5500 1.5000 0.0000
13        M:cfengine_in
31        155 1.0000 0.9100 0.3000 0.0000
9         M:loadavg
31        155 0.2126 0.1705 0.1909 0.0000
10        M:diskfree
34        155 60.5000 55.0550 18.2248 0.0000
12        M:otherprocs
33        155 26.0000 23.6600 7.8000 0.0000
11        M:rootprocs
36        155 113.5000 103.3900 33.7037 0.0000
7         M:users
31        155 8.0000 7.2800 2.4000 0.0000
# send QUERY complete successful
