# delta from 1679698458 to 1679698519 at 1679698519
22        CFR: 0 1679698518 2104
3         PRD
56        DBReportCollectAll,0.074379,0.332802,0.413989,1679698459
60        Packing reports: delta,0.030856,0.095210,0.097585,1679698459
83        Sample(/proc/sys/kernel/random/entropy_avail),0.004507,0.002031,0.001755,1679698494
3         EXS
16        f,320,1679698435
3         MOM
15        M:entropy_avail
38        1426 155.0000 115.6400 110.8701 0.0000
12        M:mem_cached
40        1426 3526.3555 3208.4019 886.7302 0.0000
10        M:mem_free
40        1426 11409.9922 10381.6204 0.0000 0.0000
11        M:mem_total
40        1426 15817.1836 14393.6371 0.0000 0.0000
16        M:io_writtendata
32        1426 0.4971 0.3611 0.3804 0.0000
11        M:io_writes
35        1426 26.0000 19.0400 19.4969 0.0000
13        M:postgres_in
32        1426 1.0000 0.9100 0.3000 0.0000
6         M:cpu3
35        1426 20.0786 14.2852 16.1648 0.0000
6         M:cpu2
35        1426 19.7562 14.1940 15.5328 0.0000
6         M:cpu1
32        1426 5.5075 4.1403 3.8634 0.0000
6         M:cpu0
35        1426 16.6232 11.7846 13.4981 0.0000
5         M:cpu
35        1426 15.4822 11.0945 12.2495 0.0000
8         M:syslog
41        1426 1800.0000 1290.4500 1422.6197 0.0000
9         M:ssh_out
32        1426 0.0000 1.0500 3.7182 0.0000
8         M:ssh_in
32        1426 2.0000 1.8200 0.6000 0.0000
8         M:www_in
32        1426 1.0000 0.9100 0.3000 0.0000
14        M:cfengine_out
32        1426 5.0000 4.7600 0.8000 0.0000
13        M:cfengine_in
32        1426 1.0000 0.9100 0.3000 0.0000
9         M:loadavg
32        1426 0.3936 0.3327 0.2107 0.0000
10        M:diskfree
35        1426 53.0000 48.2300 15.9000 0.0000
12        M:otherprocs
34        1426 26.0000 23.6600 7.8000 0.0000
11        M:rootprocs
37        1426 114.0000 104.3700 32.1000 0.0000
7         M:users
32        1426 8.0000 7.2800 2.4000 0.0000
3         MOY
15        M:entropy_avail
36        155 323.0000 297.6050 79.9482 0.0000
12        M:mem_cached
39        155 2526.1133 2298.4965 696.2697 0.0000
16        M:io_writtendata
31        155 0.2939 0.2241 0.2132 0.0000
11        M:io_writes
34        155 16.0000 12.2500 11.5973 0.0000
13        M:postgres_in
31        155 1.0000 0.9100 0.3000 0.0000
6         M:cpu3
31        155 9.2585 6.6064 9.9586 0.0000
6         M:cpu2
31        155 1.2023 0.9735 0.7040 0.0000
6         M:cpu1
33        155 11.0003 7.8207 12.0038 0.0000
6         M:cpu0
31        155 5.6586 4.0823 5.7035 0.0000
5         M:cpu
31        155 8.5900 6.1378 9.1662 0.0000
8         M:syslog
38        155 1068.5000 778.2950 812.0638 0.0000
8         M:ssh_in
31        155 2.0000 1.8200 0.6000 0.0000
8         M:www_in
31        155 1.0000 0.9100 0.3000 0.0000
14        M:cfengine_out
31        155 5.0000 4.5500 1.5000 0.0000
13        M:cfengine_in
31        155 1.0000 0.9100 0.3000 0.0000
9         M:loadavg
31        155 0.2126 0.1705 0.1909 0.0000
10        M:diskfree
34        155 60.5000 55.0550 18.2248 0.0000
12        M:otherprocs
33        155 26.0000 23.6600 7.8000 0.0000
11        M:rootprocs
36        155 113.5000 103.3900 33.7037 0.0000
7         M:users
31        155 8.0000 7.2800 2.4000 0.0000
# send QUERY complete successful
