# delta from 1679687658 to 1679687719 at 1679687719
22        CFR: 0 1679687718 2098
3         PRD
56        DBReportCollectAll,0.059968,0.391789,0.362981,1679687659
60        Packing reports: delta,0.035840,0.139126,0.159459,1679687659
83        Sample(/proc/sys/kernel/random/entropy_avail),0.004714,0.002222,0.001736,1679687675
3         EXS
16        f,286,1679687598
3         MOM
15        M:entropy_avail
38        1390 144.0000 107.5200 102.7893 0.0000
12        M:mem_cached
40        1390 3432.2227 3122.7509 863.0756 0.0000
10        M:mem_free
40        1390 11520.9961 10474.1085 0.0000 0.0000
11        M:mem_total
40        1390 15817.1836 14393.6371 0.0000 0.0000
16        M:io_writtendata
32        1390 0.4316 0.3149 0.3269 0.0000
11        M:io_writes
35        1390 20.0000 14.8400 14.5068 0.0000
13        M:postgres_in
32        1390 1.0000 0.9100 0.3000 0.0000
6         M:cpu3
32        1390 4.9016 4.0188 2.7760 0.0000
6         M:cpu2
35        1390 18.8005 13.7026 14.2665 0.0000
6         M:cpu1
34        1390 13.9791 11.3920 8.0218 0.0000
6         M:cpu0
35        1390 14.2390 10.2384 11.1727 0.0000
5         M:cpu
33        1390 12.9775 9.8367 8.9120 0.0000
8         M:syslog
38        1390 672.0000 535.9200 405.5482 0.0000
9         M:ssh_out
32        1390 0.0000 1.0500 3.7182 0.0000
8         M:ssh_in
32        1390 2.0000 1.8200 0.6000 0.0000
8         M:www_in
32        1390 1.0000 0.9100 0.3000 0.0000
14        M:cfengine_out
32        1390 5.0000 4.7600 0.8000 0.0000
13        M:cfengine_in
32        1390 1.0000 0.9100 0.3000 0.0000
9         M:loadavg
32        1390 0.2266 0.2217 0.0164 0.0000
10        M:diskfree
35        1390 54.0000 49.1400 16.2000 0.0000
12        M:otherprocs
34        1390 26.0000 23.6600 7.8000 0.0000
11        M:rootprocs
37        1390 116.0000 106.1900 32.7000 0.0000
7         M:users
32        1390 8.0000 7.2800 2.4000 0.0000
3         MOY
15        M:entropy_avail
36        155 323.0000 297.6050 79.9482 0.0000
12        M:mem_cached
39        155 2526.1133 2298.4965 696.2697 0.0000
16        M:io_writtendata
31        155 0.2939 0.2241 0.2132 0.0000
11        M:io_writes
34        155 16.0000 12.2500 11.5973 0.0000
13        M:postgres_in
31        155 1.0000 0.9100 0.3000 0.0000
6         M:cpu3
31        155 9.2585 6.6064 9.9586 0.0000
6         M:cpu2
31        155 1.2023 0.9735 0.7040 0.0000
6         M:cpu1
33        155 11.0003 7.8207 12.0038 0.0000
6         M:cpu0
31        155 5.6586 4.0823 5.7035 0.0000
5         M:cpu
31        155 8.5900 6.1378 9.1662 0.0000
8         M:syslog
38        155 1068.5000 778.2950 812.0638 0.0000
8         M:ssh_in
31        155 2.0000 1.8200 0.6000 0.0000
8         M:www_in
31        155 1.0000 0.9100 0.3000 0.0000
14        M:cfengine_out
31        155 5.0000 4.5500 1.5000 0.0000
13        M:cfengine_in
31        155 1.0000 0.9100 0.3000 0.0000
9         M:loadavg
31        155 0.2126 0.1705 0.1909 0.0000
10        M:diskfree
34        155 60.5000 55.0550 18.2248 0.0000
12        M:otherprocs
33        155 26.0000 23.6600 7.8000 0.0000
11        M:rootprocs
36        155 113.5000 103.3900 33.7037 0.0000
7         M:users
31        155 8.0000 7.2800 2.4000 0.0000
# send QUERY complete successful
