# delta from 1679714358 to 1679714419 at 1679714419
22        CFR: 0 1679714418 1965
3         PRD
56        DBReportCollectAll,0.124625,0.397455,0.387124,1679714359
60        Packing reports: delta,0.036791,0.111139,0.129553,1679714359
3         EXS
16        f,278,1679714289
3         MOM
15        M:entropy_avail
35        1479 61.0000 78.1900 57.3000 0.0000
12        M:mem_cached
40        1479 3674.7773 3344.0039 922.4830 0.0000
10        M:mem_free
40        1479 11132.2969 10150.7355 0.0000 0.0000
11        M:mem_total
40        1479 15817.1836 14393.6371 0.0000 0.0000
16        M:io_writtendata
32        1479 0.0752 0.1078 0.1087 0.0000
11        M:io_writes
32        1479 6.0000 7.1400 3.8000 0.0000
13        M:postgres_in
32        1479 1.0000 0.9100 0.3000 0.0000
6         M:cpu3
33        1479 1.3765 4.8270 12.7935 0.0000
6         M:cpu2
32        1479 8.3222 6.8146 4.7262 0.0000
6         M:cpu1
32        1479 1.5318 1.5334 0.0055 0.0000
6         M:cpu0
35        1479 40.6167 29.8154 30.2743 0.0000
5         M:cpu
34        1479 12.9720 10.7557 7.1811 0.0000
8         M:syslog
38        1479 272.0000 564.6200 975.4000 0.0000
8         M:ssh_in
32        1479 2.0000 1.8200 0.6000 0.0000
8         M:www_in
32        1479 1.0000 0.9100 0.3000 0.0000
14        M:cfengine_out
32        1479 5.0000 4.5500 1.5000 0.0000
13        M:cfengine_in
32        1479 1.0000 0.9100 0.3000 0.0000
9         M:loadavg
32        1479 0.7261 0.5353 0.5353 0.0000
10        M:diskfree
35        1479 51.0000 46.4100 15.3000 0.0000
12        M:otherprocs
34        1479 26.0000 23.6600 7.8000 0.0000
11        M:rootprocs
37        1479 118.0000 106.5400 38.2000 0.0000
7         M:users
32        1479 8.0000 7.2800 2.4000 0.0000
3         MOY
15        M:entropy_avail
36        155 323.0000 297.6050 79.9482 0.0000
12        M:mem_cached
39        155 2526.1133 2298.4965 696.2697 0.0000
16        M:io_writtendata
31        155 0.2939 0.2241 0.2132 0.0000
11        M:io_writes
34        155 16.0000 12.2500 11.5973 0.0000
13        M:postgres_in
31        155 1.0000 0.9100 0.3000 0.0000
6         M:cpu3
31        155 9.2585 6.6064 9.9586 0.0000
6         M:cpu2
31        155 1.2023 0.9735 0.7040 0.0000
6         M:cpu1
33        155 11.0003 7.8207 12.0038 0.0000
6         M:cpu0
31        155 5.6586 4.0823 5.7035 0.0000
5         M:cpu
31        155 8.5900 6.1378 9.1662 0.0000
8         M:syslog
38        155 1068.5000 778.2950 812.0638 0.0000
8         M:ssh_in
31        155 2.0000 1.8200 0.6000 0.0000
8         M:www_in
31        155 1.0000 0.9100 0.3000 0.0000
14        M:cfengine_out
31        155 5.0000 4.5500 1.5000 0.0000
13        M:cfengine_in
31        155 1.0000 0.9100 0.3000 0.0000
9         M:loadavg
31        155 0.2126 0.1705 0.1909 0.0000
10        M:diskfree
34        155 60.5000 55.0550 18.2248 0.0000
12        M:otherprocs
33        155 26.0000 23.6600 7.8000 0.0000
11        M:rootprocs
36        155 113.5000 103.3900 33.7037 0.0000
7         M:users
31        155 8.0000 7.2800 2.4000 0.0000
# send QUERY complete successful
