# delta from 1679704218 to 1679704279 at 1679704279
22        CFR: 0 1679704278 1969
3         PRD
56        DBReportCollectAll,0.070004,0.340371,0.284887,1679704219
60        Packing reports: delta,0.037405,0.144520,0.113209,1679704219
3         EXS
16        f,316,1679704123
3         MOM
15        M:entropy_avail
38        1446 146.0000 102.2000 122.1524 0.0000
12        M:mem_cached
38        1446 3583.7109 2508.5977 0.0000 0.0000
10        M:mem_free
39        1446 11297.1992 7908.0395 0.0000 0.0000
11        M:mem_total
40        1446 15817.1836 11072.0285 0.0000 0.0000
16        M:io_writtendata
32        1446 0.2500 0.1750 0.2092 0.0000
11        M:io_writes
34        1446 14.0000 9.8000 11.7132 0.0000
13        M:postgres_in
32        1446 1.0000 0.7000 0.8367 0.0000
6         M:cpu3
33        1446 11.8871 8.3210 9.9455 0.0000
6         M:cpu2
32        1446 1.4054 0.9838 1.1759 0.0000
6         M:cpu1
35        1446 34.2630 23.9841 28.6665 0.0000
6         M:cpu0
32        1446 1.0218 0.7152 0.8549 0.0000
5         M:cpu
34        1446 12.1577 8.5104 10.1719 0.0000
8         M:syslog
40        1446 1292.0000 904.4000 1080.9648 0.0000
8         M:ssh_in
32        1446 2.0000 1.4000 1.6733 0.0000
8         M:www_in
32        1446 1.0000 0.7000 0.8367 0.0000
14        M:cfengine_out
32        1446 5.0000 3.5000 4.1833 0.0000
13        M:cfengine_in
32        1446 1.0000 0.7000 0.8367 0.0000
9         M:loadavg
32        1446 0.2441 0.1709 0.2043 0.0000
10        M:diskfree
35        1446 52.0000 36.4000 43.5063 0.0000
12        M:otherprocs
35        1446 26.0000 18.2000 21.7532 0.0000
11        M:rootprocs
36        1446 116.0000 81.2000 97.0526 0.0000
7         M:users
32        1446 8.0000 5.6000 6.6933 0.0000
3         MOY
15        M:entropy_avail
36        155 323.0000 297.6050 79.9482 0.0000
12        M:mem_cached
39        155 2526.1133 2298.4965 696.2697 0.0000
16        M:io_writtendata
31        155 0.2939 0.2241 0.2132 0.0000
11        M:io_writes
34        155 16.0000 12.2500 11.5973 0.0000
13        M:postgres_in
31        155 1.0000 0.9100 0.3000 0.0000
6         M:cpu3
31        155 9.2585 6.6064 9.9586 0.0000
6         M:cpu2
31        155 1.2023 0.9735 0.7040 0.0000
6         M:cpu1
33        155 11.0003 7.8207 12.0038 0.0000
6         M:cpu0
31        155 5.6586 4.0823 5.7035 0.0000
5         M:cpu
31        155 8.5900 6.1378 9.1662 0.0000
8         M:syslog
38        155 1068.5000 778.2950 812.0638 0.0000
8         M:ssh_in
31        155 2.0000 1.8200 0.6000 0.0000
8         M:www_in
31        155 1.0000 0.9100 0.3000 0.0000
14        M:cfengine_out
31        155 5.0000 4.5500 1.5000 0.0000
13        M:cfengine_in
31        155 1.0000 0.9100 0.3000 0.0000
9         M:loadavg
31        155 0.2126 0.1705 0.1909 0.0000
10        M:diskfree
34        155 60.5000 55.0550 18.2248 0.0000
12        M:otherprocs
33        155 26.0000 23.6600 7.8000 0.0000
11        M:rootprocs
36        155 113.5000 103.3900 33.7037 0.0000
7         M:users
31        155 8.0000 7.2800 2.4000 0.0000
# send QUERY complete successful
