# delta from 1679686758 to 1679686819 at 1679686819
22        CFR: 0 1679686818 2056
3         PRD
56        DBReportCollectAll,0.076451,0.418996,0.442086,1679686759
60        Packing reports: delta,0.038467,0.122446,0.106507,1679686759
83        Sample(/proc/sys/kernel/random/entropy_avail),0.005303,0.002812,0.002417,1679686773
3         EXS
16        f,287,1679686715
3         MOM
15        M:entropy_avail
38        1387 141.0000 103.3200 105.5670 0.0000
12        M:mem_cached
40        1387 3424.2305 3115.4755 861.0764 0.0000
10        M:mem_free
38        1387 8069.1871 8069.1871 0.0000 0.0000
11        M:mem_total
40        1387 11072.0285 11072.0285 0.0000 0.0000
16        M:io_writtendata
32        1387 0.4463 0.3278 0.3322 0.0000
11        M:io_writes
35        1387 22.0000 16.2400 16.1681 0.0000
13        M:postgres_in
32        1387 1.0000 0.9100 0.3000 0.0000
6         M:cpu3
35        1387 30.4595 21.4323 25.1767 0.0000
6         M:cpu2
32        1387 1.6369 1.2763 1.0452 0.0000
6         M:cpu1
35        1387 26.9046 18.9382 22.2182 0.0000
6         M:cpu0
32        1387 5.2459 3.7731 4.1133 0.0000
5         M:cpu
35        1387 16.0898 11.3743 13.1532 0.0000
8         M:syslog
39        1387 1081.0000 787.1500 822.1979 0.0000
8         M:ssh_in
32        1387 2.0000 1.8200 0.6000 0.0000
8         M:www_in
32        1387 1.0000 0.9100 0.3000 0.0000
14        M:cfengine_out
32        1387 5.0000 4.5500 1.5000 0.0000
13        M:cfengine_in
32        1387 1.0000 0.9100 0.3000 0.0000
9         M:loadavg
32        1387 0.9683 0.7203 0.6976 0.0000
10        M:diskfree
35        1387 54.0000 49.1400 16.2000 0.0000
12        M:otherprocs
34        1387 26.0000 23.6600 7.8000 0.0000
11        M:rootprocs
37        1387 115.0000 105.9100 30.3000 0.0000
7         M:users
32        1387 8.0000 7.2800 2.4000 0.0000
3         MOY
15        M:entropy_avail
36        155 323.0000 297.6050 79.9482 0.0000
12        M:mem_cached
39        155 2526.1133 2298.4965 696.2697 0.0000
16        M:io_writtendata
31        155 0.2939 0.2241 0.2132 0.0000
11        M:io_writes
34        155 16.0000 12.2500 11.5973 0.0000
13        M:postgres_in
31        155 1.0000 0.9100 0.3000 0.0000
6         M:cpu3
31        155 9.2585 6.6064 9.9586 0.0000
6         M:cpu2
31        155 1.2023 0.9735 0.7040 0.0000
6         M:cpu1
33        155 11.0003 7.8207 12.0038 0.0000
6         M:cpu0
31        155 5.6586 4.0823 5.7035 0.0000
5         M:cpu
31        155 8.5900 6.1378 9.1662 0.0000
8         M:syslog
38        155 1068.5000 778.2950 812.0638 0.0000
8         M:ssh_in
31        155 2.0000 1.8200 0.6000 0.0000
8         M:www_in
31        155 1.0000 0.9100 0.3000 0.0000
14        M:cfengine_out
31        155 5.0000 4.5500 1.5000 0.0000
13        M:cfengine_in
31        155 1.0000 0.9100 0.3000 0.0000
9         M:loadavg
31        155 0.2126 0.1705 0.1909 0.0000
10        M:diskfree
34        155 60.5000 55.0550 18.2248 0.0000
12        M:otherprocs
33        155 26.0000 23.6600 7.8000 0.0000
11        M:rootprocs
36        155 113.5000 103.3900 33.7037 0.0000
7         M:users
31        155 8.0000 7.2800 2.4000 0.0000
# send QUERY complete successful
