# delta from 1679699238 to 1679699299 at 1679699299
22        CFR: 0 1679699298 2080
3         PRD
56        DBReportCollectAll,0.049655,0.287558,0.306218,1679699239
60        Packing reports: delta,0.032532,0.105836,0.110849,1679699239
83        Sample(/proc/sys/kernel/random/entropy_avail),0.005637,0.003178,0.001664,1679699246
3         EXS
16        f,320,1679699041
3         MOM
15        M:entropy_avail
35        1429 45.0000 31.5000 37.6497 0.0000
12        M:mem_cached
38        1429 3531.9727 2472.3809 0.0000 0.0000
10        M:mem_free
39        1429 11342.8555 7939.9988 0.0000 0.0000
11        M:mem_total
40        1429 15817.1836 11072.0285 0.0000 0.0000
16        M:io_writtendata
32        1429 0.0801 0.0561 0.0670 0.0000
11        M:io_writes
32        1429 6.0000 4.2000 5.0200 0.0000
13        M:postgres_in
32        1429 1.0000 0.7000 0.8367 0.0000
6         M:cpu3
32        1429 4.2724 2.9907 3.5745 0.0000
6         M:cpu2
32        1429 2.7112 1.8978 2.2684 0.0000
6         M:cpu1
32        1429 1.9173 1.3421 1.6041 0.0000
6         M:cpu0
32        1429 7.8304 5.4813 6.5514 0.0000
5         M:cpu
32        1429 4.1813 2.9269 3.4983 0.0000
8         M:syslog
38        1429 312.0000 218.4000 261.0379 0.0000
9         M:ssh_out
32        1429 5.0000 3.5000 4.1833 0.0000
8         M:ssh_in
32        1429 2.0000 1.4000 1.6733 0.0000
8         M:www_in
32        1429 1.0000 0.7000 0.8367 0.0000
14        M:cfengine_out
32        1429 6.0000 4.2000 5.0200 0.0000
13        M:cfengine_in
32        1429 1.0000 0.7000 0.8367 0.0000
9         M:loadavg
32        1429 0.3857 0.2700 0.3227 0.0000
10        M:diskfree
35        1429 53.0000 37.1000 44.3430 0.0000
12        M:otherprocs
35        1429 26.0000 18.2000 21.7532 0.0000
11        M:rootprocs
36        1429 117.0000 81.9000 97.8892 0.0000
7         M:users
32        1429 8.0000 5.6000 6.6933 0.0000
3         MOY
15        M:entropy_avail
36        155 323.0000 297.6050 79.9482 0.0000
12        M:mem_cached
39        155 2526.1133 2298.4965 696.2697 0.0000
16        M:io_writtendata
31        155 0.2939 0.2241 0.2132 0.0000
11        M:io_writes
34        155 16.0000 12.2500 11.5973 0.0000
13        M:postgres_in
31        155 1.0000 0.9100 0.3000 0.0000
6         M:cpu3
31        155 9.2585 6.6064 9.9586 0.0000
6         M:cpu2
31        155 1.2023 0.9735 0.7040 0.0000
6         M:cpu1
33        155 11.0003 7.8207 12.0038 0.0000
6         M:cpu0
31        155 5.6586 4.0823 5.7035 0.0000
5         M:cpu
31        155 8.5900 6.1378 9.1662 0.0000
8         M:syslog
38        155 1068.5000 778.2950 812.0638 0.0000
8         M:ssh_in
31        155 2.0000 1.8200 0.6000 0.0000
8         M:www_in
31        155 1.0000 0.9100 0.3000 0.0000
14        M:cfengine_out
31        155 5.0000 4.5500 1.5000 0.0000
13        M:cfengine_in
31        155 1.0000 0.9100 0.3000 0.0000
9         M:loadavg
31        155 0.2126 0.1705 0.1909 0.0000
10        M:diskfree
34        155 60.5000 55.0550 18.2248 0.0000
12        M:otherprocs
33        155 26.0000 23.6600 7.8000 0.0000
11        M:rootprocs
36        155 113.5000 103.3900 33.7037 0.0000
7         M:users
31        155 8.0000 7.2800 2.4000 0.0000
# send QUERY complete successful
