# delta from 1679722518 to 1679722580 at 1679722580
22        CFR: 0 1679722579 2046
3         PRD
56        DBReportCollectAll,0.069335,0.343821,0.288165,1679722519
60        Packing reports: delta,0.035592,0.146749,0.126643,1679722519
83        Sample(/proc/sys/kernel/random/entropy_avail),0.004804,0.002308,0.002293,1679722537
3         EXS
16        f,288,1679722415
3         MOM
15        M:entropy_avail
38        1507 177.0000 123.9000 148.0888 0.0000
12        M:mem_cached
38        1507 3746.8867 2622.8207 0.0000 0.0000
10        M:mem_free
39        1507 11141.4102 7798.9871 0.0000 0.0000
11        M:mem_total
40        1507 15817.1836 11072.0285 0.0000 0.0000
16        M:io_writtendata
32        1507 0.2324 0.1627 0.1945 0.0000
11        M:io_writes
34        1507 12.0000 8.4000 10.0399 0.0000
13        M:postgres_in
32        1507 1.0000 0.7000 0.8367 0.0000
6         M:cpu3
32        1507 1.1043 0.7730 0.9240 0.0000
6         M:cpu2
33        1507 10.8485 7.5939 9.0765 0.0000
6         M:cpu1
32        1507 1.8307 1.2815 1.5317 0.0000
6         M:cpu0
32        1507 7.3950 5.1765 6.1871 0.0000
5         M:cpu
32        1507 5.2939 3.7057 4.4292 0.0000
8         M:syslog
39        1507 1052.0000 736.4000 880.1663 0.0000
8         M:ssh_in
32        1507 2.0000 1.4000 1.6733 0.0000
8         M:www_in
32        1507 1.0000 0.7000 0.8367 0.0000
14        M:cfengine_out
32        1507 5.0000 3.5000 4.1833 0.0000
13        M:cfengine_in
32        1507 1.0000 0.7000 0.8367 0.0000
9         M:loadavg
32        1507 0.1035 0.0725 0.0866 0.0000
10        M:diskfree
35        1507 50.0000 35.0000 41.8330 0.0000
12        M:otherprocs
35        1507 26.0000 18.2000 21.7532 0.0000
11        M:rootprocs
36        1507 115.0000 80.5000 96.2159 0.0000
7         M:users
32        1507 8.0000 5.6000 6.6933 0.0000
3         MOY
15        M:entropy_avail
36        155 323.0000 297.6050 79.9482 0.0000
12        M:mem_cached
39        155 2526.1133 2298.4965 696.2697 0.0000
16        M:io_writtendata
31        155 0.2939 0.2241 0.2132 0.0000
11        M:io_writes
34        155 16.0000 12.2500 11.5973 0.0000
13        M:postgres_in
31        155 1.0000 0.9100 0.3000 0.0000
6         M:cpu3
31        155 9.2585 6.6064 9.9586 0.0000
6         M:cpu2
31        155 1.2023 0.9735 0.7040 0.0000
6         M:cpu1
33        155 11.0003 7.8207 12.0038 0.0000
6         M:cpu0
31        155 5.6586 4.0823 5.7035 0.0000
5         M:cpu
31        155 8.5900 6.1378 9.1662 0.0000
8         M:syslog
38        155 1068.5000 778.2950 812.0638 0.0000
8         M:ssh_in
31        155 2.0000 1.8200 0.6000 0.0000
8         M:www_in
31        155 1.0000 0.9100 0.3000 0.0000
14        M:cfengine_out
31        155 5.0000 4.5500 1.5000 0.0000
13        M:cfengine_in
31        155 1.0000 0.9100 0.3000 0.0000
9         M:loadavg
31        155 0.2126 0.1705 0.1909 0.0000
10        M:diskfree
34        155 60.5000 55.0550 18.2248 0.0000
12        M:otherprocs
33        155 26.0000 23.6600 7.8000 0.0000
11        M:rootprocs
36        155 113.5000 103.3900 33.7037 0.0000
7         M:users
31        155 8.0000 7.2800 2.4000 0.0000
# send QUERY complete successful
