# delta from 1679708358 to 1679708419 at 1679708419
22        CFR: 0 1679708418 2842
3         PRD
56        DBReportCollectAll,0.054754,0.363590,0.343130,1679708359
60        Packing reports: delta,0.030872,0.158259,0.149231,1679708359
83        Sample(/proc/sys/kernel/random/entropy_avail),0.005277,0.002784,0.003143,1679708412
3         EXS
16        f,317,1679708323
3         MOM
15        M:entropy_avail
35        1459 51.0000 68.6700 58.9000 0.0000
38        1460 172.0000 120.4000 143.9055 0.0000
12        M:mem_cached
40        1459 3616.7227 3291.1955 907.8520 0.0000
38        1460 3619.1055 2533.3738 0.0000 0.0000
10        M:mem_free
40        1459 11194.3633 10201.3097 0.0000 0.0000
39        1460 11258.8906 7881.2234 0.0000 0.0000
11        M:mem_total
40        1459 15817.1836 14393.6371 0.0000 0.0000
40        1460 15817.1836 11072.0285 0.0000 0.0000
16        M:io_writtendata
32        1459 0.0703 0.0988 0.0951 0.0000
32        1460 0.4561 0.3192 0.3816 0.0000
11        M:io_writes
32        1459 4.0000 5.3200 4.4000 0.0000
35        1460 22.0000 15.4000 18.4065 0.0000
13        M:postgres_in
32        1459 1.0000 0.9100 0.3000 0.0000
32        1460 1.0000 0.7000 0.8367 0.0000
6         M:cpu3
34        1459 16.5654 14.6574 6.3602 0.0000
35        1460 16.6366 11.6456 13.9192 0.0000
6         M:cpu2
32        1459 1.3498 1.5620 0.7072 0.0000
32        1460 2.6886 1.8820 2.2495 0.0000
6         M:cpu1
32        1459 3.7524 3.1692 2.0117 0.0000
35        1460 17.0508 11.9355 14.2657 0.0000
6         M:cpu0
32        1459 1.2755 1.0959 0.6687 0.0000
32        1460 6.6502 4.6551 5.5640 0.0000
5         M:cpu
32        1459 5.7378 5.1216 2.0540 0.0000
33        1460 10.7601 7.5321 9.0025 0.0000
8         M:syslog
38        1459 167.0000 388.2200 737.4000 0.0000
38        1460 816.0000 571.2000 682.7146 0.0000
9         M:ssh_out
32        1459 5.0000 3.5000 4.1833 0.0000
8         M:ssh_in
32        1459 2.0000 1.8200 0.6000 0.0000
32        1460 2.0000 1.4000 1.6733 0.0000
8         M:www_in
32        1459 1.0000 0.9100 0.3000 0.0000
32        1460 1.0000 0.7000 0.8367 0.0000
14        M:cfengine_out
32        1459 6.0000 5.2500 2.5000 0.0000
32        1460 5.0000 3.5000 4.1833 0.0000
13        M:cfengine_in
32        1459 1.0000 0.9100 0.3000 0.0000
32        1460 1.0000 0.7000 0.8367 0.0000
9         M:loadavg
32        1459 0.4019 0.3030 0.2796 0.0000
32        1460 0.1943 0.1360 0.1626 0.0000
10        M:diskfree
35        1459 52.0000 47.3200 15.6000 0.0000
35        1460 52.0000 36.4000 43.5063 0.0000
12        M:otherprocs
34        1459 26.0000 23.6600 7.8000 0.0000
35        1460 26.0000 18.2000 21.7532 0.0000
11        M:rootprocs
37        1459 119.0000 107.6600 37.8000 0.0000
36        1460 116.0000 81.2000 97.0526 0.0000
7         M:users
32        1459 8.0000 7.2800 2.4000 0.0000
32        1460 8.0000 5.6000 6.6933 0.0000
3         MOY
15        M:entropy_avail
36        155 323.0000 297.6050 79.9482 0.0000
12        M:mem_cached
39        155 2526.1133 2298.4965 696.2697 0.0000
16        M:io_writtendata
31        155 0.2939 0.2241 0.2132 0.0000
11        M:io_writes
34        155 16.0000 12.2500 11.5973 0.0000
13        M:postgres_in
31        155 1.0000 0.9100 0.3000 0.0000
6         M:cpu3
31        155 9.2585 6.6064 9.9586 0.0000
6         M:cpu2
31        155 1.2023 0.9735 0.7040 0.0000
6         M:cpu1
33        155 11.0003 7.8207 12.0038 0.0000
6         M:cpu0
31        155 5.6586 4.0823 5.7035 0.0000
5         M:cpu
31        155 8.5900 6.1378 9.1662 0.0000
8         M:syslog
38        155 1068.5000 778.2950 812.0638 0.0000
8         M:ssh_in
31        155 2.0000 1.8200 0.6000 0.0000
8         M:www_in
31        155 1.0000 0.9100 0.3000 0.0000
14        M:cfengine_out
31        155 5.0000 4.5500 1.5000 0.0000
13        M:cfengine_in
31        155 1.0000 0.9100 0.3000 0.0000
9         M:loadavg
31        155 0.2126 0.1705 0.1909 0.0000
10        M:diskfree
34        155 60.5000 55.0550 18.2248 0.0000
12        M:otherprocs
33        155 26.0000 23.6600 7.8000 0.0000
11        M:rootprocs
36        155 113.5000 103.3900 33.7037 0.0000
7         M:users
31        155 8.0000 7.2800 2.4000 0.0000
# send QUERY complete successful
