# delta from 1679745858 to 1679745919 at 1679745919
22        CFR: 0 1679745918 1973
3         PRD
56        DBReportCollectAll,0.046812,0.326243,0.365087,1679745859
60        Packing reports: delta,0.028812,0.083010,0.073111,1679745859
3         EXS
16        f,277,1679745789
3         MOM
15        M:entropy_avail
36        1584 93.0000 108.9900 53.3000 0.0000
12        M:mem_cached
40        1584 3948.8477 3592.9255 992.6193 0.0000
10        M:mem_free
39        1584 10896.5703 9918.6549 0.0000 0.0000
11        M:mem_total
40        1584 15817.1836 14393.6371 0.0000 0.0000
16        M:io_writtendata
32        1584 0.2383 0.4457 0.6914 0.0000
11        M:io_writes
34        1584 14.0000 12.3200 5.6000 0.0000
13        M:postgres_in
32        1584 1.0000 0.9100 0.3000 0.0000
6         M:cpu3
32        1584 6.8919 4.9351 5.4628 0.0000
6         M:cpu2
32        1584 6.5926 4.7299 5.2009 0.0000
6         M:cpu1
35        1584 22.4885 15.8722 18.4540 0.0000
6         M:cpu0
35        1584 27.7830 19.5363 22.9996 0.0000
5         M:cpu
35        1584 15.9519 11.2767 13.0407 0.0000
8         M:syslog
41        1584 1658.0000 1191.0500 1303.9555 0.0000
8         M:ssh_in
32        1584 2.0000 1.8200 0.6000 0.0000
8         M:www_in
32        1584 1.0000 0.9100 0.3000 0.0000
14        M:cfengine_out
32        1584 5.0000 4.5500 1.5000 0.0000
13        M:cfengine_in
32        1584 1.0000 0.9100 0.3000 0.0000
9         M:loadavg
32        1584 0.4092 0.3143 0.2715 0.0000
10        M:diskfree
35        1584 48.0000 43.6800 14.4000 0.0000
12        M:otherprocs
34        1584 26.0000 23.6600 7.8000 0.0000
11        M:rootprocs
37        1584 117.0000 106.2600 35.8000 0.0000
7         M:users
32        1584 8.0000 7.2800 2.4000 0.0000
3         MOY
15        M:entropy_avail
36        155 323.0000 297.6050 79.9482 0.0000
12        M:mem_cached
39        155 2526.1133 2298.4965 696.2697 0.0000
16        M:io_writtendata
31        155 0.2939 0.2241 0.2132 0.0000
11        M:io_writes
34        155 16.0000 12.2500 11.5973 0.0000
13        M:postgres_in
31        155 1.0000 0.9100 0.3000 0.0000
6         M:cpu3
31        155 9.2585 6.6064 9.9586 0.0000
6         M:cpu2
31        155 1.2023 0.9735 0.7040 0.0000
6         M:cpu1
33        155 11.0003 7.8207 12.0038 0.0000
6         M:cpu0
31        155 5.6586 4.0823 5.7035 0.0000
5         M:cpu
31        155 8.5900 6.1378 9.1662 0.0000
8         M:syslog
38        155 1068.5000 778.2950 812.0638 0.0000
8         M:ssh_in
31        155 2.0000 1.8200 0.6000 0.0000
8         M:www_in
31        155 1.0000 0.9100 0.3000 0.0000
14        M:cfengine_out
31        155 5.0000 4.5500 1.5000 0.0000
13        M:cfengine_in
31        155 1.0000 0.9100 0.3000 0.0000
9         M:loadavg
31        155 0.2126 0.1705 0.1909 0.0000
10        M:diskfree
34        155 60.5000 55.0550 18.2248 0.0000
12        M:otherprocs
33        155 26.0000 23.6600 7.8000 0.0000
11        M:rootprocs
36        155 113.5000 103.3900 33.7037 0.0000
7         M:users
31        155 8.0000 7.2800 2.4000 0.0000
# send QUERY complete successful
