# delta from 1679660978 to 1679661019 at 1679661019
22        CFR: 0 1679661018 2065
3         PRD
60        Packing reports: delta,0.119184,0.334601,0.356600,1679660979
3         EXS
16        f,108,1679660977
3         MOM
15        M:entropy_avail
40        1301 1430.0000 1312.4300 391.9000 0.0000
12        M:mem_cached
40        1301 3197.7461 2908.9605 805.3846 0.0000
10        M:mem_free
40        1301 11789.5469 10733.3365 0.0000 0.0000
11        M:mem_total
40        1301 15817.1836 14393.6371 0.0000 0.0000
16        M:io_writtendata
32        1301 0.4980 0.4571 0.1364 0.0000
11        M:io_writes
35        1301 26.0000 22.8200 10.6000 0.0000
13        M:postgres_in
32        1301 1.0000 0.9100 0.3000 0.0000
6         M:cpu3
35        1301 45.6457 33.5457 33.9240 0.0000
6         M:cpu2
35        1301 30.7269 23.4071 20.8300 0.0000
6         M:cpu1
35        1301 24.5963 19.2890 15.4763 0.0000
6         M:cpu0
35        1301 32.2028 25.1277 20.5224 0.0000
5         M:cpu
35        1301 33.2847 25.3368 22.6072 0.0000
8         M:syslog
40        1301 2000.0000 2262.8900 733.1652 0.0000
8         M:ssh_in
32        1301 3.0000 2.7300 0.9000 0.0000
8         M:www_in
32        1301 3.0000 2.3100 1.9781 0.0000
14        M:cfengine_out
33        1301 10.0000 8.0500 5.9013 0.0000
13        M:cfengine_in
32        1301 1.0000 0.9100 0.3000 0.0000
9         M:loadavg
32        1301 2.1729 1.7220 1.3317 0.0000
10        M:diskfree
35        1301 56.0000 50.9600 16.8000 0.0000
12        M:otherprocs
34        1301 31.0000 28.4200 8.6000 0.0000
11        M:rootprocs
37        1301 126.0000 113.8200 40.6000 0.0000
7         M:users
32        1301 9.0000 8.1900 2.7000 0.0000
3         MOY
15        M:entropy_avail
37        155 956.5000 899.2900 239.3838 0.0000
12        M:mem_cached
39        155 2444.9004 2224.7170 671.4100 0.0000
16        M:io_writtendata
31        155 0.9365 0.9361 0.1306 0.0000
13        M:io_readdata
31        155 0.0034 0.0237 0.1037 0.0000
11        M:io_writes
33        155 24.0000 21.8400 6.7634 0.0000
13        M:postgres_in
31        155 1.0000 0.9100 0.3000 0.0000
6         M:cpu3
34        155 22.3530 19.4789 12.9401 0.0000
6         M:cpu2
33        155 8.1117 10.9255 13.8492 0.0000
6         M:cpu1
34        155 30.9730 26.0574 23.0851 0.0000
6         M:cpu0
33        155 8.7018 11.4627 13.6796 0.0000
5         M:cpu
33        155 17.5788 17.0119 2.1176 0.0000
8         M:syslog
40        155 5028.4671 4634.2920 7134.1788 0.0000
9         M:ssh_out
31        155 4.5000 3.6750 3.6349 0.0000
8         M:ssh_in
31        155 3.0000 2.6250 1.5455 0.0000
9         M:www_out
31        155 1.0000 0.7000 1.1832 0.0000
8         M:www_in
31        155 1.0000 0.9100 0.3000 0.0000
14        M:cfengine_out
31        155 5.0000 4.5500 1.5000 0.0000
13        M:cfengine_in
31        155 1.0000 0.9100 0.3000 0.0000
9         M:loadavg
31        155 0.7024 0.5940 0.5291 0.0000
10        M:diskfree
34        155 61.0000 55.5100 18.3614 0.0000
12        M:otherprocs
33        155 28.5000 25.8300 8.9677 0.0000
11        M:rootprocs
36        155 117.5000 113.3300 24.6028 0.0000
7         M:users
31        155 8.5000 7.7350 2.5544 0.0000
# send QUERY complete successful
