# delta from 1679688738 to 1679688799 at 1679688799
22        CFR: 0 1679688798 1999
3         PRD
56        DBReportCollectAll,0.050159,0.359263,0.357878,1679688739
60        Packing reports: delta,0.031578,0.138756,0.134254,1679688739
3         EXS
16        f,319,1679688540
3         MOM
15        M:entropy_avail
35        1394 24.0000 16.8000 20.0798 0.0000
12        M:mem_cached
38        1394 3440.5039 2408.3527 0.0000 0.0000
10        M:mem_free
39        1394 11477.8711 8034.5098 0.0000 0.0000
11        M:mem_total
40        1394 15817.1836 11072.0285 0.0000 0.0000
16        M:io_writtendata
32        1394 0.1992 0.1395 0.1667 0.0000
11        M:io_writes
34        1394 14.0000 9.8000 11.7132 0.0000
13        M:postgres_in
32        1394 1.0000 0.7000 0.8367 0.0000
6         M:cpu3
32        1394 1.2617 0.8832 1.0556 0.0000
6         M:cpu2
32        1394 2.1510 1.5057 1.7996 0.0000
6         M:cpu1
32        1394 0.7138 0.4997 0.5972 0.0000
6         M:cpu0
32        1394 0.6604 0.4622 0.5525 0.0000
5         M:cpu
32        1394 1.1980 0.8386 1.0023 0.0000
8         M:syslog
38        1394 145.0000 101.5000 121.3157 0.0000
9         M:ssh_out
32        1394 5.0000 3.5000 4.1833 0.0000
8         M:ssh_in
32        1394 2.0000 1.4000 1.6733 0.0000
8         M:www_in
32        1394 1.0000 0.7000 0.8367 0.0000
14        M:cfengine_out
32        1394 6.0000 4.2000 5.0200 0.0000
13        M:cfengine_in
32        1394 1.0000 0.7000 0.8367 0.0000
9         M:loadavg
32        1394 0.1138 0.0796 0.0952 0.0000
10        M:diskfree
35        1394 54.0000 37.8000 45.1796 0.0000
12        M:otherprocs
35        1394 26.0000 18.2000 21.7532 0.0000
11        M:rootprocs
36        1394 118.0000 82.6000 98.7259 0.0000
7         M:users
32        1394 8.0000 5.6000 6.6933 0.0000
3         MOY
15        M:entropy_avail
36        155 323.0000 297.6050 79.9482 0.0000
12        M:mem_cached
39        155 2526.1133 2298.4965 696.2697 0.0000
16        M:io_writtendata
31        155 0.2939 0.2241 0.2132 0.0000
11        M:io_writes
34        155 16.0000 12.2500 11.5973 0.0000
13        M:postgres_in
31        155 1.0000 0.9100 0.3000 0.0000
6         M:cpu3
31        155 9.2585 6.6064 9.9586 0.0000
6         M:cpu2
31        155 1.2023 0.9735 0.7040 0.0000
6         M:cpu1
33        155 11.0003 7.8207 12.0038 0.0000
6         M:cpu0
31        155 5.6586 4.0823 5.7035 0.0000
5         M:cpu
31        155 8.5900 6.1378 9.1662 0.0000
8         M:syslog
38        155 1068.5000 778.2950 812.0638 0.0000
8         M:ssh_in
31        155 2.0000 1.8200 0.6000 0.0000
8         M:www_in
31        155 1.0000 0.9100 0.3000 0.0000
14        M:cfengine_out
31        155 5.0000 4.5500 1.5000 0.0000
13        M:cfengine_in
31        155 1.0000 0.9100 0.3000 0.0000
9         M:loadavg
31        155 0.2126 0.1705 0.1909 0.0000
10        M:diskfree
34        155 60.5000 55.0550 18.2248 0.0000
12        M:otherprocs
33        155 26.0000 23.6600 7.8000 0.0000
11        M:rootprocs
36        155 113.5000 103.3900 33.7037 0.0000
7         M:users
31        155 8.0000 7.2800 2.4000 0.0000
# send QUERY complete successful
