# delta from 1679760143 to 1679760204 at 1679760204
22        CFR: 0 1679760203 1968
3         PRD
56        DBReportCollectAll,0.105431,0.354628,0.480113,1679760144
60        Packing reports: delta,0.030351,0.074930,0.102951,1679760144
3         EXS
16        f,320,1679759941
3         MOM
15        M:entropy_avail
38        1632 280.0000 196.0000 234.2648 0.0000
12        M:mem_cached
38        1632 4081.9766 2857.3836 0.0000 0.0000
10        M:mem_free
39        1632 10798.7812 7559.1469 0.0000 0.0000
11        M:mem_total
40        1632 15817.1836 11072.0285 0.0000 0.0000
16        M:io_writtendata
32        1632 0.1846 0.1292 0.1544 0.0000
11        M:io_writes
32        1632 8.0000 5.6000 6.6933 0.0000
13        M:postgres_in
32        1632 1.0000 0.7000 0.8367 0.0000
6         M:cpu3
33        1632 11.8418 8.2893 9.9076 0.0000
6         M:cpu2
34        1632 12.1124 8.4787 10.1340 0.0000
6         M:cpu1
34        1632 13.1496 9.2047 11.0017 0.0000
6         M:cpu0
34        1632 12.0213 8.4149 10.0577 0.0000
5         M:cpu
34        1632 12.2828 8.5979 10.2765 0.0000
8         M:syslog
38        1632 145.0000 101.5000 121.3157 0.0000
8         M:ssh_in
32        1632 2.0000 1.4000 1.6733 0.0000
8         M:www_in
32        1632 1.0000 0.7000 0.8367 0.0000
14        M:cfengine_out
32        1632 5.0000 3.5000 4.1833 0.0000
13        M:cfengine_in
32        1632 1.0000 0.7000 0.8367 0.0000
9         M:loadavg
32        1632 0.6479 0.4536 0.5421 0.0000
10        M:diskfree
35        1632 47.0000 32.9000 39.3230 0.0000
12        M:otherprocs
35        1632 27.0000 18.9000 22.5898 0.0000
11        M:rootprocs
36        1632 114.0000 79.8000 95.3792 0.0000
7         M:users
32        1632 8.0000 5.6000 6.6933 0.0000
3         MOY
15        M:entropy_avail
36        155 323.0000 297.6050 79.9482 0.0000
12        M:mem_cached
39        155 2526.1133 2298.4965 696.2697 0.0000
16        M:io_writtendata
31        155 0.2939 0.2241 0.2132 0.0000
11        M:io_writes
34        155 16.0000 12.2500 11.5973 0.0000
13        M:postgres_in
31        155 1.0000 0.9100 0.3000 0.0000
6         M:cpu3
31        155 9.2585 6.6064 9.9586 0.0000
6         M:cpu2
31        155 1.2023 0.9735 0.7040 0.0000
6         M:cpu1
33        155 11.0003 7.8207 12.0038 0.0000
6         M:cpu0
31        155 5.6586 4.0823 5.7035 0.0000
5         M:cpu
31        155 8.5900 6.1378 9.1662 0.0000
8         M:syslog
38        155 1068.5000 778.2950 812.0638 0.0000
8         M:ssh_in
31        155 2.0000 1.8200 0.6000 0.0000
8         M:www_in
31        155 1.0000 0.9100 0.3000 0.0000
14        M:cfengine_out
31        155 5.0000 4.5500 1.5000 0.0000
13        M:cfengine_in
31        155 1.0000 0.9100 0.3000 0.0000
9         M:loadavg
31        155 0.2126 0.1705 0.1909 0.0000
10        M:diskfree
34        155 60.5000 55.0550 18.2248 0.0000
12        M:otherprocs
33        155 26.0000 23.6600 7.8000 0.0000
11        M:rootprocs
36        155 113.5000 103.3900 33.7037 0.0000
7         M:users
31        155 8.0000 7.2800 2.4000 0.0000
# send QUERY complete successful
