# delta from 1679663898 to 1679663959 at 1679663959
22        CFR: 0 1679663958 2105
3         PRD
56        DBReportCollectAll,0.065786,0.436703,0.459472,1679663899
60        Packing reports: delta,0.067168,0.176752,0.181830,1679663899
83        Sample(/proc/sys/kernel/random/entropy_avail),0.005221,0.002726,0.002483,1679663930
3         EXS
16        f,279,1679663892
3         MOM
15        M:entropy_avail
38        1311 795.0000 751.8000 144.0000 0.0000
12        M:mem_cached
40        1311 3228.6211 2937.4595 812.0109 0.0000
10        M:mem_free
40        1311 11786.8438 10726.1845 0.0000 0.0000
11        M:mem_total
40        1311 15817.1836 14393.6371 0.0000 0.0000
16        M:io_writtendata
32        1311 0.2871 0.2299 0.1716 0.0000
13        M:io_readdata
32        1311 0.0000 0.0002 0.0007 0.0000
11        M:io_writes
35        1311 16.0000 12.4600 10.2483 0.0000
13        M:postgres_in
32        1311 1.0000 0.9100 0.3000 0.0000
6         M:cpu3
35        1311 24.3085 18.2574 17.0918 0.0000
6         M:cpu2
32        1311 9.1798 7.6922 4.9848 0.0000
6         M:cpu1
35        1311 26.0401 19.4406 18.5945 0.0000
6         M:cpu0
35        1311 26.0685 19.5237 18.4636 0.0000
5         M:cpu
35        1311 21.3988 16.2282 14.6755 0.0000
8         M:syslog
39        1311 1179.0000 855.7500 903.9467 0.0000
8         M:ssh_in
32        1311 2.0000 1.8200 0.6000 0.0000
8         M:www_in
32        1311 1.0000 0.9100 0.3000 0.0000
14        M:cfengine_out
32        1311 5.0000 5.6000 2.0000 0.0000
13        M:cfengine_in
32        1311 1.0000 0.9100 0.3000 0.0000
9         M:loadavg
32        1311 0.6289 0.5280 0.3404 0.0000
10        M:diskfree
35        1311 56.0000 50.9600 16.8000 0.0000
12        M:otherprocs
34        1311 26.0000 24.0800 6.4000 0.0000
11        M:rootprocs
37        1311 114.0000 103.7400 34.2000 0.0000
7         M:users
32        1311 8.0000 7.2800 2.4000 0.0000
3         MOY
15        M:entropy_avail
37        155 702.0000 673.2600 107.9707 0.0000
12        M:mem_cached
39        155 2464.8457 2243.0547 676.7562 0.0000
16        M:io_writtendata
31        155 0.2319 0.1839 0.1438 0.0000
11        M:io_writes
32        155 10.0000 7.8400 6.2967 0.0000
13        M:postgres_in
31        155 1.0000 0.9100 0.3000 0.0000
6         M:cpu3
31        155 3.7512 2.7372 3.5276 0.0000
6         M:cpu2
31        155 3.5083 2.5878 3.1994 0.0000
6         M:cpu1
31        155 4.4824 3.2504 4.3490 0.0000
6         M:cpu0
34        155 18.9663 13.4103 21.3762 0.0000
5         M:cpu
31        155 7.6736 5.4942 8.0927 0.0000
8         M:syslog
37        155 614.5000 460.4950 572.4415 0.0000
8         M:ssh_in
31        155 2.0000 1.8200 0.6000 0.0000
8         M:www_in
31        155 1.0000 0.9100 0.3000 0.0000
14        M:cfengine_out
31        155 5.0000 4.5500 1.5000 0.0000
13        M:cfengine_in
31        155 1.0000 0.9100 0.3000 0.0000
9         M:loadavg
31        155 0.4094 0.3028 0.4421 0.0000
10        M:diskfree
34        155 61.0000 55.5100 18.3614 0.0000
12        M:otherprocs
33        155 26.0000 23.6600 7.8000 0.0000
11        M:rootprocs
36        155 115.5000 104.7900 35.7315 0.0000
7         M:users
31        155 8.0000 7.2800 2.4000 0.0000
# send QUERY complete successful
