# delta from 1679674578 to 1679674639 at 1679674639
22        CFR: 0 1679674638 2146
3         PRD
108       CFEngine Execution (policy filename: '/var/cfengine/inputs/update.cf'),0.080078,0.980640,0.949293,1679674631
56        DBReportCollectAll,0.093171,0.324062,0.333816,1679674579
60        Packing reports: delta,0.044272,0.159544,0.194606,1679674579
83        Sample(/proc/sys/kernel/random/entropy_avail),0.006983,0.004876,0.009341,1679674601
3         EXS
16        f,280,1679674392
3         MOM
15        M:entropy_avail
34        1347 13.0000 9.1000 10.8766 0.0000
12        M:mem_cached
38        1347 3316.0977 2321.2684 0.0000 0.0000
10        M:mem_free
39        1347 11664.0664 8164.8465 0.0000 0.0000
11        M:mem_total
40        1347 15817.1836 11072.0285 0.0000 0.0000
16        M:io_writtendata
32        1347 0.0742 0.0520 0.0621 0.0000
11        M:io_writes
32        1347 4.0000 2.8000 3.3466 0.0000
13        M:postgres_in
32        1347 1.0000 0.7000 0.8367 0.0000
6         M:cpu3
32        1347 0.7733 0.5413 0.6470 0.0000
6         M:cpu2
32        1347 0.6136 0.4295 0.5134 0.0000
6         M:cpu1
32        1347 0.6933 0.4853 0.5800 0.0000
6         M:cpu0
32        1347 0.5730 0.4011 0.4794 0.0000
5         M:cpu
32        1347 0.6633 0.4643 0.5549 0.0000
8         M:syslog
38        1347 145.0000 101.5000 121.3157 0.0000
8         M:ssh_in
32        1347 2.0000 1.4000 1.6733 0.0000
8         M:www_in
32        1347 1.0000 0.7000 0.8367 0.0000
14        M:cfengine_out
32        1347 5.0000 3.5000 4.1833 0.0000
13        M:cfengine_in
32        1347 1.0000 0.7000 0.8367 0.0000
9         M:loadavg
32        1347 0.5195 0.3637 0.4347 0.0000
10        M:diskfree
35        1347 55.0000 38.5000 46.0163 0.0000
12        M:otherprocs
35        1347 26.0000 18.2000 21.7532 0.0000
11        M:rootprocs
36        1347 114.0000 79.8000 95.3792 0.0000
7         M:users
32        1347 8.0000 5.6000 6.6933 0.0000
3         MOY
15        M:entropy_avail
36        155 326.0000 300.0200 82.1068 0.0000
12        M:mem_cached
39        155 2518.4746 2291.5080 694.0815 0.0000
16        M:io_writtendata
31        155 0.2979 0.2256 0.2212 0.0000
11        M:io_writes
34        155 15.0000 11.3400 11.1825 0.0000
13        M:postgres_in
31        155 1.0000 0.9100 0.3000 0.0000
6         M:cpu3
31        155 1.6576 1.2887 1.1079 0.0000
6         M:cpu2
31        155 8.8769 6.3252 9.5975 0.0000
6         M:cpu1
31        155 4.0748 2.9834 3.8038 0.0000
6         M:cpu0
31        155 9.0086 6.4323 9.6344 0.0000
5         M:cpu
31        155 8.6523 6.1804 9.2437 0.0000
8         M:syslog
40        155 1432.0000 1032.7450 2103.9943 0.0000
8         M:ssh_in
31        155 2.0000 1.8200 0.6000 0.0000
8         M:www_in
31        155 1.0000 0.9100 0.3000 0.0000
14        M:cfengine_out
31        155 5.0000 4.5500 1.5000 0.0000
13        M:cfengine_in
31        155 1.0000 0.9100 0.3000 0.0000
9         M:loadavg
31        155 0.2974 0.2359 0.2689 0.0000
10        M:diskfree
34        155 60.5000 55.0550 18.2248 0.0000
12        M:otherprocs
33        155 26.0000 23.6600 7.8000 0.0000
11        M:rootprocs
36        155 114.0000 103.8450 33.8518 0.0000
7         M:users
31        155 8.0000 7.2800 2.4000 0.0000
# send QUERY complete successful
