# delta from 1679700258 to 1679700319 at 1679700319
22        CFR: 0 1679700318 2095
3         PRD
56        DBReportCollectAll,0.186008,0.381152,0.338770,1679700259
60        Packing reports: delta,0.038075,0.116008,0.133410,1679700259
83        Sample(/proc/sys/kernel/random/entropy_avail),0.004673,0.002184,0.001855,1679700297
3         EXS
16        f,287,1679700198
3         MOM
15        M:entropy_avail
38        1432 156.0000 118.2300 107.1628 0.0000
12        M:mem_cached
40        1432 3542.1680 3222.9086 890.3720 0.0000
10        M:mem_free
40        1432 11392.4023 10351.6085 0.0000 0.0000
11        M:mem_total
40        1432 15817.1836 14393.6371 0.0000 0.0000
16        M:io_writtendata
32        1432 0.4209 0.3127 0.3044 0.0000
11        M:io_writes
35        1432 20.0000 15.2600 13.5021 0.0000
13        M:postgres_in
32        1432 1.0000 0.9100 0.3000 0.0000
6         M:cpu3
32        1432 3.2392 2.6210 1.8888 0.0000
6         M:cpu2
35        1432 17.9239 14.2233 10.9498 0.0000
6         M:cpu1
32        1432 1.0284 1.1755 0.4903 0.0000
6         M:cpu0
34        1432 14.0254 13.5896 1.4525 0.0000
5         M:cpu
32        1432 9.0556 7.9040 3.8383 0.0000
8         M:syslog
39        1432 1150.0000 936.2500 661.3551 0.0000
9         M:ssh_out
32        1432 0.0000 1.0500 3.7182 0.0000
8         M:ssh_in
32        1432 2.0000 1.8200 0.6000 0.0000
8         M:www_in
32        1432 1.0000 0.9100 0.3000 0.0000
14        M:cfengine_out
32        1432 5.0000 4.7600 0.8000 0.0000
13        M:cfengine_in
32        1432 1.0000 0.9100 0.3000 0.0000
9         M:loadavg
32        1432 0.2271 0.2675 0.1349 0.0000
10        M:diskfree
35        1432 52.0000 47.3200 15.6000 0.0000
12        M:otherprocs
34        1432 26.0000 23.6600 7.8000 0.0000
11        M:rootprocs
37        1432 114.0000 104.3700 32.1000 0.0000
7         M:users
32        1432 8.0000 7.2800 2.4000 0.0000
3         MOY
15        M:entropy_avail
36        155 323.0000 297.6050 79.9482 0.0000
12        M:mem_cached
39        155 2526.1133 2298.4965 696.2697 0.0000
16        M:io_writtendata
31        155 0.2939 0.2241 0.2132 0.0000
11        M:io_writes
34        155 16.0000 12.2500 11.5973 0.0000
13        M:postgres_in
31        155 1.0000 0.9100 0.3000 0.0000
6         M:cpu3
31        155 9.2585 6.6064 9.9586 0.0000
6         M:cpu2
31        155 1.2023 0.9735 0.7040 0.0000
6         M:cpu1
33        155 11.0003 7.8207 12.0038 0.0000
6         M:cpu0
31        155 5.6586 4.0823 5.7035 0.0000
5         M:cpu
31        155 8.5900 6.1378 9.1662 0.0000
8         M:syslog
38        155 1068.5000 778.2950 812.0638 0.0000
8         M:ssh_in
31        155 2.0000 1.8200 0.6000 0.0000
8         M:www_in
31        155 1.0000 0.9100 0.3000 0.0000
14        M:cfengine_out
31        155 5.0000 4.5500 1.5000 0.0000
13        M:cfengine_in
31        155 1.0000 0.9100 0.3000 0.0000
9         M:loadavg
31        155 0.2126 0.1705 0.1909 0.0000
10        M:diskfree
34        155 60.5000 55.0550 18.2248 0.0000
12        M:otherprocs
33        155 26.0000 23.6600 7.8000 0.0000
11        M:rootprocs
36        155 113.5000 103.3900 33.7037 0.0000
7         M:users
31        155 8.0000 7.2800 2.4000 0.0000
# send QUERY complete successful
