# delta from 1679709618 to 1679709679 at 1679709679
22        CFR: 0 1679709678 2014
3         PRD
56        DBReportCollectAll,0.067744,0.350961,0.278631,1679709619
60        Packing reports: delta,0.084825,0.141712,0.045846,1679709619
3         EXS
16        f,317,1679709540
3         MOM
15        M:entropy_avail
38        1464 152.0000 106.4000 127.1723 0.0000
12        M:mem_cached
38        1464 3629.8711 2540.9098 0.0000 0.0000
10        M:mem_free
39        1464 11286.4570 7900.5199 0.0000 0.0000
11        M:mem_total
40        1464 15817.1836 11072.0285 0.0000 0.0000
16        M:io_writtendata
32        1464 0.2432 0.1702 0.2034 0.0000
13        M:io_readdata
32        1464 0.0029 0.0021 0.0025 0.0000
11        M:io_writes
34        1464 14.0000 9.8000 11.7132 0.0000
13        M:postgres_in
32        1464 1.0000 0.7000 0.8367 0.0000
6         M:cpu3
35        1464 25.7548 18.0284 21.5481 0.0000
6         M:cpu2
32        1464 3.4600 2.4220 2.8949 0.0000
6         M:cpu1
35        1464 22.3325 15.6327 18.6847 0.0000
6         M:cpu0
32        1464 1.2619 0.8833 1.0557 0.0000
5         M:cpu
34        1464 13.2110 9.2477 11.0531 0.0000
8         M:syslog
38        1464 981.0000 686.7000 820.7635 0.0000
8         M:ssh_in
32        1464 2.0000 1.4000 1.6733 0.0000
8         M:www_in
32        1464 1.0000 0.7000 0.8367 0.0000
14        M:cfengine_out
32        1464 5.0000 3.5000 4.1833 0.0000
13        M:cfengine_in
32        1464 1.0000 0.7000 0.8367 0.0000
9         M:loadavg
32        1464 0.2217 0.1552 0.1855 0.0000
10        M:diskfree
35        1464 51.0000 35.7000 42.6697 0.0000
12        M:otherprocs
35        1464 26.0000 18.2000 21.7532 0.0000
11        M:rootprocs
36        1464 116.0000 81.2000 97.0526 0.0000
7         M:users
32        1464 8.0000 5.6000 6.6933 0.0000
3         MOY
15        M:entropy_avail
36        155 323.0000 297.6050 79.9482 0.0000
12        M:mem_cached
39        155 2526.1133 2298.4965 696.2697 0.0000
16        M:io_writtendata
31        155 0.2939 0.2241 0.2132 0.0000
11        M:io_writes
34        155 16.0000 12.2500 11.5973 0.0000
13        M:postgres_in
31        155 1.0000 0.9100 0.3000 0.0000
6         M:cpu3
31        155 9.2585 6.6064 9.9586 0.0000
6         M:cpu2
31        155 1.2023 0.9735 0.7040 0.0000
6         M:cpu1
33        155 11.0003 7.8207 12.0038 0.0000
6         M:cpu0
31        155 5.6586 4.0823 5.7035 0.0000
5         M:cpu
31        155 8.5900 6.1378 9.1662 0.0000
8         M:syslog
38        155 1068.5000 778.2950 812.0638 0.0000
8         M:ssh_in
31        155 2.0000 1.8200 0.6000 0.0000
8         M:www_in
31        155 1.0000 0.9100 0.3000 0.0000
14        M:cfengine_out
31        155 5.0000 4.5500 1.5000 0.0000
13        M:cfengine_in
31        155 1.0000 0.9100 0.3000 0.0000
9         M:loadavg
31        155 0.2126 0.1705 0.1909 0.0000
10        M:diskfree
34        155 60.5000 55.0550 18.2248 0.0000
12        M:otherprocs
33        155 26.0000 23.6600 7.8000 0.0000
11        M:rootprocs
36        155 113.5000 103.3900 33.7037 0.0000
7         M:users
31        155 8.0000 7.2800 2.4000 0.0000
# send QUERY complete successful
