# delta from 1679734938 to 1679734999 at 1679734999
22        CFR: 0 1679734998 1965
3         PRD
56        DBReportCollectAll,0.078149,0.335775,0.362937,1679734939
60        Packing reports: delta,0.042812,0.140276,0.183868,1679734939
3         EXS
16        f,319,1679734741
3         MOM
15        M:entropy_avail
38        1548 174.0000 121.8000 145.5788 0.0000
12        M:mem_cached
38        1548 3853.7852 2697.6496 0.0000 0.0000
10        M:mem_free
39        1548 11024.3008 7717.0105 0.0000 0.0000
11        M:mem_total
40        1548 15817.1836 11072.0285 0.0000 0.0000
16        M:io_writtendata
32        1548 0.2383 0.1668 0.1994 0.0000
11        M:io_writes
34        1548 14.0000 9.8000 11.7132 0.0000
13        M:postgres_in
32        1548 1.0000 0.7000 0.8367 0.0000
6         M:cpu3
32        1548 7.6014 5.3210 6.3598 0.0000
6         M:cpu2
32        1548 2.1306 1.4915 1.7826 0.0000
6         M:cpu1
32        1548 0.8138 0.5696 0.6808 0.0000
6         M:cpu0
34        1548 14.1054 9.8738 11.8014 0.0000
5         M:cpu
32        1548 6.1595 4.3117 5.1534 0.0000
8         M:syslog
40        1548 1293.0000 905.1000 1081.8014 0.0000
8         M:ssh_in
32        1548 2.0000 1.4000 1.6733 0.0000
8         M:www_in
32        1548 1.0000 0.7000 0.8367 0.0000
14        M:cfengine_out
32        1548 5.0000 3.5000 4.1833 0.0000
13        M:cfengine_in
32        1548 1.0000 0.7000 0.8367 0.0000
9         M:loadavg
32        1548 0.1113 0.0779 0.0931 0.0000
10        M:diskfree
35        1548 49.0000 34.3000 40.9963 0.0000
12        M:otherprocs
35        1548 26.0000 18.2000 21.7532 0.0000
11        M:rootprocs
36        1548 115.0000 80.5000 96.2159 0.0000
7         M:users
32        1548 8.0000 5.6000 6.6933 0.0000
3         MOY
15        M:entropy_avail
36        155 323.0000 297.6050 79.9482 0.0000
12        M:mem_cached
39        155 2526.1133 2298.4965 696.2697 0.0000
16        M:io_writtendata
31        155 0.2939 0.2241 0.2132 0.0000
11        M:io_writes
34        155 16.0000 12.2500 11.5973 0.0000
13        M:postgres_in
31        155 1.0000 0.9100 0.3000 0.0000
6         M:cpu3
31        155 9.2585 6.6064 9.9586 0.0000
6         M:cpu2
31        155 1.2023 0.9735 0.7040 0.0000
6         M:cpu1
33        155 11.0003 7.8207 12.0038 0.0000
6         M:cpu0
31        155 5.6586 4.0823 5.7035 0.0000
5         M:cpu
31        155 8.5900 6.1378 9.1662 0.0000
8         M:syslog
38        155 1068.5000 778.2950 812.0638 0.0000
8         M:ssh_in
31        155 2.0000 1.8200 0.6000 0.0000
8         M:www_in
31        155 1.0000 0.9100 0.3000 0.0000
14        M:cfengine_out
31        155 5.0000 4.5500 1.5000 0.0000
13        M:cfengine_in
31        155 1.0000 0.9100 0.3000 0.0000
9         M:loadavg
31        155 0.2126 0.1705 0.1909 0.0000
10        M:diskfree
34        155 60.5000 55.0550 18.2248 0.0000
12        M:otherprocs
33        155 26.0000 23.6600 7.8000 0.0000
11        M:rootprocs
36        155 113.5000 103.3900 33.7037 0.0000
7         M:users
31        155 8.0000 7.2800 2.4000 0.0000
# send QUERY complete successful
