# delta from 1679665458 to 1679665519 at 1679665519
22        CFR: 0 1679665518 1968
3         PRD
56        DBReportCollectAll,0.137952,0.406377,0.336633,1679665459
60        Packing reports: delta,0.107834,0.116813,0.073068,1679665459
3         EXS
16        f,321,1679665442
3         MOM
15        M:entropy_avail
37        1316 500.0000 485.8700 47.1000 0.0000
12        M:mem_cached
40        1316 3239.0781 2947.4249 813.3819 0.0000
10        M:mem_free
40        1316 11644.1016 10625.0050 0.0000 0.0000
11        M:mem_total
40        1316 15817.1836 14393.6371 0.0000 0.0000
16        M:io_writtendata
32        1316 0.1260 0.1452 0.0641 0.0000
11        M:io_writes
32        1316 6.0000 7.5600 5.2000 0.0000
13        M:postgres_in
32        1316 1.0000 0.9100 0.3000 0.0000
6         M:cpu3
35        1316 14.7720 10.4726 11.9942 0.0000
6         M:cpu2
32        1316 8.7737 6.2712 6.9849 0.0000
6         M:cpu1
32        1316 7.7599 5.5961 6.0451 0.0000
6         M:cpu0
35        1316 26.3471 18.5823 21.6573 0.0000
5         M:cpu
35        1316 14.4198 10.2352 11.6744 0.0000
8         M:syslog
37        1316 167.0000 147.3500 65.5000 0.0000
8         M:ssh_in
32        1316 2.0000 1.8200 0.6000 0.0000
8         M:www_in
32        1316 2.0000 1.6100 1.1803 0.0000
14        M:cfengine_out
32        1316 5.0000 4.5500 1.5000 0.0000
13        M:cfengine_in
32        1316 1.0000 0.9100 0.3000 0.0000
9         M:loadavg
32        1316 0.7651 0.5507 0.5990 0.0000
10        M:diskfree
35        1316 56.0000 50.9600 16.8000 0.0000
12        M:otherprocs
34        1316 26.0000 23.6600 7.8000 0.0000
11        M:rootprocs
37        1316 117.0000 105.8400 37.2000 0.0000
7         M:users
32        1316 8.0000 7.2800 2.4000 0.0000
3         MOY
15        M:entropy_avail
37        155 702.0000 673.2600 107.9707 0.0000
12        M:mem_cached
39        155 2464.8457 2243.0547 676.7562 0.0000
16        M:io_writtendata
31        155 0.2319 0.1839 0.1438 0.0000
11        M:io_writes
32        155 10.0000 7.8400 6.2967 0.0000
13        M:postgres_in
31        155 1.0000 0.9100 0.3000 0.0000
6         M:cpu3
31        155 3.7512 2.7372 3.5276 0.0000
6         M:cpu2
31        155 3.5083 2.5878 3.1994 0.0000
6         M:cpu1
31        155 4.4824 3.2504 4.3490 0.0000
6         M:cpu0
34        155 18.9663 13.4103 21.3762 0.0000
5         M:cpu
31        155 7.6736 5.4942 8.0927 0.0000
8         M:syslog
37        155 614.5000 460.4950 572.4415 0.0000
8         M:ssh_in
31        155 2.0000 1.8200 0.6000 0.0000
8         M:www_in
31        155 1.0000 0.9100 0.3000 0.0000
14        M:cfengine_out
31        155 5.0000 4.5500 1.5000 0.0000
13        M:cfengine_in
31        155 1.0000 0.9100 0.3000 0.0000
9         M:loadavg
31        155 0.4094 0.3028 0.4421 0.0000
10        M:diskfree
34        155 61.0000 55.5100 18.3614 0.0000
12        M:otherprocs
33        155 26.0000 23.6600 7.8000 0.0000
11        M:rootprocs
36        155 115.5000 104.7900 35.7315 0.0000
7         M:users
31        155 8.0000 7.2800 2.4000 0.0000
# send QUERY complete successful
