# delta from 1679732658 to 1679732719 at 1679732719
22        CFR: 0 1679732718 2006
3         PRD
56        DBReportCollectAll,0.112847,0.372818,0.352313,1679732659
60        Packing reports: delta,0.071383,0.143268,0.172467,1679732659
3         EXS
16        f,320,1679732640
3         MOM
15        M:entropy_avail
35        1540 86.0000 98.4200 41.4000 0.0000
12        M:mem_cached
40        1540 3833.5039 3488.3598 962.5610 0.0000
10        M:mem_free
39        1540 10954.4297 9988.2521 0.0000 0.0000
11        M:mem_total
40        1540 15817.1836 14393.6371 0.0000 0.0000
16        M:io_writtendata
32        1540 0.1875 0.1788 0.0289 0.0000
11        M:io_writes
32        1540 8.0000 8.5400 1.8000 0.0000
13        M:postgres_in
32        1540 1.0000 0.9100 0.3000 0.0000
6         M:cpu3
35        1540 19.2089 13.5766 15.7103 0.0000
6         M:cpu2
32        1540 1.4899 1.2734 0.7858 0.0000
6         M:cpu1
35        1540 16.9639 12.1525 13.4320 0.0000
6         M:cpu0
32        1540 2.3380 1.7909 1.5626 0.0000
5         M:cpu
32        1540 9.9977 7.1966 7.8239 0.0000
8         M:syslog
39        1540 167.0000 541.1000 1394.7725 0.0000
9         M:ssh_out
32        1540 5.0000 3.5000 4.1833 0.0000
8         M:ssh_in
32        1540 2.0000 1.8200 0.6000 0.0000
8         M:www_in
32        1540 1.0000 0.9100 0.3000 0.0000
14        M:cfengine_out
32        1540 6.0000 5.2500 2.5000 0.0000
13        M:cfengine_in
32        1540 1.0000 0.9100 0.3000 0.0000
9         M:loadavg
32        1540 0.6079 0.4440 0.4589 0.0000
10        M:diskfree
35        1540 49.0000 44.5900 14.7000 0.0000
12        M:otherprocs
34        1540 26.0000 23.6600 7.8000 0.0000
11        M:rootprocs
37        1540 117.0000 105.6300 37.9000 0.0000
7         M:users
32        1540 8.0000 7.2800 2.4000 0.0000
3         MOY
15        M:entropy_avail
36        155 323.0000 297.6050 79.9482 0.0000
12        M:mem_cached
39        155 2526.1133 2298.4965 696.2697 0.0000
16        M:io_writtendata
31        155 0.2939 0.2241 0.2132 0.0000
11        M:io_writes
34        155 16.0000 12.2500 11.5973 0.0000
13        M:postgres_in
31        155 1.0000 0.9100 0.3000 0.0000
6         M:cpu3
31        155 9.2585 6.6064 9.9586 0.0000
6         M:cpu2
31        155 1.2023 0.9735 0.7040 0.0000
6         M:cpu1
33        155 11.0003 7.8207 12.0038 0.0000
6         M:cpu0
31        155 5.6586 4.0823 5.7035 0.0000
5         M:cpu
31        155 8.5900 6.1378 9.1662 0.0000
8         M:syslog
38        155 1068.5000 778.2950 812.0638 0.0000
8         M:ssh_in
31        155 2.0000 1.8200 0.6000 0.0000
8         M:www_in
31        155 1.0000 0.9100 0.3000 0.0000
14        M:cfengine_out
31        155 5.0000 4.5500 1.5000 0.0000
13        M:cfengine_in
31        155 1.0000 0.9100 0.3000 0.0000
9         M:loadavg
31        155 0.2126 0.1705 0.1909 0.0000
10        M:diskfree
34        155 60.5000 55.0550 18.2248 0.0000
12        M:otherprocs
33        155 26.0000 23.6600 7.8000 0.0000
11        M:rootprocs
36        155 113.5000 103.3900 33.7037 0.0000
7         M:users
31        155 8.0000 7.2800 2.4000 0.0000
# send QUERY complete successful
