# delta from 1679724618 to 1679724680 at 1679724680
22        CFR: 0 1679724679 2048
3         PRD
56        DBReportCollectAll,0.076109,0.361735,0.336434,1679724619
60        Packing reports: delta,0.053672,0.190351,0.234373,1679724619
83        Sample(/proc/sys/kernel/random/entropy_avail),0.005012,0.002512,0.002059,1679724641
3         EXS
16        f,288,1679724516
3         MOM
15        M:entropy_avail
38        1514 180.0000 126.0000 150.5988 0.0000
12        M:mem_cached
38        1514 3764.7969 2635.3578 0.0000 0.0000
10        M:mem_free
39        1514 11128.0586 7789.6410 0.0000 0.0000
11        M:mem_total
40        1514 15817.1836 11072.0285 0.0000 0.0000
16        M:io_writtendata
32        1514 0.4844 0.3391 0.4053 0.0000
11        M:io_writes
35        1514 26.0000 18.2000 21.7532 0.0000
13        M:postgres_in
32        1514 1.0000 0.7000 0.8367 0.0000
6         M:cpu3
32        1514 0.9021 0.6315 0.7548 0.0000
6         M:cpu2
33        1514 11.2735 7.8915 9.4321 0.0000
6         M:cpu1
32        1514 1.6452 1.1516 1.3764 0.0000
6         M:cpu0
32        1514 6.0622 4.2436 5.0720 0.0000
5         M:cpu
32        1514 4.9723 3.4806 4.1601 0.0000
8         M:syslog
40        1514 1302.0000 911.4000 1089.3314 0.0000
8         M:ssh_in
32        1514 2.0000 1.4000 1.6733 0.0000
8         M:www_in
32        1514 1.0000 0.7000 0.8367 0.0000
14        M:cfengine_out
32        1514 5.0000 3.5000 4.1833 0.0000
13        M:cfengine_in
32        1514 1.0000 0.7000 0.8367 0.0000
9         M:loadavg
32        1514 0.2300 0.1610 0.1924 0.0000
10        M:diskfree
35        1514 50.0000 35.0000 41.8330 0.0000
12        M:otherprocs
35        1514 26.0000 18.2000 21.7532 0.0000
11        M:rootprocs
36        1514 114.0000 79.8000 95.3792 0.0000
7         M:users
32        1514 8.0000 5.6000 6.6933 0.0000
3         MOY
15        M:entropy_avail
36        155 323.0000 297.6050 79.9482 0.0000
12        M:mem_cached
39        155 2526.1133 2298.4965 696.2697 0.0000
16        M:io_writtendata
31        155 0.2939 0.2241 0.2132 0.0000
11        M:io_writes
34        155 16.0000 12.2500 11.5973 0.0000
13        M:postgres_in
31        155 1.0000 0.9100 0.3000 0.0000
6         M:cpu3
31        155 9.2585 6.6064 9.9586 0.0000
6         M:cpu2
31        155 1.2023 0.9735 0.7040 0.0000
6         M:cpu1
33        155 11.0003 7.8207 12.0038 0.0000
6         M:cpu0
31        155 5.6586 4.0823 5.7035 0.0000
5         M:cpu
31        155 8.5900 6.1378 9.1662 0.0000
8         M:syslog
38        155 1068.5000 778.2950 812.0638 0.0000
8         M:ssh_in
31        155 2.0000 1.8200 0.6000 0.0000
8         M:www_in
31        155 1.0000 0.9100 0.3000 0.0000
14        M:cfengine_out
31        155 5.0000 4.5500 1.5000 0.0000
13        M:cfengine_in
31        155 1.0000 0.9100 0.3000 0.0000
9         M:loadavg
31        155 0.2126 0.1705 0.1909 0.0000
10        M:diskfree
34        155 60.5000 55.0550 18.2248 0.0000
12        M:otherprocs
33        155 26.0000 23.6600 7.8000 0.0000
11        M:rootprocs
36        155 113.5000 103.3900 33.7037 0.0000
7         M:users
31        155 8.0000 7.2800 2.4000 0.0000
# send QUERY complete successful
