# delta from 1679745258 to 1679745319 at 1679745319
22        CFR: 0 1679745318 2011
3         PRD
56        DBReportCollectAll,0.070819,0.314592,0.274562,1679745259
60        Packing reports: delta,0.027036,0.073096,0.073503,1679745259
3         EXS
16        f,320,1679745241
3         MOM
15        M:entropy_avail
36        1582 90.0000 102.4800 41.6000 0.0000
12        M:mem_cached
40        1582 3942.2070 3587.2173 990.0192 0.0000
10        M:mem_free
41        1582 9357.9949 8841.2977 1440.9994 0.0000
11        M:mem_total
40        1582 11072.0285 11072.0285 0.0000 0.0000
16        M:io_writtendata
32        1582 0.2090 0.1660 0.1274 0.0000
13        M:io_readdata
32        1582 0.0010 0.0013 0.0011 0.0000
11        M:io_writes
33        1582 12.0000 9.6600 7.0815 0.0000
13        M:postgres_in
32        1582 1.0000 0.9100 0.3000 0.0000
6         M:cpu3
32        1582 3.7401 2.7204 2.8526 0.0000
6         M:cpu2
33        1582 11.6961 8.3274 9.3998 0.0000
6         M:cpu1
32        1582 3.1830 2.3304 2.3882 0.0000
6         M:cpu0
34        1582 13.6759 9.6781 11.1516 0.0000
5         M:cpu
34        1582 13.5346 9.5866 11.0130 0.0000
8         M:syslog
37        1582 167.0000 147.3500 65.5000 0.0000
8         M:ssh_in
32        1582 2.0000 1.8200 0.6000 0.0000
8         M:www_in
32        1582 1.0000 0.9100 0.3000 0.0000
14        M:cfengine_out
32        1582 5.0000 4.5500 1.5000 0.0000
13        M:cfengine_in
32        1582 1.0000 0.9100 0.3000 0.0000
9         M:loadavg
32        1582 0.7441 0.5347 0.5848 0.0000
10        M:diskfree
35        1582 48.0000 43.6800 14.4000 0.0000
12        M:otherprocs
34        1582 26.0000 23.6600 7.8000 0.0000
11        M:rootprocs
37        1582 118.0000 106.7500 37.5000 0.0000
7         M:users
32        1582 8.0000 7.2800 2.4000 0.0000
3         MOY
15        M:entropy_avail
36        155 323.0000 297.6050 79.9482 0.0000
12        M:mem_cached
39        155 2526.1133 2298.4965 696.2697 0.0000
16        M:io_writtendata
31        155 0.2939 0.2241 0.2132 0.0000
11        M:io_writes
34        155 16.0000 12.2500 11.5973 0.0000
13        M:postgres_in
31        155 1.0000 0.9100 0.3000 0.0000
6         M:cpu3
31        155 9.2585 6.6064 9.9586 0.0000
6         M:cpu2
31        155 1.2023 0.9735 0.7040 0.0000
6         M:cpu1
33        155 11.0003 7.8207 12.0038 0.0000
6         M:cpu0
31        155 5.6586 4.0823 5.7035 0.0000
5         M:cpu
31        155 8.5900 6.1378 9.1662 0.0000
8         M:syslog
38        155 1068.5000 778.2950 812.0638 0.0000
8         M:ssh_in
31        155 2.0000 1.8200 0.6000 0.0000
8         M:www_in
31        155 1.0000 0.9100 0.3000 0.0000
14        M:cfengine_out
31        155 5.0000 4.5500 1.5000 0.0000
13        M:cfengine_in
31        155 1.0000 0.9100 0.3000 0.0000
9         M:loadavg
31        155 0.2126 0.1705 0.1909 0.0000
10        M:diskfree
34        155 60.5000 55.0550 18.2248 0.0000
12        M:otherprocs
33        155 26.0000 23.6600 7.8000 0.0000
11        M:rootprocs
36        155 113.5000 103.3900 33.7037 0.0000
7         M:users
31        155 8.0000 7.2800 2.4000 0.0000
# send QUERY complete successful
