# delta from 1679736258 to 1679736319 at 1679736319
22        CFR: 0 1679736318 1967
3         PRD
56        DBReportCollectAll,0.072309,0.392859,0.448884,1679736259
60        Packing reports: delta,0.043463,0.141745,0.141910,1679736259
3         EXS
16        f,315,1679736232
3         MOM
15        M:entropy_avail
36        1552 89.0000 100.7300 39.1000 0.0000
12        M:mem_cached
40        1552 3864.4453 3516.5205 970.3158 0.0000
10        M:mem_free
39        1552 10898.8516 9938.3627 0.0000 0.0000
11        M:mem_total
40        1552 15817.1836 14393.6371 0.0000 0.0000
16        M:io_writtendata
32        1552 0.1963 0.1569 0.1178 0.0000
11        M:io_writes
33        1552 10.0000 8.2600 5.5775 0.0000
13        M:postgres_in
32        1552 1.0000 0.9100 0.3000 0.0000
6         M:cpu3
35        1552 14.6919 10.4091 11.9474 0.0000
6         M:cpu2
32        1552 1.2486 1.0212 0.7109 0.0000
6         M:cpu1
35        1552 27.6152 19.4217 22.8514 0.0000
6         M:cpu0
32        1552 5.7281 4.1203 4.4902 0.0000
5         M:cpu
33        1552 12.3301 8.7495 9.9892 0.0000
8         M:syslog
38        1552 442.0000 339.8500 292.5294 0.0000
8         M:ssh_in
32        1552 2.0000 1.8200 0.6000 0.0000
8         M:www_in
32        1552 1.0000 0.9100 0.3000 0.0000
14        M:cfengine_out
32        1552 5.0000 4.5500 1.5000 0.0000
13        M:cfengine_in
32        1552 1.0000 0.9100 0.3000 0.0000
9         M:loadavg
32        1552 1.2051 0.9093 0.8373 0.0000
10        M:diskfree
35        1552 49.0000 44.5900 14.7000 0.0000
12        M:otherprocs
34        1552 26.0000 23.6600 7.8000 0.0000
11        M:rootprocs
37        1552 120.0000 108.1500 39.5000 0.0000
7         M:users
32        1552 8.0000 7.2800 2.4000 0.0000
3         MOY
15        M:entropy_avail
36        155 323.0000 297.6050 79.9482 0.0000
12        M:mem_cached
39        155 2526.1133 2298.4965 696.2697 0.0000
16        M:io_writtendata
31        155 0.2939 0.2241 0.2132 0.0000
11        M:io_writes
34        155 16.0000 12.2500 11.5973 0.0000
13        M:postgres_in
31        155 1.0000 0.9100 0.3000 0.0000
6         M:cpu3
31        155 9.2585 6.6064 9.9586 0.0000
6         M:cpu2
31        155 1.2023 0.9735 0.7040 0.0000
6         M:cpu1
33        155 11.0003 7.8207 12.0038 0.0000
6         M:cpu0
31        155 5.6586 4.0823 5.7035 0.0000
5         M:cpu
31        155 8.5900 6.1378 9.1662 0.0000
8         M:syslog
38        155 1068.5000 778.2950 812.0638 0.0000
8         M:ssh_in
31        155 2.0000 1.8200 0.6000 0.0000
8         M:www_in
31        155 1.0000 0.9100 0.3000 0.0000
14        M:cfengine_out
31        155 5.0000 4.5500 1.5000 0.0000
13        M:cfengine_in
31        155 1.0000 0.9100 0.3000 0.0000
9         M:loadavg
31        155 0.2126 0.1705 0.1909 0.0000
10        M:diskfree
34        155 60.5000 55.0550 18.2248 0.0000
12        M:otherprocs
33        155 26.0000 23.6600 7.8000 0.0000
11        M:rootprocs
36        155 113.5000 103.3900 33.7037 0.0000
7         M:users
31        155 8.0000 7.2800 2.4000 0.0000
# send QUERY complete successful
