# delta from 1679731758 to 1679731819 at 1679731819
22        CFR: 0 1679731818 1974
3         PRD
56        DBReportCollectAll,0.070374,0.356743,0.374860,1679731759
60        Packing reports: delta,0.036472,0.100397,0.122968,1679731759
3         EXS
16        f,284,1679731698
3         MOM
15        M:entropy_avail
35        1537 88.0000 98.9800 36.6000 0.0000
12        M:mem_cached
40        1537 3827.1875 3482.2689 961.9319 0.0000
10        M:mem_free
40        1537 11050.9414 10058.6158 0.0000 0.0000
11        M:mem_total
40        1537 15817.1836 14393.6371 0.0000 0.0000
16        M:io_writtendata
32        1537 0.2979 0.2589 0.1297 0.0000
11        M:io_writes
34        1537 14.0000 12.3200 5.6000 0.0000
13        M:postgres_in
32        1537 1.0000 0.9100 0.3000 0.0000
6         M:cpu3
35        1537 30.5051 21.7085 24.5447 0.0000
6         M:cpu2
35        1537 15.0429 10.7293 12.0380 0.0000
6         M:cpu1
34        1537 10.7370 10.2445 1.6417 0.0000
6         M:cpu0
32        1537 7.6357 6.1180 4.5565 0.0000
5         M:cpu
35        1537 15.9823 12.2019 10.7730 0.0000
8         M:syslog
40        1537 1323.0000 1144.5000 595.0000 0.0000
8         M:ssh_in
32        1537 2.0000 1.8200 0.6000 0.0000
8         M:www_in
32        1537 1.0000 0.9100 0.3000 0.0000
14        M:cfengine_out
32        1537 5.0000 4.5500 1.5000 0.0000
13        M:cfengine_in
32        1537 1.0000 0.9100 0.3000 0.0000
9         M:loadavg
32        1537 0.8252 0.5991 0.6324 0.0000
10        M:diskfree
35        1537 49.0000 44.5900 14.7000 0.0000
12        M:otherprocs
34        1537 26.0000 23.6600 7.8000 0.0000
11        M:rootprocs
37        1537 115.0000 104.4400 35.2000 0.0000
7         M:users
32        1537 8.0000 7.2800 2.4000 0.0000
3         MOY
15        M:entropy_avail
36        155 323.0000 297.6050 79.9482 0.0000
12        M:mem_cached
39        155 2526.1133 2298.4965 696.2697 0.0000
16        M:io_writtendata
31        155 0.2939 0.2241 0.2132 0.0000
11        M:io_writes
34        155 16.0000 12.2500 11.5973 0.0000
13        M:postgres_in
31        155 1.0000 0.9100 0.3000 0.0000
6         M:cpu3
31        155 9.2585 6.6064 9.9586 0.0000
6         M:cpu2
31        155 1.2023 0.9735 0.7040 0.0000
6         M:cpu1
33        155 11.0003 7.8207 12.0038 0.0000
6         M:cpu0
31        155 5.6586 4.0823 5.7035 0.0000
5         M:cpu
31        155 8.5900 6.1378 9.1662 0.0000
8         M:syslog
38        155 1068.5000 778.2950 812.0638 0.0000
8         M:ssh_in
31        155 2.0000 1.8200 0.6000 0.0000
8         M:www_in
31        155 1.0000 0.9100 0.3000 0.0000
14        M:cfengine_out
31        155 5.0000 4.5500 1.5000 0.0000
13        M:cfengine_in
31        155 1.0000 0.9100 0.3000 0.0000
9         M:loadavg
31        155 0.2126 0.1705 0.1909 0.0000
10        M:diskfree
34        155 60.5000 55.0550 18.2248 0.0000
12        M:otherprocs
33        155 26.0000 23.6600 7.8000 0.0000
11        M:rootprocs
36        155 113.5000 103.3900 33.7037 0.0000
7         M:users
31        155 8.0000 7.2800 2.4000 0.0000
# send QUERY complete successful
