# delta from 1679723658 to 1679723719 at 1679723719
22        CFR: 0 1679723718 2003
3         PRD
56        DBReportCollectAll,0.076648,0.374857,0.428140,1679723659
60        Packing reports: delta,0.055366,0.207405,0.237774,1679723659
3         EXS
16        f,319,1679723631
3         MOM
15        M:entropy_avail
35        1510 65.0000 80.5700 51.9000 0.0000
12        M:mem_cached
40        1510 3754.8672 3416.8742 942.6175 0.0000
10        M:mem_free
40        1510 11071.1172 10089.2313 0.0000 0.0000
11        M:mem_total
40        1510 15817.1836 14393.6371 0.0000 0.0000
16        M:io_writtendata
32        1510 0.0850 0.1122 0.0907 0.0000
11        M:io_writes
32        1510 6.0000 7.1400 3.8000 0.0000
13        M:postgres_in
32        1510 1.0000 0.9100 0.3000 0.0000
6         M:cpu3
35        1510 22.3335 15.8437 18.1050 0.0000
6         M:cpu2
32        1510 1.8022 1.8469 0.1493 0.0000
6         M:cpu1
32        1510 5.4851 4.0947 3.9174 0.0000
6         M:cpu0
32        1510 5.0593 4.4173 2.1401 0.0000
5         M:cpu
32        1510 8.6687 6.5500 6.0018 0.0000
8         M:syslog
38        1510 167.0000 340.1300 577.1000 0.0000
9         M:ssh_out
32        1510 5.0000 3.5000 4.1833 0.0000
8         M:ssh_in
32        1510 2.0000 1.8200 0.6000 0.0000
8         M:www_in
32        1510 1.0000 0.9100 0.3000 0.0000
14        M:cfengine_out
32        1510 6.0000 5.2500 2.5000 0.0000
13        M:cfengine_in
32        1510 1.0000 0.9100 0.3000 0.0000
9         M:loadavg
32        1510 0.7764 0.5747 0.5665 0.0000
10        M:diskfree
35        1510 50.0000 45.5000 15.0000 0.0000
12        M:otherprocs
34        1510 26.0000 23.6600 7.8000 0.0000
11        M:rootprocs
37        1510 117.0000 105.8400 37.2000 0.0000
7         M:users
32        1510 8.0000 7.2800 2.4000 0.0000
3         MOY
15        M:entropy_avail
36        155 323.0000 297.6050 79.9482 0.0000
12        M:mem_cached
39        155 2526.1133 2298.4965 696.2697 0.0000
16        M:io_writtendata
31        155 0.2939 0.2241 0.2132 0.0000
11        M:io_writes
34        155 16.0000 12.2500 11.5973 0.0000
13        M:postgres_in
31        155 1.0000 0.9100 0.3000 0.0000
6         M:cpu3
31        155 9.2585 6.6064 9.9586 0.0000
6         M:cpu2
31        155 1.2023 0.9735 0.7040 0.0000
6         M:cpu1
33        155 11.0003 7.8207 12.0038 0.0000
6         M:cpu0
31        155 5.6586 4.0823 5.7035 0.0000
5         M:cpu
31        155 8.5900 6.1378 9.1662 0.0000
8         M:syslog
38        155 1068.5000 778.2950 812.0638 0.0000
8         M:ssh_in
31        155 2.0000 1.8200 0.6000 0.0000
8         M:www_in
31        155 1.0000 0.9100 0.3000 0.0000
14        M:cfengine_out
31        155 5.0000 4.5500 1.5000 0.0000
13        M:cfengine_in
31        155 1.0000 0.9100 0.3000 0.0000
9         M:loadavg
31        155 0.2126 0.1705 0.1909 0.0000
10        M:diskfree
34        155 60.5000 55.0550 18.2248 0.0000
12        M:otherprocs
33        155 26.0000 23.6600 7.8000 0.0000
11        M:rootprocs
36        155 113.5000 103.3900 33.7037 0.0000
7         M:users
31        155 8.0000 7.2800 2.4000 0.0000
# send QUERY complete successful
