# delta from 1679754563 to 1679754624 at 1679754624
22        CFR: 0 1679754623 1971
3         PRD
56        DBReportCollectAll,0.069985,0.350716,0.395414,1679754564
60        Packing reports: delta,0.052181,0.149173,0.135367,1679754564
3         EXS
16        f,318,1679754524
3         MOM
15        M:entropy_avail
37        1613 111.0000 122.6400 38.8000 0.0000
12        M:mem_cached
41        1613 4031.4062 3668.1359 1013.1126 0.0000
10        M:mem_free
39        1613 10796.4570 9827.5887 0.0000 0.0000
11        M:mem_total
40        1613 15817.1836 14393.6371 0.0000 0.0000
16        M:io_writtendata
32        1613 0.2305 0.2161 0.0479 0.0000
11        M:io_writes
34        1613 14.0000 13.5800 1.4000 0.0000
13        M:postgres_in
32        1613 1.0000 0.9100 0.3000 0.0000
6         M:cpu3
34        1613 13.1414 9.3476 10.5852 0.0000
6         M:cpu2
32        1613 2.1655 1.6701 1.4221 0.0000
6         M:cpu1
35        1613 38.4307 27.0403 31.7679 0.0000
6         M:cpu0
32        1613 9.4111 6.7280 7.4891 0.0000
5         M:cpu
35        1613 15.7908 11.1994 12.8088 0.0000
8         M:syslog
38        1613 696.0000 517.6500 501.8131 0.0000
8         M:ssh_in
32        1613 2.0000 1.8200 0.6000 0.0000
8         M:www_in
32        1613 2.0000 1.8200 0.6000 0.0000
14        M:cfengine_out
32        1613 5.0000 4.5500 1.5000 0.0000
13        M:cfengine_in
32        1613 1.0000 0.9100 0.3000 0.0000
9         M:loadavg
32        1613 0.5776 0.4220 0.4358 0.0000
10        M:diskfree
35        1613 47.0000 42.7700 14.1000 0.0000
12        M:otherprocs
34        1613 26.0000 23.6600 7.8000 0.0000
11        M:rootprocs
37        1613 115.0000 104.2300 35.9000 0.0000
7         M:users
32        1613 8.0000 7.2800 2.4000 0.0000
3         MOY
15        M:entropy_avail
36        155 323.0000 297.6050 79.9482 0.0000
12        M:mem_cached
39        155 2526.1133 2298.4965 696.2697 0.0000
16        M:io_writtendata
31        155 0.2939 0.2241 0.2132 0.0000
11        M:io_writes
34        155 16.0000 12.2500 11.5973 0.0000
13        M:postgres_in
31        155 1.0000 0.9100 0.3000 0.0000
6         M:cpu3
31        155 9.2585 6.6064 9.9586 0.0000
6         M:cpu2
31        155 1.2023 0.9735 0.7040 0.0000
6         M:cpu1
33        155 11.0003 7.8207 12.0038 0.0000
6         M:cpu0
31        155 5.6586 4.0823 5.7035 0.0000
5         M:cpu
31        155 8.5900 6.1378 9.1662 0.0000
8         M:syslog
38        155 1068.5000 778.2950 812.0638 0.0000
8         M:ssh_in
31        155 2.0000 1.8200 0.6000 0.0000
8         M:www_in
31        155 1.0000 0.9100 0.3000 0.0000
14        M:cfengine_out
31        155 5.0000 4.5500 1.5000 0.0000
13        M:cfengine_in
31        155 1.0000 0.9100 0.3000 0.0000
9         M:loadavg
31        155 0.2126 0.1705 0.1909 0.0000
10        M:diskfree
34        155 60.5000 55.0550 18.2248 0.0000
12        M:otherprocs
33        155 26.0000 23.6600 7.8000 0.0000
11        M:rootprocs
36        155 113.5000 103.3900 33.7037 0.0000
7         M:users
31        155 8.0000 7.2800 2.4000 0.0000
# send QUERY complete successful
