# delta from 1679747898 to 1679747959 at 1679747959
22        CFR: 0 1679747958 2058
3         PRD
56        DBReportCollectAll,0.074285,0.308575,0.340467,1679747899
60        Packing reports: delta,0.030249,0.091498,0.085680,1679747899
83        Sample(/proc/sys/kernel/random/entropy_avail),0.005150,0.002653,0.002676,1679747932
3         EXS
16        f,278,1679747889
3         MOM
15        M:entropy_avail
36        1591 99.0000 109.8300 36.1000 0.0000
12        M:mem_cached
40        1591 3967.2930 3609.6591 997.3932 0.0000
10        M:mem_free
39        1591 10878.9414 9900.6406 0.0000 0.0000
11        M:mem_total
40        1591 15817.1836 14393.6371 0.0000 0.0000
16        M:io_writtendata
32        1591 0.3916 0.2971 0.2683 0.0000
11        M:io_writes
35        1591 18.0000 14.2800 11.0033 0.0000
13        M:postgres_in
32        1591 1.0000 0.9100 0.3000 0.0000
6         M:cpu3
32        1591 5.9983 4.3305 4.6601 0.0000
6         M:cpu2
35        1591 15.8666 11.2690 12.8270 0.0000
6         M:cpu1
35        1591 29.6774 20.9002 24.4798 0.0000
6         M:cpu0
33        1591 11.5850 8.2243 9.3760 0.0000
5         M:cpu
35        1591 15.7815 11.1808 12.8341 0.0000
8         M:syslog
41        1591 1802.0000 1291.8500 1424.2912 0.0000
8         M:ssh_in
32        1591 2.0000 1.8200 0.6000 0.0000
8         M:www_in
32        1591 1.0000 0.9100 0.3000 0.0000
14        M:cfengine_out
32        1591 5.0000 4.5500 1.5000 0.0000
13        M:cfengine_in
32        1591 1.0000 0.9100 0.3000 0.0000
9         M:loadavg
32        1591 0.4761 0.3434 0.3707 0.0000
10        M:diskfree
35        1591 48.0000 43.6800 14.4000 0.0000
12        M:otherprocs
34        1591 26.0000 23.6600 7.8000 0.0000
11        M:rootprocs
37        1591 113.0000 103.0400 33.2000 0.0000
7         M:users
32        1591 8.0000 7.2800 2.4000 0.0000
3         MOY
15        M:entropy_avail
36        155 323.0000 297.6050 79.9482 0.0000
12        M:mem_cached
39        155 2526.1133 2298.4965 696.2697 0.0000
16        M:io_writtendata
31        155 0.2939 0.2241 0.2132 0.0000
11        M:io_writes
34        155 16.0000 12.2500 11.5973 0.0000
13        M:postgres_in
31        155 1.0000 0.9100 0.3000 0.0000
6         M:cpu3
31        155 9.2585 6.6064 9.9586 0.0000
6         M:cpu2
31        155 1.2023 0.9735 0.7040 0.0000
6         M:cpu1
33        155 11.0003 7.8207 12.0038 0.0000
6         M:cpu0
31        155 5.6586 4.0823 5.7035 0.0000
5         M:cpu
31        155 8.5900 6.1378 9.1662 0.0000
8         M:syslog
38        155 1068.5000 778.2950 812.0638 0.0000
8         M:ssh_in
31        155 2.0000 1.8200 0.6000 0.0000
8         M:www_in
31        155 1.0000 0.9100 0.3000 0.0000
14        M:cfengine_out
31        155 5.0000 4.5500 1.5000 0.0000
13        M:cfengine_in
31        155 1.0000 0.9100 0.3000 0.0000
9         M:loadavg
31        155 0.2126 0.1705 0.1909 0.0000
10        M:diskfree
34        155 60.5000 55.0550 18.2248 0.0000
12        M:otherprocs
33        155 26.0000 23.6600 7.8000 0.0000
11        M:rootprocs
36        155 113.5000 103.3900 33.7037 0.0000
7         M:users
31        155 8.0000 7.2800 2.4000 0.0000
# send QUERY complete successful
