# delta from 1679683578 to 1679683639 at 1679683639
22        CFR: 0 1679683638 2039
3         PRD
56        DBReportCollectAll,0.069966,0.359953,0.301854,1679683579
60        Packing reports: delta,0.058657,0.123695,0.102025,1679683579
83        Sample(/proc/sys/kernel/random/entropy_avail),0.005383,0.002898,0.002865,1679683618
3         EXS
16        f,289,1679683401
3         MOM
15        M:entropy_avail
35        1377 21.0000 14.7000 17.5699 0.0000
12        M:mem_cached
38        1377 3395.5273 2376.8691 0.0000 0.0000
10        M:mem_free
39        1377 11566.4453 8096.5117 0.0000 0.0000
11        M:mem_total
40        1377 15817.1836 11072.0285 0.0000 0.0000
16        M:io_writtendata
32        1377 0.0547 0.0383 0.0458 0.0000
11        M:io_writes
32        1377 4.0000 2.8000 3.3466 0.0000
13        M:postgres_in
32        1377 1.0000 0.7000 0.8367 0.0000
6         M:cpu3
32        1377 0.4605 0.3223 0.3853 0.0000
6         M:cpu2
32        1377 0.6007 0.4205 0.5026 0.0000
6         M:cpu1
32        1377 0.4673 0.3271 0.3909 0.0000
6         M:cpu0
32        1377 0.5139 0.3597 0.4300 0.0000
5         M:cpu
32        1377 0.5089 0.3563 0.4258 0.0000
8         M:syslog
38        1377 145.0000 101.5000 121.3157 0.0000
8         M:ssh_in
32        1377 2.0000 1.4000 1.6733 0.0000
8         M:www_in
32        1377 1.0000 0.7000 0.8367 0.0000
14        M:cfengine_out
32        1377 5.0000 3.5000 4.1833 0.0000
13        M:cfengine_in
32        1377 1.0000 0.7000 0.8367 0.0000
9         M:loadavg
32        1377 0.0327 0.0229 0.0274 0.0000
10        M:diskfree
35        1377 54.0000 37.8000 45.1796 0.0000
12        M:otherprocs
35        1377 26.0000 18.2000 21.7532 0.0000
11        M:rootprocs
36        1377 114.0000 79.8000 95.3792 0.0000
7         M:users
32        1377 8.0000 5.6000 6.6933 0.0000
3         MOY
15        M:entropy_avail
36        155 323.0000 297.6050 79.9482 0.0000
12        M:mem_cached
39        155 2526.1133 2298.4965 696.2697 0.0000
16        M:io_writtendata
31        155 0.2939 0.2241 0.2132 0.0000
11        M:io_writes
34        155 16.0000 12.2500 11.5973 0.0000
13        M:postgres_in
31        155 1.0000 0.9100 0.3000 0.0000
6         M:cpu3
31        155 9.2585 6.6064 9.9586 0.0000
6         M:cpu2
31        155 1.2023 0.9735 0.7040 0.0000
6         M:cpu1
33        155 11.0003 7.8207 12.0038 0.0000
6         M:cpu0
31        155 5.6586 4.0823 5.7035 0.0000
5         M:cpu
31        155 8.5900 6.1378 9.1662 0.0000
8         M:syslog
38        155 1068.5000 778.2950 812.0638 0.0000
8         M:ssh_in
31        155 2.0000 1.8200 0.6000 0.0000
8         M:www_in
31        155 1.0000 0.9100 0.3000 0.0000
14        M:cfengine_out
31        155 5.0000 4.5500 1.5000 0.0000
13        M:cfengine_in
31        155 1.0000 0.9100 0.3000 0.0000
9         M:loadavg
31        155 0.2126 0.1705 0.1909 0.0000
10        M:diskfree
34        155 60.5000 55.0550 18.2248 0.0000
12        M:otherprocs
33        155 26.0000 23.6600 7.8000 0.0000
11        M:rootprocs
36        155 113.5000 103.3900 33.7037 0.0000
7         M:users
31        155 8.0000 7.2800 2.4000 0.0000
# send QUERY complete successful
