# delta from 1679750963 to 1679751024 at 1679751024
22        CFR: 0 1679751023 1974
3         PRD
56        DBReportCollectAll,2.886438,0.448636,0.338684,1679750964
60        Packing reports: delta,0.030524,0.121689,0.113054,1679750964
3         EXS
16        f,320,1679750932
3         MOM
15        M:entropy_avail
37        1601 104.0000 115.4300 38.1000 0.0000
12        M:mem_cached
41        1601 4000.5781 3640.0142 1005.5647 0.0000
10        M:mem_free
39        1601 10837.8125 9866.3198 0.0000 0.0000
11        M:mem_total
40        1601 15817.1836 14393.6371 0.0000 0.0000
16        M:io_writtendata
32        1601 0.4072 0.3333 0.2316 0.0000
11        M:io_writes
35        1601 24.0000 18.9000 14.9432 0.0000
13        M:postgres_in
32        1601 1.0000 0.9100 0.3000 0.0000
6         M:cpu3
32        1601 4.2472 3.1161 3.1699 0.0000
6         M:cpu2
35        1601 35.2262 24.7817 29.1295 0.0000
6         M:cpu1
32        1601 2.5879 1.9503 1.8039 0.0000
6         M:cpu0
35        1601 21.6483 15.2674 17.7974 0.0000
5         M:cpu
35        1601 15.9519 11.2953 12.9896 0.0000
8         M:syslog
39        1601 1077.0000 784.3500 818.8623 0.0000
8         M:ssh_in
32        1601 2.0000 1.8200 0.6000 0.0000
8         M:www_in
32        1601 1.0000 0.9100 0.3000 0.0000
14        M:cfengine_out
32        1601 5.0000 4.5500 1.5000 0.0000
13        M:cfengine_in
32        1601 1.0000 0.9100 0.3000 0.0000
9         M:loadavg
32        1601 0.7192 0.5176 0.5631 0.0000
10        M:diskfree
35        1601 47.0000 42.9800 13.4000 0.0000
12        M:otherprocs
34        1601 26.0000 23.6600 7.8000 0.0000
11        M:rootprocs
37        1601 115.0000 104.4400 35.2000 0.0000
7         M:users
32        1601 8.0000 7.2800 2.4000 0.0000
3         MOY
15        M:entropy_avail
36        155 323.0000 297.6050 79.9482 0.0000
12        M:mem_cached
39        155 2526.1133 2298.4965 696.2697 0.0000
16        M:io_writtendata
31        155 0.2939 0.2241 0.2132 0.0000
11        M:io_writes
34        155 16.0000 12.2500 11.5973 0.0000
13        M:postgres_in
31        155 1.0000 0.9100 0.3000 0.0000
6         M:cpu3
31        155 9.2585 6.6064 9.9586 0.0000
6         M:cpu2
31        155 1.2023 0.9735 0.7040 0.0000
6         M:cpu1
33        155 11.0003 7.8207 12.0038 0.0000
6         M:cpu0
31        155 5.6586 4.0823 5.7035 0.0000
5         M:cpu
31        155 8.5900 6.1378 9.1662 0.0000
8         M:syslog
38        155 1068.5000 778.2950 812.0638 0.0000
8         M:ssh_in
31        155 2.0000 1.8200 0.6000 0.0000
8         M:www_in
31        155 1.0000 0.9100 0.3000 0.0000
14        M:cfengine_out
31        155 5.0000 4.5500 1.5000 0.0000
13        M:cfengine_in
31        155 1.0000 0.9100 0.3000 0.0000
9         M:loadavg
31        155 0.2126 0.1705 0.1909 0.0000
10        M:diskfree
34        155 60.5000 55.0550 18.2248 0.0000
12        M:otherprocs
33        155 26.0000 23.6600 7.8000 0.0000
11        M:rootprocs
36        155 113.5000 103.3900 33.7037 0.0000
7         M:users
31        155 8.0000 7.2800 2.4000 0.0000
# send QUERY complete successful
