# delta from 1679720238 to 1679720299 at 1679720299
22        CFR: 0 1679720298 2090
3         PRD
56        DBReportCollectAll,0.080803,0.363426,0.409561,1679720239
60        Packing reports: delta,0.037181,0.137489,0.125261,1679720239
83        Sample(/proc/sys/kernel/random/entropy_avail),0.004763,0.002269,0.001890,1679720283
3         EXS
16        f,321,1679720041
3         MOM
15        M:entropy_avail
35        1499 65.0000 84.3500 64.5000 0.0000
12        M:mem_cached
40        1499 3726.3359 3390.8894 935.5157 0.0000
10        M:mem_free
40        1499 11079.2070 10101.0448 0.0000 0.0000
11        M:mem_total
40        1499 15817.1836 14393.6371 0.0000 0.0000
16        M:io_writtendata
32        1499 0.1758 0.2254 0.1653 0.0000
11        M:io_writes
34        1499 12.0000 13.8600 6.2000 0.0000
13        M:postgres_in
32        1499 1.0000 0.9100 0.3000 0.0000
6         M:cpu3
32        1499 3.7413 3.1740 1.9926 0.0000
6         M:cpu2
32        1499 8.2665 9.1009 2.7812 0.0000
6         M:cpu1
34        1499 13.2198 10.2853 8.4878 0.0000
6         M:cpu0
34        1499 16.8363 15.5225 4.3790 0.0000
5         M:cpu
33        1499 10.5100 9.5195 3.3019 0.0000
8         M:syslog
38        1499 167.0000 388.4300 738.1000 0.0000
9         M:ssh_out
32        1499 5.0000 3.5000 4.1833 0.0000
8         M:ssh_in
32        1499 2.0000 1.8200 0.6000 0.0000
8         M:www_in
32        1499 1.0000 0.9100 0.3000 0.0000
14        M:cfengine_out
32        1499 6.0000 5.2500 2.5000 0.0000
13        M:cfengine_in
32        1499 1.0000 0.9100 0.3000 0.0000
9         M:loadavg
32        1499 0.6489 0.4926 0.4439 0.0000
10        M:diskfree
35        1499 50.0000 45.5000 15.0000 0.0000
12        M:otherprocs
34        1499 26.0000 23.6600 7.8000 0.0000
11        M:rootprocs
37        1499 117.0000 105.8400 37.2000 0.0000
7         M:users
32        1499 8.0000 7.2800 2.4000 0.0000
3         MOY
15        M:entropy_avail
36        155 323.0000 297.6050 79.9482 0.0000
12        M:mem_cached
39        155 2526.1133 2298.4965 696.2697 0.0000
16        M:io_writtendata
31        155 0.2939 0.2241 0.2132 0.0000
11        M:io_writes
34        155 16.0000 12.2500 11.5973 0.0000
13        M:postgres_in
31        155 1.0000 0.9100 0.3000 0.0000
6         M:cpu3
31        155 9.2585 6.6064 9.9586 0.0000
6         M:cpu2
31        155 1.2023 0.9735 0.7040 0.0000
6         M:cpu1
33        155 11.0003 7.8207 12.0038 0.0000
6         M:cpu0
31        155 5.6586 4.0823 5.7035 0.0000
5         M:cpu
31        155 8.5900 6.1378 9.1662 0.0000
8         M:syslog
38        155 1068.5000 778.2950 812.0638 0.0000
8         M:ssh_in
31        155 2.0000 1.8200 0.6000 0.0000
8         M:www_in
31        155 1.0000 0.9100 0.3000 0.0000
14        M:cfengine_out
31        155 5.0000 4.5500 1.5000 0.0000
13        M:cfengine_in
31        155 1.0000 0.9100 0.3000 0.0000
9         M:loadavg
31        155 0.2126 0.1705 0.1909 0.0000
10        M:diskfree
34        155 60.5000 55.0550 18.2248 0.0000
12        M:otherprocs
33        155 26.0000 23.6600 7.8000 0.0000
11        M:rootprocs
36        155 113.5000 103.3900 33.7037 0.0000
7         M:users
31        155 8.0000 7.2800 2.4000 0.0000
# send QUERY complete successful
