# delta from 1679706558 to 1679706619 at 1679706619
22        CFR: 0 1679706618 2841
3         PRD
56        DBReportCollectAll,0.083074,0.348031,0.380555,1679706559
60        Packing reports: delta,0.038790,0.139773,0.130237,1679706559
83        Sample(/proc/sys/kernel/random/entropy_avail),0.004749,0.002256,0.001579,1679706609
3         EXS
16        f,285,1679706497
3         MOM
15        M:entropy_avail
35        1453 51.0000 66.1500 50.5000 0.0000
38        1454 166.0000 116.2000 138.8856 0.0000
12        M:mem_cached
40        1453 3601.6680 3277.4375 904.2357 0.0000
38        1454 3604.3711 2523.0598 0.0000 0.0000
10        M:mem_free
40        1453 11208.3398 10213.5904 0.0000 0.0000
39        1454 11271.9414 7890.3590 0.0000 0.0000
11        M:mem_total
40        1453 15817.1836 14393.6371 0.0000 0.0000
40        1454 15817.1836 11072.0285 0.0000 0.0000
16        M:io_writtendata
32        1453 0.0938 0.1144 0.0689 0.0000
32        1454 0.4385 0.3069 0.3669 0.0000
11        M:io_writes
32        1453 6.0000 7.1400 3.8000 0.0000
35        1454 22.0000 15.4000 18.4065 0.0000
13        M:postgres_in
32        1453 1.0000 0.9100 0.3000 0.0000
32        1454 1.0000 0.7000 0.8367 0.0000
6         M:cpu3
32        1453 8.7942 6.5219 6.3874 0.0000
32        1454 9.8366 6.8856 8.2299 0.0000
6         M:cpu2
32        1453 1.1493 3.1538 7.5852 0.0000
32        1454 0.9148 0.6404 0.7654 0.0000
6         M:cpu1
34        1453 22.0648 19.0773 9.9585 0.0000
35        1454 17.0187 11.9131 14.2389 0.0000
6         M:cpu0
32        1453 5.3469 7.2204 6.2451 0.0000
32        1454 1.0009 0.7007 0.8374 0.0000
5         M:cpu
32        1453 9.3373 8.9905 1.1560 0.0000
32        1454 7.1961 5.0373 6.0207 0.0000
8         M:syslog
38        1453 167.0000 389.4800 741.6000 0.0000
41        1454 1539.0000 1077.3000 1287.6198 0.0000
9         M:ssh_out
32        1453 5.0000 3.5000 4.1833 0.0000
8         M:ssh_in
32        1453 2.0000 1.8200 0.6000 0.0000
32        1454 2.0000 1.4000 1.6733 0.0000
8         M:www_in
32        1453 4.0000 3.0100 2.7987 0.0000
32        1454 1.0000 0.7000 0.8367 0.0000
14        M:cfengine_out
32        1453 6.0000 5.2500 2.5000 0.0000
32        1454 5.0000 3.5000 4.1833 0.0000
13        M:cfengine_in
32        1453 1.0000 0.9100 0.3000 0.0000
32        1454 1.0000 0.7000 0.8367 0.0000
9         M:loadavg
32        1453 0.5903 0.4734 0.3515 0.0000
32        1454 0.1230 0.0861 0.1029 0.0000
10        M:diskfree
35        1453 52.0000 47.3200 15.6000 0.0000
35        1454 52.0000 36.4000 43.5063 0.0000
12        M:otherprocs
34        1453 26.0000 23.6600 7.8000 0.0000
35        1454 26.0000 18.2000 21.7532 0.0000
11        M:rootprocs
37        1453 120.0000 108.5700 38.1000 0.0000
36        1454 116.0000 81.2000 97.0526 0.0000
7         M:users
32        1453 8.0000 7.2800 2.4000 0.0000
32        1454 8.0000 5.6000 6.6933 0.0000
3         MOY
15        M:entropy_avail
36        155 323.0000 297.6050 79.9482 0.0000
12        M:mem_cached
39        155 2526.1133 2298.4965 696.2697 0.0000
16        M:io_writtendata
31        155 0.2939 0.2241 0.2132 0.0000
11        M:io_writes
34        155 16.0000 12.2500 11.5973 0.0000
13        M:postgres_in
31        155 1.0000 0.9100 0.3000 0.0000
6         M:cpu3
31        155 9.2585 6.6064 9.9586 0.0000
6         M:cpu2
31        155 1.2023 0.9735 0.7040 0.0000
6         M:cpu1
33        155 11.0003 7.8207 12.0038 0.0000
6         M:cpu0
31        155 5.6586 4.0823 5.7035 0.0000
5         M:cpu
31        155 8.5900 6.1378 9.1662 0.0000
8         M:syslog
38        155 1068.5000 778.2950 812.0638 0.0000
8         M:ssh_in
31        155 2.0000 1.8200 0.6000 0.0000
8         M:www_in
31        155 1.0000 0.9100 0.3000 0.0000
14        M:cfengine_out
31        155 5.0000 4.5500 1.5000 0.0000
13        M:cfengine_in
31        155 1.0000 0.9100 0.3000 0.0000
9         M:loadavg
31        155 0.2126 0.1705 0.1909 0.0000
10        M:diskfree
34        155 60.5000 55.0550 18.2248 0.0000
12        M:otherprocs
33        155 26.0000 23.6600 7.8000 0.0000
11        M:rootprocs
36        155 113.5000 103.3900 33.7037 0.0000
7         M:users
31        155 8.0000 7.2800 2.4000 0.0000
# send QUERY complete successful
