# delta from 1679693959 to 1679694019 at 1679694019
22        CFR: 0 1679694018 2093
3         PRD
56        DBReportCollectAll,0.083227,0.334501,0.392809,1679693960
60        Packing reports: delta,0.035655,0.065273,0.062272,1679693960
83        Sample(/proc/sys/kernel/random/entropy_avail),0.005090,0.002591,0.001827,1679693986
3         EXS
16        f,287,1679693899
3         MOM
15        M:entropy_avail
38        1411 157.0000 117.2500 112.0117 0.0000
12        M:mem_cached
40        1411 3487.7109 3173.2854 876.8910 0.0000
10        M:mem_free
38        1411 7973.0711 7973.0711 0.0000 0.0000
11        M:mem_total
40        1411 11072.0285 11072.0285 0.0000 0.0000
16        M:io_writtendata
32        1411 0.4521 0.3300 0.3418 0.0000
11        M:io_writes
35        1411 22.0000 16.2400 16.1681 0.0000
13        M:postgres_in
32        1411 1.0000 0.9100 0.3000 0.0000
6         M:cpu3
34        1411 10.5502 10.8554 1.0174 0.0000
6         M:cpu2
32        1411 5.9779 4.6106 3.9249 0.0000
6         M:cpu1
35        1411 14.7141 10.5766 11.5547 0.0000
6         M:cpu0
32        1411 3.5674 2.8648 2.1173 0.0000
5         M:cpu
33        1411 11.1564 8.9456 6.6455 0.0000
8         M:syslog
38        1411 917.0000 707.4200 601.7239 0.0000
9         M:ssh_out
32        1411 0.0000 1.0500 3.7182 0.0000
8         M:ssh_in
32        1411 2.0000 1.8200 0.6000 0.0000
8         M:www_in
32        1411 1.0000 0.9100 0.3000 0.0000
14        M:cfengine_out
32        1411 5.0000 4.7600 0.8000 0.0000
13        M:cfengine_in
32        1411 1.0000 0.9100 0.3000 0.0000
9         M:loadavg
32        1411 0.1904 0.2307 0.1343 0.0000
10        M:diskfree
35        1411 53.0000 48.2300 15.9000 0.0000
12        M:otherprocs
34        1411 26.0000 23.6600 7.8000 0.0000
11        M:rootprocs
37        1411 115.0000 105.2800 32.4000 0.0000
7         M:users
32        1411 8.0000 7.2800 2.4000 0.0000
3         MOY
15        M:entropy_avail
36        155 323.0000 297.6050 79.9482 0.0000
12        M:mem_cached
39        155 2526.1133 2298.4965 696.2697 0.0000
16        M:io_writtendata
31        155 0.2939 0.2241 0.2132 0.0000
11        M:io_writes
34        155 16.0000 12.2500 11.5973 0.0000
13        M:postgres_in
31        155 1.0000 0.9100 0.3000 0.0000
6         M:cpu3
31        155 9.2585 6.6064 9.9586 0.0000
6         M:cpu2
31        155 1.2023 0.9735 0.7040 0.0000
6         M:cpu1
33        155 11.0003 7.8207 12.0038 0.0000
6         M:cpu0
31        155 5.6586 4.0823 5.7035 0.0000
5         M:cpu
31        155 8.5900 6.1378 9.1662 0.0000
8         M:syslog
38        155 1068.5000 778.2950 812.0638 0.0000
8         M:ssh_in
31        155 2.0000 1.8200 0.6000 0.0000
8         M:www_in
31        155 1.0000 0.9100 0.3000 0.0000
14        M:cfengine_out
31        155 5.0000 4.5500 1.5000 0.0000
13        M:cfengine_in
31        155 1.0000 0.9100 0.3000 0.0000
9         M:loadavg
31        155 0.2126 0.1705 0.1909 0.0000
10        M:diskfree
34        155 60.5000 55.0550 18.2248 0.0000
12        M:otherprocs
33        155 26.0000 23.6600 7.8000 0.0000
11        M:rootprocs
36        155 113.5000 103.3900 33.7037 0.0000
7         M:users
31        155 8.0000 7.2800 2.4000 0.0000
# send QUERY complete successful
