# delta from 1679726118 to 1679726180 at 1679726180
22        CFR: 0 1679726179 2047
3         PRD
56        DBReportCollectAll,0.056763,0.324830,0.298952,1679726119
60        Packing reports: delta,0.047947,0.071058,0.060447,1679726119
83        Sample(/proc/sys/kernel/random/entropy_avail),0.005099,0.002600,0.002521,1679726144
3         EXS
16        f,289,1679726007
3         MOM
15        M:entropy_avail
38        1519 170.0000 119.0000 142.2322 0.0000
12        M:mem_cached
38        1519 3777.7305 2644.4113 0.0000 0.0000
10        M:mem_free
39        1519 11108.8047 7776.1633 0.0000 0.0000
11        M:mem_total
40        1519 15817.1836 11072.0285 0.0000 0.0000
16        M:io_writtendata
32        1519 0.2227 0.1559 0.1863 0.0000
11        M:io_writes
34        1519 12.0000 8.4000 10.0399 0.0000
13        M:postgres_in
32        1519 1.0000 0.7000 0.8367 0.0000
6         M:cpu3
32        1519 1.3796 0.9657 1.1542 0.0000
6         M:cpu2
32        1519 1.8081 1.2657 1.5128 0.0000
6         M:cpu1
32        1519 3.1106 2.1774 2.6025 0.0000
6         M:cpu0
32        1519 5.3453 3.7417 4.4722 0.0000
5         M:cpu
32        1519 2.9154 2.0408 2.4392 0.0000
8         M:syslog
41        1519 1899.0000 1329.3000 1588.8174 0.0000
8         M:ssh_in
32        1519 2.0000 1.4000 1.6733 0.0000
8         M:www_in
32        1519 1.0000 0.7000 0.8367 0.0000
14        M:cfengine_out
32        1519 5.0000 3.5000 4.1833 0.0000
13        M:cfengine_in
32        1519 1.0000 0.7000 0.8367 0.0000
9         M:loadavg
32        1519 0.0820 0.0574 0.0686 0.0000
10        M:diskfree
35        1519 50.0000 35.0000 41.8330 0.0000
12        M:otherprocs
35        1519 26.0000 18.2000 21.7532 0.0000
11        M:rootprocs
36        1519 115.0000 80.5000 96.2159 0.0000
7         M:users
32        1519 8.0000 5.6000 6.6933 0.0000
3         MOY
15        M:entropy_avail
36        155 323.0000 297.6050 79.9482 0.0000
12        M:mem_cached
39        155 2526.1133 2298.4965 696.2697 0.0000
16        M:io_writtendata
31        155 0.2939 0.2241 0.2132 0.0000
11        M:io_writes
34        155 16.0000 12.2500 11.5973 0.0000
13        M:postgres_in
31        155 1.0000 0.9100 0.3000 0.0000
6         M:cpu3
31        155 9.2585 6.6064 9.9586 0.0000
6         M:cpu2
31        155 1.2023 0.9735 0.7040 0.0000
6         M:cpu1
33        155 11.0003 7.8207 12.0038 0.0000
6         M:cpu0
31        155 5.6586 4.0823 5.7035 0.0000
5         M:cpu
31        155 8.5900 6.1378 9.1662 0.0000
8         M:syslog
38        155 1068.5000 778.2950 812.0638 0.0000
8         M:ssh_in
31        155 2.0000 1.8200 0.6000 0.0000
8         M:www_in
31        155 1.0000 0.9100 0.3000 0.0000
14        M:cfengine_out
31        155 5.0000 4.5500 1.5000 0.0000
13        M:cfengine_in
31        155 1.0000 0.9100 0.3000 0.0000
9         M:loadavg
31        155 0.2126 0.1705 0.1909 0.0000
10        M:diskfree
34        155 60.5000 55.0550 18.2248 0.0000
12        M:otherprocs
33        155 26.0000 23.6600 7.8000 0.0000
11        M:rootprocs
36        155 113.5000 103.3900 33.7037 0.0000
7         M:users
31        155 8.0000 7.2800 2.4000 0.0000
# send QUERY complete successful
