# delta from 1679694258 to 1679694319 at 1679694319
22        CFR: 0 1679694318 2058
3         PRD
56        DBReportCollectAll,0.075936,0.336282,0.415667,1679694259
60        Packing reports: delta,0.028312,0.080154,0.097361,1679694259
83        Sample(/proc/sys/kernel/random/entropy_avail),0.005182,0.002685,0.002687,1679694287
3         EXS
16        f,319,1679694232
3         MOM
15        M:entropy_avail
37        1412 140.0000 104.7200 99.4780 0.0000
12        M:mem_cached
40        1412 3490.1133 3175.4461 877.5649 0.0000
10        M:mem_free
40        1412 11445.4219 10416.4110 0.0000 0.0000
11        M:mem_total
40        1412 15817.1836 14393.6371 0.0000 0.0000
16        M:io_writtendata
32        1412 0.2539 0.2149 0.1357 0.0000
11        M:io_writes
34        1412 12.0000 11.3400 2.2000 0.0000
13        M:postgres_in
32        1412 1.0000 0.9100 0.3000 0.0000
6         M:cpu3
35        1412 23.2378 16.3701 19.1544 0.0000
6         M:cpu2
32        1412 5.2375 3.8092 3.9955 0.0000
6         M:cpu1
35        1412 23.0892 16.2772 18.9994 0.0000
6         M:cpu0
34        1412 12.3637 8.7721 10.0199 0.0000
5         M:cpu
35        1412 15.9923 11.3136 13.0508 0.0000
8         M:syslog
39        1412 1064.0000 775.2500 808.0220 0.0000
8         M:ssh_in
32        1412 2.0000 1.8200 0.6000 0.0000
8         M:www_in
32        1412 1.0000 1.1200 0.4000 0.0000
14        M:cfengine_out
32        1412 5.0000 4.5500 1.5000 0.0000
13        M:cfengine_in
32        1412 1.0000 0.9100 0.3000 0.0000
9         M:loadavg
32        1412 0.3423 0.2422 0.2793 0.0000
10        M:diskfree
35        1412 53.0000 48.2300 15.9000 0.0000
12        M:otherprocs
34        1412 26.0000 23.6600 7.8000 0.0000
11        M:rootprocs
37        1412 115.0000 104.4400 35.2000 0.0000
7         M:users
32        1412 8.0000 7.2800 2.4000 0.0000
3         MOY
15        M:entropy_avail
36        155 323.0000 297.6050 79.9482 0.0000
12        M:mem_cached
39        155 2526.1133 2298.4965 696.2697 0.0000
16        M:io_writtendata
31        155 0.2939 0.2241 0.2132 0.0000
11        M:io_writes
34        155 16.0000 12.2500 11.5973 0.0000
13        M:postgres_in
31        155 1.0000 0.9100 0.3000 0.0000
6         M:cpu3
31        155 9.2585 6.6064 9.9586 0.0000
6         M:cpu2
31        155 1.2023 0.9735 0.7040 0.0000
6         M:cpu1
33        155 11.0003 7.8207 12.0038 0.0000
6         M:cpu0
31        155 5.6586 4.0823 5.7035 0.0000
5         M:cpu
31        155 8.5900 6.1378 9.1662 0.0000
8         M:syslog
38        155 1068.5000 778.2950 812.0638 0.0000
8         M:ssh_in
31        155 2.0000 1.8200 0.6000 0.0000
8         M:www_in
31        155 1.0000 0.9100 0.3000 0.0000
14        M:cfengine_out
31        155 5.0000 4.5500 1.5000 0.0000
13        M:cfengine_in
31        155 1.0000 0.9100 0.3000 0.0000
9         M:loadavg
31        155 0.2126 0.1705 0.1909 0.0000
10        M:diskfree
34        155 60.5000 55.0550 18.2248 0.0000
12        M:otherprocs
33        155 26.0000 23.6600 7.8000 0.0000
11        M:rootprocs
36        155 113.5000 103.3900 33.7037 0.0000
7         M:users
31        155 8.0000 7.2800 2.4000 0.0000
# send QUERY complete successful
