# delta from 1679694858 to 1679694919 at 1679694919
22        CFR: 0 1679694918 2060
3         PRD
56        DBReportCollectAll,0.055860,0.312919,0.373281,1679694859
60        Packing reports: delta,0.026909,0.072412,0.094693,1679694859
83        Sample(/proc/sys/kernel/random/entropy_avail),0.006046,0.003655,0.005175,1679694888
3         EXS
16        f,320,1679694841
3         MOM
15        M:entropy_avail
38        1414 148.0000 109.6900 107.6648 0.0000
12        M:mem_cached
40        1414 3495.2500 3180.1525 878.7649 0.0000
10        M:mem_free
40        1414 11442.9844 10413.1863 0.0000 0.0000
11        M:mem_total
40        1414 15817.1836 14393.6371 0.0000 0.0000
16        M:io_writtendata
32        1414 0.4932 0.3561 0.3830 0.0000
11        M:io_writes
35        1414 24.0000 17.6400 17.8317 0.0000
13        M:postgres_in
32        1414 1.0000 0.9100 0.3000 0.0000
6         M:cpu3
32        1414 3.5623 2.5791 2.7485 0.0000
6         M:cpu2
35        1414 25.7708 18.1599 21.2273 0.0000
6         M:cpu1
32        1414 3.7602 2.6923 2.9810 0.0000
6         M:cpu0
35        1414 31.0246 21.8221 25.6653 0.0000
5         M:cpu
35        1414 16.0242 11.3100 13.1487 0.0000
8         M:syslog
41        1414 1797.0000 1288.3500 1420.1125 0.0000
8         M:ssh_in
32        1414 2.0000 1.8200 0.6000 0.0000
8         M:www_in
32        1414 1.0000 0.9100 0.3000 0.0000
14        M:cfengine_out
32        1414 5.0000 4.5500 1.5000 0.0000
13        M:cfengine_in
32        1414 1.0000 0.9100 0.3000 0.0000
9         M:loadavg
32        1414 0.3755 0.2661 0.3051 0.0000
10        M:diskfree
35        1414 53.0000 48.2300 15.9000 0.0000
12        M:otherprocs
34        1414 26.0000 23.6600 7.8000 0.0000
11        M:rootprocs
37        1414 114.0000 103.7400 34.2000 0.0000
7         M:users
32        1414 8.0000 7.2800 2.4000 0.0000
3         MOY
15        M:entropy_avail
36        155 323.0000 297.6050 79.9482 0.0000
12        M:mem_cached
39        155 2526.1133 2298.4965 696.2697 0.0000
16        M:io_writtendata
31        155 0.2939 0.2241 0.2132 0.0000
11        M:io_writes
34        155 16.0000 12.2500 11.5973 0.0000
13        M:postgres_in
31        155 1.0000 0.9100 0.3000 0.0000
6         M:cpu3
31        155 9.2585 6.6064 9.9586 0.0000
6         M:cpu2
31        155 1.2023 0.9735 0.7040 0.0000
6         M:cpu1
33        155 11.0003 7.8207 12.0038 0.0000
6         M:cpu0
31        155 5.6586 4.0823 5.7035 0.0000
5         M:cpu
31        155 8.5900 6.1378 9.1662 0.0000
8         M:syslog
38        155 1068.5000 778.2950 812.0638 0.0000
8         M:ssh_in
31        155 2.0000 1.8200 0.6000 0.0000
8         M:www_in
31        155 1.0000 0.9100 0.3000 0.0000
14        M:cfengine_out
31        155 5.0000 4.5500 1.5000 0.0000
13        M:cfengine_in
31        155 1.0000 0.9100 0.3000 0.0000
9         M:loadavg
31        155 0.2126 0.1705 0.1909 0.0000
10        M:diskfree
34        155 60.5000 55.0550 18.2248 0.0000
12        M:otherprocs
33        155 26.0000 23.6600 7.8000 0.0000
11        M:rootprocs
36        155 113.5000 103.3900 33.7037 0.0000
7         M:users
31        155 8.0000 7.2800 2.4000 0.0000
# send QUERY complete successful
