# delta from 1679746398 to 1679746459 at 1679746459
22        CFR: 0 1679746458 2054
3         PRD
56        DBReportCollectAll,0.034744,0.329034,0.324788,1679746399
60        Packing reports: delta,0.034358,0.099976,0.113866,1679746399
83        Sample(/proc/sys/kernel/random/entropy_avail),0.006406,0.004104,0.001868,1679746429
3         EXS
16        f,286,1679746397
3         MOM
15        M:entropy_avail
36        1586 96.0000 111.9300 53.1000 0.0000
12        M:mem_cached
40        1586 3953.8008 3597.4805 993.7299 0.0000
10        M:mem_free
39        1586 10889.9023 9913.3820 0.0000 0.0000
11        M:mem_total
40        1586 15817.1836 14393.6371 0.0000 0.0000
16        M:io_writtendata
32        1586 0.2734 0.2533 0.0670 0.0000
11        M:io_writes
34        1586 12.0000 12.6000 2.0000 0.0000
13        M:postgres_in
32        1586 1.0000 0.9100 0.3000 0.0000
6         M:cpu3
32        1586 2.5874 1.9457 1.8135 0.0000
6         M:cpu2
32        1586 7.8468 5.5964 6.2802 0.0000
6         M:cpu1
35        1586 28.8082 20.3100 23.7026 0.0000
6         M:cpu0
35        1586 24.1761 17.0620 19.8426 0.0000
5         M:cpu
35        1586 15.8575 11.2312 12.9052 0.0000
8         M:syslog
39        1586 1081.0000 787.1500 822.1979 0.0000
8         M:ssh_in
32        1586 2.0000 1.8200 0.6000 0.0000
8         M:www_in
32        1586 1.0000 0.9100 0.3000 0.0000
14        M:cfengine_out
32        1586 5.0000 5.6000 2.0000 0.0000
13        M:cfengine_in
32        1586 1.0000 1.1200 0.4000 0.0000
9         M:loadavg
32        1586 0.5269 0.3806 0.4087 0.0000
10        M:diskfree
35        1586 48.0000 43.6800 14.4000 0.0000
12        M:otherprocs
34        1586 26.0000 23.6600 7.8000 0.0000
11        M:rootprocs
37        1586 114.0000 103.7400 34.2000 0.0000
7         M:users
32        1586 8.0000 7.2800 2.4000 0.0000
3         MOY
15        M:entropy_avail
36        155 323.0000 297.6050 79.9482 0.0000
12        M:mem_cached
39        155 2526.1133 2298.4965 696.2697 0.0000
16        M:io_writtendata
31        155 0.2939 0.2241 0.2132 0.0000
11        M:io_writes
34        155 16.0000 12.2500 11.5973 0.0000
13        M:postgres_in
31        155 1.0000 0.9100 0.3000 0.0000
6         M:cpu3
31        155 9.2585 6.6064 9.9586 0.0000
6         M:cpu2
31        155 1.2023 0.9735 0.7040 0.0000
6         M:cpu1
33        155 11.0003 7.8207 12.0038 0.0000
6         M:cpu0
31        155 5.6586 4.0823 5.7035 0.0000
5         M:cpu
31        155 8.5900 6.1378 9.1662 0.0000
8         M:syslog
38        155 1068.5000 778.2950 812.0638 0.0000
8         M:ssh_in
31        155 2.0000 1.8200 0.6000 0.0000
8         M:www_in
31        155 1.0000 0.9100 0.3000 0.0000
14        M:cfengine_out
31        155 5.0000 4.5500 1.5000 0.0000
13        M:cfengine_in
31        155 1.0000 0.9100 0.3000 0.0000
9         M:loadavg
31        155 0.2126 0.1705 0.1909 0.0000
10        M:diskfree
34        155 60.5000 55.0550 18.2248 0.0000
12        M:otherprocs
33        155 26.0000 23.6600 7.8000 0.0000
11        M:rootprocs
36        155 113.5000 103.3900 33.7037 0.0000
7         M:users
31        155 8.0000 7.2800 2.4000 0.0000
# send QUERY complete successful
