# delta from 1679711478 to 1679711539 at 1679711539
22        CFR: 0 1679711538 1966
3         PRD
56        DBReportCollectAll,0.070321,0.304758,0.258028,1679711479
60        Packing reports: delta,0.046798,0.070171,0.062822,1679711479
3         EXS
16        f,285,1679711306
3         MOM
15        M:entropy_avail
38        1470 153.0000 107.1000 128.0090 0.0000
12        M:mem_cached
38        1470 3650.4102 2555.2871 0.0000 0.0000
10        M:mem_free
39        1470 11253.5352 7877.4746 0.0000 0.0000
11        M:mem_total
40        1470 15817.1836 11072.0285 0.0000 0.0000
16        M:io_writtendata
32        1470 0.2295 0.1606 0.1920 0.0000
11        M:io_writes
33        1470 10.0000 7.0000 8.3666 0.0000
13        M:postgres_in
32        1470 1.0000 0.7000 0.8367 0.0000
6         M:cpu3
32        1470 0.8742 0.6119 0.7314 0.0000
6         M:cpu2
35        1470 22.9620 16.0734 19.2114 0.0000
6         M:cpu1
32        1470 1.2750 0.8925 1.0668 0.0000
6         M:cpu0
32        1470 2.9127 2.0389 2.4369 0.0000
5         M:cpu
32        1470 7.0058 4.9040 5.8615 0.0000
8         M:syslog
41        1470 1531.0000 1071.7000 1280.9265 0.0000
8         M:ssh_in
32        1470 3.0000 2.1000 2.5100 0.0000
8         M:www_in
32        1470 1.0000 0.7000 0.8367 0.0000
14        M:cfengine_out
32        1470 5.0000 3.5000 4.1833 0.0000
13        M:cfengine_in
32        1470 1.0000 0.7000 0.8367 0.0000
9         M:loadavg
32        1470 0.2236 0.1565 0.1871 0.0000
10        M:diskfree
35        1470 51.0000 35.7000 42.6697 0.0000
12        M:otherprocs
35        1470 26.0000 18.2000 21.7532 0.0000
11        M:rootprocs
36        1470 113.0000 79.1000 94.5426 0.0000
7         M:users
32        1470 8.0000 5.6000 6.6933 0.0000
3         MOY
15        M:entropy_avail
36        155 323.0000 297.6050 79.9482 0.0000
12        M:mem_cached
39        155 2526.1133 2298.4965 696.2697 0.0000
16        M:io_writtendata
31        155 0.2939 0.2241 0.2132 0.0000
11        M:io_writes
34        155 16.0000 12.2500 11.5973 0.0000
13        M:postgres_in
31        155 1.0000 0.9100 0.3000 0.0000
6         M:cpu3
31        155 9.2585 6.6064 9.9586 0.0000
6         M:cpu2
31        155 1.2023 0.9735 0.7040 0.0000
6         M:cpu1
33        155 11.0003 7.8207 12.0038 0.0000
6         M:cpu0
31        155 5.6586 4.0823 5.7035 0.0000
5         M:cpu
31        155 8.5900 6.1378 9.1662 0.0000
8         M:syslog
38        155 1068.5000 778.2950 812.0638 0.0000
8         M:ssh_in
31        155 2.0000 1.8200 0.6000 0.0000
8         M:www_in
31        155 1.0000 0.9100 0.3000 0.0000
14        M:cfengine_out
31        155 5.0000 4.5500 1.5000 0.0000
13        M:cfengine_in
31        155 1.0000 0.9100 0.3000 0.0000
9         M:loadavg
31        155 0.2126 0.1705 0.1909 0.0000
10        M:diskfree
34        155 60.5000 55.0550 18.2248 0.0000
12        M:otherprocs
33        155 26.0000 23.6600 7.8000 0.0000
11        M:rootprocs
36        155 113.5000 103.3900 33.7037 0.0000
7         M:users
31        155 8.0000 7.2800 2.4000 0.0000
# send QUERY complete successful
