# delta from 1679732958 to 1679733019 at 1679733019
22        CFR: 0 1679733018 1965
3         PRD
56        DBReportCollectAll,0.079428,0.371930,0.442077,1679732959
60        Packing reports: delta,0.055323,0.143971,0.151376,1679732960
3         EXS
16        f,288,1679732915
3         MOM
15        M:entropy_avail
35        1541 77.0000 96.1100 63.7000 0.0000
12        M:mem_cached
40        1541 3836.0703 3490.7231 963.1274 0.0000
10        M:mem_free
38        1541 7728.4484 7728.4484 0.0000 0.0000
11        M:mem_total
40        1541 11072.0285 11072.0285 0.0000 0.0000
16        M:io_writtendata
32        1541 0.1729 0.2137 0.1361 0.0000
11        M:io_writes
34        1541 12.0000 13.4400 4.8000 0.0000
13        M:postgres_in
32        1541 1.0000 0.9100 0.3000 0.0000
6         M:cpu3
32        1541 8.9701 8.7205 0.8321 0.0000
6         M:cpu2
32        1541 7.3888 5.3292 5.7543 0.0000
6         M:cpu1
35        1541 38.0091 29.2039 25.2022 0.0000
6         M:cpu0
32        1541 3.0891 2.4655 1.8606 0.0000
5         M:cpu
34        1541 14.3719 11.4361 8.7205 0.0000
8         M:syslog
38        1541 167.0000 388.4300 738.1000 0.0000
8         M:ssh_in
32        1541 2.0000 1.8200 0.6000 0.0000
8         M:www_in
32        1541 1.0000 0.9100 0.3000 0.0000
14        M:cfengine_out
32        1541 5.0000 4.5500 1.5000 0.0000
13        M:cfengine_in
32        1541 1.0000 0.9100 0.3000 0.0000
9         M:loadavg
32        1541 0.7480 0.5472 0.5624 0.0000
10        M:diskfree
35        1541 49.0000 44.5900 14.7000 0.0000
12        M:otherprocs
35        1541 35.0000 29.9600 18.4263 0.0000
11        M:rootprocs
37        1541 116.0000 105.1400 36.2000 0.0000
7         M:users
32        1541 8.0000 7.2800 2.4000 0.0000
3         MOY
15        M:entropy_avail
36        155 323.0000 297.6050 79.9482 0.0000
12        M:mem_cached
39        155 2526.1133 2298.4965 696.2697 0.0000
16        M:io_writtendata
31        155 0.2939 0.2241 0.2132 0.0000
11        M:io_writes
34        155 16.0000 12.2500 11.5973 0.0000
13        M:postgres_in
31        155 1.0000 0.9100 0.3000 0.0000
6         M:cpu3
31        155 9.2585 6.6064 9.9586 0.0000
6         M:cpu2
31        155 1.2023 0.9735 0.7040 0.0000
6         M:cpu1
33        155 11.0003 7.8207 12.0038 0.0000
6         M:cpu0
31        155 5.6586 4.0823 5.7035 0.0000
5         M:cpu
31        155 8.5900 6.1378 9.1662 0.0000
8         M:syslog
38        155 1068.5000 778.2950 812.0638 0.0000
8         M:ssh_in
31        155 2.0000 1.8200 0.6000 0.0000
8         M:www_in
31        155 1.0000 0.9100 0.3000 0.0000
14        M:cfengine_out
31        155 5.0000 4.5500 1.5000 0.0000
13        M:cfengine_in
31        155 1.0000 0.9100 0.3000 0.0000
9         M:loadavg
31        155 0.2126 0.1705 0.1909 0.0000
10        M:diskfree
34        155 60.5000 55.0550 18.2248 0.0000
12        M:otherprocs
33        155 26.0000 23.6600 7.8000 0.0000
11        M:rootprocs
36        155 113.5000 103.3900 33.7037 0.0000
7         M:users
31        155 8.0000 7.2800 2.4000 0.0000
# send QUERY complete successful
