# delta from 1679727258 to 1679727319 at 1679727319
22        CFR: 0 1679727318 1962
3         PRD
56        DBReportCollectAll,0.046327,0.309147,0.289469,1679727259
60        Packing reports: delta,0.024602,0.060527,0.059253,1679727259
3         EXS
16        f,317,1679727224
3         MOM
15        M:entropy_avail
35        1522 73.0000 85.7500 42.5000 0.0000
12        M:mem_cached
40        1522 3785.8359 3445.0787 950.3265 0.0000
10        M:mem_free
40        1522 10999.1797 10032.2182 0.0000 0.0000
11        M:mem_total
40        1522 15817.1836 14393.6371 0.0000 0.0000
16        M:io_writtendata
32        1522 0.0967 0.0966 0.0003 0.0000
11        M:io_writes
32        1522 8.0000 7.2800 2.4000 0.0000
13        M:postgres_in
32        1522 1.0000 0.9100 0.3000 0.0000
6         M:cpu3
32        1522 1.0066 0.8167 0.5833 0.0000
6         M:cpu2
32        1522 1.7731 1.3771 1.1434 0.0000
6         M:cpu1
35        1522 36.3351 25.6115 29.9093 0.0000
6         M:cpu0
32        1522 5.4701 3.9788 4.1716 0.0000
5         M:cpu
33        1522 11.1367 7.9390 8.9233 0.0000
8         M:syslog
37        1522 167.0000 147.3500 65.5000 0.0000
8         M:ssh_in
32        1522 2.0000 1.8200 0.6000 0.0000
8         M:www_in
32        1522 2.0000 1.6100 1.1803 0.0000
14        M:cfengine_out
32        1522 5.0000 4.5500 1.5000 0.0000
13        M:cfengine_in
32        1522 1.0000 0.9100 0.3000 0.0000
9         M:loadavg
32        1522 0.7168 0.5135 0.5674 0.0000
10        M:diskfree
35        1522 50.0000 45.5000 15.0000 0.0000
12        M:otherprocs
34        1522 26.0000 23.6600 7.8000 0.0000
11        M:rootprocs
37        1522 118.0000 106.5400 38.2000 0.0000
7         M:users
32        1522 8.0000 7.2800 2.4000 0.0000
3         MOY
15        M:entropy_avail
36        155 323.0000 297.6050 79.9482 0.0000
12        M:mem_cached
39        155 2526.1133 2298.4965 696.2697 0.0000
16        M:io_writtendata
31        155 0.2939 0.2241 0.2132 0.0000
11        M:io_writes
34        155 16.0000 12.2500 11.5973 0.0000
13        M:postgres_in
31        155 1.0000 0.9100 0.3000 0.0000
6         M:cpu3
31        155 9.2585 6.6064 9.9586 0.0000
6         M:cpu2
31        155 1.2023 0.9735 0.7040 0.0000
6         M:cpu1
33        155 11.0003 7.8207 12.0038 0.0000
6         M:cpu0
31        155 5.6586 4.0823 5.7035 0.0000
5         M:cpu
31        155 8.5900 6.1378 9.1662 0.0000
8         M:syslog
38        155 1068.5000 778.2950 812.0638 0.0000
8         M:ssh_in
31        155 2.0000 1.8200 0.6000 0.0000
8         M:www_in
31        155 1.0000 0.9100 0.3000 0.0000
14        M:cfengine_out
31        155 5.0000 4.5500 1.5000 0.0000
13        M:cfengine_in
31        155 1.0000 0.9100 0.3000 0.0000
9         M:loadavg
31        155 0.2126 0.1705 0.1909 0.0000
10        M:diskfree
34        155 60.5000 55.0550 18.2248 0.0000
12        M:otherprocs
33        155 26.0000 23.6600 7.8000 0.0000
11        M:rootprocs
36        155 113.5000 103.3900 33.7037 0.0000
7         M:users
31        155 8.0000 7.2800 2.4000 0.0000
# send QUERY complete successful
