# delta from 1679674158 to 1679674219 at 1679674219
22        CFR: 0 1679674218 1974
3         PRD
56        DBReportCollectAll,0.076458,0.372372,0.345183,1679674159
60        Packing reports: delta,0.045742,0.152972,0.129264,1679674159
3         EXS
16        f,287,1679674115
3         MOM
15        M:entropy_avail
37        1345 137.0000 98.8400 106.6164 0.0000
12        M:mem_cached
40        1345 3329.3984 3029.2259 837.1411 0.0000
10        M:mem_free
38        1345 8163.3973 8163.3973 0.0000 0.0000
11        M:mem_total
40        1345 11072.0285 11072.0285 0.0000 0.0000
16        M:io_writtendata
32        1345 0.4072 0.3052 0.2880 0.0000
11        M:io_writes
35        1345 20.0000 14.8400 14.5068 0.0000
13        M:postgres_in
32        1345 1.0000 0.9100 0.3000 0.0000
6         M:cpu3
32        1345 2.0980 1.6232 1.3665 0.0000
6         M:cpu2
35        1345 16.5942 11.7351 13.5539 0.0000
6         M:cpu1
32        1345 6.8474 4.9446 5.3169 0.0000
6         M:cpu0
35        1345 16.7529 11.8773 13.6014 0.0000
5         M:cpu
35        1345 16.0687 11.3909 13.0495 0.0000
8         M:syslog
41        1345 1802.0000 1291.8500 1424.2912 0.0000
8         M:ssh_in
32        1345 2.0000 1.8200 0.6000 0.0000
8         M:www_in
32        1345 1.0000 0.9100 0.3000 0.0000
14        M:cfengine_out
32        1345 5.0000 4.5500 1.5000 0.0000
13        M:cfengine_in
32        1345 1.0000 0.9100 0.3000 0.0000
9         M:loadavg
32        1345 0.5527 0.4193 0.3787 0.0000
10        M:diskfree
35        1345 55.0000 50.0500 16.5000 0.0000
12        M:otherprocs
34        1345 26.0000 23.6600 7.8000 0.0000
11        M:rootprocs
37        1345 114.0000 103.9500 33.5000 0.0000
7         M:users
32        1345 8.0000 7.2800 2.4000 0.0000
3         MOY
15        M:entropy_avail
36        155 326.0000 300.0200 82.1068 0.0000
12        M:mem_cached
39        155 2518.4746 2291.5080 694.0815 0.0000
16        M:io_writtendata
31        155 0.2979 0.2256 0.2212 0.0000
11        M:io_writes
34        155 15.0000 11.3400 11.1825 0.0000
13        M:postgres_in
31        155 1.0000 0.9100 0.3000 0.0000
6         M:cpu3
31        155 1.6576 1.2887 1.1079 0.0000
6         M:cpu2
31        155 8.8769 6.3252 9.5975 0.0000
6         M:cpu1
31        155 4.0748 2.9834 3.8038 0.0000
6         M:cpu0
31        155 9.0086 6.4323 9.6344 0.0000
5         M:cpu
31        155 8.6523 6.1804 9.2437 0.0000
8         M:syslog
40        155 1432.0000 1032.7450 2103.9943 0.0000
8         M:ssh_in
31        155 2.0000 1.8200 0.6000 0.0000
8         M:www_in
31        155 1.0000 0.9100 0.3000 0.0000
14        M:cfengine_out
31        155 5.0000 4.5500 1.5000 0.0000
13        M:cfengine_in
31        155 1.0000 0.9100 0.3000 0.0000
9         M:loadavg
31        155 0.2974 0.2359 0.2689 0.0000
10        M:diskfree
34        155 60.5000 55.0550 18.2248 0.0000
12        M:otherprocs
33        155 26.0000 23.6600 7.8000 0.0000
11        M:rootprocs
36        155 114.0000 103.8450 33.8518 0.0000
7         M:users
31        155 8.0000 7.2800 2.4000 0.0000
# send QUERY complete successful
