# delta from 1679661618 to 1679661679 at 1679661679
22        CFR: 0 1679661678 2184
3         PRD
56        DBReportCollectAll,0.254098,0.476499,0.341336,1679661619
60        Packing reports: delta,0.173948,0.287401,0.209920,1679661619
83        Sample(/proc/sys/kernel/random/entropy_avail),0.005723,0.003275,0.002609,1679661676
3         EXS
16        f,255,1679661518
3         MOM
15        M:entropy_avail
41        1304 1507.0000 1054.9000 1260.8467 0.0000
12        M:mem_cached
38        1304 3209.1562 2246.4094 0.0000 0.0000
10        M:mem_free
39        1304 11808.9727 8266.2809 0.0000 0.0000
11        M:mem_total
40        1304 15817.1836 11072.0285 0.0000 0.0000
16        M:io_writtendata
32        1304 0.3975 0.2782 0.3325 0.0000
11        M:io_writes
35        1304 16.0000 11.2000 13.3866 0.0000
13        M:postgres_in
32        1304 1.0000 0.7000 0.8367 0.0000
6         M:cpu3
32        1304 5.3860 3.7702 4.5063 0.0000
6         M:cpu2
32        1304 5.3745 3.7622 4.4967 0.0000
6         M:cpu1
32        1304 5.9266 4.1486 4.9585 0.0000
6         M:cpu0
32        1304 5.4798 3.8359 4.5847 0.0000
5         M:cpu
32        1304 5.5433 3.8803 4.6379 0.0000
8         M:syslog
38        1304 145.0000 101.5000 121.3157 0.0000
8         M:ssh_in
32        1304 2.0000 1.4000 1.6733 0.0000
8         M:www_in
32        1304 1.0000 0.7000 0.8367 0.0000
14        M:cfengine_out
32        1304 5.0000 3.5000 4.1833 0.0000
13        M:cfengine_in
32        1304 1.0000 0.7000 0.8367 0.0000
9         M:loadavg
32        1304 0.3843 0.2690 0.3215 0.0000
10        M:diskfree
35        1304 56.0000 39.2000 46.8530 0.0000
12        M:otherprocs
35        1304 26.0000 18.2000 21.7532 0.0000
11        M:rootprocs
36        1304 113.0000 79.1000 94.5426 0.0000
7         M:users
32        1304 8.0000 5.6000 6.6933 0.0000
3         MOY
15        M:entropy_avail
37        155 956.5000 899.2900 239.3838 0.0000
12        M:mem_cached
39        155 2444.9004 2224.7170 671.4100 0.0000
16        M:io_writtendata
31        155 0.9365 0.9361 0.1306 0.0000
13        M:io_readdata
31        155 0.0034 0.0237 0.1037 0.0000
11        M:io_writes
33        155 24.0000 21.8400 6.7634 0.0000
13        M:postgres_in
31        155 1.0000 0.9100 0.3000 0.0000
6         M:cpu3
34        155 22.3530 19.4789 12.9401 0.0000
6         M:cpu2
33        155 8.1117 10.9255 13.8492 0.0000
6         M:cpu1
34        155 30.9730 26.0574 23.0851 0.0000
6         M:cpu0
33        155 8.7018 11.4627 13.6796 0.0000
5         M:cpu
33        155 17.5788 17.0119 2.1176 0.0000
8         M:syslog
40        155 5028.4671 4634.2920 7134.1788 0.0000
9         M:ssh_out
31        155 4.5000 3.6750 3.6349 0.0000
8         M:ssh_in
31        155 3.0000 2.6250 1.5455 0.0000
9         M:www_out
31        155 1.0000 0.7000 1.1832 0.0000
8         M:www_in
31        155 1.0000 0.9100 0.3000 0.0000
14        M:cfengine_out
31        155 5.0000 4.5500 1.5000 0.0000
13        M:cfengine_in
31        155 1.0000 0.9100 0.3000 0.0000
9         M:loadavg
31        155 0.7024 0.5940 0.5291 0.0000
10        M:diskfree
34        155 61.0000 55.5100 18.3614 0.0000
12        M:otherprocs
33        155 28.5000 25.8300 8.9677 0.0000
11        M:rootprocs
36        155 117.5000 113.3300 24.6028 0.0000
7         M:users
31        155 8.5000 7.7350 2.5544 0.0000
# send QUERY complete successful
