# delta from 1679661018 to 1679661080 at 1679661080
22        CFR: 0 1679661079 2196
3         PRD
56        DBReportCollectAll,0.913897,0.794087,0.534313,1679661019
60        Packing reports: delta,0.109477,0.359351,0.417100,1679661019
83        Sample(/proc/sys/kernel/random/entropy_avail),0.004570,0.002088,0.001997,1679661075
3         EXS
16        f,108,1679660977
3         MOM
15        M:entropy_avail
41        1302 1564.0000 1094.8000 1308.5363 0.0000
12        M:mem_cached
38        1302 3201.7422 2241.2195 0.0000 0.0000
10        M:mem_free
39        1302 11796.5508 8257.5855 0.0000 0.0000
11        M:mem_total
40        1302 15817.1836 11072.0285 0.0000 0.0000
16        M:io_writtendata
32        1302 0.4180 0.2926 0.3497 0.0000
11        M:io_writes
35        1302 18.0000 12.6000 15.0599 0.0000
13        M:postgres_in
32        1302 1.0000 0.7000 0.8367 0.0000
6         M:cpu3
33        1302 11.1457 7.8020 9.3252 0.0000
6         M:cpu2
34        1302 13.7410 9.6187 11.4966 0.0000
6         M:cpu1
33        1302 10.8137 7.5696 9.0474 0.0000
6         M:cpu0
35        1302 14.3233 10.0263 11.9837 0.0000
5         M:cpu
34        1302 12.5093 8.7565 10.4660 0.0000
8         M:syslog
40        1302 15063.0000 10544.1000 0.0000 0.0000
8         M:ssh_in
32        1302 3.0000 2.1000 2.5100 0.0000
8         M:www_in
32        1302 1.0000 0.7000 0.8367 0.0000
14        M:cfengine_out
32        1302 6.0000 4.2000 5.0200 0.0000
13        M:cfengine_in
32        1302 1.0000 0.7000 0.8367 0.0000
9         M:loadavg
32        1302 0.4536 0.3175 0.3795 0.0000
10        M:diskfree
35        1302 56.0000 39.2000 46.8530 0.0000
12        M:otherprocs
35        1302 30.0000 21.0000 25.0998 0.0000
11        M:rootprocs
37        1302 123.0000 86.1000 102.9092 0.0000
7         M:users
32        1302 9.0000 6.3000 7.5299 0.0000
3         MOY
15        M:entropy_avail
37        155 956.5000 899.2900 239.3838 0.0000
12        M:mem_cached
39        155 2444.9004 2224.7170 671.4100 0.0000
16        M:io_writtendata
31        155 0.9365 0.9361 0.1306 0.0000
13        M:io_readdata
31        155 0.0034 0.0237 0.1037 0.0000
11        M:io_writes
33        155 24.0000 21.8400 6.7634 0.0000
13        M:postgres_in
31        155 1.0000 0.9100 0.3000 0.0000
6         M:cpu3
34        155 22.3530 19.4789 12.9401 0.0000
6         M:cpu2
33        155 8.1117 10.9255 13.8492 0.0000
6         M:cpu1
34        155 30.9730 26.0574 23.0851 0.0000
6         M:cpu0
33        155 8.7018 11.4627 13.6796 0.0000
5         M:cpu
33        155 17.5788 17.0119 2.1176 0.0000
8         M:syslog
40        155 5028.4671 4634.2920 7134.1788 0.0000
9         M:ssh_out
31        155 4.5000 3.6750 3.6349 0.0000
8         M:ssh_in
31        155 3.0000 2.6250 1.5455 0.0000
9         M:www_out
31        155 1.0000 0.7000 1.1832 0.0000
8         M:www_in
31        155 1.0000 0.9100 0.3000 0.0000
14        M:cfengine_out
31        155 5.0000 4.5500 1.5000 0.0000
13        M:cfengine_in
31        155 1.0000 0.9100 0.3000 0.0000
9         M:loadavg
31        155 0.7024 0.5940 0.5291 0.0000
10        M:diskfree
34        155 61.0000 55.5100 18.3614 0.0000
12        M:otherprocs
33        155 28.5000 25.8300 8.9677 0.0000
11        M:rootprocs
36        155 117.5000 113.3300 24.6028 0.0000
7         M:users
31        155 8.5000 7.7350 2.5544 0.0000
# send QUERY complete successful
