# delta from 1679677278 to 1679677339 at 1679677339
22        CFR: 0 1679677338 2037
3         PRD
56        DBReportCollectAll,0.093883,0.407501,0.320057,1679677279
60        Packing reports: delta,0.065626,0.237151,0.225006,1679677279
83        Sample(/proc/sys/kernel/random/entropy_avail),0.004679,0.002189,0.002014,1679677306
3         EXS
16        f,287,1679677099
3         MOM
15        M:entropy_avail
33        1356 10.0000 7.0000 8.3666 0.0000
12        M:mem_cached
38        1356 3340.0273 2338.0191 0.0000 0.0000
10        M:mem_free
39        1356 11635.5742 8144.9020 0.0000 0.0000
11        M:mem_total
40        1356 15817.1836 11072.0285 0.0000 0.0000
16        M:io_writtendata
32        1356 0.0762 0.0533 0.0637 0.0000
11        M:io_writes
32        1356 4.0000 2.8000 3.3466 0.0000
13        M:postgres_in
32        1356 1.0000 0.7000 0.8367 0.0000
6         M:cpu3
32        1356 0.6696 0.4687 0.5602 0.0000
6         M:cpu2
32        1356 0.7962 0.5573 0.6661 0.0000
6         M:cpu1
32        1356 0.5942 0.4159 0.4971 0.0000
6         M:cpu0
32        1356 0.6212 0.4349 0.5198 0.0000
5         M:cpu
32        1356 0.6669 0.4668 0.5580 0.0000
8         M:syslog
38        1356 145.0000 101.5000 121.3157 0.0000
8         M:ssh_in
32        1356 2.0000 1.4000 1.6733 0.0000
8         M:www_in
32        1356 1.0000 0.7000 0.8367 0.0000
14        M:cfengine_out
32        1356 5.0000 3.5000 4.1833 0.0000
13        M:cfengine_in
32        1356 1.0000 0.7000 0.8367 0.0000
9         M:loadavg
32        1356 0.0264 0.0185 0.0221 0.0000
10        M:diskfree
35        1356 55.0000 38.5000 46.0163 0.0000
12        M:otherprocs
35        1356 26.0000 18.2000 21.7532 0.0000
11        M:rootprocs
36        1356 113.0000 79.1000 94.5426 0.0000
7         M:users
32        1356 8.0000 5.6000 6.6933 0.0000
3         MOY
15        M:entropy_avail
36        155 326.0000 300.0200 82.1068 0.0000
12        M:mem_cached
39        155 2518.4746 2291.5080 694.0815 0.0000
16        M:io_writtendata
31        155 0.2979 0.2256 0.2212 0.0000
11        M:io_writes
34        155 15.0000 11.3400 11.1825 0.0000
13        M:postgres_in
31        155 1.0000 0.9100 0.3000 0.0000
6         M:cpu3
31        155 1.6576 1.2887 1.1079 0.0000
6         M:cpu2
31        155 8.8769 6.3252 9.5975 0.0000
6         M:cpu1
31        155 4.0748 2.9834 3.8038 0.0000
6         M:cpu0
31        155 9.0086 6.4323 9.6344 0.0000
5         M:cpu
31        155 8.6523 6.1804 9.2437 0.0000
8         M:syslog
40        155 1432.0000 1032.7450 2103.9943 0.0000
8         M:ssh_in
31        155 2.0000 1.8200 0.6000 0.0000
8         M:www_in
31        155 1.0000 0.9100 0.3000 0.0000
14        M:cfengine_out
31        155 5.0000 4.5500 1.5000 0.0000
13        M:cfengine_in
31        155 1.0000 0.9100 0.3000 0.0000
9         M:loadavg
31        155 0.2974 0.2359 0.2689 0.0000
10        M:diskfree
34        155 60.5000 55.0550 18.2248 0.0000
12        M:otherprocs
33        155 26.0000 23.6600 7.8000 0.0000
11        M:rootprocs
36        155 114.0000 103.8450 33.8518 0.0000
7         M:users
31        155 8.0000 7.2800 2.4000 0.0000
# send QUERY complete successful
