# delta from 1679682858 to 1679682919 at 1679682919
22        CFR: 0 1679682918 2090
3         PRD
56        DBReportCollectAll,0.059901,0.358765,0.338181,1679682859
60        Packing reports: delta,0.030848,0.101317,0.094520,1679682859
83        Sample(/proc/sys/kernel/random/entropy_avail),0.005063,0.002564,0.002786,1679682866
3         EXS
16        f,278,1679682790
3         MOM
15        M:entropy_avail
36        1374 129.0000 95.3400 94.5153 0.0000
12        M:mem_cached
40        1374 3390.5117 3084.8645 852.4095 0.0000
10        M:mem_free
38        1374 8068.4543 8068.4543 0.0000 0.0000
11        M:mem_total
40        1374 11072.0285 11072.0285 0.0000 0.0000
16        M:io_writtendata
32        1374 0.2080 0.1598 0.1381 0.0000
11        M:io_writes
33        1374 10.0000 7.8400 6.2967 0.0000
13        M:postgres_in
32        1374 1.0000 0.9100 0.3000 0.0000
6         M:cpu3
35        1374 14.3460 10.2360 11.4702 0.0000
6         M:cpu2
32        1374 1.2101 1.6553 1.4842 0.0000
6         M:cpu1
35        1374 26.2462 19.3163 19.4359 0.0000
6         M:cpu0
32        1374 1.2156 1.9039 2.2942 0.0000
5         M:cpu
33        1374 12.9980 9.8483 8.9353 0.0000
8         M:syslog
38        1374 859.0000 666.8200 554.7072 0.0000
9         M:ssh_out
32        1374 0.0000 1.0500 3.7182 0.0000
8         M:ssh_in
32        1374 2.0000 1.8200 0.6000 0.0000
8         M:www_in
32        1374 1.0000 0.9100 0.3000 0.0000
14        M:cfengine_out
32        1374 5.0000 4.7600 0.8000 0.0000
13        M:cfengine_in
32        1374 1.0000 0.9100 0.3000 0.0000
9         M:loadavg
32        1374 0.2808 0.2485 0.1075 0.0000
10        M:diskfree
35        1374 54.0000 49.1400 16.2000 0.0000
12        M:otherprocs
34        1374 26.0000 23.6600 7.8000 0.0000
11        M:rootprocs
37        1374 114.0000 104.3700 32.1000 0.0000
7         M:users
32        1374 8.0000 7.2800 2.4000 0.0000
3         MOY
15        M:entropy_avail
36        155 323.0000 297.6050 79.9482 0.0000
12        M:mem_cached
39        155 2526.1133 2298.4965 696.2697 0.0000
16        M:io_writtendata
31        155 0.2939 0.2241 0.2132 0.0000
11        M:io_writes
34        155 16.0000 12.2500 11.5973 0.0000
13        M:postgres_in
31        155 1.0000 0.9100 0.3000 0.0000
6         M:cpu3
31        155 9.2585 6.6064 9.9586 0.0000
6         M:cpu2
31        155 1.2023 0.9735 0.7040 0.0000
6         M:cpu1
33        155 11.0003 7.8207 12.0038 0.0000
6         M:cpu0
31        155 5.6586 4.0823 5.7035 0.0000
5         M:cpu
31        155 8.5900 6.1378 9.1662 0.0000
8         M:syslog
38        155 1068.5000 778.2950 812.0638 0.0000
8         M:ssh_in
31        155 2.0000 1.8200 0.6000 0.0000
8         M:www_in
31        155 1.0000 0.9100 0.3000 0.0000
14        M:cfengine_out
31        155 5.0000 4.5500 1.5000 0.0000
13        M:cfengine_in
31        155 1.0000 0.9100 0.3000 0.0000
9         M:loadavg
31        155 0.2126 0.1705 0.1909 0.0000
10        M:diskfree
34        155 60.5000 55.0550 18.2248 0.0000
12        M:otherprocs
33        155 26.0000 23.6600 7.8000 0.0000
11        M:rootprocs
36        155 113.5000 103.3900 33.7037 0.0000
7         M:users
31        155 8.0000 7.2800 2.4000 0.0000
# send QUERY complete successful
