# delta from 1679685678 to 1679685739 at 1679685739
22        CFR: 0 1679685738 2039
3         PRD
56        DBReportCollectAll,0.051689,0.339896,0.382332,1679685679
60        Packing reports: delta,0.031678,0.100348,0.102303,1679685679
83        Sample(/proc/sys/kernel/random/entropy_avail),0.007545,0.005692,0.012214,1679685722
3         EXS
16        f,287,1679685498
3         MOM
15        M:entropy_avail
35        1384 19.0000 13.3000 15.8965 0.0000
12        M:mem_cached
38        1384 3413.3750 2389.3625 0.0000 0.0000
10        M:mem_free
39        1384 11541.3750 8078.9625 0.0000 0.0000
11        M:mem_total
40        1384 15817.1836 11072.0285 0.0000 0.0000
16        M:io_writtendata
32        1384 0.0469 0.0328 0.0392 0.0000
11        M:io_writes
32        1384 4.0000 2.8000 3.3466 0.0000
13        M:postgres_in
32        1384 1.0000 0.7000 0.8367 0.0000
6         M:cpu3
32        1384 0.4069 0.2848 0.3404 0.0000
6         M:cpu2
32        1384 0.4669 0.3268 0.3906 0.0000
6         M:cpu1
32        1384 0.4734 0.3314 0.3961 0.0000
6         M:cpu0
32        1384 0.4869 0.3408 0.4074 0.0000
5         M:cpu
32        1384 0.4635 0.3245 0.3878 0.0000
8         M:syslog
38        1384 145.0000 101.5000 121.3157 0.0000
8         M:ssh_in
32        1384 2.0000 1.4000 1.6733 0.0000
8         M:www_in
32        1384 1.0000 0.7000 0.8367 0.0000
14        M:cfengine_out
32        1384 5.0000 3.5000 4.1833 0.0000
13        M:cfengine_in
32        1384 1.0000 0.7000 0.8367 0.0000
9         M:loadavg
32        1384 0.0605 0.0424 0.0507 0.0000
10        M:diskfree
35        1384 54.0000 37.8000 45.1796 0.0000
12        M:otherprocs
35        1384 26.0000 18.2000 21.7532 0.0000
11        M:rootprocs
36        1384 115.0000 80.5000 96.2159 0.0000
7         M:users
32        1384 8.0000 5.6000 6.6933 0.0000
3         MOY
15        M:entropy_avail
36        155 323.0000 297.6050 79.9482 0.0000
12        M:mem_cached
39        155 2526.1133 2298.4965 696.2697 0.0000
16        M:io_writtendata
31        155 0.2939 0.2241 0.2132 0.0000
11        M:io_writes
34        155 16.0000 12.2500 11.5973 0.0000
13        M:postgres_in
31        155 1.0000 0.9100 0.3000 0.0000
6         M:cpu3
31        155 9.2585 6.6064 9.9586 0.0000
6         M:cpu2
31        155 1.2023 0.9735 0.7040 0.0000
6         M:cpu1
33        155 11.0003 7.8207 12.0038 0.0000
6         M:cpu0
31        155 5.6586 4.0823 5.7035 0.0000
5         M:cpu
31        155 8.5900 6.1378 9.1662 0.0000
8         M:syslog
38        155 1068.5000 778.2950 812.0638 0.0000
8         M:ssh_in
31        155 2.0000 1.8200 0.6000 0.0000
8         M:www_in
31        155 1.0000 0.9100 0.3000 0.0000
14        M:cfengine_out
31        155 5.0000 4.5500 1.5000 0.0000
13        M:cfengine_in
31        155 1.0000 0.9100 0.3000 0.0000
9         M:loadavg
31        155 0.2126 0.1705 0.1909 0.0000
10        M:diskfree
34        155 60.5000 55.0550 18.2248 0.0000
12        M:otherprocs
33        155 26.0000 23.6600 7.8000 0.0000
11        M:rootprocs
36        155 113.5000 103.3900 33.7037 0.0000
7         M:users
31        155 8.0000 7.2800 2.4000 0.0000
# send QUERY complete successful
