# delta from 1679683458 to 1679683519 at 1679683519
22        CFR: 0 1679683518 2097
3         PRD
56        DBReportCollectAll,0.069851,0.371153,0.332025,1679683459
60        Packing reports: delta,0.074214,0.119028,0.089140,1679683459
83        Sample(/proc/sys/kernel/random/entropy_avail),0.005396,0.002912,0.002186,1679683467
3         EXS
16        f,289,1679683401
3         MOM
15        M:entropy_avail
36        1376 127.0000 93.7300 93.3823 0.0000
12        M:mem_cached
40        1376 3395.5469 3089.4391 853.6939 0.0000
10        M:mem_free
38        1376 8064.7437 8064.7437 0.0000 0.0000
11        M:mem_total
40        1376 11072.0285 11072.0285 0.0000 0.0000
16        M:io_writtendata
32        1376 0.2285 0.2034 0.0836 0.0000
11        M:io_writes
34        1376 12.0000 11.3400 2.2000 0.0000
13        M:postgres_in
32        1376 1.0000 0.9100 0.3000 0.0000
6         M:cpu3
32        1376 8.2746 5.9814 6.4086 0.0000
6         M:cpu2
33        1376 10.6546 8.0392 7.4032 0.0000
6         M:cpu1
35        1376 16.3997 12.3863 11.3665 0.0000
6         M:cpu0
35        1376 22.0662 15.7140 17.7250 0.0000
5         M:cpu
35        1376 14.3586 10.5366 10.7116 0.0000
8         M:syslog
41        1376 1795.0000 1286.9500 1418.4410 0.0000
9         M:ssh_out
32        1376 0.0000 1.0500 3.7182 0.0000
8         M:ssh_in
32        1376 2.0000 1.8200 0.6000 0.0000
8         M:www_in
32        1376 1.0000 0.9100 0.3000 0.0000
14        M:cfengine_out
32        1376 5.0000 4.7600 0.8000 0.0000
13        M:cfengine_in
32        1376 1.0000 0.9100 0.3000 0.0000
9         M:loadavg
32        1376 0.2832 0.2699 0.0443 0.0000
10        M:diskfree
35        1376 54.0000 49.1400 16.2000 0.0000
12        M:otherprocs
34        1376 26.0000 23.6600 7.8000 0.0000
11        M:rootprocs
37        1376 114.0000 104.3700 32.1000 0.0000
7         M:users
32        1376 8.0000 7.2800 2.4000 0.0000
3         MOY
15        M:entropy_avail
36        155 323.0000 297.6050 79.9482 0.0000
12        M:mem_cached
39        155 2526.1133 2298.4965 696.2697 0.0000
16        M:io_writtendata
31        155 0.2939 0.2241 0.2132 0.0000
11        M:io_writes
34        155 16.0000 12.2500 11.5973 0.0000
13        M:postgres_in
31        155 1.0000 0.9100 0.3000 0.0000
6         M:cpu3
31        155 9.2585 6.6064 9.9586 0.0000
6         M:cpu2
31        155 1.2023 0.9735 0.7040 0.0000
6         M:cpu1
33        155 11.0003 7.8207 12.0038 0.0000
6         M:cpu0
31        155 5.6586 4.0823 5.7035 0.0000
5         M:cpu
31        155 8.5900 6.1378 9.1662 0.0000
8         M:syslog
38        155 1068.5000 778.2950 812.0638 0.0000
8         M:ssh_in
31        155 2.0000 1.8200 0.6000 0.0000
8         M:www_in
31        155 1.0000 0.9100 0.3000 0.0000
14        M:cfengine_out
31        155 5.0000 4.5500 1.5000 0.0000
13        M:cfengine_in
31        155 1.0000 0.9100 0.3000 0.0000
9         M:loadavg
31        155 0.2126 0.1705 0.1909 0.0000
10        M:diskfree
34        155 60.5000 55.0550 18.2248 0.0000
12        M:otherprocs
33        155 26.0000 23.6600 7.8000 0.0000
11        M:rootprocs
36        155 113.5000 103.3900 33.7037 0.0000
7         M:users
31        155 8.0000 7.2800 2.4000 0.0000
# send QUERY complete successful
