# delta from 1679675658 to 1679675719 at 1679675719
22        CFR: 0 1679675718 1976
3         PRD
56        DBReportCollectAll,0.069747,0.371429,0.378766,1679675659
60        Packing reports: delta,0.067355,0.172511,0.194081,1679675659
3         EXS
16        f,288,1679675608
3         MOM
15        M:entropy_avail
36        1350 116.0000 82.6700 93.0083 0.0000
12        M:mem_cached
40        1350 3326.2031 3026.4027 836.1035 0.0000
10        M:mem_free
40        1350 11645.0156 10598.8312 0.0000 0.0000
11        M:mem_total
40        1350 15817.1836 14393.6371 0.0000 0.0000
16        M:io_writtendata
32        1350 0.2422 0.1909 0.1505 0.0000
11        M:io_writes
34        1350 14.0000 10.6400 9.5482 0.0000
13        M:postgres_in
32        1350 1.0000 0.9100 0.3000 0.0000
6         M:cpu3
32        1350 2.7919 2.0921 1.9748 0.0000
6         M:cpu2
35        1350 26.3207 18.5802 21.5899 0.0000
6         M:cpu1
34        1350 14.0530 9.9563 11.4280 0.0000
6         M:cpu0
35        1350 20.8160 14.7099 17.0318 0.0000
5         M:cpu
35        1350 15.9948 11.3346 13.0003 0.0000
8         M:syslog
41        1350 1795.0000 1286.9500 1418.4410 0.0000
8         M:ssh_in
32        1350 2.0000 1.8200 0.6000 0.0000
8         M:www_in
32        1350 1.0000 0.9100 0.3000 0.0000
14        M:cfengine_out
32        1350 5.0000 4.5500 1.5000 0.0000
13        M:cfengine_in
32        1350 1.0000 0.9100 0.3000 0.0000
9         M:loadavg
32        1350 0.4663 0.3360 0.3641 0.0000
10        M:diskfree
35        1350 55.0000 50.0500 16.5000 0.0000
12        M:otherprocs
34        1350 26.0000 23.6600 7.8000 0.0000
11        M:rootprocs
37        1350 114.0000 103.7400 34.2000 0.0000
7         M:users
32        1350 8.0000 7.2800 2.4000 0.0000
3         MOY
15        M:entropy_avail
36        155 326.0000 300.0200 82.1068 0.0000
12        M:mem_cached
39        155 2518.4746 2291.5080 694.0815 0.0000
16        M:io_writtendata
31        155 0.2979 0.2256 0.2212 0.0000
11        M:io_writes
34        155 15.0000 11.3400 11.1825 0.0000
13        M:postgres_in
31        155 1.0000 0.9100 0.3000 0.0000
6         M:cpu3
31        155 1.6576 1.2887 1.1079 0.0000
6         M:cpu2
31        155 8.8769 6.3252 9.5975 0.0000
6         M:cpu1
31        155 4.0748 2.9834 3.8038 0.0000
6         M:cpu0
31        155 9.0086 6.4323 9.6344 0.0000
5         M:cpu
31        155 8.6523 6.1804 9.2437 0.0000
8         M:syslog
40        155 1432.0000 1032.7450 2103.9943 0.0000
8         M:ssh_in
31        155 2.0000 1.8200 0.6000 0.0000
8         M:www_in
31        155 1.0000 0.9100 0.3000 0.0000
14        M:cfengine_out
31        155 5.0000 4.5500 1.5000 0.0000
13        M:cfengine_in
31        155 1.0000 0.9100 0.3000 0.0000
9         M:loadavg
31        155 0.2974 0.2359 0.2689 0.0000
10        M:diskfree
34        155 60.5000 55.0550 18.2248 0.0000
12        M:otherprocs
33        155 26.0000 23.6600 7.8000 0.0000
11        M:rootprocs
36        155 114.0000 103.8450 33.8518 0.0000
7         M:users
31        155 8.0000 7.2800 2.4000 0.0000
# send QUERY complete successful
