# delta from 1679669238 to 1679669299 at 1679669299
22        CFR: 0 1679669298 1950
3         PRD
56        DBReportCollectAll,0.164962,0.479254,0.550626,1679669239
60        Packing reports: delta,0.083113,0.135102,0.105450,1679669239
3         EXS
16        f,320,1679669033
3         MOM
15        M:entropy_avail
32        1329 6.0000 4.2000 5.0200 0.0000
12        M:mem_cached
38        1329 3280.4258 2296.2980 0.0000 0.0000
10        M:mem_free
39        1329 11724.1211 8206.8848 0.0000 0.0000
11        M:mem_total
40        1329 15817.1836 11072.0285 0.0000 0.0000
16        M:io_writtendata
32        1329 0.1172 0.0820 0.0980 0.0000
11        M:io_writes
32        1329 8.0000 5.6000 6.6933 0.0000
13        M:postgres_in
32        1329 1.0000 0.7000 0.8367 0.0000
6         M:cpu3
32        1329 0.5947 0.4163 0.4975 0.0000
6         M:cpu2
32        1329 0.8437 0.5906 0.7059 0.0000
6         M:cpu1
32        1329 0.7759 0.5431 0.6491 0.0000
6         M:cpu0
32        1329 0.7429 0.5200 0.6215 0.0000
5         M:cpu
32        1329 0.7425 0.5198 0.6213 0.0000
8         M:syslog
38        1329 145.0000 101.5000 121.3157 0.0000
8         M:ssh_in
32        1329 2.0000 1.4000 1.6733 0.0000
8         M:www_in
32        1329 1.0000 0.7000 0.8367 0.0000
14        M:cfengine_out
32        1329 5.0000 3.5000 4.1833 0.0000
13        M:cfengine_in
32        1329 1.0000 0.7000 0.8367 0.0000
9         M:loadavg
32        1329 0.0957 0.0670 0.0801 0.0000
10        M:diskfree
35        1329 55.0000 38.5000 46.0163 0.0000
12        M:otherprocs
35        1329 26.0000 18.2000 21.7532 0.0000
11        M:rootprocs
36        1329 115.0000 80.5000 96.2159 0.0000
7         M:users
32        1329 8.0000 5.6000 6.6933 0.0000
3         MOY
15        M:entropy_avail
36        155 423.0000 416.4300 32.5641 0.0000
12        M:mem_cached
39        155 2484.3203 2260.4222 683.7891 0.0000
16        M:io_writtendata
31        155 0.2417 0.1846 0.1679 0.0000
11        M:io_writes
32        155 13.0000 9.9400 9.0823 0.0000
13        M:postgres_in
31        155 1.0000 0.9100 0.3000 0.0000
6         M:cpu3
31        155 1.9659 1.4981 1.4496 0.0000
6         M:cpu2
31        155 6.8025 4.8838 7.1072 0.0000
6         M:cpu1
31        155 2.1684 1.6356 1.6646 0.0000
6         M:cpu0
33        155 10.6045 7.5325 11.5855 0.0000
5         M:cpu
31        155 8.6535 6.1752 9.2683 0.0000
8         M:syslog
37        155 923.0000 676.4450 700.5598 0.0000
8         M:ssh_in
31        155 2.0000 1.8200 0.6000 0.0000
8         M:www_in
31        155 1.0000 1.0150 0.3536 0.0000
14        M:cfengine_out
31        155 5.0000 4.5500 1.5000 0.0000
13        M:cfengine_in
31        155 1.0000 0.9100 0.3000 0.0000
9         M:loadavg
31        155 0.4209 0.3099 0.4592 0.0000
10        M:diskfree
34        155 61.0000 55.5100 18.3614 0.0000
12        M:otherprocs
33        155 26.0000 23.6600 7.8000 0.0000
11        M:rootprocs
36        155 116.0000 105.1400 36.2552 0.0000
7         M:users
31        155 8.0000 7.2800 2.4000 0.0000
# send QUERY complete successful
