# delta from 1679728158 to 1679728219 at 1679728219
22        CFR: 0 1679728218 1964
3         PRD
56        DBReportCollectAll,0.113240,0.371833,0.336093,1679728159
60        Packing reports: delta,0.027462,0.075414,0.065158,1679728159
3         EXS
16        f,289,1679728107
3         MOM
15        M:entropy_avail
35        1525 76.0000 88.4800 41.6000 0.0000
12        M:mem_cached
40        1525 3793.6719 3452.1659 952.4146 0.0000
10        M:mem_free
38        1525 7769.3766 7769.3766 0.0000 0.0000
11        M:mem_total
40        1525 11072.0285 11072.0285 0.0000 0.0000
16        M:io_writtendata
32        1525 0.1016 0.1156 0.0468 0.0000
11        M:io_writes
32        1525 8.0000 7.7000 1.0000 0.0000
13        M:postgres_in
32        1525 1.0000 0.9100 0.3000 0.0000
6         M:cpu3
32        1525 1.7001 1.4409 0.9068 0.0000
6         M:cpu2
34        1525 13.5644 10.4242 8.9892 0.0000
6         M:cpu1
32        1525 3.2977 4.3020 3.3476 0.0000
6         M:cpu0
35        1525 31.0017 23.9379 20.2958 0.0000
5         M:cpu
34        1525 14.1857 11.2815 8.6197 0.0000
8         M:syslog
38        1525 167.0000 389.6900 742.3000 0.0000
8         M:ssh_in
32        1525 2.0000 1.8200 0.6000 0.0000
8         M:www_in
32        1525 2.0000 1.6100 1.1803 0.0000
14        M:cfengine_out
32        1525 5.0000 4.5500 1.5000 0.0000
13        M:cfengine_in
32        1525 1.0000 0.9100 0.3000 0.0000
9         M:loadavg
32        1525 0.7578 0.5607 0.5536 0.0000
10        M:diskfree
35        1525 50.0000 45.5000 15.0000 0.0000
12        M:otherprocs
34        1525 26.0000 23.6600 7.8000 0.0000
11        M:rootprocs
37        1525 117.0000 105.8400 37.2000 0.0000
7         M:users
32        1525 8.0000 7.2800 2.4000 0.0000
3         MOY
15        M:entropy_avail
36        155 323.0000 297.6050 79.9482 0.0000
12        M:mem_cached
39        155 2526.1133 2298.4965 696.2697 0.0000
16        M:io_writtendata
31        155 0.2939 0.2241 0.2132 0.0000
11        M:io_writes
34        155 16.0000 12.2500 11.5973 0.0000
13        M:postgres_in
31        155 1.0000 0.9100 0.3000 0.0000
6         M:cpu3
31        155 9.2585 6.6064 9.9586 0.0000
6         M:cpu2
31        155 1.2023 0.9735 0.7040 0.0000
6         M:cpu1
33        155 11.0003 7.8207 12.0038 0.0000
6         M:cpu0
31        155 5.6586 4.0823 5.7035 0.0000
5         M:cpu
31        155 8.5900 6.1378 9.1662 0.0000
8         M:syslog
38        155 1068.5000 778.2950 812.0638 0.0000
8         M:ssh_in
31        155 2.0000 1.8200 0.6000 0.0000
8         M:www_in
31        155 1.0000 0.9100 0.3000 0.0000
14        M:cfengine_out
31        155 5.0000 4.5500 1.5000 0.0000
13        M:cfengine_in
31        155 1.0000 0.9100 0.3000 0.0000
9         M:loadavg
31        155 0.2126 0.1705 0.1909 0.0000
10        M:diskfree
34        155 60.5000 55.0550 18.2248 0.0000
12        M:otherprocs
33        155 26.0000 23.6600 7.8000 0.0000
11        M:rootprocs
36        155 113.5000 103.3900 33.7037 0.0000
7         M:users
31        155 8.0000 7.2800 2.4000 0.0000
# send QUERY complete successful
