# delta from 1679669058 to 1679669119 at 1679669119
22        CFR: 0 1679669118 1965
3         PRD
56        DBReportCollectAll,0.187671,0.542585,0.756379,1679669059
60        Packing reports: delta,0.118985,0.176242,0.324002,1679669059
3         EXS
16        f,320,1679669033
3         MOM
15        M:entropy_avail
36        1328 118.0000 85.1200 91.8627 0.0000
12        M:mem_cached
40        1328 3280.2188 2984.5077 824.6987 0.0000
10        M:mem_free
38        1328 8210.1879 8210.1879 0.0000 0.0000
11        M:mem_total
40        1328 11072.0285 11072.0285 0.0000 0.0000
16        M:io_writtendata
32        1328 0.2256 0.2094 0.0540 0.0000
11        M:io_writes
34        1328 10.0000 10.3600 1.2000 0.0000
13        M:postgres_in
32        1328 1.0000 0.9100 0.3000 0.0000
6         M:cpu3
32        1328 6.1159 4.4046 4.7801 0.0000
6         M:cpu2
32        1328 1.5902 1.2999 0.9064 0.0000
6         M:cpu1
35        1328 26.7401 18.8836 21.9136 0.0000
6         M:cpu0
32        1328 1.5542 1.2101 0.9960 0.0000
5         M:cpu
35        1328 15.9510 11.3156 12.9318 0.0000
8         M:syslog
40        1328 1313.0000 949.5500 1015.7893 0.0000
8         M:ssh_in
32        1328 2.0000 1.8200 0.6000 0.0000
8         M:www_in
32        1328 1.0000 0.9100 0.3000 0.0000
14        M:cfengine_out
32        1328 5.0000 4.5500 1.5000 0.0000
13        M:cfengine_in
32        1328 1.0000 0.9100 0.3000 0.0000
9         M:loadavg
32        1328 0.8091 0.5731 0.6582 0.0000
10        M:diskfree
35        1328 55.0000 50.0500 16.5000 0.0000
12        M:otherprocs
34        1328 26.0000 23.6600 7.8000 0.0000
11        M:rootprocs
37        1328 116.0000 105.1400 36.2000 0.0000
7         M:users
32        1328 8.0000 7.2800 2.4000 0.0000
3         MOY
15        M:entropy_avail
36        155 423.0000 416.4300 32.5641 0.0000
12        M:mem_cached
39        155 2484.3203 2260.4222 683.7891 0.0000
16        M:io_writtendata
31        155 0.2417 0.1846 0.1679 0.0000
11        M:io_writes
32        155 13.0000 9.9400 9.0823 0.0000
13        M:postgres_in
31        155 1.0000 0.9100 0.3000 0.0000
6         M:cpu3
31        155 1.9659 1.4981 1.4496 0.0000
6         M:cpu2
31        155 6.8025 4.8838 7.1072 0.0000
6         M:cpu1
31        155 2.1684 1.6356 1.6646 0.0000
6         M:cpu0
33        155 10.6045 7.5325 11.5855 0.0000
5         M:cpu
31        155 8.6535 6.1752 9.2683 0.0000
8         M:syslog
37        155 923.0000 676.4450 700.5598 0.0000
8         M:ssh_in
31        155 2.0000 1.8200 0.6000 0.0000
8         M:www_in
31        155 1.0000 1.0150 0.3536 0.0000
14        M:cfengine_out
31        155 5.0000 4.5500 1.5000 0.0000
13        M:cfengine_in
31        155 1.0000 0.9100 0.3000 0.0000
9         M:loadavg
31        155 0.4209 0.3099 0.4592 0.0000
10        M:diskfree
34        155 61.0000 55.5100 18.3614 0.0000
12        M:otherprocs
33        155 26.0000 23.6600 7.8000 0.0000
11        M:rootprocs
36        155 116.0000 105.1400 36.2552 0.0000
7         M:users
31        155 8.0000 7.2800 2.4000 0.0000
# send QUERY complete successful
