# delta from 1679716218 to 1679716279 at 1679716279
22        CFR: 0 1679716278 2096
3         PRD
56        DBReportCollectAll,0.049296,0.281594,0.238506,1679716219
60        Packing reports: delta,0.030835,0.095081,0.089122,1679716219
83        Sample(/proc/sys/kernel/random/entropy_avail),0.004728,0.002236,0.001896,1679716226
3         EXS
16        f,287,1679716115
3         MOM
15        M:entropy_avail
38        1486 186.0000 130.2000 155.6188 0.0000
12        M:mem_cached
38        1486 3692.1484 2584.5039 0.0000 0.0000
10        M:mem_free
39        1486 11217.5703 7852.2992 0.0000 0.0000
11        M:mem_total
40        1486 15817.1836 11072.0285 0.0000 0.0000
16        M:io_writtendata
32        1486 2.7998 1.9599 2.3425 0.0000
13        M:io_readdata
32        1486 0.0010 0.0007 0.0008 0.0000
11        M:io_writes
35        1486 24.0000 16.8000 20.0798 0.0000
13        M:postgres_in
32        1486 1.0000 0.7000 0.8367 0.0000
6         M:cpu3
32        1486 8.5098 5.9568 7.1198 0.0000
6         M:cpu2
32        1486 2.8537 1.9976 2.3876 0.0000
6         M:cpu1
35        1486 15.9501 11.1651 13.3448 0.0000
6         M:cpu0
32        1486 5.7528 4.0270 4.8131 0.0000
5         M:cpu
32        1486 8.2710 5.7897 6.9200 0.0000
8         M:syslog
41        1486 2119.0000 1483.3000 1772.8826 0.0000
8         M:ssh_in
32        1486 2.0000 1.4000 1.6733 0.0000
8         M:www_in
32        1486 1.0000 0.7000 0.8367 0.0000
14        M:cfengine_out
32        1486 5.0000 3.5000 4.1833 0.0000
13        M:cfengine_in
32        1486 1.0000 0.7000 0.8367 0.0000
9         M:loadavg
32        1486 0.1738 0.1217 0.1454 0.0000
10        M:diskfree
35        1486 51.0000 35.7000 42.6697 0.0000
12        M:otherprocs
35        1486 26.0000 18.2000 21.7532 0.0000
11        M:rootprocs
36        1486 117.0000 81.9000 97.8892 0.0000
7         M:users
32        1486 8.0000 5.6000 6.6933 0.0000
3         MOY
15        M:entropy_avail
36        155 323.0000 297.6050 79.9482 0.0000
12        M:mem_cached
39        155 2526.1133 2298.4965 696.2697 0.0000
16        M:io_writtendata
31        155 0.2939 0.2241 0.2132 0.0000
11        M:io_writes
34        155 16.0000 12.2500 11.5973 0.0000
13        M:postgres_in
31        155 1.0000 0.9100 0.3000 0.0000
6         M:cpu3
31        155 9.2585 6.6064 9.9586 0.0000
6         M:cpu2
31        155 1.2023 0.9735 0.7040 0.0000
6         M:cpu1
33        155 11.0003 7.8207 12.0038 0.0000
6         M:cpu0
31        155 5.6586 4.0823 5.7035 0.0000
5         M:cpu
31        155 8.5900 6.1378 9.1662 0.0000
8         M:syslog
38        155 1068.5000 778.2950 812.0638 0.0000
8         M:ssh_in
31        155 2.0000 1.8200 0.6000 0.0000
8         M:www_in
31        155 1.0000 0.9100 0.3000 0.0000
14        M:cfengine_out
31        155 5.0000 4.5500 1.5000 0.0000
13        M:cfengine_in
31        155 1.0000 0.9100 0.3000 0.0000
9         M:loadavg
31        155 0.2126 0.1705 0.1909 0.0000
10        M:diskfree
34        155 60.5000 55.0550 18.2248 0.0000
12        M:otherprocs
33        155 26.0000 23.6600 7.8000 0.0000
11        M:rootprocs
36        155 113.5000 103.3900 33.7037 0.0000
7         M:users
31        155 8.0000 7.2800 2.4000 0.0000
# send QUERY complete successful
