# delta from 1679681058 to 1679681119 at 1679681119
22        CFR: 0 1679681118 2058
3         PRD
56        DBReportCollectAll,0.053953,0.395849,0.395005,1679681059
60        Packing reports: delta,0.047950,0.101840,0.108982,1679681059
83        Sample(/proc/sys/kernel/random/entropy_avail),0.005613,0.003151,0.005032,1679681063
3         EXS
16        f,317,1679681024
3         MOM
15        M:entropy_avail
36        1368 124.0000 89.9500 95.2094 0.0000
12        M:mem_cached
40        1368 3375.1328 3070.7917 848.7668 0.0000
10        M:mem_free
40        1368 11588.5508 10546.8240 0.0000 0.0000
11        M:mem_total
40        1368 15817.1836 14393.6371 0.0000 0.0000
16        M:io_writtendata
32        1368 0.2773 0.2056 0.2016 0.0000
11        M:io_writes
35        1368 16.0000 12.0400 11.1950 0.0000
13        M:postgres_in
32        1368 1.0000 0.9100 0.3000 0.0000
6         M:cpu3
35        1368 37.5476 26.3914 31.1141 0.0000
6         M:cpu2
32        1368 4.8367 3.5091 3.7121 0.0000
6         M:cpu1
35        1368 16.4582 11.6596 13.3859 0.0000
6         M:cpu0
32        1368 5.2247 3.7792 4.0400 0.0000
5         M:cpu
35        1368 16.0431 11.3529 13.0831 0.0000
8         M:syslog
41        1368 1800.0000 1290.4500 1422.6197 0.0000
8         M:ssh_in
32        1368 2.0000 1.8200 0.6000 0.0000
8         M:www_in
32        1368 1.0000 1.1200 0.4000 0.0000
14        M:cfengine_out
32        1368 5.0000 4.5500 1.5000 0.0000
13        M:cfengine_in
32        1368 1.0000 0.9100 0.3000 0.0000
9         M:loadavg
32        1368 0.4648 0.4072 0.1921 0.0000
10        M:diskfree
35        1368 54.0000 49.1400 16.2000 0.0000
12        M:otherprocs
34        1368 26.0000 23.6600 7.8000 0.0000
11        M:rootprocs
37        1368 114.0000 103.7400 34.2000 0.0000
7         M:users
32        1368 8.0000 7.2800 2.4000 0.0000
3         MOY
15        M:entropy_avail
36        155 323.0000 297.6050 79.9482 0.0000
12        M:mem_cached
39        155 2526.1133 2298.4965 696.2697 0.0000
16        M:io_writtendata
31        155 0.2939 0.2241 0.2132 0.0000
11        M:io_writes
34        155 16.0000 12.2500 11.5973 0.0000
13        M:postgres_in
31        155 1.0000 0.9100 0.3000 0.0000
6         M:cpu3
31        155 9.2585 6.6064 9.9586 0.0000
6         M:cpu2
31        155 1.2023 0.9735 0.7040 0.0000
6         M:cpu1
33        155 11.0003 7.8207 12.0038 0.0000
6         M:cpu0
31        155 5.6586 4.0823 5.7035 0.0000
5         M:cpu
31        155 8.5900 6.1378 9.1662 0.0000
8         M:syslog
38        155 1068.5000 778.2950 812.0638 0.0000
8         M:ssh_in
31        155 2.0000 1.8200 0.6000 0.0000
8         M:www_in
31        155 1.0000 0.9100 0.3000 0.0000
14        M:cfengine_out
31        155 5.0000 4.5500 1.5000 0.0000
13        M:cfengine_in
31        155 1.0000 0.9100 0.3000 0.0000
9         M:loadavg
31        155 0.2126 0.1705 0.1909 0.0000
10        M:diskfree
34        155 60.5000 55.0550 18.2248 0.0000
12        M:otherprocs
33        155 26.0000 23.6600 7.8000 0.0000
11        M:rootprocs
36        155 113.5000 103.3900 33.7037 0.0000
7         M:users
31        155 8.0000 7.2800 2.4000 0.0000
# send QUERY complete successful
