# delta from 1679730258 to 1679730319 at 1679730319
22        CFR: 0 1679730318 1968
3         PRD
56        DBReportCollectAll,0.033110,0.347119,0.359255,1679730259
60        Packing reports: delta,0.037025,0.104206,0.134044,1679730259
3         EXS
16        f,293,1679730213
3         MOM
15        M:entropy_avail
35        1532 75.0000 94.5000 65.0000 0.0000
12        M:mem_cached
40        1532 3812.0117 3468.8568 957.0132 0.0000
10        M:mem_free
39        1532 10940.5898 9983.3967 0.0000 0.0000
11        M:mem_total
40        1532 15817.1836 14393.6371 0.0000 0.0000
16        M:io_writtendata
32        1532 0.1729 0.2092 0.1211 0.0000
11        M:io_writes
34        1532 10.0000 12.0400 6.8000 0.0000
13        M:postgres_in
32        1532 1.0000 0.9100 0.3000 0.0000
6         M:cpu3
32        1532 3.7218 2.7850 2.6419 0.0000
6         M:cpu2
35        1532 24.2065 20.3770 13.0447 0.0000
6         M:cpu1
32        1532 2.8274 2.3384 1.5730 0.0000
6         M:cpu0
35        1532 26.9409 19.7016 20.2730 0.0000
5         M:cpu
34        1532 14.3394 11.2416 9.0301 0.0000
8         M:syslog
38        1532 167.0000 338.4500 571.5000 0.0000
8         M:ssh_in
32        1532 2.0000 1.8200 0.6000 0.0000
8         M:www_in
32        1532 1.0000 0.9100 0.3000 0.0000
14        M:cfengine_out
32        1532 7.0000 5.7400 3.9633 0.0000
13        M:cfengine_in
32        1532 1.0000 0.9100 0.3000 0.0000
9         M:loadavg
32        1532 1.0068 0.7539 0.7135 0.0000
10        M:diskfree
35        1532 50.0000 45.5000 15.0000 0.0000
12        M:otherprocs
34        1532 26.0000 23.6600 7.8000 0.0000
11        M:rootprocs
37        1532 117.0000 105.8400 37.2000 0.0000
7         M:users
32        1532 8.0000 7.2800 2.4000 0.0000
3         MOY
15        M:entropy_avail
36        155 323.0000 297.6050 79.9482 0.0000
12        M:mem_cached
39        155 2526.1133 2298.4965 696.2697 0.0000
16        M:io_writtendata
31        155 0.2939 0.2241 0.2132 0.0000
11        M:io_writes
34        155 16.0000 12.2500 11.5973 0.0000
13        M:postgres_in
31        155 1.0000 0.9100 0.3000 0.0000
6         M:cpu3
31        155 9.2585 6.6064 9.9586 0.0000
6         M:cpu2
31        155 1.2023 0.9735 0.7040 0.0000
6         M:cpu1
33        155 11.0003 7.8207 12.0038 0.0000
6         M:cpu0
31        155 5.6586 4.0823 5.7035 0.0000
5         M:cpu
31        155 8.5900 6.1378 9.1662 0.0000
8         M:syslog
38        155 1068.5000 778.2950 812.0638 0.0000
8         M:ssh_in
31        155 2.0000 1.8200 0.6000 0.0000
8         M:www_in
31        155 1.0000 0.9100 0.3000 0.0000
14        M:cfengine_out
31        155 5.0000 4.5500 1.5000 0.0000
13        M:cfengine_in
31        155 1.0000 0.9100 0.3000 0.0000
9         M:loadavg
31        155 0.2126 0.1705 0.1909 0.0000
10        M:diskfree
34        155 60.5000 55.0550 18.2248 0.0000
12        M:otherprocs
33        155 26.0000 23.6600 7.8000 0.0000
11        M:rootprocs
36        155 113.5000 103.3900 33.7037 0.0000
7         M:users
31        155 8.0000 7.2800 2.4000 0.0000
# send QUERY complete successful
