# delta from 1679710158 to 1679710219 at 1679710219
22        CFR: 0 1679710218 2808
3         PRD
56        DBReportCollectAll,0.054097,0.317451,0.315836,1679710159
60        Packing reports: delta,0.025577,0.065421,0.065146,1679710159
83        Sample(/proc/sys/kernel/random/entropy_avail),0.005093,0.002594,0.003325,1679710215
3         EXS
16        f,276,1679710088
3         MOM
15        M:entropy_avail
35        1465 49.0000 66.2200 57.4000 0.0000
38        1466 164.0000 114.8000 137.2122 0.0000
12        M:mem_cached
40        1465 3637.9219 3310.4195 913.3605 0.0000
38        1466 3640.1406 2548.0984 0.0000 0.0000
10        M:mem_free
40        1465 11182.1172 10194.6250 0.0000 0.0000
39        1466 11268.0508 7887.6355 0.0000 0.0000
11        M:mem_total
40        1465 15817.1836 14393.6371 0.0000 0.0000
40        1466 15817.1836 11072.0285 0.0000 0.0000
16        M:io_writtendata
32        1465 0.0840 0.1312 0.1573 0.0000
32        1466 0.4424 0.3097 0.3701 0.0000
11        M:io_writes
32        1465 6.0000 7.1400 3.8000 0.0000
35        1466 22.0000 15.4000 18.4065 0.0000
13        M:postgres_in
32        1465 1.0000 0.9100 0.3000 0.0000
32        1466 1.0000 0.7000 0.8367 0.0000
6         M:cpu3
32        1465 1.5883 1.3947 0.6451 0.0000
32        1466 0.9955 0.6968 0.8329 0.0000
6         M:cpu2
35        1465 19.7821 16.2233 11.1976 0.0000
32        1466 1.3952 0.9766 1.1673 0.0000
6         M:cpu1
35        1465 15.7947 11.7809 11.3051 0.0000
32        1466 0.6940 0.4858 0.5807 0.0000
6         M:cpu0
34        1465 10.7095 11.8212 3.7057 0.0000
35        1466 14.7357 10.3150 12.3288 0.0000
5         M:cpu
34        1465 11.9656 10.3037 6.2593 0.0000
32        1466 4.4546 3.1183 3.7270 0.0000
8         M:syslog
38        1465 167.0000 337.8200 569.4000 0.0000
41        1466 2018.0000 1412.6000 1688.3799 0.0000
8         M:ssh_in
32        1465 2.0000 1.8200 0.6000 0.0000
32        1466 2.0000 1.4000 1.6733 0.0000
8         M:www_in
32        1465 1.0000 0.9100 0.3000 0.0000
32        1466 1.0000 0.7000 0.8367 0.0000
14        M:cfengine_out
32        1465 5.0000 4.5500 1.5000 0.0000
32        1466 5.0000 3.5000 4.1833 0.0000
13        M:cfengine_in
32        1465 1.0000 0.9100 0.3000 0.0000
32        1466 1.0000 0.7000 0.8367 0.0000
9         M:loadavg
32        1465 0.7056 0.5339 0.4867 0.0000
32        1466 0.0977 0.0684 0.0817 0.0000
10        M:diskfree
35        1465 51.0000 46.4100 15.3000 0.0000
35        1466 51.0000 35.7000 42.6697 0.0000
12        M:otherprocs
34        1465 26.0000 23.6600 7.8000 0.0000
35        1466 26.0000 18.2000 21.7532 0.0000
11        M:rootprocs
37        1465 118.0000 106.5400 38.2000 0.0000
36        1466 115.0000 80.5000 96.2159 0.0000
7         M:users
32        1465 8.0000 7.2800 2.4000 0.0000
32        1466 8.0000 5.6000 6.6933 0.0000
3         MOY
15        M:entropy_avail
36        155 323.0000 297.6050 79.9482 0.0000
12        M:mem_cached
39        155 2526.1133 2298.4965 696.2697 0.0000
16        M:io_writtendata
31        155 0.2939 0.2241 0.2132 0.0000
11        M:io_writes
34        155 16.0000 12.2500 11.5973 0.0000
13        M:postgres_in
31        155 1.0000 0.9100 0.3000 0.0000
6         M:cpu3
31        155 9.2585 6.6064 9.9586 0.0000
6         M:cpu2
31        155 1.2023 0.9735 0.7040 0.0000
6         M:cpu1
33        155 11.0003 7.8207 12.0038 0.0000
6         M:cpu0
31        155 5.6586 4.0823 5.7035 0.0000
5         M:cpu
31        155 8.5900 6.1378 9.1662 0.0000
8         M:syslog
38        155 1068.5000 778.2950 812.0638 0.0000
8         M:ssh_in
31        155 2.0000 1.8200 0.6000 0.0000
8         M:www_in
31        155 1.0000 0.9100 0.3000 0.0000
14        M:cfengine_out
31        155 5.0000 4.5500 1.5000 0.0000
13        M:cfengine_in
31        155 1.0000 0.9100 0.3000 0.0000
9         M:loadavg
31        155 0.2126 0.1705 0.1909 0.0000
10        M:diskfree
34        155 60.5000 55.0550 18.2248 0.0000
12        M:otherprocs
33        155 26.0000 23.6600 7.8000 0.0000
11        M:rootprocs
36        155 113.5000 103.3900 33.7037 0.0000
7         M:users
31        155 8.0000 7.2800 2.4000 0.0000
# send QUERY complete successful
