# delta from 1679744959 to 1679745019 at 1679745019
22        CFR: 0 1679745018 1971
3         PRD
56        DBReportCollectAll,0.107441,0.369384,0.493709,1679744960
60        Packing reports: delta,0.046294,0.093419,0.145249,1679744960
3         EXS
16        f,288,1679744906
3         MOM
15        M:entropy_avail
36        1581 90.0000 102.4800 41.6000 0.0000
12        M:mem_cached
40        1581 3941.0273 3585.8657 990.4986 0.0000
10        M:mem_free
39        1581 10901.3320 9923.0209 0.0000 0.0000
11        M:mem_total
40        1581 11072.0285 11072.0285 0.0000 0.0000
16        M:io_writtendata
32        1581 0.2441 0.2162 0.0931 0.0000
11        M:io_writes
34        1581 14.0000 12.3200 5.6000 0.0000
13        M:postgres_in
32        1581 1.0000 0.9100 0.3000 0.0000
6         M:cpu3
32        1581 3.6093 2.6861 2.5980 0.0000
6         M:cpu2
34        1581 13.4826 10.1060 9.5293 0.0000
6         M:cpu1
32        1581 1.3089 1.1039 0.7034 0.0000
6         M:cpu0
35        1581 18.9034 13.4830 15.1266 0.0000
5         M:cpu
35        1581 15.9842 11.5058 12.5089 0.0000
8         M:syslog
40        1581 2040.0000 1851.1500 629.5000 0.0000
8         M:ssh_in
32        1581 2.0000 1.8200 0.6000 0.0000
8         M:www_in
32        1581 1.0000 0.9100 0.3000 0.0000
14        M:cfengine_out
32        1581 5.0000 4.5500 1.5000 0.0000
13        M:cfengine_in
32        1581 1.0000 0.9100 0.3000 0.0000
9         M:loadavg
32        1581 0.5767 0.4201 0.4382 0.0000
10        M:diskfree
35        1581 48.0000 43.6800 14.4000 0.0000
12        M:otherprocs
34        1581 26.0000 23.6600 7.8000 0.0000
11        M:rootprocs
37        1581 115.0000 104.4400 35.2000 0.0000
7         M:users
32        1581 8.0000 7.2800 2.4000 0.0000
3         MOY
15        M:entropy_avail
36        155 323.0000 297.6050 79.9482 0.0000
12        M:mem_cached
39        155 2526.1133 2298.4965 696.2697 0.0000
16        M:io_writtendata
31        155 0.2939 0.2241 0.2132 0.0000
11        M:io_writes
34        155 16.0000 12.2500 11.5973 0.0000
13        M:postgres_in
31        155 1.0000 0.9100 0.3000 0.0000
6         M:cpu3
31        155 9.2585 6.6064 9.9586 0.0000
6         M:cpu2
31        155 1.2023 0.9735 0.7040 0.0000
6         M:cpu1
33        155 11.0003 7.8207 12.0038 0.0000
6         M:cpu0
31        155 5.6586 4.0823 5.7035 0.0000
5         M:cpu
31        155 8.5900 6.1378 9.1662 0.0000
8         M:syslog
38        155 1068.5000 778.2950 812.0638 0.0000
8         M:ssh_in
31        155 2.0000 1.8200 0.6000 0.0000
8         M:www_in
31        155 1.0000 0.9100 0.3000 0.0000
14        M:cfengine_out
31        155 5.0000 4.5500 1.5000 0.0000
13        M:cfengine_in
31        155 1.0000 0.9100 0.3000 0.0000
9         M:loadavg
31        155 0.2126 0.1705 0.1909 0.0000
10        M:diskfree
34        155 60.5000 55.0550 18.2248 0.0000
12        M:otherprocs
33        155 26.0000 23.6600 7.8000 0.0000
11        M:rootprocs
36        155 113.5000 103.3900 33.7037 0.0000
7         M:users
31        155 8.0000 7.2800 2.4000 0.0000
# send QUERY complete successful
