# delta from 1679752163 to 1679752224 at 1679752224
22        CFR: 0 1679752223 1976
3         PRD
56        DBReportCollectAll,0.087626,0.316972,0.299933,1679752164
60        Packing reports: delta,0.036371,0.112073,0.098509,1679752164
3         EXS
16        f,278,1679752089
3         MOM
15        M:entropy_avail
36        1605 99.0000 110.0400 36.8000 0.0000
12        M:mem_cached
41        1605 4011.1406 3649.6204 1008.2319 0.0000
10        M:mem_free
39        1605 10822.6016 9852.0529 0.0000 0.0000
11        M:mem_total
40        1605 15817.1836 14393.6371 0.0000 0.0000
16        M:io_writtendata
32        1605 0.2607 0.2036 0.1658 0.0000
11        M:io_writes
35        1605 16.0000 12.0400 11.1950 0.0000
13        M:postgres_in
32        1605 1.0000 0.9100 0.3000 0.0000
6         M:cpu3
32        1605 3.1271 2.3376 2.2256 0.0000
6         M:cpu2
33        1605 10.7651 7.6533 8.6821 0.0000
6         M:cpu1
35        1605 26.5889 18.7243 21.9347 0.0000
6         M:cpu0
35        1605 23.1401 16.3227 19.0148 0.0000
5         M:cpu
35        1605 15.8960 11.2533 12.9508 0.0000
8         M:syslog
41        1605 1558.0000 1121.0500 1220.4056 0.0000
8         M:ssh_in
32        1605 2.0000 1.8200 0.6000 0.0000
8         M:www_in
32        1605 1.0000 0.9100 0.3000 0.0000
14        M:cfengine_out
32        1605 5.0000 4.5500 1.5000 0.0000
13        M:cfengine_in
32        1605 1.0000 0.9100 0.3000 0.0000
9         M:loadavg
32        1605 0.3403 0.2464 0.2625 0.0000
10        M:diskfree
35        1605 47.0000 42.7700 14.1000 0.0000
12        M:otherprocs
34        1605 26.0000 23.6600 7.8000 0.0000
11        M:rootprocs
37        1605 114.0000 103.7400 34.2000 0.0000
7         M:users
32        1605 8.0000 7.2800 2.4000 0.0000
3         MOY
15        M:entropy_avail
36        155 323.0000 297.6050 79.9482 0.0000
12        M:mem_cached
39        155 2526.1133 2298.4965 696.2697 0.0000
16        M:io_writtendata
31        155 0.2939 0.2241 0.2132 0.0000
11        M:io_writes
34        155 16.0000 12.2500 11.5973 0.0000
13        M:postgres_in
31        155 1.0000 0.9100 0.3000 0.0000
6         M:cpu3
31        155 9.2585 6.6064 9.9586 0.0000
6         M:cpu2
31        155 1.2023 0.9735 0.7040 0.0000
6         M:cpu1
33        155 11.0003 7.8207 12.0038 0.0000
6         M:cpu0
31        155 5.6586 4.0823 5.7035 0.0000
5         M:cpu
31        155 8.5900 6.1378 9.1662 0.0000
8         M:syslog
38        155 1068.5000 778.2950 812.0638 0.0000
8         M:ssh_in
31        155 2.0000 1.8200 0.6000 0.0000
8         M:www_in
31        155 1.0000 0.9100 0.3000 0.0000
14        M:cfengine_out
31        155 5.0000 4.5500 1.5000 0.0000
13        M:cfengine_in
31        155 1.0000 0.9100 0.3000 0.0000
9         M:loadavg
31        155 0.2126 0.1705 0.1909 0.0000
10        M:diskfree
34        155 60.5000 55.0550 18.2248 0.0000
12        M:otherprocs
33        155 26.0000 23.6600 7.8000 0.0000
11        M:rootprocs
36        155 113.5000 103.3900 33.7037 0.0000
7         M:users
31        155 8.0000 7.2800 2.4000 0.0000
# send QUERY complete successful
