# delta from 1679727858 to 1679727919 at 1679727919
22        CFR: 0 1679727918 2001
3         PRD
56        DBReportCollectAll,0.036586,0.344648,0.356843,1679727859
60        Packing reports: delta,0.044776,0.083099,0.076433,1679727859
3         EXS
16        f,319,1679727831
3         MOM
15        M:entropy_avail
35        1524 71.0000 85.6100 48.7000 0.0000
12        M:mem_cached
40        1524 3791.1875 3449.9060 951.7887 0.0000
10        M:mem_free
38        1524 7768.6301 7768.6301 0.0000 0.0000
11        M:mem_total
40        1524 11072.0285 11072.0285 0.0000 0.0000
16        M:io_writtendata
32        1524 0.0723 0.0865 0.0474 0.0000
11        M:io_writes
32        1524 4.0000 4.9000 3.0000 0.0000
13        M:postgres_in
32        1524 1.0000 0.9100 0.3000 0.0000
6         M:cpu3
32        1524 7.4241 5.3964 5.6717 0.0000
6         M:cpu2
32        1524 0.9020 0.8011 0.3362 0.0000
6         M:cpu1
35        1524 17.7192 12.5677 14.3715 0.0000
6         M:cpu0
32        1524 1.6747 1.4540 0.7357 0.0000
5         M:cpu
32        1524 9.8964 7.1313 7.7243 0.0000
8         M:syslog
38        1524 167.0000 237.8600 236.2000 0.0000
9         M:ssh_out
32        1524 5.0000 3.5000 4.1833 0.0000
8         M:ssh_in
32        1524 2.0000 1.8200 0.6000 0.0000
8         M:www_in
32        1524 1.0000 0.9100 0.3000 0.0000
14        M:cfengine_out
32        1524 5.0000 4.5500 1.5000 0.0000
13        M:cfengine_in
32        1524 2.0000 1.6100 1.1803 0.0000
9         M:loadavg
32        1524 0.6074 0.4397 0.4689 0.0000
10        M:diskfree
35        1524 50.0000 45.5000 15.0000 0.0000
12        M:otherprocs
34        1524 26.0000 23.6600 7.8000 0.0000
11        M:rootprocs
37        1524 117.0000 105.6300 37.9000 0.0000
7         M:users
32        1524 8.0000 7.2800 2.4000 0.0000
3         MOY
15        M:entropy_avail
36        155 323.0000 297.6050 79.9482 0.0000
12        M:mem_cached
39        155 2526.1133 2298.4965 696.2697 0.0000
16        M:io_writtendata
31        155 0.2939 0.2241 0.2132 0.0000
11        M:io_writes
34        155 16.0000 12.2500 11.5973 0.0000
13        M:postgres_in
31        155 1.0000 0.9100 0.3000 0.0000
6         M:cpu3
31        155 9.2585 6.6064 9.9586 0.0000
6         M:cpu2
31        155 1.2023 0.9735 0.7040 0.0000
6         M:cpu1
33        155 11.0003 7.8207 12.0038 0.0000
6         M:cpu0
31        155 5.6586 4.0823 5.7035 0.0000
5         M:cpu
31        155 8.5900 6.1378 9.1662 0.0000
8         M:syslog
38        155 1068.5000 778.2950 812.0638 0.0000
8         M:ssh_in
31        155 2.0000 1.8200 0.6000 0.0000
8         M:www_in
31        155 1.0000 0.9100 0.3000 0.0000
14        M:cfengine_out
31        155 5.0000 4.5500 1.5000 0.0000
13        M:cfengine_in
31        155 1.0000 0.9100 0.3000 0.0000
9         M:loadavg
31        155 0.2126 0.1705 0.1909 0.0000
10        M:diskfree
34        155 60.5000 55.0550 18.2248 0.0000
12        M:otherprocs
33        155 26.0000 23.6600 7.8000 0.0000
11        M:rootprocs
36        155 113.5000 103.3900 33.7037 0.0000
7         M:users
31        155 8.0000 7.2800 2.4000 0.0000
# send QUERY complete successful
