# delta from 1679718258 to 1679718319 at 1679718319
22        CFR: 0 1679718318 2004
3         PRD
56        DBReportCollectAll,0.145530,0.365064,0.332016,1679718259
60        Packing reports: delta,0.032017,0.102512,0.094698,1679718259
3         EXS
16        f,289,1679718216
3         MOM
15        M:entropy_avail
35        1492 65.0000 81.6200 55.4000 0.0000
12        M:mem_cached
40        1492 3707.9102 3374.1359 930.8519 0.0000
10        M:mem_free
40        1492 11097.2891 10117.9810 0.0000 0.0000
11        M:mem_total
40        1492 15817.1836 14393.6371 0.0000 0.0000
16        M:io_writtendata
32        1492 0.0762 0.1062 0.1002 0.0000
11        M:io_writes
32        1492 6.0000 7.1400 3.8000 0.0000
13        M:postgres_in
32        1492 1.0000 0.9100 0.3000 0.0000
6         M:cpu3
32        1492 3.8860 6.1826 7.6554 0.0000
6         M:cpu2
32        1492 4.3136 5.2061 2.9752 0.0000
6         M:cpu1
34        1492 14.7356 11.5262 9.3328 0.0000
6         M:cpu0
34        1492 16.5496 13.8622 8.9928 0.0000
5         M:cpu
32        1492 9.8631 9.1886 2.2484 0.0000
8         M:syslog
38        1492 167.0000 338.2400 570.8000 0.0000
9         M:ssh_out
32        1492 5.0000 3.5000 4.1833 0.0000
8         M:ssh_in
32        1492 2.0000 1.8200 0.6000 0.0000
8         M:www_in
32        1492 1.0000 0.9100 0.3000 0.0000
14        M:cfengine_out
32        1492 6.0000 5.2500 2.5000 0.0000
13        M:cfengine_in
32        1492 1.0000 0.9100 0.3000 0.0000
9         M:loadavg
32        1492 0.6909 0.5588 0.4033 0.0000
10        M:diskfree
35        1492 51.0000 46.4100 15.3000 0.0000
12        M:otherprocs
34        1492 26.0000 23.6600 7.8000 0.0000
11        M:rootprocs
37        1492 117.0000 105.8400 37.2000 0.0000
7         M:users
32        1492 8.0000 7.2800 2.4000 0.0000
3         MOY
15        M:entropy_avail
36        155 323.0000 297.6050 79.9482 0.0000
12        M:mem_cached
39        155 2526.1133 2298.4965 696.2697 0.0000
16        M:io_writtendata
31        155 0.2939 0.2241 0.2132 0.0000
11        M:io_writes
34        155 16.0000 12.2500 11.5973 0.0000
13        M:postgres_in
31        155 1.0000 0.9100 0.3000 0.0000
6         M:cpu3
31        155 9.2585 6.6064 9.9586 0.0000
6         M:cpu2
31        155 1.2023 0.9735 0.7040 0.0000
6         M:cpu1
33        155 11.0003 7.8207 12.0038 0.0000
6         M:cpu0
31        155 5.6586 4.0823 5.7035 0.0000
5         M:cpu
31        155 8.5900 6.1378 9.1662 0.0000
8         M:syslog
38        155 1068.5000 778.2950 812.0638 0.0000
8         M:ssh_in
31        155 2.0000 1.8200 0.6000 0.0000
8         M:www_in
31        155 1.0000 0.9100 0.3000 0.0000
14        M:cfengine_out
31        155 5.0000 4.5500 1.5000 0.0000
13        M:cfengine_in
31        155 1.0000 0.9100 0.3000 0.0000
9         M:loadavg
31        155 0.2126 0.1705 0.1909 0.0000
10        M:diskfree
34        155 60.5000 55.0550 18.2248 0.0000
12        M:otherprocs
33        155 26.0000 23.6600 7.8000 0.0000
11        M:rootprocs
36        155 113.5000 103.3900 33.7037 0.0000
7         M:users
31        155 8.0000 7.2800 2.4000 0.0000
# send QUERY complete successful
