# delta from 1679687058 to 1679687119 at 1679687119
22        CFR: 0 1679687118 2096
3         PRD
56        DBReportCollectAll,0.093095,0.425562,0.497721,1679687059
60        Packing reports: delta,0.098053,0.168025,0.287899,1679687059
83        Sample(/proc/sys/kernel/random/entropy_avail),0.004955,0.002455,0.002247,1679687074
3         EXS
16        f,280,1679686992
3         MOM
15        M:entropy_avail
36        1388 134.0000 99.2600 97.6151 0.0000
12        M:mem_cached
40        1388 3426.9062 3117.9515 861.6337 0.0000
10        M:mem_free
40        1388 11523.9336 10473.4208 0.0000 0.0000
11        M:mem_total
40        1388 15817.1836 14393.6371 0.0000 0.0000
16        M:io_writtendata
32        1388 0.3545 0.2984 0.1911 0.0000
11        M:io_writes
35        1388 20.0000 16.5200 11.1549 0.0000
13        M:postgres_in
32        1388 1.0000 0.9100 0.3000 0.0000
6         M:cpu3
33        1388 10.7232 8.8657 5.9695 0.0000
6         M:cpu2
32        1388 3.5965 3.6543 0.1924 0.0000
6         M:cpu1
33        1388 11.5390 9.1907 6.9851 0.0000
6         M:cpu0
35        1388 21.8106 15.6542 17.1900 0.0000
5         M:cpu
33        1388 11.9146 9.3386 7.5071 0.0000
8         M:syslog
41        1388 1159.0000 2094.6100 2609.2916 0.0000
9         M:ssh_out
32        1388 0.0000 1.0500 3.7182 0.0000
8         M:ssh_in
32        1388 2.0000 1.8200 0.6000 0.0000
8         M:www_in
32        1388 1.0000 0.9100 0.3000 0.0000
14        M:cfengine_out
32        1388 5.0000 4.7600 0.8000 0.0000
13        M:cfengine_in
32        1388 1.0000 0.9100 0.3000 0.0000
9         M:loadavg
32        1388 0.7700 0.6272 0.4424 0.0000
10        M:diskfree
35        1388 54.0000 49.1400 16.2000 0.0000
12        M:otherprocs
34        1388 26.0000 23.6600 7.8000 0.0000
11        M:rootprocs
37        1388 114.0000 104.5800 31.4000 0.0000
7         M:users
32        1388 8.0000 7.2800 2.4000 0.0000
3         MOY
15        M:entropy_avail
36        155 323.0000 297.6050 79.9482 0.0000
12        M:mem_cached
39        155 2526.1133 2298.4965 696.2697 0.0000
16        M:io_writtendata
31        155 0.2939 0.2241 0.2132 0.0000
11        M:io_writes
34        155 16.0000 12.2500 11.5973 0.0000
13        M:postgres_in
31        155 1.0000 0.9100 0.3000 0.0000
6         M:cpu3
31        155 9.2585 6.6064 9.9586 0.0000
6         M:cpu2
31        155 1.2023 0.9735 0.7040 0.0000
6         M:cpu1
33        155 11.0003 7.8207 12.0038 0.0000
6         M:cpu0
31        155 5.6586 4.0823 5.7035 0.0000
5         M:cpu
31        155 8.5900 6.1378 9.1662 0.0000
8         M:syslog
38        155 1068.5000 778.2950 812.0638 0.0000
8         M:ssh_in
31        155 2.0000 1.8200 0.6000 0.0000
8         M:www_in
31        155 1.0000 0.9100 0.3000 0.0000
14        M:cfengine_out
31        155 5.0000 4.5500 1.5000 0.0000
13        M:cfengine_in
31        155 1.0000 0.9100 0.3000 0.0000
9         M:loadavg
31        155 0.2126 0.1705 0.1909 0.0000
10        M:diskfree
34        155 60.5000 55.0550 18.2248 0.0000
12        M:otherprocs
33        155 26.0000 23.6600 7.8000 0.0000
11        M:rootprocs
36        155 113.5000 103.3900 33.7037 0.0000
7         M:users
31        155 8.0000 7.2800 2.4000 0.0000
# send QUERY complete successful
