# delta from 1679671938 to 1679671999 at 1679671999
22        CFR: 0 1679671998 1952
3         PRD
56        DBReportCollectAll,0.064403,0.367133,0.400242,1679671939
60        Packing reports: delta,0.042686,0.178712,0.211802,1679671939
3         EXS
16        f,319,1679671740
3         MOM
15        M:entropy_avail
32        1338 6.0000 4.2000 5.0200 0.0000
12        M:mem_cached
38        1338 3304.1953 2312.9367 0.0000 0.0000
10        M:mem_free
39        1338 11698.9922 8189.2945 0.0000 0.0000
11        M:mem_total
40        1338 15817.1836 11072.0285 0.0000 0.0000
16        M:io_writtendata
32        1338 0.1006 0.0704 0.0842 0.0000
11        M:io_writes
32        1338 4.0000 2.8000 3.3466 0.0000
13        M:postgres_in
32        1338 1.0000 0.7000 0.8367 0.0000
6         M:cpu3
32        1338 0.9894 0.6926 0.8278 0.0000
6         M:cpu2
32        1338 0.5941 0.4159 0.4970 0.0000
6         M:cpu1
32        1338 0.7806 0.5464 0.6531 0.0000
6         M:cpu0
32        1338 0.6141 0.4299 0.5138 0.0000
5         M:cpu
32        1338 0.7445 0.5211 0.6229 0.0000
8         M:syslog
38        1338 145.0000 101.5000 121.3157 0.0000
8         M:ssh_in
32        1338 2.0000 1.4000 1.6733 0.0000
8         M:www_in
32        1338 1.0000 0.7000 0.8367 0.0000
14        M:cfengine_out
32        1338 5.0000 3.5000 4.1833 0.0000
13        M:cfengine_in
32        1338 1.0000 0.7000 0.8367 0.0000
9         M:loadavg
32        1338 0.0620 0.0434 0.0519 0.0000
10        M:diskfree
35        1338 55.0000 38.5000 46.0163 0.0000
12        M:otherprocs
35        1338 26.0000 18.2000 21.7532 0.0000
11        M:rootprocs
36        1338 114.0000 79.8000 95.3792 0.0000
7         M:users
32        1338 8.0000 5.6000 6.6933 0.0000
3         MOY
15        M:entropy_avail
36        155 311.5000 288.7150 70.5984 0.0000
12        M:mem_cached
39        155 2500.4707 2275.1462 688.5663 0.0000
16        M:io_writtendata
31        155 0.2676 0.2020 0.1967 0.0000
11        M:io_writes
34        155 14.0000 10.6400 10.1177 0.0000
13        M:postgres_in
31        155 1.0000 0.9100 0.3000 0.0000
6         M:cpu3
31        155 5.6157 4.0684 5.6166 0.0000
6         M:cpu2
31        155 6.9570 5.0045 7.2414 0.0000
6         M:cpu1
31        155 4.6086 3.3564 4.4307 0.0000
6         M:cpu0
31        155 8.9643 6.3865 9.6397 0.0000
5         M:cpu
31        155 8.5530 6.1152 9.1097 0.0000
8         M:syslog
39        155 1188.0000 861.9450 1774.3258 0.0000
8         M:ssh_in
31        155 2.0000 1.8200 0.6000 0.0000
8         M:www_in
31        155 1.0000 0.9100 0.3000 0.0000
14        M:cfengine_out
31        155 5.0000 4.5500 1.5000 0.0000
13        M:cfengine_in
31        155 1.0000 0.9100 0.3000 0.0000
9         M:loadavg
31        155 0.3083 0.2329 0.3196 0.0000
10        M:diskfree
34        155 60.5000 55.0550 18.2248 0.0000
12        M:otherprocs
33        155 26.0000 23.6600 7.8000 0.0000
11        M:rootprocs
36        155 114.5000 103.9850 35.0603 0.0000
7         M:users
31        155 8.0000 7.2800 2.4000 0.0000
# send QUERY complete successful
