# delta from 1679711358 to 1679711419 at 1679711419
22        CFR: 0 1679711418 2844
3         PRD
56        DBReportCollectAll,0.083297,0.334233,0.273530,1679711359
60        Packing reports: delta,0.065330,0.078624,0.059373,1679711359
83        Sample(/proc/sys/kernel/random/entropy_avail),0.004776,0.002281,0.002094,1679711417
3         EXS
16        f,285,1679711306
3         MOM
15        M:entropy_avail
35        1469 60.0000 77.7000 59.0000 0.0000
38        1470 153.0000 107.1000 128.0090 0.0000
12        M:mem_cached
40        1469 3648.1484 3319.7609 915.8290 0.0000
38        1470 3650.4102 2555.2871 0.0000 0.0000
10        M:mem_free
40        1469 11167.8789 10180.8774 0.0000 0.0000
39        1470 11253.5352 7877.4746 0.0000 0.0000
11        M:mem_total
40        1469 15817.1836 14393.6371 0.0000 0.0000
40        1470 15817.1836 11072.0285 0.0000 0.0000
16        M:io_writtendata
32        1469 0.1865 0.2179 0.1047 0.0000
32        1470 0.2295 0.1606 0.1920 0.0000
11        M:io_writes
34        1469 14.0000 14.0000 0.0000 0.0000
33        1470 10.0000 7.0000 8.3666 0.0000
13        M:postgres_in
32        1469 1.0000 0.9100 0.3000 0.0000
32        1470 1.0000 0.7000 0.8367 0.0000
6         M:cpu3
32        1469 7.0641 7.1513 0.2907 0.0000
32        1470 0.8742 0.6119 0.7314 0.0000
6         M:cpu2
32        1469 7.3428 5.3582 5.5553 0.0000
35        1470 22.9620 16.0734 19.2114 0.0000
6         M:cpu1
34        1469 6.3155 11.9108 18.6511 0.0000
32        1470 1.2750 0.8925 1.0668 0.0000
6         M:cpu0
35        1469 17.1530 12.1925 13.8399 0.0000
32        1470 2.9127 2.0389 2.4369 0.0000
5         M:cpu
32        1469 9.4698 9.1327 1.1237 0.0000
32        1470 7.0058 4.9040 5.8615 0.0000
8         M:syslog
38        1469 167.0000 338.4500 571.5000 0.0000
41        1470 1531.0000 1071.7000 1280.9265 0.0000
9         M:ssh_out
32        1469 5.0000 3.5000 4.1833 0.0000
8         M:ssh_in
32        1469 2.0000 1.8200 0.6000 0.0000
32        1470 3.0000 2.1000 2.5100 0.0000
8         M:www_in
32        1469 1.0000 0.9100 0.3000 0.0000
32        1470 1.0000 0.7000 0.8367 0.0000
14        M:cfengine_out
32        1469 6.0000 5.2500 2.5000 0.0000
32        1470 5.0000 3.5000 4.1833 0.0000
13        M:cfengine_in
32        1469 1.0000 0.9100 0.3000 0.0000
32        1470 1.0000 0.7000 0.8367 0.0000
9         M:loadavg
32        1469 0.6392 0.4918 0.4222 0.0000
32        1470 0.2236 0.1565 0.1871 0.0000
10        M:diskfree
35        1469 51.0000 46.4100 15.3000 0.0000
35        1470 51.0000 35.7000 42.6697 0.0000
12        M:otherprocs
34        1469 26.0000 23.6600 7.8000 0.0000
35        1470 26.0000 18.2000 21.7532 0.0000
11        M:rootprocs
37        1469 117.0000 105.8400 37.2000 0.0000
36        1470 113.0000 79.1000 94.5426 0.0000
7         M:users
32        1469 8.0000 7.2800 2.4000 0.0000
32        1470 8.0000 5.6000 6.6933 0.0000
3         MOY
15        M:entropy_avail
36        155 323.0000 297.6050 79.9482 0.0000
12        M:mem_cached
39        155 2526.1133 2298.4965 696.2697 0.0000
16        M:io_writtendata
31        155 0.2939 0.2241 0.2132 0.0000
11        M:io_writes
34        155 16.0000 12.2500 11.5973 0.0000
13        M:postgres_in
31        155 1.0000 0.9100 0.3000 0.0000
6         M:cpu3
31        155 9.2585 6.6064 9.9586 0.0000
6         M:cpu2
31        155 1.2023 0.9735 0.7040 0.0000
6         M:cpu1
33        155 11.0003 7.8207 12.0038 0.0000
6         M:cpu0
31        155 5.6586 4.0823 5.7035 0.0000
5         M:cpu
31        155 8.5900 6.1378 9.1662 0.0000
8         M:syslog
38        155 1068.5000 778.2950 812.0638 0.0000
8         M:ssh_in
31        155 2.0000 1.8200 0.6000 0.0000
8         M:www_in
31        155 1.0000 0.9100 0.3000 0.0000
14        M:cfengine_out
31        155 5.0000 4.5500 1.5000 0.0000
13        M:cfengine_in
31        155 1.0000 0.9100 0.3000 0.0000
9         M:loadavg
31        155 0.2126 0.1705 0.1909 0.0000
10        M:diskfree
34        155 60.5000 55.0550 18.2248 0.0000
12        M:otherprocs
33        155 26.0000 23.6600 7.8000 0.0000
11        M:rootprocs
36        155 113.5000 103.3900 33.7037 0.0000
7         M:users
31        155 8.0000 7.2800 2.4000 0.0000
# send QUERY complete successful
