# delta from 1679732478 to 1679732539 at 1679732539
22        CFR: 0 1679732538 1964
3         PRD
56        DBReportCollectAll,0.166665,0.404201,0.382784,1679732479
60        Packing reports: delta,0.100249,0.164900,0.203436,1679732479
3         EXS
16        f,287,1679732306
3         MOM
15        M:entropy_avail
38        1540 182.0000 127.4000 152.2721 0.0000
12        M:mem_cached
38        1540 3832.8906 2683.0234 0.0000 0.0000
10        M:mem_free
39        1540 11048.3398 7733.8379 0.0000 0.0000
11        M:mem_total
40        1540 15817.1836 11072.0285 0.0000 0.0000
16        M:io_writtendata
32        1540 0.2266 0.1586 0.1896 0.0000
11        M:io_writes
34        1540 14.0000 9.8000 11.7132 0.0000
13        M:postgres_in
32        1540 1.0000 0.7000 0.8367 0.0000
6         M:cpu3
32        1540 0.6209 0.4346 0.5195 0.0000
6         M:cpu2
32        1540 1.0975 0.7683 0.9182 0.0000
6         M:cpu1
32        1540 1.3227 0.9259 1.1067 0.0000
6         M:cpu0
32        1540 0.7346 0.5142 0.6146 0.0000
5         M:cpu
32        1540 0.9438 0.6606 0.7896 0.0000
8         M:syslog
41        1540 2020.0000 1414.0000 1690.0533 0.0000
8         M:ssh_in
32        1540 2.0000 1.4000 1.6733 0.0000
8         M:www_in
32        1540 1.0000 0.7000 0.8367 0.0000
14        M:cfengine_out
32        1540 5.0000 3.5000 4.1833 0.0000
13        M:cfengine_in
32        1540 1.0000 0.7000 0.8367 0.0000
9         M:loadavg
32        1540 0.0879 0.0615 0.0735 0.0000
10        M:diskfree
35        1540 49.0000 34.3000 40.9963 0.0000
12        M:otherprocs
35        1540 26.0000 18.2000 21.7532 0.0000
11        M:rootprocs
36        1540 113.0000 79.1000 94.5426 0.0000
7         M:users
32        1540 8.0000 5.6000 6.6933 0.0000
3         MOY
15        M:entropy_avail
36        155 323.0000 297.6050 79.9482 0.0000
12        M:mem_cached
39        155 2526.1133 2298.4965 696.2697 0.0000
16        M:io_writtendata
31        155 0.2939 0.2241 0.2132 0.0000
11        M:io_writes
34        155 16.0000 12.2500 11.5973 0.0000
13        M:postgres_in
31        155 1.0000 0.9100 0.3000 0.0000
6         M:cpu3
31        155 9.2585 6.6064 9.9586 0.0000
6         M:cpu2
31        155 1.2023 0.9735 0.7040 0.0000
6         M:cpu1
33        155 11.0003 7.8207 12.0038 0.0000
6         M:cpu0
31        155 5.6586 4.0823 5.7035 0.0000
5         M:cpu
31        155 8.5900 6.1378 9.1662 0.0000
8         M:syslog
38        155 1068.5000 778.2950 812.0638 0.0000
8         M:ssh_in
31        155 2.0000 1.8200 0.6000 0.0000
8         M:www_in
31        155 1.0000 0.9100 0.3000 0.0000
14        M:cfengine_out
31        155 5.0000 4.5500 1.5000 0.0000
13        M:cfengine_in
31        155 1.0000 0.9100 0.3000 0.0000
9         M:loadavg
31        155 0.2126 0.1705 0.1909 0.0000
10        M:diskfree
34        155 60.5000 55.0550 18.2248 0.0000
12        M:otherprocs
33        155 26.0000 23.6600 7.8000 0.0000
11        M:rootprocs
36        155 113.5000 103.3900 33.7037 0.0000
7         M:users
31        155 8.0000 7.2800 2.4000 0.0000
# send QUERY complete successful
