# delta from 1679728758 to 1679728819 at 1679728819
22        CFR: 0 1679728818 1967
3         PRD
56        DBReportCollectAll,0.076059,0.352339,0.441594,1679728759
60        Packing reports: delta,0.030944,0.081949,0.109558,1679728759
3         EXS
16        f,285,1679728714
3         MOM
15        M:entropy_avail
35        1527 76.0000 93.5200 58.4000 0.0000
12        M:mem_cached
40        1527 3798.8242 3456.8964 953.5911 0.0000
10        M:mem_free
40        1527 10996.0625 10025.3407 0.0000 0.0000
11        M:mem_total
40        1527 15817.1836 14393.6371 0.0000 0.0000
16        M:io_writtendata
32        1527 0.0703 0.1165 0.1539 0.0000
11        M:io_writes
32        1527 6.0000 8.4000 8.0000 0.0000
13        M:postgres_in
32        1527 1.0000 0.9100 0.3000 0.0000
6         M:cpu3
35        1527 28.5381 20.6457 22.0592 0.0000
6         M:cpu2
32        1527 1.3175 3.2376 6.4005 0.0000
6         M:cpu1
35        1527 21.4443 16.9638 13.2021 0.0000
6         M:cpu0
32        1527 0.9672 2.7529 6.7320 0.0000
5         M:cpu
34        1527 13.0768 10.9065 7.1600 0.0000
8         M:syslog
38        1527 272.0000 412.1600 467.2000 0.0000
8         M:ssh_in
32        1527 2.0000 1.8200 0.6000 0.0000
8         M:www_in
32        1527 1.0000 0.9100 0.3000 0.0000
14        M:cfengine_out
32        1527 5.0000 4.5500 1.5000 0.0000
13        M:cfengine_in
32        1527 1.0000 0.9100 0.3000 0.0000
9         M:loadavg
32        1527 0.8535 0.6276 0.6335 0.0000
10        M:diskfree
35        1527 50.0000 45.5000 15.0000 0.0000
12        M:otherprocs
34        1527 26.0000 23.6600 7.8000 0.0000
11        M:rootprocs
37        1527 117.0000 105.8400 37.2000 0.0000
7         M:users
32        1527 8.0000 7.2800 2.4000 0.0000
3         MOY
15        M:entropy_avail
36        155 323.0000 297.6050 79.9482 0.0000
12        M:mem_cached
39        155 2526.1133 2298.4965 696.2697 0.0000
16        M:io_writtendata
31        155 0.2939 0.2241 0.2132 0.0000
11        M:io_writes
34        155 16.0000 12.2500 11.5973 0.0000
13        M:postgres_in
31        155 1.0000 0.9100 0.3000 0.0000
6         M:cpu3
31        155 9.2585 6.6064 9.9586 0.0000
6         M:cpu2
31        155 1.2023 0.9735 0.7040 0.0000
6         M:cpu1
33        155 11.0003 7.8207 12.0038 0.0000
6         M:cpu0
31        155 5.6586 4.0823 5.7035 0.0000
5         M:cpu
31        155 8.5900 6.1378 9.1662 0.0000
8         M:syslog
38        155 1068.5000 778.2950 812.0638 0.0000
8         M:ssh_in
31        155 2.0000 1.8200 0.6000 0.0000
8         M:www_in
31        155 1.0000 0.9100 0.3000 0.0000
14        M:cfengine_out
31        155 5.0000 4.5500 1.5000 0.0000
13        M:cfengine_in
31        155 1.0000 0.9100 0.3000 0.0000
9         M:loadavg
31        155 0.2126 0.1705 0.1909 0.0000
10        M:diskfree
34        155 60.5000 55.0550 18.2248 0.0000
12        M:otherprocs
33        155 26.0000 23.6600 7.8000 0.0000
11        M:rootprocs
36        155 113.5000 103.3900 33.7037 0.0000
7         M:users
31        155 8.0000 7.2800 2.4000 0.0000
# send QUERY complete successful
