# delta from 1679688858 to 1679688919 at 1679688919
22        CFR: 0 1679688918 2099
3         PRD
56        DBReportCollectAll,0.036374,0.354227,0.342089,1679688859
60        Packing reports: delta,0.032222,0.135832,0.126082,1679688859
83        Sample(/proc/sys/kernel/random/entropy_avail),0.004858,0.002360,0.002474,1679688877
3         EXS
16        f,288,1679688815
3         MOM
15        M:entropy_avail
38        1394 139.0000 102.3400 102.8297 0.0000
12        M:mem_cached
40        1394 3442.7305 3132.4171 865.4225 0.0000
10        M:mem_free
40        1394 11506.0391 10464.5803 0.0000 0.0000
11        M:mem_total
40        1394 15817.1836 14393.6371 0.0000 0.0000
16        M:io_writtendata
32        1394 0.2871 0.2428 0.1536 0.0000
11        M:io_writes
34        1394 14.0000 12.7400 4.2000 0.0000
13        M:postgres_in
32        1394 1.0000 0.9100 0.3000 0.0000
6         M:cpu3
32        1394 1.8587 1.5660 1.0002 0.0000
6         M:cpu2
35        1394 21.8731 15.7629 17.0691 0.0000
6         M:cpu1
32        1394 1.5439 1.2306 0.9329 0.0000
6         M:cpu0
35        1394 36.3155 25.5595 29.9985 0.0000
5         M:cpu
35        1394 15.3855 11.0214 12.1832 0.0000
8         M:syslog
40        1394 7122.0000 5015.8500 121.3157 0.0000
9         M:ssh_out
32        1394 0.0000 1.0500 3.7182 0.0000
8         M:ssh_in
32        1394 2.0000 1.8200 0.6000 0.0000
8         M:www_in
32        1394 2.0000 1.6100 1.1803 0.0000
14        M:cfengine_out
32        1394 5.0000 4.7600 0.8000 0.0000
13        M:cfengine_in
32        1394 1.0000 0.9100 0.3000 0.0000
9         M:loadavg
32        1394 0.2642 0.2088 0.1629 0.0000
10        M:diskfree
35        1394 54.0000 49.1400 16.2000 0.0000
12        M:otherprocs
34        1394 26.0000 23.6600 7.8000 0.0000
11        M:rootprocs
37        1394 115.0000 105.2800 32.4000 0.0000
7         M:users
32        1394 8.0000 7.2800 2.4000 0.0000
3         MOY
15        M:entropy_avail
36        155 323.0000 297.6050 79.9482 0.0000
12        M:mem_cached
39        155 2526.1133 2298.4965 696.2697 0.0000
16        M:io_writtendata
31        155 0.2939 0.2241 0.2132 0.0000
11        M:io_writes
34        155 16.0000 12.2500 11.5973 0.0000
13        M:postgres_in
31        155 1.0000 0.9100 0.3000 0.0000
6         M:cpu3
31        155 9.2585 6.6064 9.9586 0.0000
6         M:cpu2
31        155 1.2023 0.9735 0.7040 0.0000
6         M:cpu1
33        155 11.0003 7.8207 12.0038 0.0000
6         M:cpu0
31        155 5.6586 4.0823 5.7035 0.0000
5         M:cpu
31        155 8.5900 6.1378 9.1662 0.0000
8         M:syslog
38        155 1068.5000 778.2950 812.0638 0.0000
8         M:ssh_in
31        155 2.0000 1.8200 0.6000 0.0000
8         M:www_in
31        155 1.0000 0.9100 0.3000 0.0000
14        M:cfengine_out
31        155 5.0000 4.5500 1.5000 0.0000
13        M:cfengine_in
31        155 1.0000 0.9100 0.3000 0.0000
9         M:loadavg
31        155 0.2126 0.1705 0.1909 0.0000
10        M:diskfree
34        155 60.5000 55.0550 18.2248 0.0000
12        M:otherprocs
33        155 26.0000 23.6600 7.8000 0.0000
11        M:rootprocs
36        155 113.5000 103.3900 33.7037 0.0000
7         M:users
31        155 8.0000 7.2800 2.4000 0.0000
# send QUERY complete successful
