# delta from 1679684658 to 1679684719 at 1679684719
22        CFR: 0 1679684718 2053
3         PRD
56        DBReportCollectAll,0.077571,0.383004,0.346617,1679684659
60        Packing reports: delta,0.050907,0.118526,0.084396,1679684659
83        Sample(/proc/sys/kernel/random/entropy_avail),0.005038,0.002538,0.002720,1679684670
3         EXS
16        f,288,1679684616
3         MOM
15        M:entropy_avail
36        1380 125.0000 91.9100 92.7840 0.0000
12        M:mem_cached
40        1380 3405.4805 3098.4540 856.2558 0.0000
10        M:mem_free
40        1380 11553.7891 10513.6084 0.0000 0.0000
11        M:mem_total
40        1380 15817.1836 14393.6371 0.0000 0.0000
16        M:io_writtendata
32        1380 0.2539 0.1943 0.1700 0.0000
11        M:io_writes
34        1380 14.0000 10.6400 9.5482 0.0000
13        M:postgres_in
32        1380 1.0000 0.9100 0.3000 0.0000
6         M:cpu3
32        1380 1.4610 1.1167 0.9821 0.0000
6         M:cpu2
33        1380 11.9118 8.4841 9.5645 0.0000
6         M:cpu1
32        1380 3.9368 2.8679 2.9912 0.0000
6         M:cpu0
35        1380 47.0226 32.9985 39.1118 0.0000
5         M:cpu
35        1380 16.1020 11.3794 13.1730 0.0000
8         M:syslog
39        1380 1082.0000 787.8500 823.0318 0.0000
8         M:ssh_in
32        1380 2.0000 1.8200 0.6000 0.0000
8         M:www_in
32        1380 1.0000 0.9100 0.3000 0.0000
14        M:cfengine_out
32        1380 5.0000 4.5500 1.5000 0.0000
13        M:cfengine_in
32        1380 1.0000 0.9100 0.3000 0.0000
9         M:loadavg
32        1380 0.3193 0.2310 0.2468 0.0000
10        M:diskfree
35        1380 54.0000 49.1400 16.2000 0.0000
12        M:otherprocs
34        1380 26.0000 23.6600 7.8000 0.0000
11        M:rootprocs
37        1380 114.0000 103.7400 34.2000 0.0000
7         M:users
32        1380 8.0000 7.2800 2.4000 0.0000
3         MOY
15        M:entropy_avail
36        155 323.0000 297.6050 79.9482 0.0000
12        M:mem_cached
39        155 2526.1133 2298.4965 696.2697 0.0000
16        M:io_writtendata
31        155 0.2939 0.2241 0.2132 0.0000
11        M:io_writes
34        155 16.0000 12.2500 11.5973 0.0000
13        M:postgres_in
31        155 1.0000 0.9100 0.3000 0.0000
6         M:cpu3
31        155 9.2585 6.6064 9.9586 0.0000
6         M:cpu2
31        155 1.2023 0.9735 0.7040 0.0000
6         M:cpu1
33        155 11.0003 7.8207 12.0038 0.0000
6         M:cpu0
31        155 5.6586 4.0823 5.7035 0.0000
5         M:cpu
31        155 8.5900 6.1378 9.1662 0.0000
8         M:syslog
38        155 1068.5000 778.2950 812.0638 0.0000
8         M:ssh_in
31        155 2.0000 1.8200 0.6000 0.0000
8         M:www_in
31        155 1.0000 0.9100 0.3000 0.0000
14        M:cfengine_out
31        155 5.0000 4.5500 1.5000 0.0000
13        M:cfengine_in
31        155 1.0000 0.9100 0.3000 0.0000
9         M:loadavg
31        155 0.2126 0.1705 0.1909 0.0000
10        M:diskfree
34        155 60.5000 55.0550 18.2248 0.0000
12        M:otherprocs
33        155 26.0000 23.6600 7.8000 0.0000
11        M:rootprocs
36        155 113.5000 103.3900 33.7037 0.0000
7         M:users
31        155 8.0000 7.2800 2.4000 0.0000
# send QUERY complete successful
