# delta from 1679695458 to 1679695519 at 1679695519
22        CFR: 0 1679695518 2089
3         PRD
56        DBReportCollectAll,0.066645,0.337289,0.290656,1679695459
60        Packing reports: delta,0.042024,0.091249,0.069204,1679695459
83        Sample(/proc/sys/kernel/random/entropy_avail),0.006169,0.003806,0.002504,1679695489
3         EXS
16        f,278,1679695390
3         MOM
15        M:entropy_avail
37        1416 137.0000 103.2500 95.4810 0.0000
12        M:mem_cached
40        1416 3500.6016 3185.0323 880.0807 0.0000
10        M:mem_free
38        1416 7962.2430 7962.2430 0.0000 0.0000
11        M:mem_total
40        1416 11072.0285 11072.0285 0.0000 0.0000
16        M:io_writtendata
32        1416 0.2090 0.1608 0.1380 0.0000
11        M:io_writes
33        1416 10.0000 8.2600 5.5775 0.0000
13        M:postgres_in
32        1416 1.0000 0.9100 0.3000 0.0000
6         M:cpu3
32        1416 3.6030 2.8313 2.2554 0.0000
6         M:cpu2
35        1416 15.6725 11.5772 11.4978 0.0000
6         M:cpu1
32        1416 1.4567 1.2483 0.7660 0.0000
6         M:cpu0
34        1416 16.3112 16.3451 0.1132 0.0000
5         M:cpu
32        1416 9.2709 8.0071 4.2129 0.0000
8         M:syslog
38        1416 910.0000 702.5200 596.0366 0.0000
9         M:ssh_out
32        1416 0.0000 1.0500 3.7182 0.0000
8         M:ssh_in
32        1416 2.0000 1.8200 0.6000 0.0000
8         M:www_in
32        1416 1.0000 0.9100 0.3000 0.0000
14        M:cfengine_out
32        1416 5.0000 5.8100 2.7000 0.0000
13        M:cfengine_in
32        1416 1.0000 1.1200 0.4000 0.0000
9         M:loadavg
32        1416 0.1494 0.2205 0.2368 0.0000
10        M:diskfree
35        1416 53.0000 48.2300 15.9000 0.0000
12        M:otherprocs
34        1416 26.0000 23.6600 7.8000 0.0000
11        M:rootprocs
37        1416 115.0000 105.2800 32.4000 0.0000
7         M:users
32        1416 8.0000 7.2800 2.4000 0.0000
3         MOY
15        M:entropy_avail
36        155 323.0000 297.6050 79.9482 0.0000
12        M:mem_cached
39        155 2526.1133 2298.4965 696.2697 0.0000
16        M:io_writtendata
31        155 0.2939 0.2241 0.2132 0.0000
11        M:io_writes
34        155 16.0000 12.2500 11.5973 0.0000
13        M:postgres_in
31        155 1.0000 0.9100 0.3000 0.0000
6         M:cpu3
31        155 9.2585 6.6064 9.9586 0.0000
6         M:cpu2
31        155 1.2023 0.9735 0.7040 0.0000
6         M:cpu1
33        155 11.0003 7.8207 12.0038 0.0000
6         M:cpu0
31        155 5.6586 4.0823 5.7035 0.0000
5         M:cpu
31        155 8.5900 6.1378 9.1662 0.0000
8         M:syslog
38        155 1068.5000 778.2950 812.0638 0.0000
8         M:ssh_in
31        155 2.0000 1.8200 0.6000 0.0000
8         M:www_in
31        155 1.0000 0.9100 0.3000 0.0000
14        M:cfengine_out
31        155 5.0000 4.5500 1.5000 0.0000
13        M:cfengine_in
31        155 1.0000 0.9100 0.3000 0.0000
9         M:loadavg
31        155 0.2126 0.1705 0.1909 0.0000
10        M:diskfree
34        155 60.5000 55.0550 18.2248 0.0000
12        M:otherprocs
33        155 26.0000 23.6600 7.8000 0.0000
11        M:rootprocs
36        155 113.5000 103.3900 33.7037 0.0000
7         M:users
31        155 8.0000 7.2800 2.4000 0.0000
# send QUERY complete successful
