# delta from 1679738358 to 1679738419 at 1679738419
22        CFR: 0 1679738418 1962
3         PRD
56        DBReportCollectAll,0.086296,0.405933,0.477385,1679738359
60        Packing reports: delta,0.101847,0.216998,0.270057,1679738359
3         EXS
16        f,319,1679738331
3         MOM
15        M:entropy_avail
35        1559 78.0000 94.7100 55.7000 0.0000
12        M:mem_cached
40        1559 3883.0469 3533.4742 974.9116 0.0000
10        M:mem_free
39        1559 7800.5211 7767.7045 91.5211 0.0000
11        M:mem_total
40        1559 11072.0285 11072.0285 0.0000 0.0000
16        M:io_writtendata
32        1559 0.1289 0.1507 0.0728 0.0000
11        M:io_writes
32        1559 6.0000 7.9800 6.6000 0.0000
13        M:postgres_in
32        1559 1.0000 0.9100 0.3000 0.0000
6         M:cpu3
32        1559 7.0232 5.0116 5.6138 0.0000
6         M:cpu2
32        1559 2.3295 1.7567 1.6210 0.0000
6         M:cpu1
35        1559 38.8511 27.2756 32.2830 0.0000
6         M:cpu0
32        1559 4.2717 3.1036 3.2671 0.0000
5         M:cpu
34        1559 13.1343 9.2974 10.7032 0.0000
8         M:syslog
37        1559 167.0000 147.3500 65.5000 0.0000
8         M:ssh_in
32        1559 2.0000 1.8200 0.6000 0.0000
8         M:www_in
32        1559 1.0000 0.9100 0.3000 0.0000
14        M:cfengine_out
32        1559 5.0000 4.5500 1.5000 0.0000
13        M:cfengine_in
32        1559 1.0000 0.9100 0.3000 0.0000
9         M:loadavg
32        1559 0.7725 0.5506 0.6192 0.0000
10        M:diskfree
35        1559 49.0000 44.5900 14.7000 0.0000
12        M:otherprocs
34        1559 26.0000 23.6600 7.8000 0.0000
11        M:rootprocs
37        1559 118.0000 106.7500 37.5000 0.0000
7         M:users
32        1559 8.0000 7.2800 2.4000 0.0000
3         MOY
15        M:entropy_avail
36        155 323.0000 297.6050 79.9482 0.0000
12        M:mem_cached
39        155 2526.1133 2298.4965 696.2697 0.0000
16        M:io_writtendata
31        155 0.2939 0.2241 0.2132 0.0000
11        M:io_writes
34        155 16.0000 12.2500 11.5973 0.0000
13        M:postgres_in
31        155 1.0000 0.9100 0.3000 0.0000
6         M:cpu3
31        155 9.2585 6.6064 9.9586 0.0000
6         M:cpu2
31        155 1.2023 0.9735 0.7040 0.0000
6         M:cpu1
33        155 11.0003 7.8207 12.0038 0.0000
6         M:cpu0
31        155 5.6586 4.0823 5.7035 0.0000
5         M:cpu
31        155 8.5900 6.1378 9.1662 0.0000
8         M:syslog
38        155 1068.5000 778.2950 812.0638 0.0000
8         M:ssh_in
31        155 2.0000 1.8200 0.6000 0.0000
8         M:www_in
31        155 1.0000 0.9100 0.3000 0.0000
14        M:cfengine_out
31        155 5.0000 4.5500 1.5000 0.0000
13        M:cfengine_in
31        155 1.0000 0.9100 0.3000 0.0000
9         M:loadavg
31        155 0.2126 0.1705 0.1909 0.0000
10        M:diskfree
34        155 60.5000 55.0550 18.2248 0.0000
12        M:otherprocs
33        155 26.0000 23.6600 7.8000 0.0000
11        M:rootprocs
36        155 113.5000 103.3900 33.7037 0.0000
7         M:users
31        155 8.0000 7.2800 2.4000 0.0000
# send QUERY complete successful
