# delta from 1679744358 to 1679744419 at 1679744419
22        CFR: 0 1679744418 1974
3         PRD
56        DBReportCollectAll,0.142751,0.347597,0.367771,1679744359
60        Packing reports: delta,0.026972,0.072751,0.085608,1679744359
3         EXS
16        f,287,1679744298
3         MOM
15        M:entropy_avail
36        1579 99.0000 110.6700 38.9000 0.0000
12        M:mem_cached
40        1579 3935.8320 3581.1437 989.1786 0.0000
10        M:mem_free
39        1579 10908.4336 9930.7441 0.0000 0.0000
11        M:mem_total
40        1579 15817.1836 14393.6371 0.0000 0.0000
16        M:io_writtendata
32        1579 0.2969 0.2310 0.1906 0.0000
11        M:io_writes
34        1579 16.0000 12.8800 9.4420 0.0000
13        M:postgres_in
32        1579 1.0000 0.9100 0.3000 0.0000
6         M:cpu3
32        1579 5.7038 4.1061 4.4625 0.0000
6         M:cpu2
35        1579 15.4582 10.9245 12.6459 0.0000
6         M:cpu1
35        1579 28.2793 19.9132 23.3335 0.0000
6         M:cpu0
35        1579 14.2848 10.1170 11.6261 0.0000
5         M:cpu
35        1579 15.9346 11.2684 13.0158 0.0000
8         M:syslog
39        1579 1082.0000 787.8500 823.0318 0.0000
8         M:ssh_in
32        1579 2.0000 1.8200 0.6000 0.0000
8         M:www_in
32        1579 1.0000 0.9100 0.3000 0.0000
14        M:cfengine_out
32        1579 5.0000 4.5500 1.5000 0.0000
13        M:cfengine_in
32        1579 1.0000 0.9100 0.3000 0.0000
9         M:loadavg
32        1579 0.5298 0.3835 0.4090 0.0000
10        M:diskfree
35        1579 48.0000 43.6800 14.4000 0.0000
12        M:otherprocs
34        1579 26.0000 23.6600 7.8000 0.0000
11        M:rootprocs
37        1579 115.0000 104.4400 35.2000 0.0000
7         M:users
32        1579 8.0000 7.2800 2.4000 0.0000
3         MOY
15        M:entropy_avail
36        155 323.0000 297.6050 79.9482 0.0000
12        M:mem_cached
39        155 2526.1133 2298.4965 696.2697 0.0000
16        M:io_writtendata
31        155 0.2939 0.2241 0.2132 0.0000
11        M:io_writes
34        155 16.0000 12.2500 11.5973 0.0000
13        M:postgres_in
31        155 1.0000 0.9100 0.3000 0.0000
6         M:cpu3
31        155 9.2585 6.6064 9.9586 0.0000
6         M:cpu2
31        155 1.2023 0.9735 0.7040 0.0000
6         M:cpu1
33        155 11.0003 7.8207 12.0038 0.0000
6         M:cpu0
31        155 5.6586 4.0823 5.7035 0.0000
5         M:cpu
31        155 8.5900 6.1378 9.1662 0.0000
8         M:syslog
38        155 1068.5000 778.2950 812.0638 0.0000
8         M:ssh_in
31        155 2.0000 1.8200 0.6000 0.0000
8         M:www_in
31        155 1.0000 0.9100 0.3000 0.0000
14        M:cfengine_out
31        155 5.0000 4.5500 1.5000 0.0000
13        M:cfengine_in
31        155 1.0000 0.9100 0.3000 0.0000
9         M:loadavg
31        155 0.2126 0.1705 0.1909 0.0000
10        M:diskfree
34        155 60.5000 55.0550 18.2248 0.0000
12        M:otherprocs
33        155 26.0000 23.6600 7.8000 0.0000
11        M:rootprocs
36        155 113.5000 103.3900 33.7037 0.0000
7         M:users
31        155 8.0000 7.2800 2.4000 0.0000
# send QUERY complete successful
