# delta from 1679752763 to 1679752824 at 1679752824
22        CFR: 0 1679752823 1972
3         PRD
56        DBReportCollectAll,0.035881,0.339459,0.327402,1679752764
60        Packing reports: delta,0.041743,0.136177,0.121917,1679752764
3         EXS
16        f,286,1679752697
3         MOM
15        M:entropy_avail
37        1607 104.0000 119.8400 52.8000 0.0000
12        M:mem_cached
41        1607 4016.6602 3654.5947 1009.7522 0.0000
10        M:mem_free
39        1607 10833.5234 9858.1323 0.0000 0.0000
11        M:mem_total
40        1607 15817.1836 14393.6371 0.0000 0.0000
16        M:io_writtendata
32        1607 0.2646 0.2423 0.0746 0.0000
11        M:io_writes
34        1607 14.0000 13.5800 1.4000 0.0000
13        M:postgres_in
32        1607 1.0000 0.9100 0.3000 0.0000
6         M:cpu3
32        1607 2.1311 1.6333 1.4222 0.0000
6         M:cpu2
32        1607 9.3118 6.6303 7.4823 0.0000
6         M:cpu1
32        1607 2.8659 2.1434 2.0372 0.0000
6         M:cpu0
35        1607 49.5667 34.8368 41.0810 0.0000
5         M:cpu
35        1607 15.9849 11.3218 13.0080 0.0000
8         M:syslog
41        1607 1611.0000 1158.1500 1264.6851 0.0000
8         M:ssh_in
32        1607 2.0000 1.8200 0.6000 0.0000
8         M:www_in
32        1607 1.0000 0.9100 0.3000 0.0000
14        M:cfengine_out
32        1607 5.0000 4.5500 1.5000 0.0000
13        M:cfengine_in
32        1607 1.0000 0.9100 0.3000 0.0000
9         M:loadavg
32        1607 0.4268 0.3086 0.3303 0.0000
10        M:diskfree
35        1607 47.0000 42.7700 14.1000 0.0000
12        M:otherprocs
34        1607 26.0000 23.6600 7.8000 0.0000
11        M:rootprocs
37        1607 115.0000 104.4400 35.2000 0.0000
7         M:users
32        1607 8.0000 7.2800 2.4000 0.0000
3         MOY
15        M:entropy_avail
36        155 323.0000 297.6050 79.9482 0.0000
12        M:mem_cached
39        155 2526.1133 2298.4965 696.2697 0.0000
16        M:io_writtendata
31        155 0.2939 0.2241 0.2132 0.0000
11        M:io_writes
34        155 16.0000 12.2500 11.5973 0.0000
13        M:postgres_in
31        155 1.0000 0.9100 0.3000 0.0000
6         M:cpu3
31        155 9.2585 6.6064 9.9586 0.0000
6         M:cpu2
31        155 1.2023 0.9735 0.7040 0.0000
6         M:cpu1
33        155 11.0003 7.8207 12.0038 0.0000
6         M:cpu0
31        155 5.6586 4.0823 5.7035 0.0000
5         M:cpu
31        155 8.5900 6.1378 9.1662 0.0000
8         M:syslog
38        155 1068.5000 778.2950 812.0638 0.0000
8         M:ssh_in
31        155 2.0000 1.8200 0.6000 0.0000
8         M:www_in
31        155 1.0000 0.9100 0.3000 0.0000
14        M:cfengine_out
31        155 5.0000 4.5500 1.5000 0.0000
13        M:cfengine_in
31        155 1.0000 0.9100 0.3000 0.0000
9         M:loadavg
31        155 0.2126 0.1705 0.1909 0.0000
10        M:diskfree
34        155 60.5000 55.0550 18.2248 0.0000
12        M:otherprocs
33        155 26.0000 23.6600 7.8000 0.0000
11        M:rootprocs
36        155 113.5000 103.3900 33.7037 0.0000
7         M:users
31        155 8.0000 7.2800 2.4000 0.0000
# send QUERY complete successful
