# delta from 1679662758 to 1679662819 at 1679662819
22        CFR: 0 1679662818 2108
3         PRD
56        DBReportCollectAll,0.171274,0.535536,0.442778,1679662759
60        Packing reports: delta,0.212504,0.371851,0.251654,1679662759
3         EXS
16        f,319,1679662732
3         MOM
15        M:entropy_avail
40        1307 1087.0000 1024.6600 207.8000 0.0000
12        M:mem_cached
40        1307 3218.2539 2928.4618 808.1917 0.0000
10        M:mem_free
40        1307 11671.4336 10650.5957 0.0000 0.0000
11        M:mem_total
40        1307 15817.1836 14393.6371 0.0000 0.0000
16        M:io_writtendata
32        1307 0.2539 0.2415 0.0413 0.0000
11        M:io_writes
32        1307 8.0000 8.9600 3.2000 0.0000
13        M:postgres_in
32        1307 1.0000 0.9100 0.3000 0.0000
6         M:cpu3
32        1307 1.9528 1.4988 1.2983 0.0000
6         M:cpu2
35        1307 14.1884 10.0314 11.5953 0.0000
6         M:cpu1
32        1307 2.3345 1.8406 1.4491 0.0000
6         M:cpu0
35        1307 43.4509 30.5461 35.9910 0.0000
5         M:cpu
35        1307 15.4945 10.9886 12.5703 0.0000
8         M:syslog
37        1307 167.0000 147.3500 65.5000 0.0000
8         M:ssh_in
32        1307 6.0000 4.6200 3.9563 0.0000
8         M:www_in
32        1307 1.0000 0.9100 0.3000 0.0000
14        M:cfengine_out
32        1307 5.0000 4.5500 1.5000 0.0000
13        M:cfengine_in
32        1307 1.0000 0.9100 0.3000 0.0000
9         M:loadavg
32        1307 0.7881 0.5746 0.5974 0.0000
10        M:diskfree
35        1307 56.0000 50.9600 16.8000 0.0000
12        M:otherprocs
34        1307 26.0000 23.6600 7.8000 0.0000
11        M:rootprocs
37        1307 117.0000 106.2600 35.8000 0.0000
7         M:users
32        1307 8.0000 7.2800 2.4000 0.0000
3         MOY
15        M:entropy_avail
37        155 956.5000 899.2900 239.3838 0.0000
12        M:mem_cached
39        155 2444.9004 2224.7170 671.4100 0.0000
16        M:io_writtendata
31        155 0.9365 0.9361 0.1306 0.0000
13        M:io_readdata
31        155 0.0034 0.0237 0.1037 0.0000
11        M:io_writes
33        155 24.0000 21.8400 6.7634 0.0000
13        M:postgres_in
31        155 1.0000 0.9100 0.3000 0.0000
6         M:cpu3
34        155 22.3530 19.4789 12.9401 0.0000
6         M:cpu2
33        155 8.1117 10.9255 13.8492 0.0000
6         M:cpu1
34        155 30.9730 26.0574 23.0851 0.0000
6         M:cpu0
33        155 8.7018 11.4627 13.6796 0.0000
5         M:cpu
33        155 17.5788 17.0119 2.1176 0.0000
8         M:syslog
40        155 5028.4671 4634.2920 7134.1788 0.0000
9         M:ssh_out
31        155 4.5000 3.6750 3.6349 0.0000
8         M:ssh_in
31        155 3.0000 2.6250 1.5455 0.0000
9         M:www_out
31        155 1.0000 0.7000 1.1832 0.0000
8         M:www_in
31        155 1.0000 0.9100 0.3000 0.0000
14        M:cfengine_out
31        155 5.0000 4.5500 1.5000 0.0000
13        M:cfengine_in
31        155 1.0000 0.9100 0.3000 0.0000
9         M:loadavg
31        155 0.7024 0.5940 0.5291 0.0000
10        M:diskfree
34        155 61.0000 55.5100 18.3614 0.0000
12        M:otherprocs
33        155 28.5000 25.8300 8.9677 0.0000
11        M:rootprocs
36        155 117.5000 113.3300 24.6028 0.0000
7         M:users
31        155 8.5000 7.7350 2.5544 0.0000
# send QUERY complete successful
