# delta from 1679739498 to 1679739559 at 1679739559
22        CFR: 0 1679739558 2055
3         PRD
56        DBReportCollectAll,0.069438,0.357200,0.406543,1679739499
60        Packing reports: delta,0.056027,0.163286,0.145532,1679739499
83        Sample(/proc/sys/kernel/random/entropy_avail),0.004854,0.002356,0.001798,1679739517
3         EXS
16        f,277,1679739489
3         MOM
15        M:entropy_avail
35        1563 86.0000 99.6800 45.6000 0.0000
12        M:mem_cached
40        1563 3895.3047 3544.1932 979.2030 0.0000
10        M:mem_free
39        1563 10967.8945 9980.6971 0.0000 0.0000
11        M:mem_total
40        1563 15817.1836 14393.6371 0.0000 0.0000
16        M:io_writtendata
32        1563 0.2305 0.1909 0.1279 0.0000
11        M:io_writes
34        1563 14.0000 11.4800 7.9267 0.0000
13        M:postgres_in
32        1563 1.0000 0.9100 0.3000 0.0000
6         M:cpu3
32        1563 3.0289 2.2520 2.1856 0.0000
6         M:cpu2
35        1563 18.7329 13.1999 15.4318 0.0000
6         M:cpu1
32        1563 8.1391 5.8305 6.4448 0.0000
6         M:cpu0
35        1563 34.2480 24.0971 28.3109 0.0000
5         M:cpu
35        1563 16.0334 11.3426 13.0847 0.0000
8         M:syslog
41        1563 1541.0000 1109.1500 1206.2037 0.0000
8         M:ssh_in
32        1563 2.0000 1.8200 0.6000 0.0000
8         M:www_in
32        1563 1.0000 0.9100 0.3000 0.0000
14        M:cfengine_out
32        1563 5.0000 4.5500 1.5000 0.0000
13        M:cfengine_in
32        1563 1.0000 0.9100 0.3000 0.0000
9         M:loadavg
32        1563 0.4834 0.3542 0.3620 0.0000
10        M:diskfree
35        1563 49.0000 44.5900 14.7000 0.0000
12        M:otherprocs
34        1563 26.0000 23.6600 7.8000 0.0000
11        M:rootprocs
37        1563 116.0000 105.3500 35.5000 0.0000
7         M:users
32        1563 8.0000 7.2800 2.4000 0.0000
3         MOY
15        M:entropy_avail
36        155 323.0000 297.6050 79.9482 0.0000
12        M:mem_cached
39        155 2526.1133 2298.4965 696.2697 0.0000
16        M:io_writtendata
31        155 0.2939 0.2241 0.2132 0.0000
11        M:io_writes
34        155 16.0000 12.2500 11.5973 0.0000
13        M:postgres_in
31        155 1.0000 0.9100 0.3000 0.0000
6         M:cpu3
31        155 9.2585 6.6064 9.9586 0.0000
6         M:cpu2
31        155 1.2023 0.9735 0.7040 0.0000
6         M:cpu1
33        155 11.0003 7.8207 12.0038 0.0000
6         M:cpu0
31        155 5.6586 4.0823 5.7035 0.0000
5         M:cpu
31        155 8.5900 6.1378 9.1662 0.0000
8         M:syslog
38        155 1068.5000 778.2950 812.0638 0.0000
8         M:ssh_in
31        155 2.0000 1.8200 0.6000 0.0000
8         M:www_in
31        155 1.0000 0.9100 0.3000 0.0000
14        M:cfengine_out
31        155 5.0000 4.5500 1.5000 0.0000
13        M:cfengine_in
31        155 1.0000 0.9100 0.3000 0.0000
9         M:loadavg
31        155 0.2126 0.1705 0.1909 0.0000
10        M:diskfree
34        155 60.5000 55.0550 18.2248 0.0000
12        M:otherprocs
33        155 26.0000 23.6600 7.8000 0.0000
11        M:rootprocs
36        155 113.5000 103.3900 33.7037 0.0000
7         M:users
31        155 8.0000 7.2800 2.4000 0.0000
# send QUERY complete successful
