# delta from 1679700558 to 1679700619 at 1679700619
22        CFR: 0 1679700618 2097
3         PRD
56        DBReportCollectAll,0.117718,0.361439,0.331914,1679700559
60        Packing reports: delta,0.034558,0.105510,0.084292,1679700559
83        Sample(/proc/sys/kernel/random/entropy_avail),0.004672,0.002183,0.002400,1679700598
3         EXS
16        f,319,1679700531
3         MOM
15        M:entropy_avail
37        1433 137.0000 103.6700 94.4867 0.0000
12        M:mem_cached
40        1433 3544.7852 3225.2697 891.0861 0.0000
10        M:mem_free
38        1433 7954.6660 7954.6660 0.0000 0.0000
11        M:mem_total
40        1433 11072.0285 11072.0285 0.0000 0.0000
16        M:io_writtendata
32        1433 0.2441 0.2086 0.1288 0.0000
11        M:io_writes
34        1433 12.0000 10.9200 3.6000 0.0000
13        M:postgres_in
32        1433 1.0000 0.9100 0.3000 0.0000
6         M:cpu3
32        1433 2.4182 1.8807 1.5540 0.0000
6         M:cpu2
33        1433 11.0035 8.1044 8.1329 0.0000
6         M:cpu1
34        1433 12.9519 9.3423 10.0847 0.0000
6         M:cpu0
35        1433 16.5203 12.2718 11.9485 0.0000
5         M:cpu
35        1433 14.5914 10.6074 11.1439 0.0000
8         M:syslog
41        1433 1554.0000 1118.2500 1217.0639 0.0000
9         M:ssh_out
32        1433 0.0000 1.0500 3.7182 0.0000
8         M:ssh_in
32        1433 2.0000 1.8200 0.6000 0.0000
8         M:www_in
32        1433 1.0000 0.9100 0.3000 0.0000
14        M:cfengine_out
32        1433 5.0000 4.7600 0.8000 0.0000
13        M:cfengine_in
32        1433 1.0000 0.9100 0.3000 0.0000
9         M:loadavg
32        1433 0.2700 0.2286 0.1442 0.0000
10        M:diskfree
35        1433 52.0000 47.3200 15.6000 0.0000
12        M:otherprocs
34        1433 26.0000 23.6600 7.8000 0.0000
11        M:rootprocs
37        1433 113.0000 103.4600 31.8000 0.0000
7         M:users
32        1433 8.0000 7.2800 2.4000 0.0000
3         MOY
15        M:entropy_avail
36        155 323.0000 297.6050 79.9482 0.0000
12        M:mem_cached
39        155 2526.1133 2298.4965 696.2697 0.0000
16        M:io_writtendata
31        155 0.2939 0.2241 0.2132 0.0000
11        M:io_writes
34        155 16.0000 12.2500 11.5973 0.0000
13        M:postgres_in
31        155 1.0000 0.9100 0.3000 0.0000
6         M:cpu3
31        155 9.2585 6.6064 9.9586 0.0000
6         M:cpu2
31        155 1.2023 0.9735 0.7040 0.0000
6         M:cpu1
33        155 11.0003 7.8207 12.0038 0.0000
6         M:cpu0
31        155 5.6586 4.0823 5.7035 0.0000
5         M:cpu
31        155 8.5900 6.1378 9.1662 0.0000
8         M:syslog
38        155 1068.5000 778.2950 812.0638 0.0000
8         M:ssh_in
31        155 2.0000 1.8200 0.6000 0.0000
8         M:www_in
31        155 1.0000 0.9100 0.3000 0.0000
14        M:cfengine_out
31        155 5.0000 4.5500 1.5000 0.0000
13        M:cfengine_in
31        155 1.0000 0.9100 0.3000 0.0000
9         M:loadavg
31        155 0.2126 0.1705 0.1909 0.0000
10        M:diskfree
34        155 60.5000 55.0550 18.2248 0.0000
12        M:otherprocs
33        155 26.0000 23.6600 7.8000 0.0000
11        M:rootprocs
36        155 113.5000 103.3900 33.7037 0.0000
7         M:users
31        155 8.0000 7.2800 2.4000 0.0000
# send QUERY complete successful
