# delta from 1679754203 to 1679754264 at 1679754264
22        CFR: 0 1679754263 2058
3         PRD
56        DBReportCollectAll,0.087025,0.391101,0.476730,1679754204
60        Packing reports: delta,0.073342,0.188897,0.273637,1679754204
83        Sample(/proc/sys/kernel/random/entropy_avail),0.004807,0.002311,0.001871,1679754243
3         EXS
16        f,277,1679754188
3         MOM
15        M:entropy_avail
37        1612 109.0000 115.9900 23.3000 0.0000
12        M:mem_cached
41        1612 4029.1562 3666.0974 1012.5227 0.0000
10        M:mem_free
40        1612 7877.7428 7785.3444 257.6869 0.0000
11        M:mem_total
40        1612 11072.0285 11072.0285 0.0000 0.0000
16        M:io_writtendata
32        1612 0.3760 0.2843 0.2598 0.0000
11        M:io_writes
35        1612 20.0000 14.8400 14.5068 0.0000
13        M:postgres_in
32        1612 1.0000 0.9100 0.3000 0.0000
6         M:cpu3
33        1612 11.0973 7.8705 9.0019 0.0000
6         M:cpu2
32        1612 1.6672 1.3144 1.0353 0.0000
6         M:cpu1
35        1612 16.9519 12.0248 13.7454 0.0000
6         M:cpu0
32        1612 1.5653 1.2485 0.9444 0.0000
5         M:cpu
35        1612 15.7904 11.1942 12.8218 0.0000
8         M:syslog
41        1612 2042.0000 1459.8500 1624.8980 0.0000
8         M:ssh_in
32        1612 2.0000 1.8200 0.6000 0.0000
8         M:www_in
32        1612 1.0000 0.9100 0.3000 0.0000
14        M:cfengine_out
32        1612 5.0000 4.5500 1.5000 0.0000
13        M:cfengine_in
32        1612 1.0000 0.9100 0.3000 0.0000
9         M:loadavg
32        1612 0.3594 0.2722 0.2473 0.0000
10        M:diskfree
35        1612 47.0000 42.7700 14.1000 0.0000
12        M:otherprocs
34        1612 26.0000 23.6600 7.8000 0.0000
11        M:rootprocs
37        1612 114.0000 103.7400 34.2000 0.0000
7         M:users
32        1612 8.0000 7.2800 2.4000 0.0000
3         MOY
15        M:entropy_avail
36        155 323.0000 297.6050 79.9482 0.0000
12        M:mem_cached
39        155 2526.1133 2298.4965 696.2697 0.0000
16        M:io_writtendata
31        155 0.2939 0.2241 0.2132 0.0000
11        M:io_writes
34        155 16.0000 12.2500 11.5973 0.0000
13        M:postgres_in
31        155 1.0000 0.9100 0.3000 0.0000
6         M:cpu3
31        155 9.2585 6.6064 9.9586 0.0000
6         M:cpu2
31        155 1.2023 0.9735 0.7040 0.0000
6         M:cpu1
33        155 11.0003 7.8207 12.0038 0.0000
6         M:cpu0
31        155 5.6586 4.0823 5.7035 0.0000
5         M:cpu
31        155 8.5900 6.1378 9.1662 0.0000
8         M:syslog
38        155 1068.5000 778.2950 812.0638 0.0000
8         M:ssh_in
31        155 2.0000 1.8200 0.6000 0.0000
8         M:www_in
31        155 1.0000 0.9100 0.3000 0.0000
14        M:cfengine_out
31        155 5.0000 4.5500 1.5000 0.0000
13        M:cfengine_in
31        155 1.0000 0.9100 0.3000 0.0000
9         M:loadavg
31        155 0.2126 0.1705 0.1909 0.0000
10        M:diskfree
34        155 60.5000 55.0550 18.2248 0.0000
12        M:otherprocs
33        155 26.0000 23.6600 7.8000 0.0000
11        M:rootprocs
36        155 113.5000 103.3900 33.7037 0.0000
7         M:users
31        155 8.0000 7.2800 2.4000 0.0000
# send QUERY complete successful
