# delta from 1679713758 to 1679713819 at 1679713819
22        CFR: 0 1679713818 2000
3         PRD
56        DBReportCollectAll,0.113466,0.335162,0.267911,1679713759
60        Packing reports: delta,0.030703,0.094267,0.089553,1679713759
3         EXS
16        f,319,1679713741
3         MOM
15        M:entropy_avail
35        1477 54.0000 70.1400 53.8000 0.0000
12        M:mem_cached
40        1477 3669.1289 3338.8819 921.0150 0.0000
10        M:mem_free
38        1477 7868.7766 7868.7766 0.0000 0.0000
11        M:mem_total
40        1477 11072.0285 11072.0285 0.0000 0.0000
16        M:io_writtendata
32        1477 0.0625 0.0979 0.1180 0.0000
11        M:io_writes
32        1477 4.0000 5.3200 4.4000 0.0000
13        M:postgres_in
32        1477 1.0000 0.9100 0.3000 0.0000
6         M:cpu3
32        1477 8.1175 6.4672 4.9108 0.0000
6         M:cpu2
32        1477 1.0215 1.4518 1.4345 0.0000
6         M:cpu1
32        1477 6.7018 4.8990 5.0482 0.0000
6         M:cpu0
33        1477 1.1418 4.9011 13.7855 0.0000
5         M:cpu
32        1477 4.2466 4.4224 0.5863 0.0000
8         M:syslog
39        1477 167.0000 440.7200 1040.2221 0.0000
9         M:ssh_out
32        1477 5.0000 3.5000 4.1833 0.0000
8         M:ssh_in
32        1477 2.0000 1.8200 0.6000 0.0000
8         M:www_in
32        1477 1.0000 0.9100 0.3000 0.0000
14        M:cfengine_out
32        1477 6.0000 5.2500 2.5000 0.0000
13        M:cfengine_in
32        1477 1.0000 0.9100 0.3000 0.0000
9         M:loadavg
32        1477 0.3589 0.2977 0.1985 0.0000
10        M:diskfree
35        1477 51.0000 46.4100 15.3000 0.0000
12        M:otherprocs
34        1477 26.0000 23.6600 7.8000 0.0000
11        M:rootprocs
37        1477 117.0000 106.0500 36.5000 0.0000
7         M:users
32        1477 8.0000 7.2800 2.4000 0.0000
3         MOY
15        M:entropy_avail
36        155 323.0000 297.6050 79.9482 0.0000
12        M:mem_cached
39        155 2526.1133 2298.4965 696.2697 0.0000
16        M:io_writtendata
31        155 0.2939 0.2241 0.2132 0.0000
11        M:io_writes
34        155 16.0000 12.2500 11.5973 0.0000
13        M:postgres_in
31        155 1.0000 0.9100 0.3000 0.0000
6         M:cpu3
31        155 9.2585 6.6064 9.9586 0.0000
6         M:cpu2
31        155 1.2023 0.9735 0.7040 0.0000
6         M:cpu1
33        155 11.0003 7.8207 12.0038 0.0000
6         M:cpu0
31        155 5.6586 4.0823 5.7035 0.0000
5         M:cpu
31        155 8.5900 6.1378 9.1662 0.0000
8         M:syslog
38        155 1068.5000 778.2950 812.0638 0.0000
8         M:ssh_in
31        155 2.0000 1.8200 0.6000 0.0000
8         M:www_in
31        155 1.0000 0.9100 0.3000 0.0000
14        M:cfengine_out
31        155 5.0000 4.5500 1.5000 0.0000
13        M:cfengine_in
31        155 1.0000 0.9100 0.3000 0.0000
9         M:loadavg
31        155 0.2126 0.1705 0.1909 0.0000
10        M:diskfree
34        155 60.5000 55.0550 18.2248 0.0000
12        M:otherprocs
33        155 26.0000 23.6600 7.8000 0.0000
11        M:rootprocs
36        155 113.5000 103.3900 33.7037 0.0000
7         M:users
31        155 8.0000 7.2800 2.4000 0.0000
# send QUERY complete successful
