# delta from 1679737998 to 1679738059 at 1679738059
22        CFR: 0 1679738058 2053
3         PRD
56        DBReportCollectAll,0.049898,0.317611,0.284285,1679737999
60        Packing reports: delta,0.039115,0.148471,0.122505,1679737999
83        Sample(/proc/sys/kernel/random/entropy_avail),0.004844,0.002347,0.001992,1679738014
3         EXS
16        f,286,1679737997
3         MOM
15        M:entropy_avail
35        1558 88.0000 99.8200 39.4000 0.0000
12        M:mem_cached
40        1558 3882.5547 3532.5989 975.9799 0.0000
10        M:mem_free
39        1558 7791.3897 7759.7826 88.1479 0.0000
11        M:mem_total
40        1558 11072.0285 11072.0285 0.0000 0.0000
16        M:io_writtendata
32        1558 0.2998 0.2519 0.1621 0.0000
11        M:io_writes
34        1558 14.0000 11.9000 7.4364 0.0000
13        M:postgres_in
32        1558 1.0000 0.9100 0.3000 0.0000
6         M:cpu3
32        1558 5.9374 4.8584 3.3769 0.0000
6         M:cpu2
33        1558 10.1739 7.3085 8.0016 0.0000
6         M:cpu1
35        1558 33.1441 24.0193 25.5105 0.0000
6         M:cpu0
35        1558 14.4527 10.2921 11.6095 0.0000
5         M:cpu
35        1558 15.9349 11.6246 12.0646 0.0000
8         M:syslog
38        1558 457.0000 540.8200 279.4000 0.0000
8         M:ssh_in
32        1558 2.0000 1.8200 0.6000 0.0000
8         M:www_in
32        1558 1.0000 0.9100 0.3000 0.0000
14        M:cfengine_out
32        1558 5.0000 4.5500 1.5000 0.0000
13        M:cfengine_in
32        1558 1.0000 0.9100 0.3000 0.0000
9         M:loadavg
32        1558 0.6118 0.4444 0.4683 0.0000
10        M:diskfree
35        1558 49.0000 44.5900 14.7000 0.0000
12        M:otherprocs
34        1558 26.0000 23.6600 7.8000 0.0000
11        M:rootprocs
37        1558 116.0000 105.1400 36.2000 0.0000
7         M:users
32        1558 8.0000 7.2800 2.4000 0.0000
3         MOY
15        M:entropy_avail
36        155 323.0000 297.6050 79.9482 0.0000
12        M:mem_cached
39        155 2526.1133 2298.4965 696.2697 0.0000
16        M:io_writtendata
31        155 0.2939 0.2241 0.2132 0.0000
11        M:io_writes
34        155 16.0000 12.2500 11.5973 0.0000
13        M:postgres_in
31        155 1.0000 0.9100 0.3000 0.0000
6         M:cpu3
31        155 9.2585 6.6064 9.9586 0.0000
6         M:cpu2
31        155 1.2023 0.9735 0.7040 0.0000
6         M:cpu1
33        155 11.0003 7.8207 12.0038 0.0000
6         M:cpu0
31        155 5.6586 4.0823 5.7035 0.0000
5         M:cpu
31        155 8.5900 6.1378 9.1662 0.0000
8         M:syslog
38        155 1068.5000 778.2950 812.0638 0.0000
8         M:ssh_in
31        155 2.0000 1.8200 0.6000 0.0000
8         M:www_in
31        155 1.0000 0.9100 0.3000 0.0000
14        M:cfengine_out
31        155 5.0000 4.5500 1.5000 0.0000
13        M:cfengine_in
31        155 1.0000 0.9100 0.3000 0.0000
9         M:loadavg
31        155 0.2126 0.1705 0.1909 0.0000
10        M:diskfree
34        155 60.5000 55.0550 18.2248 0.0000
12        M:otherprocs
33        155 26.0000 23.6600 7.8000 0.0000
11        M:rootprocs
36        155 113.5000 103.3900 33.7037 0.0000
7         M:users
31        155 8.0000 7.2800 2.4000 0.0000
# send QUERY complete successful
