# delta from 1679739258 to 1679739320 at 1679739320
22        CFR: 0 1679739319 1970
3         PRD
56        DBReportCollectAll,0.055712,0.364529,0.411324,1679739259
60        Packing reports: delta,0.031305,0.155145,0.162084,1679739259
3         EXS
16        f,288,1679739216
3         MOM
15        M:entropy_avail
36        1562 94.0000 108.4300 48.1000 0.0000
12        M:mem_cached
40        1562 3892.4453 3541.6437 978.3389 0.0000
10        M:mem_free
42        1562 10828.1875 9882.9661 2636.0964 0.0000
11        M:mem_total
40        1562 15817.1836 14393.6371 0.0000 0.0000
16        M:io_writtendata
32        1562 0.2363 0.2524 0.0535 0.0000
11        M:io_writes
34        1562 14.0000 14.8400 2.8000 0.0000
13        M:postgres_in
32        1562 1.0000 0.9100 0.3000 0.0000
6         M:cpu3
33        1562 12.1285 8.6820 9.6209 0.0000
6         M:cpu2
32        1562 9.7781 9.2019 1.9208 0.0000
6         M:cpu1
35        1562 32.9660 23.6973 25.8848 0.0000
6         M:cpu0
32        1562 9.4606 7.4898 5.8132 0.0000
5         M:cpu
35        1562 16.0562 12.2481 10.8459 0.0000
8         M:syslog
37        1562 553.0000 559.5100 21.7000 0.0000
8         M:ssh_in
32        1562 2.0000 1.8200 0.6000 0.0000
8         M:www_in
32        1562 1.0000 1.1200 0.4000 0.0000
14        M:cfengine_out
32        1562 5.0000 4.5500 1.5000 0.0000
13        M:cfengine_in
32        1562 1.0000 0.9100 0.3000 0.0000
9         M:loadavg
32        1562 0.7769 0.5732 0.5715 0.0000
10        M:diskfree
35        1562 49.0000 44.5900 14.7000 0.0000
12        M:otherprocs
34        1562 26.0000 23.6600 7.8000 0.0000
11        M:rootprocs
37        1562 118.0000 106.5400 38.2000 0.0000
7         M:users
32        1562 8.0000 7.2800 2.4000 0.0000
3         MOY
15        M:entropy_avail
36        155 323.0000 297.6050 79.9482 0.0000
12        M:mem_cached
39        155 2526.1133 2298.4965 696.2697 0.0000
16        M:io_writtendata
31        155 0.2939 0.2241 0.2132 0.0000
11        M:io_writes
34        155 16.0000 12.2500 11.5973 0.0000
13        M:postgres_in
31        155 1.0000 0.9100 0.3000 0.0000
6         M:cpu3
31        155 9.2585 6.6064 9.9586 0.0000
6         M:cpu2
31        155 1.2023 0.9735 0.7040 0.0000
6         M:cpu1
33        155 11.0003 7.8207 12.0038 0.0000
6         M:cpu0
31        155 5.6586 4.0823 5.7035 0.0000
5         M:cpu
31        155 8.5900 6.1378 9.1662 0.0000
8         M:syslog
38        155 1068.5000 778.2950 812.0638 0.0000
8         M:ssh_in
31        155 2.0000 1.8200 0.6000 0.0000
8         M:www_in
31        155 1.0000 0.9100 0.3000 0.0000
14        M:cfengine_out
31        155 5.0000 4.5500 1.5000 0.0000
13        M:cfengine_in
31        155 1.0000 0.9100 0.3000 0.0000
9         M:loadavg
31        155 0.2126 0.1705 0.1909 0.0000
10        M:diskfree
34        155 60.5000 55.0550 18.2248 0.0000
12        M:otherprocs
33        155 26.0000 23.6600 7.8000 0.0000
11        M:rootprocs
36        155 113.5000 103.3900 33.7037 0.0000
7         M:users
31        155 8.0000 7.2800 2.4000 0.0000
# send QUERY complete successful
