# delta from 1679705958 to 1679706020 at 1679706020
22        CFR: 0 1679706019 2844
3         PRD
56        DBReportCollectAll,0.048136,0.349077,0.349523,1679705959
60        Packing reports: delta,0.031026,0.145411,0.167070,1679705959
83        Sample(/proc/sys/kernel/random/entropy_avail),0.005839,0.003409,0.006528,1679706008
3         EXS
16        f,278,1679705889
3         MOM
15        M:entropy_avail
35        1451 53.0000 71.3300 61.1000 0.0000
38        1452 148.0000 103.6000 123.8257 0.0000
12        M:mem_cached
40        1451 3596.4883 3272.7805 902.7777 0.0000
38        1452 3598.7422 2519.1195 0.0000 0.0000
10        M:mem_free
40        1451 11200.2773 10208.8243 0.0000 0.0000
39        1452 11280.3633 7896.2543 0.0000 0.0000
11        M:mem_total
40        1451 15817.1836 14393.6371 0.0000 0.0000
40        1452 15817.1836 11072.0285 0.0000 0.0000
16        M:io_writtendata
32        1451 0.1719 0.2067 0.1159 0.0000
32        1452 0.2480 0.1736 0.2075 0.0000
11        M:io_writes
34        1451 12.0000 12.6000 2.0000 0.0000
34        1452 12.0000 8.4000 10.0399 0.0000
13        M:postgres_in
32        1451 1.0000 0.9100 0.3000 0.0000
32        1452 1.0000 0.7000 0.8367 0.0000
6         M:cpu3
32        1451 1.6651 4.2446 8.5983 0.0000
33        1452 11.8068 8.2647 9.8782 0.0000
6         M:cpu2
34        1451 14.8400 11.8271 8.9702 0.0000
32        1452 7.4525 5.2168 6.2352 0.0000
6         M:cpu1
33        1451 1.6899 4.8377 11.8604 0.0000
32        1452 3.4152 2.3906 2.8573 0.0000
6         M:cpu0
35        1451 24.0988 17.3258 18.9152 0.0000
32        1452 1.0282 0.7198 0.8603 0.0000
5         M:cpu
33        1451 10.5799 9.5638 3.3871 0.0000
32        1452 5.9264 4.1485 4.9583 0.0000
8         M:syslog
38        1451 167.0000 287.6300 402.1000 0.0000
40        1452 1294.0000 905.8000 1082.6381 0.0000
9         M:ssh_out
32        1451 5.0000 3.5000 4.1833 0.0000
8         M:ssh_in
32        1451 2.0000 1.8200 0.6000 0.0000
32        1452 2.0000 1.4000 1.6733 0.0000
8         M:www_in
32        1451 1.0000 0.9100 0.3000 0.0000
32        1452 1.0000 0.7000 0.8367 0.0000
14        M:cfengine_out
32        1451 6.0000 5.2500 2.5000 0.0000
32        1452 5.0000 3.5000 4.1833 0.0000
13        M:cfengine_in
32        1451 1.0000 0.9100 0.3000 0.0000
32        1452 2.0000 1.4000 1.6733 0.0000
9         M:loadavg
32        1451 0.7480 0.6277 0.4052 0.0000
32        1452 0.1230 0.0861 0.1029 0.0000
10        M:diskfree
35        1451 52.0000 47.3200 15.6000 0.0000
35        1452 52.0000 36.4000 43.5063 0.0000
12        M:otherprocs
34        1451 26.0000 23.6600 7.8000 0.0000
35        1452 26.0000 18.2000 21.7532 0.0000
11        M:rootprocs
37        1451 119.0000 107.6600 37.8000 0.0000
36        1452 117.0000 81.9000 97.8892 0.0000
7         M:users
32        1451 8.0000 7.2800 2.4000 0.0000
32        1452 8.0000 5.6000 6.6933 0.0000
3         MOY
15        M:entropy_avail
36        155 323.0000 297.6050 79.9482 0.0000
12        M:mem_cached
39        155 2526.1133 2298.4965 696.2697 0.0000
16        M:io_writtendata
31        155 0.2939 0.2241 0.2132 0.0000
11        M:io_writes
34        155 16.0000 12.2500 11.5973 0.0000
13        M:postgres_in
31        155 1.0000 0.9100 0.3000 0.0000
6         M:cpu3
31        155 9.2585 6.6064 9.9586 0.0000
6         M:cpu2
31        155 1.2023 0.9735 0.7040 0.0000
6         M:cpu1
33        155 11.0003 7.8207 12.0038 0.0000
6         M:cpu0
31        155 5.6586 4.0823 5.7035 0.0000
5         M:cpu
31        155 8.5900 6.1378 9.1662 0.0000
8         M:syslog
38        155 1068.5000 778.2950 812.0638 0.0000
8         M:ssh_in
31        155 2.0000 1.8200 0.6000 0.0000
8         M:www_in
31        155 1.0000 0.9100 0.3000 0.0000
14        M:cfengine_out
31        155 5.0000 4.5500 1.5000 0.0000
13        M:cfengine_in
31        155 1.0000 0.9100 0.3000 0.0000
9         M:loadavg
31        155 0.2126 0.1705 0.1909 0.0000
10        M:diskfree
34        155 60.5000 55.0550 18.2248 0.0000
12        M:otherprocs
33        155 26.0000 23.6600 7.8000 0.0000
11        M:rootprocs
36        155 113.5000 103.3900 33.7037 0.0000
7         M:users
31        155 8.0000 7.2800 2.4000 0.0000
# send QUERY complete successful
