# delta from 1679672958 to 1679673019 at 1679673019
22        CFR: 0 1679673018 1973
3         PRD
56        DBReportCollectAll,0.183204,0.457402,0.634068,1679672959
60        Packing reports: delta,0.078701,0.185021,0.279825,1679672959
3         EXS
16        f,286,1679672898
3         MOM
15        M:entropy_avail
36        1341 121.0000 87.0100 94.9275 0.0000
12        M:mem_cached
40        1341 3318.7188 3019.5862 834.2409 0.0000
10        M:mem_free
40        1341 11666.2461 10618.2461 0.0000 0.0000
11        M:mem_total
40        1341 15817.1836 14393.6371 0.0000 0.0000
16        M:io_writtendata
32        1341 0.2490 0.1950 0.1572 0.0000
11        M:io_writes
34        1341 14.0000 10.6400 9.5482 0.0000
13        M:postgres_in
32        1341 1.0000 0.9100 0.3000 0.0000
6         M:cpu3
35        1341 35.2174 24.8108 29.0247 0.0000
6         M:cpu2
32        1341 2.0980 1.6215 1.3702 0.0000
6         M:cpu1
35        1341 23.1427 16.3290 19.0047 0.0000
6         M:cpu0
32        1341 3.0581 2.2894 2.1684 0.0000
5         M:cpu
35        1341 15.8942 11.2740 12.8893 0.0000
8         M:syslog
41        1341 2283.0000 1628.5500 1826.3830 0.0000
8         M:ssh_in
32        1341 2.0000 1.8200 0.6000 0.0000
8         M:www_in
32        1341 1.0000 0.9100 0.3000 0.0000
14        M:cfengine_out
32        1341 5.0000 4.5500 1.5000 0.0000
13        M:cfengine_in
32        1341 1.0000 0.9100 0.3000 0.0000
9         M:loadavg
32        1341 0.3789 0.2757 0.2888 0.0000
10        M:diskfree
35        1341 55.0000 50.0500 16.5000 0.0000
12        M:otherprocs
34        1341 26.0000 23.6600 7.8000 0.0000
11        M:rootprocs
37        1341 115.0000 104.4400 35.2000 0.0000
7         M:users
32        1341 8.0000 7.2800 2.4000 0.0000
3         MOY
15        M:entropy_avail
36        155 311.5000 288.7150 70.5984 0.0000
12        M:mem_cached
39        155 2500.4707 2275.1462 688.5663 0.0000
16        M:io_writtendata
31        155 0.2676 0.2020 0.1967 0.0000
11        M:io_writes
34        155 14.0000 10.6400 10.1177 0.0000
13        M:postgres_in
31        155 1.0000 0.9100 0.3000 0.0000
6         M:cpu3
31        155 5.6157 4.0684 5.6166 0.0000
6         M:cpu2
31        155 6.9570 5.0045 7.2414 0.0000
6         M:cpu1
31        155 4.6086 3.3564 4.4307 0.0000
6         M:cpu0
31        155 8.9643 6.3865 9.6397 0.0000
5         M:cpu
31        155 8.5530 6.1152 9.1097 0.0000
8         M:syslog
39        155 1188.0000 861.9450 1774.3258 0.0000
8         M:ssh_in
31        155 2.0000 1.8200 0.6000 0.0000
8         M:www_in
31        155 1.0000 0.9100 0.3000 0.0000
14        M:cfengine_out
31        155 5.0000 4.5500 1.5000 0.0000
13        M:cfengine_in
31        155 1.0000 0.9100 0.3000 0.0000
9         M:loadavg
31        155 0.3083 0.2329 0.3196 0.0000
10        M:diskfree
34        155 60.5000 55.0550 18.2248 0.0000
12        M:otherprocs
33        155 26.0000 23.6600 7.8000 0.0000
11        M:rootprocs
36        155 114.5000 103.9850 35.0603 0.0000
7         M:users
31        155 8.0000 7.2800 2.4000 0.0000
# send QUERY complete successful
