# delta from 1679662458 to 1679662520 at 1679662520
22        CFR: 0 1679662519 2116
3         PRD
56        DBReportCollectAll,0.053096,0.505547,0.478121,1679662459
60        Packing reports: delta,0.045671,0.260212,0.288803,1679662459
3         EXS
16        f,286,1679662399
3         MOM
15        M:entropy_avail
40        1306 1170.0000 1097.4600 241.8000 0.0000
12        M:mem_cached
40        1306 3217.1602 2927.1326 808.8483 0.0000
10        M:mem_free
40        1306 11804.0625 10739.8331 0.0000 0.0000
11        M:mem_total
40        1306 15817.1836 14393.6371 0.0000 0.0000
16        M:io_writtendata
32        1306 0.5166 0.3998 0.3363 0.0000
11        M:io_writes
35        1306 20.0000 15.6800 12.5933 0.0000
13        M:postgres_in
32        1306 1.0000 0.9100 0.3000 0.0000
6         M:cpu3
35        1306 16.3563 11.7655 12.8218 0.0000
6         M:cpu2
32        1306 2.9771 2.4039 1.7443 0.0000
6         M:cpu1
35        1306 31.9018 22.5850 25.9891 0.0000
6         M:cpu0
34        1306 13.7462 9.8833 10.7883 0.0000
5         M:cpu
35        1306 16.2545 11.6665 12.8108 0.0000
8         M:syslog
40        1306 1319.0000 953.7500 1020.7985 0.0000
8         M:ssh_in
32        1306 3.0000 2.5200 1.6223 0.0000
8         M:www_in
32        1306 1.0000 0.9100 0.3000 0.0000
14        M:cfengine_out
32        1306 5.0000 4.5500 1.5000 0.0000
13        M:cfengine_in
32        1306 1.0000 0.9100 0.3000 0.0000
9         M:loadavg
32        1306 0.7593 0.5590 0.5618 0.0000
10        M:diskfree
35        1306 56.0000 50.9600 16.8000 0.0000
12        M:otherprocs
34        1306 26.0000 23.8700 7.1000 0.0000
11        M:rootprocs
37        1306 116.0000 105.1400 36.2000 0.0000
7         M:users
32        1306 8.0000 7.2800 2.4000 0.0000
3         MOY
15        M:entropy_avail
37        155 956.5000 899.2900 239.3838 0.0000
12        M:mem_cached
39        155 2444.9004 2224.7170 671.4100 0.0000
16        M:io_writtendata
31        155 0.9365 0.9361 0.1306 0.0000
13        M:io_readdata
31        155 0.0034 0.0237 0.1037 0.0000
11        M:io_writes
33        155 24.0000 21.8400 6.7634 0.0000
13        M:postgres_in
31        155 1.0000 0.9100 0.3000 0.0000
6         M:cpu3
34        155 22.3530 19.4789 12.9401 0.0000
6         M:cpu2
33        155 8.1117 10.9255 13.8492 0.0000
6         M:cpu1
34        155 30.9730 26.0574 23.0851 0.0000
6         M:cpu0
33        155 8.7018 11.4627 13.6796 0.0000
5         M:cpu
33        155 17.5788 17.0119 2.1176 0.0000
8         M:syslog
40        155 5028.4671 4634.2920 7134.1788 0.0000
9         M:ssh_out
31        155 4.5000 3.6750 3.6349 0.0000
8         M:ssh_in
31        155 3.0000 2.6250 1.5455 0.0000
9         M:www_out
31        155 1.0000 0.7000 1.1832 0.0000
8         M:www_in
31        155 1.0000 0.9100 0.3000 0.0000
14        M:cfengine_out
31        155 5.0000 4.5500 1.5000 0.0000
13        M:cfengine_in
31        155 1.0000 0.9100 0.3000 0.0000
9         M:loadavg
31        155 0.7024 0.5940 0.5291 0.0000
10        M:diskfree
34        155 61.0000 55.5100 18.3614 0.0000
12        M:otherprocs
33        155 28.5000 25.8300 8.9677 0.0000
11        M:rootprocs
36        155 117.5000 113.3300 24.6028 0.0000
7         M:users
31        155 8.5000 7.7350 2.5544 0.0000
# send QUERY complete successful
