# delta from 1679674038 to 1679674099 at 1679674099
22        CFR: 0 1679674098 1954
3         PRD
56        DBReportCollectAll,0.064687,0.346174,0.302745,1679674039
60        Packing reports: delta,0.055244,0.173542,0.135832,1679674039
3         EXS
16        f,320,1679673841
3         MOM
15        M:entropy_avail
34        1345 14.0000 9.8000 11.7132 0.0000
12        M:mem_cached
38        1345 3326.8906 2328.8234 0.0000 0.0000
10        M:mem_free
39        1345 11661.9961 8163.3973 0.0000 0.0000
11        M:mem_total
40        1345 15817.1836 11072.0285 0.0000 0.0000
16        M:io_writtendata
32        1345 0.0957 0.0670 0.0801 0.0000
11        M:io_writes
32        1345 4.0000 2.8000 3.3466 0.0000
13        M:postgres_in
32        1345 1.0000 0.7000 0.8367 0.0000
6         M:cpu3
32        1345 0.7360 0.5152 0.6158 0.0000
6         M:cpu2
32        1345 0.5673 0.3971 0.4747 0.0000
6         M:cpu1
32        1345 0.7211 0.5048 0.6033 0.0000
6         M:cpu0
32        1345 0.7156 0.5009 0.5987 0.0000
5         M:cpu
32        1345 0.6800 0.4760 0.5689 0.0000
8         M:syslog
38        1345 145.0000 101.5000 121.3157 0.0000
8         M:ssh_in
32        1345 2.0000 1.4000 1.6733 0.0000
8         M:www_in
32        1345 1.0000 0.7000 0.8367 0.0000
14        M:cfengine_out
32        1345 5.0000 3.5000 4.1833 0.0000
13        M:cfengine_in
32        1345 1.0000 0.7000 0.8367 0.0000
9         M:loadavg
32        1345 0.1543 0.1080 0.1291 0.0000
10        M:diskfree
35        1345 55.0000 38.5000 46.0163 0.0000
12        M:otherprocs
35        1345 26.0000 18.2000 21.7532 0.0000
11        M:rootprocs
36        1345 115.0000 80.5000 96.2159 0.0000
7         M:users
32        1345 8.0000 5.6000 6.6933 0.0000
3         MOY
15        M:entropy_avail
36        155 311.5000 288.7150 70.5984 0.0000
12        M:mem_cached
39        155 2500.4707 2275.1462 688.5663 0.0000
16        M:io_writtendata
31        155 0.2676 0.2020 0.1967 0.0000
11        M:io_writes
34        155 14.0000 10.6400 10.1177 0.0000
13        M:postgres_in
31        155 1.0000 0.9100 0.3000 0.0000
6         M:cpu3
31        155 5.6157 4.0684 5.6166 0.0000
6         M:cpu2
31        155 6.9570 5.0045 7.2414 0.0000
6         M:cpu1
31        155 4.6086 3.3564 4.4307 0.0000
6         M:cpu0
31        155 8.9643 6.3865 9.6397 0.0000
5         M:cpu
31        155 8.5530 6.1152 9.1097 0.0000
8         M:syslog
39        155 1188.0000 861.9450 1774.3258 0.0000
8         M:ssh_in
31        155 2.0000 1.8200 0.6000 0.0000
8         M:www_in
31        155 1.0000 0.9100 0.3000 0.0000
14        M:cfengine_out
31        155 5.0000 4.5500 1.5000 0.0000
13        M:cfengine_in
31        155 1.0000 0.9100 0.3000 0.0000
9         M:loadavg
31        155 0.3083 0.2329 0.3196 0.0000
10        M:diskfree
34        155 60.5000 55.0550 18.2248 0.0000
12        M:otherprocs
33        155 26.0000 23.6600 7.8000 0.0000
11        M:rootprocs
36        155 114.5000 103.9850 35.0603 0.0000
7         M:users
31        155 8.0000 7.2800 2.4000 0.0000
# send QUERY complete successful
