# delta from 1679756904 to 1679756964 at 1679756964
22        CFR: 0 1679756963 2002
3         PRD
60        Packing reports: delta,0.044029,0.166131,0.142152,1679756905
83        Sample(/proc/sys/kernel/random/entropy_avail),0.004819,0.002323,0.002394,1679756948
3         EXS
16        f,287,1679756898
3         MOM
15        M:entropy_avail
37        1621 111.0000 123.0600 40.2000 0.0000
12        M:mem_cached
41        1621 4053.1094 3687.8365 1018.6973 0.0000
10        M:mem_free
39        1621 10786.7227 9816.9750 0.0000 0.0000
11        M:mem_total
40        1621 15817.1836 14393.6371 0.0000 0.0000
16        M:io_writtendata
32        1621 0.3887 0.2891 0.2802 0.0000
11        M:io_writes
35        1621 18.0000 13.8600 11.8688 0.0000
13        M:postgres_in
32        1621 1.0000 0.9100 0.3000 0.0000
6         M:cpu3
32        1621 8.3060 5.9587 6.5540 0.0000
6         M:cpu2
32        1621 7.4623 5.4074 5.7447 0.0000
6         M:cpu1
35        1621 20.8144 14.7327 16.9646 0.0000
6         M:cpu0
35        1621 26.7647 18.8642 22.0353 0.0000
5         M:cpu
35        1621 15.8396 11.2438 12.8218 0.0000
8         M:syslog
40        1621 7481.0000 5267.1500 121.3157 0.0000
8         M:ssh_in
32        1621 2.0000 1.8200 0.6000 0.0000
8         M:www_in
32        1621 1.0000 0.9100 0.3000 0.0000
14        M:cfengine_out
32        1621 5.0000 4.5500 1.5000 0.0000
13        M:cfengine_in
32        1621 1.0000 0.9100 0.3000 0.0000
9         M:loadavg
32        1621 0.3408 0.2493 0.2562 0.0000
10        M:diskfree
35        1621 47.0000 42.7700 14.1000 0.0000
12        M:otherprocs
34        1621 26.0000 23.6600 7.8000 0.0000
11        M:rootprocs
37        1621 114.0000 103.7400 34.2000 0.0000
7         M:users
32        1621 8.0000 7.2800 2.4000 0.0000
3         MOY
15        M:entropy_avail
36        155 323.0000 297.6050 79.9482 0.0000
12        M:mem_cached
39        155 2526.1133 2298.4965 696.2697 0.0000
16        M:io_writtendata
31        155 0.2939 0.2241 0.2132 0.0000
11        M:io_writes
34        155 16.0000 12.2500 11.5973 0.0000
13        M:postgres_in
31        155 1.0000 0.9100 0.3000 0.0000
6         M:cpu3
31        155 9.2585 6.6064 9.9586 0.0000
6         M:cpu2
31        155 1.2023 0.9735 0.7040 0.0000
6         M:cpu1
33        155 11.0003 7.8207 12.0038 0.0000
6         M:cpu0
31        155 5.6586 4.0823 5.7035 0.0000
5         M:cpu
31        155 8.5900 6.1378 9.1662 0.0000
8         M:syslog
38        155 1068.5000 778.2950 812.0638 0.0000
8         M:ssh_in
31        155 2.0000 1.8200 0.6000 0.0000
8         M:www_in
31        155 1.0000 0.9100 0.3000 0.0000
14        M:cfengine_out
31        155 5.0000 4.5500 1.5000 0.0000
13        M:cfengine_in
31        155 1.0000 0.9100 0.3000 0.0000
9         M:loadavg
31        155 0.2126 0.1705 0.1909 0.0000
10        M:diskfree
34        155 60.5000 55.0550 18.2248 0.0000
12        M:otherprocs
33        155 26.0000 23.6600 7.8000 0.0000
11        M:rootprocs
36        155 113.5000 103.3900 33.7037 0.0000
7         M:users
31        155 8.0000 7.2800 2.4000 0.0000
# send QUERY complete successful
